88.0,NaN,NaN,24.0,98.0,NaN,NaN,24.0,36.28,NaN,NaN,24.0,114.0,NaN,NaN,24.0,70.0,NaN,NaN,24.0,NaN,NaN,NaN,24.0,21.0,NaN,NaN,24.0,NaN,NaN,NaN,24.0,NaN,NaN,NaN,24.0,23.0,NaN,NaN,24.0,NaN,NaN,NaN,24.0,NaN,NaN,NaN,24.0,NaN,NaN,NaN,24.0,NaN,NaN,NaN,24.0,NaN,NaN,NaN,24.0,31.0,NaN,NaN,24.0,NaN,NaN,NaN,24.0,7.4,NaN,NaN,24.0,95.0,NaN,NaN,24.0,4.4,NaN,NaN,24.0,NaN,NaN,NaN,24.0,58.0,NaN,NaN,24.0,NaN,NaN,NaN,24.0,2.1,NaN,NaN,24.0,5.6,NaN,NaN,24.0,3.8,NaN,NaN,24.0,NaN,NaN,NaN,24.0,0.04,NaN,NaN,24.0,34.2,NaN,NaN,24.0,10.7,NaN,NaN,24.0,NaN,NaN,NaN,24.0,3.7,NaN,NaN,24.0,NaN,NaN,NaN,24.0,169.0,NaN,NaN,24.0,40.0,0.0,1.0,0.0,-11.196111111111112,1.0,0.0,1.0,0.0,1.0,0.0,0.0,0.0,0.0,0.0,3.0,1.0,0.0,0.0,NaN,0.0,0.0,NaN,NaN,NaN,NaN,NaN,NaN,NaN
74.0,NaN,-14.0,0.0,98.0,NaN,0.0,0.0,36.28,NaN,0.0,0.0,97.0,NaN,-17.0,0.0,62.0,NaN,-8.0,0.0,50.0,NaN,0.0,0.0,27.0,NaN,6.0,0.0,NaN,NaN,NaN,24.0,NaN,NaN,NaN,24.0,23.0,NaN,0.0,1.0,NaN,NaN,NaN,24.0,NaN,NaN,NaN,24.0,NaN,NaN,NaN,24.0,NaN,NaN,NaN,24.0,NaN,NaN,NaN,24.0,31.0,NaN,0.0,1.0,NaN,NaN,NaN,24.0,7.4,NaN,0.0,1.0,95.0,NaN,0.0,1.0,4.4,NaN,0.0,1.0,NaN,NaN,NaN,24.0,58.0,NaN,0.0,1.0,NaN,NaN,NaN,24.0,2.1,NaN,0.0,1.0,5.6,NaN,0.0,1.0,3.8,NaN,0.0,1.0,NaN,NaN,NaN,24.0,0.04,NaN,0.0,1.0,34.2,NaN,0.0,1.0,10.7,NaN,0.0,1.0,NaN,NaN,NaN,24.0,3.7,NaN,0.0,1.0,NaN,NaN,NaN,24.0,169.0,NaN,0.0,1.0,40.0,0.0,1.0,0.0,-11.196111111111112,2.0,0.0,1.0,0.0,1.0,0.0,0.0,0.0,1.0,0.0,0.0,1.0,0.0,0.0,NaN,0.0,0.0,NaN,NaN,NaN,NaN,NaN,NaN,NaN
75.0,NaN,1.0,0.0,95.0,NaN,-3.0,0.0,36.28,NaN,0.0,1.0,114.0,NaN,17.0,0.0,83.0,NaN,21.0,0.0,72.0,NaN,22.0,0.0,21.0,NaN,-6.0,0.0,NaN,NaN,NaN,24.0,NaN,NaN,NaN,24.0,23.0,NaN,0.0,2.0,NaN,NaN,NaN,24.0,NaN,NaN,NaN,24.0,NaN,NaN,NaN,24.0,NaN,NaN,NaN,24.0,NaN,NaN,NaN,24.0,31.0,NaN,0.0,2.0,NaN,NaN,NaN,24.0,7.4,NaN,0.0,2.0,95.0,NaN,0.0,2.0,4.4,NaN,0.0,2.0,NaN,NaN,NaN,24.0,58.0,NaN,0.0,2.0,NaN,NaN,NaN,24.0,2.1,NaN,0.0,2.0,5.6,NaN,0.0,2.0,3.8,NaN,0.0,2.0,NaN,NaN,NaN,24.0,0.04,NaN,0.0,2.0,34.2,NaN,0.0,2.0,10.7,NaN,0.0,2.0,NaN,NaN,NaN,24.0,3.7,NaN,0.0,2.0,NaN,NaN,NaN,24.0,169.0,NaN,0.0,2.0,40.0,0.0,1.0,0.0,-11.196111111111112,3.0,0.0,1.0,0.0,1.0,0.0,0.0,0.0,0.0,0.0,0.0,1.0,0.0,0.0,NaN,0.0,0.0,NaN,NaN,NaN,NaN,NaN,NaN,NaN
76.0,NaN,1.0,0.0,99.0,NaN,4.0,0.0,36.61,NaN,0.16499999999999915,0.0,131.0,NaN,17.0,0.0,90.0,NaN,7.0,0.0,77.0,NaN,5.0,0.0,22.0,NaN,1.0,0.0,NaN,NaN,NaN,24.0,NaN,NaN,NaN,24.0,23.0,NaN,0.0,3.0,NaN,NaN,NaN,24.0,NaN,NaN,NaN,24.0,NaN,NaN,NaN,24.0,NaN,NaN,NaN,24.0,NaN,NaN,NaN,24.0,31.0,NaN,0.0,3.0,NaN,NaN,NaN,24.0,7.4,NaN,0.0,3.0,95.0,NaN,0.0,3.0,4.4,NaN,0.0,3.0,NaN,NaN,NaN,24.0,58.0,NaN,0.0,3.0,NaN,NaN,NaN,24.0,2.1,NaN,0.0,3.0,5.6,NaN,0.0,3.0,3.8,NaN,0.0,3.0,NaN,NaN,NaN,24.0,0.04,NaN,0.0,3.0,34.2,NaN,0.0,3.0,10.7,NaN,0.0,3.0,NaN,NaN,NaN,24.0,3.7,NaN,0.0,3.0,NaN,NaN,NaN,24.0,169.0,NaN,0.0,3.0,40.0,0.0,1.0,0.0,-11.196111111111112,4.0,0.0,1.0,0.0,1.0,0.0,0.0,0.0,0.0,0.0,0.0,1.0,0.0,0.0,NaN,0.0,0.0,NaN,NaN,NaN,NaN,NaN,NaN,NaN
80.0,NaN,4.0,0.0,99.0,NaN,2.0,1.0,35.94,NaN,-0.6700000000000017,0.0,129.0,NaN,-2.0,0.0,90.0,NaN,0.0,0.0,78.0,NaN,1.0,0.0,21.0,NaN,-1.0,0.0,NaN,NaN,NaN,24.0,NaN,NaN,NaN,24.0,23.0,NaN,0.0,4.0,NaN,NaN,NaN,24.0,NaN,NaN,NaN,24.0,NaN,NaN,NaN,24.0,NaN,NaN,NaN,24.0,NaN,NaN,NaN,24.0,31.0,NaN,0.0,4.0,NaN,NaN,NaN,24.0,7.4,NaN,0.0,4.0,95.0,NaN,0.0,4.0,4.4,NaN,0.0,4.0,NaN,NaN,NaN,24.0,58.0,NaN,0.0,4.0,NaN,NaN,NaN,24.0,2.1,NaN,0.0,4.0,5.6,NaN,0.0,4.0,3.8,NaN,0.0,4.0,NaN,NaN,NaN,24.0,0.04,NaN,0.0,4.0,34.2,NaN,0.0,4.0,10.7,NaN,0.0,4.0,NaN,NaN,NaN,24.0,3.7,NaN,0.0,4.0,NaN,NaN,NaN,24.0,169.0,NaN,0.0,4.0,40.0,0.0,1.0,0.0,-11.196111111111112,5.0,1.0,1.0,0.0,1.0,0.0,0.0,0.0,0.0,0.0,0.0,1.0,0.0,0.0,NaN,0.0,0.0,NaN,NaN,NaN,NaN,NaN,NaN,NaN
78.0,NaN,-2.0,0.0,100.0,NaN,0.5,0.0,35.94,NaN,-0.33500000000000085,1.0,144.0,NaN,15.0,0.0,110.0,NaN,20.0,0.0,98.0,NaN,20.0,0.0,23.0,NaN,2.0,0.0,NaN,NaN,NaN,24.0,NaN,NaN,NaN,24.0,23.0,NaN,0.0,5.0,NaN,NaN,NaN,24.0,NaN,NaN,NaN,24.0,NaN,NaN,NaN,24.0,NaN,NaN,NaN,24.0,NaN,NaN,NaN,24.0,31.0,NaN,0.0,5.0,NaN,NaN,NaN,24.0,7.4,NaN,0.0,5.0,95.0,NaN,0.0,5.0,4.4,NaN,0.0,5.0,NaN,NaN,NaN,24.0,58.0,NaN,0.0,5.0,NaN,NaN,NaN,24.0,2.1,NaN,0.0,5.0,5.6,NaN,0.0,5.0,3.8,NaN,0.0,5.0,NaN,NaN,NaN,24.0,0.04,NaN,0.0,5.0,34.2,NaN,0.0,5.0,10.7,NaN,0.0,5.0,NaN,NaN,NaN,24.0,3.7,NaN,0.0,5.0,NaN,NaN,NaN,24.0,169.0,NaN,0.0,5.0,40.0,0.0,1.0,0.0,-11.196111111111112,6.0,1.0,1.0,0.0,1.0,0.0,0.0,0.0,0.0,0.0,0.0,1.0,0.0,0.0,NaN,0.0,0.0,NaN,NaN,NaN,NaN,NaN,NaN,NaN
76.0,NaN,-2.0,0.0,100.0,NaN,0.0,0.0,35.94,NaN,-0.2233333333333339,2.0,151.0,NaN,7.0,0.0,113.0,NaN,3.0,0.0,100.0,NaN,2.0,0.0,21.0,NaN,-2.0,0.0,NaN,NaN,NaN,24.0,NaN,NaN,NaN,24.0,23.0,NaN,0.0,6.0,NaN,NaN,NaN,24.0,NaN,NaN,NaN,24.0,NaN,NaN,NaN,24.0,NaN,NaN,NaN,24.0,NaN,NaN,NaN,24.0,31.0,NaN,0.0,6.0,NaN,NaN,NaN,24.0,7.4,NaN,0.0,6.0,95.0,NaN,0.0,6.0,4.4,NaN,0.0,6.0,NaN,NaN,NaN,24.0,58.0,NaN,0.0,6.0,NaN,NaN,NaN,24.0,2.1,NaN,0.0,6.0,5.6,NaN,0.0,6.0,3.8,NaN,0.0,6.0,NaN,NaN,NaN,24.0,0.04,NaN,0.0,6.0,34.2,NaN,0.0,6.0,10.7,NaN,0.0,6.0,NaN,NaN,NaN,24.0,3.7,NaN,0.0,6.0,NaN,NaN,NaN,24.0,169.0,NaN,0.0,6.0,40.0,0.0,1.0,0.0,-11.196111111111112,7.0,1.0,1.0,0.0,1.0,0.0,0.0,0.0,0.0,0.0,0.0,1.0,0.0,0.0,NaN,0.0,0.0,NaN,NaN,NaN,NaN,NaN,NaN,NaN
72.0,NaN,-4.0,0.0,98.0,NaN,-2.0,0.0,35.94,NaN,-0.16750000000000043,3.0,107.0,NaN,-44.0,0.0,71.0,NaN,-42.0,0.0,60.0,NaN,-40.0,0.0,20.0,NaN,-1.0,0.0,NaN,NaN,NaN,24.0,NaN,NaN,NaN,24.0,23.0,NaN,0.0,7.0,NaN,NaN,NaN,24.0,NaN,NaN,NaN,24.0,NaN,NaN,NaN,24.0,NaN,NaN,NaN,24.0,NaN,NaN,NaN,24.0,31.0,NaN,0.0,7.0,NaN,NaN,NaN,24.0,7.4,NaN,0.0,7.0,95.0,NaN,0.0,7.0,4.4,NaN,0.0,7.0,NaN,NaN,NaN,24.0,58.0,NaN,0.0,7.0,NaN,NaN,NaN,24.0,2.1,NaN,0.0,7.0,5.6,NaN,0.0,7.0,3.8,NaN,0.0,7.0,NaN,NaN,NaN,24.0,0.04,NaN,0.0,7.0,34.2,NaN,0.0,7.0,10.7,NaN,0.0,7.0,NaN,NaN,NaN,24.0,3.7,NaN,0.0,7.0,NaN,NaN,NaN,24.0,169.0,NaN,0.0,7.0,40.0,0.0,1.0,0.0,-11.196111111111112,8.0,1.0,0.0,0.0,1.0,0.0,0.0,0.0,0.0,0.0,0.0,1.0,0.0,0.0,NaN,0.0,0.0,NaN,NaN,NaN,NaN,NaN,NaN,NaN
72.0,NaN,0.0,0.0,100.0,NaN,2.0,0.0,35.83,NaN,-0.027499999999999858,0.0,111.0,NaN,4.0,0.0,74.0,NaN,3.0,0.0,61.0,NaN,1.0,0.0,20.0,NaN,0.0,0.0,NaN,NaN,NaN,24.0,NaN,NaN,NaN,24.0,23.0,NaN,0.0,8.0,NaN,NaN,NaN,24.0,NaN,NaN,NaN,24.0,NaN,NaN,NaN,24.0,NaN,NaN,NaN,24.0,NaN,NaN,NaN,24.0,31.0,NaN,0.0,8.0,NaN,NaN,NaN,24.0,7.4,NaN,0.0,8.0,95.0,NaN,0.0,8.0,4.4,NaN,0.0,8.0,NaN,NaN,NaN,24.0,58.0,NaN,0.0,8.0,NaN,NaN,NaN,24.0,2.1,NaN,0.0,8.0,5.6,NaN,0.0,8.0,3.8,NaN,0.0,8.0,NaN,NaN,NaN,24.0,0.04,NaN,0.0,8.0,34.2,NaN,0.0,8.0,10.7,NaN,0.0,8.0,NaN,NaN,NaN,24.0,3.7,NaN,0.0,8.0,NaN,NaN,NaN,24.0,169.0,NaN,0.0,8.0,40.0,0.0,1.0,0.0,-11.196111111111112,9.0,1.0,0.0,0.0,1.0,0.0,0.0,0.0,0.0,0.0,0.0,1.0,0.0,0.0,NaN,0.0,0.0,NaN,NaN,NaN,NaN,NaN,NaN,NaN
73.0,NaN,1.0,0.0,100.0,NaN,0.0,0.0,35.83,NaN,-0.021999999999999888,1.0,111.0,NaN,0.0,0.0,73.0,NaN,-1.0,0.0,61.0,NaN,0.0,0.0,19.0,NaN,-1.0,0.0,NaN,NaN,NaN,24.0,NaN,NaN,NaN,24.0,23.0,NaN,0.0,9.0,NaN,NaN,NaN,24.0,NaN,NaN,NaN,24.0,NaN,NaN,NaN,24.0,NaN,NaN,NaN,24.0,NaN,NaN,NaN,24.0,31.0,NaN,0.0,9.0,NaN,NaN,NaN,24.0,7.4,NaN,0.0,9.0,95.0,NaN,0.0,9.0,4.4,NaN,0.0,9.0,NaN,NaN,NaN,24.0,58.0,NaN,0.0,9.0,NaN,NaN,NaN,24.0,2.1,NaN,0.0,9.0,5.6,NaN,0.0,9.0,3.8,NaN,0.0,9.0,NaN,NaN,NaN,24.0,0.04,NaN,0.0,9.0,34.2,NaN,0.0,9.0,10.7,NaN,0.0,9.0,NaN,NaN,NaN,24.0,3.7,NaN,0.0,9.0,NaN,NaN,NaN,24.0,169.0,NaN,0.0,9.0,40.0,0.0,1.0,0.0,-11.196111111111112,10.0,1.0,0.0,0.0,1.0,0.0,0.0,0.0,0.0,0.0,0.0,1.0,0.0,0.0,NaN,0.0,0.0,NaN,NaN,NaN,NaN,NaN,NaN,NaN
75.0,NaN,2.0,0.0,100.0,NaN,0.0,0.0,35.83,NaN,-0.01833333333333324,2.0,104.0,NaN,-7.0,0.0,60.0,NaN,-13.0,0.0,44.0,NaN,-17.0,0.0,19.0,NaN,0.0,0.0,NaN,NaN,NaN,24.0,NaN,NaN,NaN,24.0,23.0,NaN,0.0,10.0,NaN,NaN,NaN,24.0,NaN,NaN,NaN,24.0,NaN,NaN,NaN,24.0,NaN,NaN,NaN,24.0,NaN,NaN,NaN,24.0,31.0,NaN,0.0,10.0,NaN,NaN,NaN,24.0,7.4,NaN,0.0,10.0,95.0,NaN,0.0,10.0,4.4,NaN,0.0,10.0,NaN,NaN,NaN,24.0,58.0,NaN,0.0,10.0,NaN,NaN,NaN,24.0,2.1,NaN,0.0,10.0,5.6,NaN,0.0,10.0,3.8,NaN,0.0,10.0,NaN,NaN,NaN,24.0,0.04,NaN,0.0,10.0,34.2,NaN,0.0,10.0,10.7,NaN,0.0,10.0,NaN,NaN,NaN,24.0,3.7,NaN,0.0,10.0,NaN,NaN,NaN,24.0,169.0,NaN,0.0,10.0,40.0,0.0,1.0,0.0,-11.196111111111112,11.0,1.0,0.0,0.0,1.0,0.0,0.0,0.0,1.0,0.0,0.0,1.0,0.0,0.0,NaN,0.0,0.0,NaN,NaN,NaN,NaN,NaN,NaN,NaN
81.0,NaN,6.0,0.0,98.0,NaN,-2.0,0.0,35.83,NaN,-0.015714285714285632,3.0,109.0,NaN,5.0,0.0,72.0,NaN,12.0,0.0,60.0,NaN,16.0,0.0,21.0,NaN,2.0,0.0,NaN,NaN,NaN,24.0,NaN,NaN,NaN,24.0,23.0,NaN,0.0,11.0,NaN,NaN,NaN,24.0,NaN,NaN,NaN,24.0,NaN,NaN,NaN,24.0,NaN,NaN,NaN,24.0,NaN,NaN,NaN,24.0,31.0,NaN,0.0,11.0,NaN,NaN,NaN,24.0,7.4,NaN,0.0,11.0,95.0,NaN,0.0,11.0,4.4,NaN,0.0,11.0,NaN,NaN,NaN,24.0,58.0,NaN,0.0,11.0,NaN,NaN,NaN,24.0,2.1,NaN,0.0,11.0,5.6,NaN,0.0,11.0,3.8,NaN,0.0,11.0,NaN,NaN,NaN,24.0,0.04,NaN,0.0,11.0,34.2,NaN,0.0,11.0,10.7,NaN,0.0,11.0,NaN,NaN,NaN,24.0,3.7,NaN,0.0,11.0,NaN,NaN,NaN,24.0,169.0,NaN,0.0,11.0,40.0,0.0,1.0,0.0,-11.196111111111112,12.0,1.0,1.0,0.0,1.0,0.0,0.0,0.0,0.0,0.0,0.0,1.0,0.0,0.0,NaN,0.0,0.0,NaN,NaN,NaN,NaN,NaN,NaN,NaN
85.0,NaN,4.0,0.0,96.0,NaN,-2.0,0.0,35.83,NaN,-0.013749999999999929,4.0,107.0,NaN,-2.0,0.0,64.0,NaN,-8.0,0.0,51.0,NaN,-9.0,0.0,20.0,NaN,-1.0,0.0,NaN,NaN,NaN,24.0,NaN,NaN,NaN,24.0,23.0,NaN,0.0,12.0,NaN,NaN,NaN,24.0,NaN,NaN,NaN,24.0,NaN,NaN,NaN,24.0,NaN,NaN,NaN,24.0,NaN,NaN,NaN,24.0,31.0,NaN,0.0,12.0,NaN,NaN,NaN,24.0,7.4,NaN,0.0,12.0,95.0,NaN,0.0,12.0,4.4,NaN,0.0,12.0,NaN,NaN,NaN,24.0,58.0,NaN,0.0,12.0,NaN,NaN,NaN,24.0,2.1,NaN,0.0,12.0,5.6,NaN,0.0,12.0,3.8,NaN,0.0,12.0,NaN,NaN,NaN,24.0,0.04,NaN,0.0,12.0,34.2,NaN,0.0,12.0,10.7,NaN,0.0,12.0,NaN,NaN,NaN,24.0,3.7,NaN,0.0,12.0,NaN,NaN,NaN,24.0,169.0,NaN,0.0,12.0,40.0,0.0,1.0,0.0,-11.196111111111112,13.0,1.0,0.0,0.0,1.0,0.0,0.0,0.0,1.0,0.0,0.0,1.0,0.0,0.0,NaN,0.0,0.0,NaN,NaN,NaN,NaN,NaN,NaN,NaN
85.0,NaN,2.0,1.0,96.0,NaN,-1.0,1.0,35.83,NaN,-0.012222222222222159,5.0,107.0,NaN,-1.0,1.0,64.0,NaN,-4.0,1.0,51.0,NaN,-4.5,1.0,20.0,NaN,-0.5,1.0,NaN,NaN,NaN,24.0,NaN,NaN,NaN,24.0,23.0,NaN,0.0,13.0,NaN,NaN,NaN,24.0,NaN,NaN,NaN,24.0,NaN,NaN,NaN,24.0,NaN,NaN,NaN,24.0,NaN,NaN,NaN,24.0,31.0,NaN,0.0,13.0,NaN,NaN,NaN,24.0,7.4,NaN,0.0,13.0,95.0,NaN,0.0,13.0,4.4,NaN,0.0,13.0,NaN,NaN,NaN,24.0,58.0,NaN,0.0,13.0,NaN,NaN,NaN,24.0,2.1,NaN,0.0,13.0,5.6,NaN,0.0,13.0,3.8,NaN,0.0,13.0,NaN,NaN,NaN,24.0,0.04,NaN,0.0,13.0,34.2,NaN,0.0,13.0,10.7,NaN,0.0,13.0,NaN,NaN,NaN,24.0,3.7,NaN,0.0,13.0,NaN,NaN,NaN,24.0,169.0,NaN,0.0,13.0,40.0,0.0,1.0,0.0,-11.196111111111112,14.0,1.0,0.0,0.0,1.0,0.0,0.0,0.0,0.0,0.0,0.0,1.0,0.0,0.0,NaN,0.0,0.0,NaN,NaN,NaN,NaN,NaN,NaN,NaN
