NaN,NaN,NaN,24.0,NaN,NaN,NaN,24.0,NaN,NaN,NaN,24.0,NaN,NaN,NaN,24.0,NaN,NaN,NaN,24.0,NaN,NaN,NaN,24.0,NaN,NaN,NaN,24.0,NaN,NaN,NaN,24.0,NaN,NaN,NaN,24.0,NaN,NaN,NaN,24.0,NaN,NaN,NaN,24.0,NaN,NaN,NaN,24.0,NaN,NaN,NaN,24.0,NaN,NaN,NaN,24.0,NaN,NaN,NaN,24.0,NaN,NaN,NaN,24.0,NaN,NaN,NaN,24.0,NaN,NaN,NaN,24.0,NaN,NaN,NaN,24.0,NaN,NaN,NaN,24.0,NaN,NaN,NaN,24.0,NaN,NaN,NaN,24.0,NaN,NaN,NaN,24.0,NaN,NaN,NaN,24.0,NaN,NaN,NaN,24.0,NaN,NaN,NaN,24.0,NaN,NaN,NaN,24.0,NaN,NaN,NaN,24.0,NaN,NaN,NaN,24.0,NaN,NaN,NaN,24.0,NaN,NaN,NaN,24.0,NaN,NaN,NaN,24.0,NaN,NaN,NaN,24.0,NaN,NaN,NaN,24.0,57.0,1.0,0.0,1.0,-2.933333333333333,1.0,0.0,0.0,0.0,0.0,0.0,0.0,0.0,0.0,0.0,0.0,1.0,0.0,0.0,NaN,0.0,0.0,NaN,NaN,NaN,NaN,NaN,NaN,NaN
81.1666666666667,NaN,0.0,0.0,100.0,NaN,0.0,0.0,36.89,NaN,0.0,0.0,145.333333333333,NaN,0.0,0.0,98.6666666666667,NaN,0.0,0.0,90.0,NaN,0.0,0.0,19.4285714285714,NaN,0.0,0.0,NaN,NaN,NaN,24.0,NaN,NaN,NaN,24.0,NaN,NaN,NaN,24.0,0.5,NaN,0.0,0.0,NaN,NaN,NaN,24.0,NaN,NaN,NaN,24.0,NaN,NaN,NaN,24.0,NaN,NaN,NaN,24.0,NaN,NaN,NaN,24.0,NaN,NaN,NaN,24.0,NaN,NaN,NaN,24.0,NaN,NaN,NaN,24.0,NaN,NaN,NaN,24.0,NaN,NaN,NaN,24.0,NaN,NaN,NaN,24.0,NaN,NaN,NaN,24.0,NaN,NaN,NaN,24.0,NaN,NaN,NaN,24.0,NaN,NaN,NaN,24.0,NaN,NaN,NaN,24.0,NaN,NaN,NaN,24.0,NaN,NaN,NaN,24.0,NaN,NaN,NaN,24.0,NaN,NaN,NaN,24.0,NaN,NaN,NaN,24.0,NaN,NaN,NaN,24.0,NaN,NaN,NaN,24.0,57.0,1.0,0.0,1.0,-2.933333333333333,2.0,0.0,0.0,0.0,0.0,2.0,0.0,0.0,0.0,0.0,0.0,0.0,0.0,0.0,NaN,0.0,0.0,NaN,NaN,NaN,NaN,NaN,NaN,NaN
74.5,NaN,-6.6666666666667,0.0,100.0,NaN,0.0,0.0,36.89,NaN,0.0,1.0,134.0,NaN,-11.333333333333002,0.0,96.75,NaN,-1.9166666666666998,0.0,83.8,NaN,-6.200000000000003,0.0,20.0,NaN,0.5714285714286014,0.0,NaN,NaN,NaN,24.0,NaN,NaN,NaN,24.0,NaN,NaN,NaN,24.0,0.5,NaN,0.0,1.0,NaN,NaN,NaN,24.0,NaN,NaN,NaN,24.0,NaN,NaN,NaN,24.0,NaN,NaN,NaN,24.0,NaN,NaN,NaN,24.0,NaN,NaN,NaN,24.0,NaN,NaN,NaN,24.0,NaN,NaN,NaN,24.0,NaN,NaN,NaN,24.0,NaN,NaN,NaN,24.0,NaN,NaN,NaN,24.0,NaN,NaN,NaN,24.0,NaN,NaN,NaN,24.0,NaN,NaN,NaN,24.0,NaN,NaN,NaN,24.0,NaN,NaN,NaN,24.0,NaN,NaN,NaN,24.0,NaN,NaN,NaN,24.0,NaN,NaN,NaN,24.0,NaN,NaN,NaN,24.0,NaN,NaN,NaN,24.0,NaN,NaN,NaN,24.0,NaN,NaN,NaN,24.0,57.0,1.0,0.0,1.0,-2.933333333333333,3.0,0.0,0.0,0.0,0.0,0.0,0.0,0.0,0.0,0.0,0.0,1.0,0.0,0.0,NaN,0.0,0.0,NaN,NaN,NaN,NaN,NaN,NaN,NaN
73.0,NaN,-1.5,0.0,100.0,NaN,0.0,0.0,36.89,NaN,0.0,2.0,150.0,NaN,16.0,0.0,106.0,NaN,9.25,0.0,87.0,NaN,3.200000000000003,0.0,20.0,NaN,0.0,0.0,NaN,NaN,NaN,24.0,NaN,NaN,NaN,24.0,NaN,NaN,NaN,24.0,0.5,NaN,0.0,2.0,NaN,NaN,NaN,24.0,NaN,NaN,NaN,24.0,NaN,NaN,NaN,24.0,NaN,NaN,NaN,24.0,NaN,NaN,NaN,24.0,NaN,NaN,NaN,24.0,NaN,NaN,NaN,24.0,NaN,NaN,NaN,24.0,NaN,NaN,NaN,24.0,NaN,NaN,NaN,24.0,NaN,NaN,NaN,24.0,NaN,NaN,NaN,24.0,NaN,NaN,NaN,24.0,NaN,NaN,NaN,24.0,NaN,NaN,NaN,24.0,NaN,NaN,NaN,24.0,NaN,NaN,NaN,24.0,NaN,NaN,NaN,24.0,NaN,NaN,NaN,24.0,NaN,NaN,NaN,24.0,NaN,NaN,NaN,24.0,NaN,NaN,NaN,24.0,NaN,NaN,NaN,24.0,57.0,1.0,0.0,1.0,-2.933333333333333,4.0,0.0,0.0,0.0,0.0,0.0,0.0,0.0,0.0,0.0,0.0,1.0,0.0,0.0,NaN,0.0,0.0,NaN,NaN,NaN,NaN,NaN,NaN,NaN
73.0,NaN,0.0,0.0,100.0,NaN,0.0,0.0,36.89,NaN,0.0,3.0,132.0,NaN,-18.0,0.0,98.0,NaN,-8.0,0.0,82.0,NaN,-5.0,0.0,20.0,NaN,0.0,0.0,NaN,NaN,NaN,24.0,NaN,NaN,NaN,24.0,NaN,NaN,NaN,24.0,0.5,NaN,0.0,3.0,NaN,NaN,NaN,24.0,NaN,NaN,NaN,24.0,NaN,NaN,NaN,24.0,NaN,NaN,NaN,24.0,NaN,NaN,NaN,24.0,NaN,NaN,NaN,24.0,NaN,NaN,NaN,24.0,NaN,NaN,NaN,24.0,NaN,NaN,NaN,24.0,NaN,NaN,NaN,24.0,NaN,NaN,NaN,24.0,NaN,NaN,NaN,24.0,NaN,NaN,NaN,24.0,NaN,NaN,NaN,24.0,NaN,NaN,NaN,24.0,NaN,NaN,NaN,24.0,NaN,NaN,NaN,24.0,NaN,NaN,NaN,24.0,NaN,NaN,NaN,24.0,NaN,NaN,NaN,24.0,NaN,NaN,NaN,24.0,NaN,NaN,NaN,24.0,NaN,NaN,NaN,24.0,57.0,1.0,0.0,1.0,-2.933333333333333,5.0,0.0,0.0,0.0,0.0,0.0,0.0,0.0,0.0,0.0,0.0,1.0,0.0,0.0,NaN,0.0,0.0,NaN,NaN,NaN,NaN,NaN,NaN,NaN
71.0,NaN,-2.0,0.0,100.0,NaN,0.0,0.0,36.89,NaN,0.0,4.0,156.0,NaN,24.0,0.0,109.0,NaN,11.0,0.0,87.0,NaN,5.0,0.0,19.0,NaN,-1.0,0.0,NaN,NaN,NaN,24.0,NaN,NaN,NaN,24.0,22.0,NaN,0.0,0.0,0.5,NaN,0.0,4.0,NaN,NaN,NaN,24.0,NaN,NaN,NaN,24.0,NaN,NaN,NaN,24.0,NaN,NaN,NaN,24.0,57.0,NaN,0.0,0.0,NaN,NaN,NaN,24.0,8.2,NaN,0.0,0.0,106.0,NaN,0.0,0.0,4.2,NaN,0.0,0.0,NaN,NaN,NaN,24.0,154.0,NaN,0.0,0.0,NaN,NaN,NaN,24.0,1.5,NaN,0.0,0.0,4.8,NaN,0.0,0.0,5.0,NaN,0.0,0.0,NaN,NaN,NaN,24.0,0.12,NaN,0.0,0.0,34.1,NaN,0.0,0.0,11.5,NaN,0.0,0.0,NaN,NaN,NaN,24.0,17.4,NaN,0.0,0.0,NaN,NaN,NaN,24.0,283.0,NaN,0.0,0.0,57.0,1.0,0.0,1.0,-2.933333333333333,6.0,0.0,0.0,0.0,1.0,0.0,0.0,0.0,0.0,0.0,3.0,1.0,0.0,0.0,NaN,0.0,0.0,NaN,NaN,NaN,NaN,NaN,NaN,NaN
75.0,NaN,4.0,0.0,100.0,NaN,0.0,0.0,37.0,NaN,0.021999999999999888,0.0,137.0,NaN,-19.0,0.0,91.0,NaN,-18.0,0.0,70.0,NaN,-17.0,0.0,19.5,NaN,0.5,0.0,NaN,NaN,NaN,24.0,NaN,NaN,NaN,24.0,22.0,NaN,0.0,1.0,0.5,NaN,0.0,0.0,NaN,NaN,NaN,24.0,NaN,NaN,NaN,24.0,NaN,NaN,NaN,24.0,NaN,NaN,NaN,24.0,57.0,NaN,0.0,1.0,NaN,NaN,NaN,24.0,8.2,NaN,0.0,1.0,106.0,NaN,0.0,1.0,4.2,NaN,0.0,1.0,NaN,NaN,NaN,24.0,154.0,NaN,0.0,1.0,NaN,NaN,NaN,24.0,1.5,NaN,0.0,1.0,4.8,NaN,0.0,1.0,5.0,NaN,0.0,1.0,NaN,NaN,NaN,24.0,0.12,NaN,0.0,1.0,34.1,NaN,0.0,1.0,11.5,NaN,0.0,1.0,NaN,NaN,NaN,24.0,17.4,NaN,0.0,1.0,NaN,NaN,NaN,24.0,283.0,NaN,0.0,1.0,57.0,1.0,0.0,1.0,-2.933333333333333,7.0,0.0,0.0,0.0,1.0,2.0,0.0,0.0,0.0,0.0,0.0,0.0,0.0,0.0,NaN,0.0,0.0,NaN,NaN,NaN,NaN,NaN,NaN,NaN
74.0,NaN,-1.0,0.0,100.0,NaN,0.0,0.0,37.0,NaN,0.01833333333333324,1.0,112.0,NaN,-25.0,0.0,107.0,NaN,16.0,0.0,102.0,NaN,32.0,0.0,21.0,NaN,1.5,0.0,NaN,NaN,NaN,24.0,0.0,NaN,0.0,0.0,22.0,NaN,0.0,2.0,0.5,NaN,0.0,1.0,7.42,NaN,0.0,0.0,36.0,NaN,0.0,0.0,NaN,NaN,NaN,24.0,NaN,NaN,NaN,24.0,57.0,NaN,0.0,2.0,NaN,NaN,NaN,24.0,8.2,NaN,0.0,2.0,106.0,NaN,0.0,2.0,4.2,NaN,0.0,2.0,NaN,NaN,NaN,24.0,154.0,NaN,0.0,2.0,1.1,NaN,0.0,0.0,1.5,NaN,0.0,2.0,4.8,NaN,0.0,2.0,5.0,NaN,0.0,2.0,NaN,NaN,NaN,24.0,0.12,NaN,0.0,2.0,34.1,NaN,0.0,2.0,11.5,NaN,0.0,2.0,NaN,NaN,NaN,24.0,17.4,NaN,0.0,2.0,NaN,NaN,NaN,24.0,283.0,NaN,0.0,2.0,57.0,1.0,0.0,1.0,-2.933333333333333,8.0,0.0,1.0,0.0,1.0,0.0,0.0,0.0,0.0,0.0,0.0,1.0,0.0,0.0,NaN,0.0,0.0,NaN,NaN,NaN,NaN,NaN,NaN,NaN
76.0,NaN,2.0,0.0,100.0,NaN,0.0,0.0,37.0,NaN,0.015714285714285632,2.0,121.0,NaN,9.0,0.0,118.0,NaN,11.0,0.0,114.0,NaN,12.0,0.0,20.0,NaN,-1.0,0.0,NaN,NaN,NaN,24.0,0.0,NaN,0.0,1.0,22.0,NaN,0.0,3.0,0.5,NaN,0.0,2.0,7.42,NaN,0.0,1.0,36.0,NaN,0.0,1.0,NaN,NaN,NaN,24.0,NaN,NaN,NaN,24.0,57.0,NaN,0.0,3.0,NaN,NaN,NaN,24.0,8.2,NaN,0.0,3.0,106.0,NaN,0.0,3.0,4.2,NaN,0.0,3.0,NaN,NaN,NaN,24.0,154.0,NaN,0.0,3.0,1.1,NaN,0.0,1.0,1.5,NaN,0.0,3.0,4.8,NaN,0.0,3.0,5.0,NaN,0.0,3.0,NaN,NaN,NaN,24.0,0.12,NaN,0.0,3.0,34.1,NaN,0.0,3.0,11.5,NaN,0.0,3.0,NaN,NaN,NaN,24.0,17.4,NaN,0.0,3.0,NaN,NaN,NaN,24.0,283.0,NaN,0.0,3.0,57.0,1.0,0.0,1.0,-2.933333333333333,9.0,0.0,0.0,0.0,1.0,0.0,0.0,0.0,0.0,0.0,0.0,1.0,0.0,0.0,NaN,0.0,0.0,NaN,NaN,NaN,NaN,NaN,NaN,NaN
72.0,NaN,-4.0,0.0,100.0,NaN,0.0,0.0,37.0,NaN,0.013749999999999929,3.0,123.0,NaN,2.0,0.0,121.0,NaN,3.0,0.0,117.0,NaN,3.0,0.0,20.0,NaN,0.0,0.0,NaN,NaN,NaN,24.0,0.0,NaN,0.0,2.0,22.0,NaN,0.0,4.0,0.5,NaN,0.0,3.0,7.42,NaN,0.0,2.0,36.0,NaN,0.0,2.0,NaN,NaN,NaN,24.0,NaN,NaN,NaN,24.0,57.0,NaN,0.0,4.0,NaN,NaN,NaN,24.0,8.2,NaN,0.0,4.0,106.0,NaN,0.0,4.0,4.2,NaN,0.0,4.0,NaN,NaN,NaN,24.0,154.0,NaN,0.0,4.0,1.1,NaN,0.0,2.0,1.5,NaN,0.0,4.0,4.8,NaN,0.0,4.0,5.0,NaN,0.0,4.0,NaN,NaN,NaN,24.0,0.12,NaN,0.0,4.0,34.1,NaN,0.0,4.0,11.5,NaN,0.0,4.0,NaN,NaN,NaN,24.0,17.4,NaN,0.0,4.0,NaN,NaN,NaN,24.0,283.0,NaN,0.0,4.0,57.0,1.0,0.0,1.0,-2.933333333333333,10.0,0.0,0.0,0.0,1.0,0.0,0.0,0.0,0.0,0.0,0.0,1.0,0.0,0.0,NaN,0.0,0.0,NaN,NaN,NaN,NaN,NaN,NaN,NaN
75.0,NaN,3.0,0.0,100.0,NaN,0.0,0.0,36.56,NaN,-0.10999999999999943,0.0,115.0,NaN,-8.0,0.0,85.0,NaN,-36.0,0.0,71.0,NaN,-46.0,0.0,19.5,NaN,-0.5,0.0,NaN,NaN,NaN,24.0,0.0,NaN,0.0,3.0,22.0,NaN,0.0,5.0,0.4,NaN,-0.024999999999999994,0.0,7.42,NaN,0.0,3.0,36.0,NaN,0.0,3.0,NaN,NaN,NaN,24.0,NaN,NaN,NaN,24.0,57.0,NaN,0.0,5.0,NaN,NaN,NaN,24.0,8.2,NaN,0.0,5.0,106.0,NaN,0.0,5.0,4.2,NaN,0.0,5.0,NaN,NaN,NaN,24.0,154.0,NaN,0.0,5.0,1.1,NaN,0.0,3.0,1.5,NaN,0.0,5.0,4.8,NaN,0.0,5.0,5.0,NaN,0.0,5.0,NaN,NaN,NaN,24.0,0.12,NaN,0.0,5.0,34.1,NaN,0.0,5.0,11.5,NaN,0.0,5.0,NaN,NaN,NaN,24.0,17.4,NaN,0.0,5.0,NaN,NaN,NaN,24.0,283.0,NaN,0.0,5.0,57.0,1.0,0.0,1.0,-2.933333333333333,11.0,0.0,0.0,0.0,1.0,1.0,0.0,0.0,0.0,0.0,0.0,0.0,0.0,0.0,NaN,0.0,0.0,NaN,NaN,NaN,NaN,NaN,NaN,NaN
68.0,NaN,-7.0,0.0,99.0,NaN,-1.0,0.0,36.56,NaN,-0.08799999999999955,1.0,108.0,NaN,-7.0,0.0,81.0,NaN,-4.0,0.0,68.0,NaN,-3.0,0.0,20.0,NaN,0.5,0.0,NaN,NaN,NaN,24.0,0.0,NaN,0.0,4.0,22.0,NaN,0.0,6.0,0.4,NaN,-0.019999999999999997,1.0,7.42,NaN,0.0,4.0,36.0,NaN,0.0,4.0,NaN,NaN,NaN,24.0,NaN,NaN,NaN,24.0,57.0,NaN,0.0,6.0,NaN,NaN,NaN,24.0,8.2,NaN,0.0,6.0,106.0,NaN,0.0,6.0,4.2,NaN,0.0,6.0,NaN,NaN,NaN,24.0,154.0,NaN,0.0,6.0,1.1,NaN,0.0,4.0,1.5,NaN,0.0,6.0,4.8,NaN,0.0,6.0,5.0,NaN,0.0,6.0,NaN,NaN,NaN,24.0,0.12,NaN,0.0,6.0,34.1,NaN,0.0,6.0,11.5,NaN,0.0,6.0,NaN,NaN,NaN,24.0,17.4,NaN,0.0,6.0,NaN,NaN,NaN,24.0,283.0,NaN,0.0,6.0,57.0,1.0,0.0,1.0,-2.933333333333333,12.0,0.0,0.0,0.0,1.0,0.0,0.0,0.0,0.0,0.0,0.0,1.0,0.0,0.0,NaN,0.0,0.0,NaN,NaN,NaN,NaN,NaN,NaN,NaN
64.0,NaN,-4.0,0.0,100.0,NaN,1.0,0.0,36.56,NaN,-0.07333333333333296,2.0,110.0,NaN,2.0,0.0,91.0,NaN,10.0,0.0,77.0,NaN,9.0,0.0,20.0,NaN,0.0,0.0,NaN,NaN,NaN,24.0,0.0,NaN,0.0,5.0,22.0,NaN,0.0,7.0,0.4,NaN,-0.016666666666666663,2.0,7.42,NaN,0.0,5.0,36.0,NaN,0.0,5.0,NaN,NaN,NaN,24.0,NaN,NaN,NaN,24.0,57.0,NaN,0.0,7.0,NaN,NaN,NaN,24.0,8.2,NaN,0.0,7.0,106.0,NaN,0.0,7.0,4.2,NaN,0.0,7.0,NaN,NaN,NaN,24.0,154.0,NaN,0.0,7.0,1.1,NaN,0.0,5.0,1.5,NaN,0.0,7.0,4.8,NaN,0.0,7.0,5.0,NaN,0.0,7.0,NaN,NaN,NaN,24.0,0.12,NaN,0.0,7.0,34.1,NaN,0.0,7.0,11.5,NaN,0.0,7.0,NaN,NaN,NaN,24.0,17.4,NaN,0.0,7.0,NaN,NaN,NaN,24.0,283.0,NaN,0.0,7.0,57.0,1.0,0.0,1.0,-2.933333333333333,13.0,0.0,0.0,0.0,1.0,0.0,0.0,0.0,0.0,0.0,0.0,1.0,0.0,0.0,NaN,0.0,0.0,NaN,NaN,NaN,NaN,NaN,NaN,NaN
