124.0,NaN,NaN,24.0,100.0,NaN,NaN,24.0,37.17,NaN,NaN,24.0,119.0,NaN,NaN,24.0,92.0,NaN,NaN,24.0,81.0,NaN,NaN,24.0,15.5,NaN,NaN,24.0,NaN,NaN,NaN,24.0,-1.0,NaN,NaN,24.0,20.0,NaN,NaN,24.0,0.35,NaN,NaN,24.0,7.37,NaN,NaN,24.0,40.0,NaN,NaN,24.0,NaN,NaN,NaN,24.0,17.0,NaN,NaN,24.0,12.0,NaN,NaN,24.0,52.0,NaN,NaN,24.0,8.6,NaN,NaN,24.0,106.0,NaN,NaN,24.0,0.7,NaN,NaN,24.0,NaN,NaN,NaN,24.0,110.0,NaN,NaN,24.0,NaN,NaN,NaN,24.0,2.7,NaN,NaN,24.0,3.7,NaN,NaN,24.0,4.1,NaN,NaN,24.0,0.2,NaN,NaN,24.0,NaN,NaN,NaN,24.0,37.4,NaN,NaN,24.0,12.5,NaN,NaN,24.0,23.2,NaN,NaN,24.0,9.1,NaN,NaN,24.0,NaN,NaN,NaN,24.0,211.0,NaN,NaN,24.0,20.0,0.0,1.0,0.0,-5.333333333333333,1.0,0.0,0.0,1.0,0.0,1.0,0.0,0.0,0.0,0.0,0.0,0.0,0.0,0.0,NaN,0.0,0.0,NaN,NaN,NaN,NaN,NaN,NaN,NaN
130.0,NaN,6.0,0.0,100.0,NaN,0.0,0.0,37.17,NaN,0.0,1.0,115.0,NaN,-4.0,0.0,87.0,NaN,-5.0,0.0,76.0,NaN,-5.0,0.0,18.0,NaN,2.5,0.0,NaN,NaN,NaN,24.0,-1.0,NaN,0.0,1.0,20.0,NaN,0.0,1.0,0.35,NaN,0.0,1.0,7.37,NaN,0.0,1.0,40.0,NaN,0.0,1.0,NaN,NaN,NaN,24.0,17.0,NaN,0.0,1.0,12.0,NaN,0.0,1.0,52.0,NaN,0.0,1.0,8.6,NaN,0.0,1.0,106.0,NaN,0.0,1.0,0.7,NaN,0.0,1.0,NaN,NaN,NaN,24.0,110.0,NaN,0.0,1.0,NaN,NaN,NaN,24.0,2.7,NaN,0.0,1.0,3.7,NaN,0.0,1.0,4.1,NaN,0.0,1.0,0.2,NaN,0.0,1.0,NaN,NaN,NaN,24.0,37.4,NaN,0.0,1.0,12.5,NaN,0.0,1.0,23.2,NaN,0.0,1.0,9.1,NaN,0.0,1.0,NaN,NaN,NaN,24.0,211.0,NaN,0.0,1.0,20.0,0.0,1.0,0.0,-5.333333333333333,2.0,0.0,0.0,1.0,0.0,0.0,0.0,0.0,0.0,0.0,0.0,1.0,0.0,0.0,NaN,0.0,0.0,NaN,NaN,NaN,NaN,NaN,NaN,NaN
120.0,NaN,-10.0,0.0,100.0,NaN,0.0,0.0,37.17,NaN,0.0,2.0,109.0,NaN,-6.0,0.0,81.0,NaN,-6.0,0.0,69.0,NaN,-7.0,0.0,11.0,NaN,-7.0,0.0,NaN,NaN,NaN,24.0,-1.0,NaN,0.0,2.0,20.0,NaN,0.0,2.0,0.35,NaN,0.0,2.0,7.37,NaN,0.0,2.0,40.0,NaN,0.0,2.0,NaN,NaN,NaN,24.0,17.0,NaN,0.0,2.0,12.0,NaN,0.0,2.0,52.0,NaN,0.0,2.0,8.6,NaN,0.0,2.0,106.0,NaN,0.0,2.0,0.7,NaN,0.0,2.0,NaN,NaN,NaN,24.0,110.0,NaN,0.0,2.0,NaN,NaN,NaN,24.0,2.7,NaN,0.0,2.0,3.7,NaN,0.0,2.0,4.1,NaN,0.0,2.0,0.2,NaN,0.0,2.0,NaN,NaN,NaN,24.0,37.4,NaN,0.0,2.0,12.5,NaN,0.0,2.0,23.2,NaN,0.0,2.0,9.1,NaN,0.0,2.0,NaN,NaN,NaN,24.0,211.0,NaN,0.0,2.0,20.0,0.0,1.0,0.0,-5.333333333333333,3.0,0.0,0.0,1.0,0.0,0.0,0.0,0.0,0.0,0.0,0.0,1.0,0.0,0.0,NaN,0.0,0.0,NaN,NaN,NaN,NaN,NaN,NaN,NaN
120.0,NaN,0.0,0.0,100.0,NaN,0.0,0.0,37.28,NaN,0.03666666666666648,0.0,125.0,NaN,16.0,0.0,96.0,NaN,15.0,0.0,87.0,NaN,18.0,0.0,14.0,NaN,3.0,0.0,NaN,NaN,NaN,24.0,-1.0,NaN,0.0,3.0,20.0,NaN,0.0,3.0,0.35,NaN,0.0,3.0,7.37,NaN,0.0,3.0,40.0,NaN,0.0,3.0,NaN,NaN,NaN,24.0,17.0,NaN,0.0,3.0,12.0,NaN,0.0,3.0,52.0,NaN,0.0,3.0,8.6,NaN,0.0,3.0,106.0,NaN,0.0,3.0,0.7,NaN,0.0,3.0,NaN,NaN,NaN,24.0,110.0,NaN,0.0,3.0,NaN,NaN,NaN,24.0,2.7,NaN,0.0,3.0,3.7,NaN,0.0,3.0,4.1,NaN,0.0,3.0,0.2,NaN,0.0,3.0,NaN,NaN,NaN,24.0,37.4,NaN,0.0,3.0,12.5,NaN,0.0,3.0,23.2,NaN,0.0,3.0,9.1,NaN,0.0,3.0,NaN,NaN,NaN,24.0,211.0,NaN,0.0,3.0,20.0,0.0,1.0,0.0,-5.333333333333333,4.0,0.0,0.0,1.0,0.0,0.0,0.0,0.0,0.0,0.0,0.0,1.0,0.0,0.0,NaN,0.0,0.0,NaN,NaN,NaN,NaN,NaN,NaN,NaN
105.0,NaN,-15.0,0.0,98.0,NaN,-2.0,0.0,37.28,NaN,0.027499999999999858,1.0,107.0,NaN,-18.0,0.0,79.0,NaN,-17.0,0.0,67.0,NaN,-20.0,0.0,17.0,NaN,3.0,0.0,NaN,NaN,NaN,24.0,-1.0,NaN,0.0,4.0,20.0,NaN,0.0,4.0,0.35,NaN,0.0,4.0,7.37,NaN,0.0,4.0,40.0,NaN,0.0,4.0,NaN,NaN,NaN,24.0,17.0,NaN,0.0,4.0,12.0,NaN,0.0,4.0,52.0,NaN,0.0,4.0,8.6,NaN,0.0,4.0,106.0,NaN,0.0,4.0,0.7,NaN,0.0,4.0,NaN,NaN,NaN,24.0,110.0,NaN,0.0,4.0,NaN,NaN,NaN,24.0,2.7,NaN,0.0,4.0,3.7,NaN,0.0,4.0,4.1,NaN,0.0,4.0,0.2,NaN,0.0,4.0,NaN,NaN,NaN,24.0,37.4,NaN,0.0,4.0,12.5,NaN,0.0,4.0,23.2,NaN,0.0,4.0,9.1,NaN,0.0,4.0,NaN,NaN,NaN,24.0,211.0,NaN,0.0,4.0,20.0,0.0,1.0,0.0,-5.333333333333333,5.0,0.0,0.0,1.0,0.0,0.0,0.0,0.0,0.0,0.0,0.0,1.0,0.0,0.0,NaN,0.0,0.0,NaN,NaN,NaN,NaN,NaN,NaN,NaN
111.0,NaN,6.0,0.0,98.0,NaN,0.0,0.0,37.28,NaN,0.021999999999999888,2.0,110.0,NaN,3.0,0.0,80.0,NaN,1.0,0.0,66.0,NaN,-1.0,0.0,19.0,NaN,2.0,0.0,NaN,NaN,NaN,24.0,-1.0,NaN,0.0,5.0,20.0,NaN,0.0,5.0,0.35,NaN,0.0,5.0,7.37,NaN,0.0,5.0,40.0,NaN,0.0,5.0,NaN,NaN,NaN,24.0,17.0,NaN,0.0,5.0,12.0,NaN,0.0,5.0,52.0,NaN,0.0,5.0,8.6,NaN,0.0,5.0,106.0,NaN,0.0,5.0,0.7,NaN,0.0,5.0,NaN,NaN,NaN,24.0,110.0,NaN,0.0,5.0,NaN,NaN,NaN,24.0,2.7,NaN,0.0,5.0,3.7,NaN,0.0,5.0,4.1,NaN,0.0,5.0,0.2,NaN,0.0,5.0,NaN,NaN,NaN,24.0,37.4,NaN,0.0,5.0,12.5,NaN,0.0,5.0,23.2,NaN,0.0,5.0,9.1,NaN,0.0,5.0,NaN,NaN,NaN,24.0,211.0,NaN,0.0,5.0,20.0,0.0,1.0,0.0,-5.333333333333333,6.0,0.0,0.0,1.0,0.0,0.0,0.0,0.0,0.0,0.0,0.0,1.0,0.0,0.0,NaN,0.0,0.0,NaN,NaN,NaN,NaN,NaN,NaN,NaN
110.0,NaN,-1.0,0.0,98.0,NaN,0.0,0.0,37.28,NaN,0.01833333333333324,3.0,118.0,NaN,8.0,0.0,85.0,NaN,5.0,0.0,73.0,NaN,7.0,0.0,9.0,NaN,-10.0,0.0,NaN,NaN,NaN,24.0,-1.0,NaN,0.0,6.0,20.0,NaN,0.0,6.0,0.35,NaN,0.0,6.0,7.37,NaN,0.0,6.0,40.0,NaN,0.0,6.0,NaN,NaN,NaN,24.0,17.0,NaN,0.0,6.0,12.0,NaN,0.0,6.0,52.0,NaN,0.0,6.0,8.6,NaN,0.0,6.0,106.0,NaN,0.0,6.0,0.7,NaN,0.0,6.0,NaN,NaN,NaN,24.0,110.0,NaN,0.0,6.0,NaN,NaN,NaN,24.0,2.7,NaN,0.0,6.0,3.7,NaN,0.0,6.0,4.1,NaN,0.0,6.0,0.2,NaN,0.0,6.0,NaN,NaN,NaN,24.0,37.4,NaN,0.0,6.0,12.5,NaN,0.0,6.0,23.2,NaN,0.0,6.0,9.1,NaN,0.0,6.0,NaN,NaN,NaN,24.0,211.0,NaN,0.0,6.0,20.0,0.0,1.0,0.0,-5.333333333333333,7.0,0.0,0.0,1.0,0.0,0.0,0.0,0.0,0.0,0.0,0.0,1.0,0.0,0.0,NaN,0.0,0.0,NaN,NaN,NaN,NaN,NaN,NaN,NaN
113.0,NaN,3.0,0.0,98.0,NaN,0.0,0.0,37.22,NaN,-0.015000000000000568,0.0,118.0,NaN,0.0,0.0,88.0,NaN,3.0,0.0,77.0,NaN,4.0,0.0,23.0,NaN,14.0,0.0,NaN,NaN,NaN,24.0,-1.0,NaN,0.0,7.0,20.0,NaN,0.0,7.0,0.35,NaN,0.0,7.0,7.37,NaN,0.0,7.0,40.0,NaN,0.0,7.0,NaN,NaN,NaN,24.0,17.0,NaN,0.0,7.0,12.0,NaN,0.0,7.0,52.0,NaN,0.0,7.0,8.6,NaN,0.0,7.0,106.0,NaN,0.0,7.0,0.7,NaN,0.0,7.0,NaN,NaN,NaN,24.0,110.0,NaN,0.0,7.0,NaN,NaN,NaN,24.0,2.7,NaN,0.0,7.0,3.7,NaN,0.0,7.0,4.1,NaN,0.0,7.0,0.2,NaN,0.0,7.0,NaN,NaN,NaN,24.0,37.4,NaN,0.0,7.0,12.5,NaN,0.0,7.0,23.2,NaN,0.0,7.0,9.1,NaN,0.0,7.0,NaN,NaN,NaN,24.0,211.0,NaN,0.0,7.0,20.0,0.0,1.0,0.0,-5.333333333333333,8.0,0.0,1.0,1.0,0.0,0.0,0.0,0.0,0.0,0.0,0.0,1.0,0.0,0.0,NaN,0.0,0.0,NaN,NaN,NaN,NaN,NaN,NaN,NaN
111.0,NaN,-2.0,0.0,98.0,NaN,0.0,0.0,37.22,NaN,-0.012000000000000455,1.0,108.0,NaN,-10.0,0.0,90.0,NaN,2.0,0.0,83.0,NaN,6.0,0.0,11.0,NaN,-12.0,0.0,NaN,NaN,NaN,24.0,-1.0,NaN,0.0,8.0,20.0,NaN,0.0,8.0,0.35,NaN,0.0,8.0,7.37,NaN,0.0,8.0,40.0,NaN,0.0,8.0,NaN,NaN,NaN,24.0,17.0,NaN,0.0,8.0,12.0,NaN,0.0,8.0,52.0,NaN,0.0,8.0,8.6,NaN,0.0,8.0,106.0,NaN,0.0,8.0,0.7,NaN,0.0,8.0,NaN,NaN,NaN,24.0,110.0,NaN,0.0,8.0,NaN,NaN,NaN,24.0,2.7,NaN,0.0,8.0,3.7,NaN,0.0,8.0,4.1,NaN,0.0,8.0,0.2,NaN,0.0,8.0,NaN,NaN,NaN,24.0,37.4,NaN,0.0,8.0,12.5,NaN,0.0,8.0,23.2,NaN,0.0,8.0,9.1,NaN,0.0,8.0,NaN,NaN,NaN,24.0,211.0,NaN,0.0,8.0,20.0,0.0,1.0,0.0,-5.333333333333333,9.0,0.0,0.0,1.0,0.0,0.0,0.0,0.0,0.0,0.0,0.0,1.0,0.0,0.0,NaN,0.0,0.0,NaN,NaN,NaN,NaN,NaN,NaN,NaN
97.0,NaN,-14.0,0.0,98.0,NaN,0.0,0.0,37.22,NaN,-0.010000000000000378,2.0,108.0,NaN,0.0,0.0,81.0,NaN,-9.0,0.0,68.0,NaN,-15.0,0.0,15.0,NaN,4.0,0.0,NaN,NaN,NaN,24.0,-1.0,NaN,0.0,9.0,20.0,NaN,0.0,9.0,0.35,NaN,0.0,9.0,7.37,NaN,0.0,9.0,40.0,NaN,0.0,9.0,NaN,NaN,NaN,24.0,17.0,NaN,0.0,9.0,12.0,NaN,0.0,9.0,52.0,NaN,0.0,9.0,8.6,NaN,0.0,9.0,106.0,NaN,0.0,9.0,0.7,NaN,0.0,9.0,NaN,NaN,NaN,24.0,110.0,NaN,0.0,9.0,NaN,NaN,NaN,24.0,2.7,NaN,0.0,9.0,3.7,NaN,0.0,9.0,4.1,NaN,0.0,9.0,0.2,NaN,0.0,9.0,NaN,NaN,NaN,24.0,37.4,NaN,0.0,9.0,12.5,NaN,0.0,9.0,23.2,NaN,0.0,9.0,9.1,NaN,0.0,9.0,NaN,NaN,NaN,24.0,211.0,NaN,0.0,9.0,20.0,0.0,1.0,0.0,-5.333333333333333,10.0,0.0,0.0,1.0,0.0,0.0,0.0,0.0,0.0,0.0,0.0,1.0,0.0,0.0,NaN,0.0,0.0,NaN,NaN,NaN,NaN,NaN,NaN,NaN
97.0,NaN,-7.0,1.0,98.0,NaN,0.0,1.0,37.22,NaN,-0.008571428571428896,3.0,108.0,NaN,0.0,1.0,81.0,NaN,-4.5,1.0,68.0,NaN,-7.5,1.0,15.0,NaN,2.0,1.0,NaN,NaN,NaN,24.0,-1.0,NaN,0.0,10.0,20.0,NaN,0.0,10.0,0.35,NaN,0.0,10.0,7.37,NaN,0.0,10.0,40.0,NaN,0.0,10.0,NaN,NaN,NaN,24.0,17.0,NaN,0.0,10.0,12.0,NaN,0.0,10.0,52.0,NaN,0.0,10.0,8.6,NaN,0.0,10.0,106.0,NaN,0.0,10.0,0.7,NaN,0.0,10.0,NaN,NaN,NaN,24.0,110.0,NaN,0.0,10.0,NaN,NaN,NaN,24.0,2.7,NaN,0.0,10.0,3.7,NaN,0.0,10.0,4.1,NaN,0.0,10.0,0.2,NaN,0.0,10.0,NaN,NaN,NaN,24.0,37.4,NaN,0.0,10.0,12.5,NaN,0.0,10.0,23.2,NaN,0.0,10.0,9.1,NaN,0.0,10.0,NaN,NaN,NaN,24.0,211.0,NaN,0.0,10.0,20.0,0.0,1.0,0.0,-5.333333333333333,11.0,0.0,0.0,1.0,0.0,0.0,0.0,0.0,0.0,0.0,0.0,1.0,0.0,0.0,NaN,0.0,0.0,NaN,NaN,NaN,NaN,NaN,NaN,NaN
