85.0,NaN,NaN,24.0,100.0,NaN,NaN,24.0,37.5,NaN,NaN,24.0,166.0,NaN,NaN,24.0,102.0,NaN,NaN,24.0,83.0,NaN,NaN,24.0,18.0,NaN,NaN,24.0,NaN,NaN,NaN,24.0,NaN,NaN,NaN,24.0,28.0,NaN,NaN,24.0,NaN,NaN,NaN,24.0,NaN,NaN,NaN,24.0,NaN,NaN,NaN,24.0,NaN,NaN,NaN,24.0,13.0,NaN,NaN,24.0,23.0,NaN,NaN,24.0,68.0,NaN,NaN,24.0,8.2,NaN,NaN,24.0,93.0,NaN,NaN,24.0,2.1,NaN,NaN,24.0,NaN,NaN,NaN,24.0,174.0,NaN,NaN,24.0,NaN,NaN,NaN,24.0,1.6,NaN,NaN,24.0,2.6,NaN,NaN,24.0,3.3,NaN,NaN,24.0,0.9,NaN,NaN,24.0,NaN,NaN,NaN,24.0,37.3,NaN,NaN,24.0,12.3,NaN,NaN,24.0,NaN,NaN,NaN,24.0,9.0,NaN,NaN,24.0,NaN,NaN,NaN,24.0,171.0,NaN,NaN,24.0,70.0,1.0,1.0,0.0,-10.11,1.0,0.0,0.0,0.0,0.0,0.0,0.0,0.0,0.0,0.0,2.0,1.0,0.0,0.0,0.0,0.0,0.0,NaN,NaN,NaN,65.0,NaN,NaN,NaN
74.0,NaN,-11.0,0.0,97.5,NaN,-2.5,0.0,37.5,NaN,0.0,1.0,163.0,NaN,-3.0,0.0,121.0,NaN,19.0,0.0,105.0,NaN,22.0,0.0,23.5,NaN,5.5,0.0,NaN,NaN,NaN,24.0,NaN,NaN,NaN,24.0,28.0,NaN,0.0,1.0,NaN,NaN,NaN,24.0,NaN,NaN,NaN,24.0,NaN,NaN,NaN,24.0,NaN,NaN,NaN,24.0,13.0,NaN,0.0,1.0,23.0,NaN,0.0,1.0,68.0,NaN,0.0,1.0,8.2,NaN,0.0,1.0,93.0,NaN,0.0,1.0,2.1,NaN,0.0,1.0,NaN,NaN,NaN,24.0,174.0,NaN,0.0,1.0,NaN,NaN,NaN,24.0,1.6,NaN,0.0,1.0,2.6,NaN,0.0,1.0,3.3,NaN,0.0,1.0,0.9,NaN,0.0,1.0,NaN,NaN,NaN,24.0,37.3,NaN,0.0,1.0,12.3,NaN,0.0,1.0,NaN,NaN,NaN,24.0,9.0,NaN,0.0,1.0,NaN,NaN,NaN,24.0,171.0,NaN,0.0,1.0,70.0,1.0,1.0,0.0,-10.11,2.0,0.0,1.0,0.0,0.0,0.0,0.0,0.0,0.0,0.0,0.0,1.0,0.0,0.0,0.0,0.0,0.0,NaN,NaN,NaN,65.0,NaN,NaN,NaN
67.0,NaN,-7.0,0.0,95.0,NaN,-2.5,0.0,37.5,NaN,0.0,2.0,164.0,NaN,1.0,0.0,96.0,NaN,-25.0,0.0,75.0,NaN,-30.0,0.0,24.0,NaN,0.5,0.0,NaN,NaN,NaN,24.0,NaN,NaN,NaN,24.0,28.0,NaN,0.0,2.0,NaN,NaN,NaN,24.0,NaN,NaN,NaN,24.0,NaN,NaN,NaN,24.0,NaN,NaN,NaN,24.0,13.0,NaN,0.0,2.0,23.0,NaN,0.0,2.0,68.0,NaN,0.0,2.0,8.2,NaN,0.0,2.0,93.0,NaN,0.0,2.0,2.1,NaN,0.0,2.0,NaN,NaN,NaN,24.0,174.0,NaN,0.0,2.0,NaN,NaN,NaN,24.0,1.6,NaN,0.0,2.0,2.6,NaN,0.0,2.0,3.3,NaN,0.0,2.0,0.9,NaN,0.0,2.0,NaN,NaN,NaN,24.0,37.3,NaN,0.0,2.0,12.3,NaN,0.0,2.0,NaN,NaN,NaN,24.0,9.0,NaN,0.0,2.0,NaN,NaN,NaN,24.0,171.0,NaN,0.0,2.0,70.0,1.0,1.0,0.0,-10.11,3.0,0.0,1.0,0.0,0.0,0.0,0.0,0.0,0.0,0.0,0.0,1.0,0.0,0.0,0.0,0.0,0.0,NaN,NaN,NaN,65.0,NaN,NaN,NaN
74.0,NaN,7.0,0.0,95.0,NaN,0.0,0.0,37.5,NaN,0.0,3.0,143.0,NaN,-21.0,0.0,79.0,NaN,-17.0,0.0,57.0,NaN,-18.0,0.0,14.0,NaN,-10.0,0.0,NaN,NaN,NaN,24.0,NaN,NaN,NaN,24.0,28.0,NaN,0.0,3.0,NaN,NaN,NaN,24.0,NaN,NaN,NaN,24.0,NaN,NaN,NaN,24.0,NaN,NaN,NaN,24.0,13.0,NaN,0.0,3.0,23.0,NaN,0.0,3.0,68.0,NaN,0.0,3.0,8.2,NaN,0.0,3.0,93.0,NaN,0.0,3.0,2.1,NaN,0.0,3.0,NaN,NaN,NaN,24.0,174.0,NaN,0.0,3.0,NaN,NaN,NaN,24.0,1.6,NaN,0.0,3.0,2.6,NaN,0.0,3.0,3.3,NaN,0.0,3.0,0.9,NaN,0.0,3.0,NaN,NaN,NaN,24.0,37.3,NaN,0.0,3.0,12.3,NaN,0.0,3.0,NaN,NaN,NaN,24.0,9.0,NaN,0.0,3.0,NaN,NaN,NaN,24.0,171.0,NaN,0.0,3.0,70.0,1.0,1.0,0.0,-10.11,4.0,0.0,0.0,0.0,0.0,0.0,0.0,0.0,0.0,0.0,0.0,1.0,0.0,0.0,0.0,0.0,0.0,NaN,NaN,NaN,65.0,NaN,NaN,NaN
71.0,NaN,-3.0,0.0,93.0,NaN,-2.0,0.0,37.5,NaN,0.0,4.0,122.0,NaN,-21.0,0.0,70.0,NaN,-9.0,0.0,52.0,NaN,-5.0,0.0,19.0,NaN,5.0,0.0,NaN,NaN,NaN,24.0,NaN,NaN,NaN,24.0,28.0,NaN,0.0,4.0,NaN,NaN,NaN,24.0,NaN,NaN,NaN,24.0,NaN,NaN,NaN,24.0,NaN,NaN,NaN,24.0,13.0,NaN,0.0,4.0,23.0,NaN,0.0,4.0,68.0,NaN,0.0,4.0,8.2,NaN,0.0,4.0,93.0,NaN,0.0,4.0,2.1,NaN,0.0,4.0,NaN,NaN,NaN,24.0,174.0,NaN,0.0,4.0,NaN,NaN,NaN,24.0,1.6,NaN,0.0,4.0,2.6,NaN,0.0,4.0,3.3,NaN,0.0,4.0,0.9,NaN,0.0,4.0,NaN,NaN,NaN,24.0,37.3,NaN,0.0,4.0,12.3,NaN,0.0,4.0,NaN,NaN,NaN,24.0,9.0,NaN,0.0,4.0,NaN,NaN,NaN,24.0,171.0,NaN,0.0,4.0,70.0,1.0,1.0,0.0,-10.11,5.0,0.0,0.0,0.0,0.0,0.0,0.0,0.0,0.0,0.0,0.0,1.0,0.0,0.0,0.0,0.0,0.0,NaN,NaN,NaN,65.0,NaN,NaN,NaN
67.0,NaN,-4.0,0.0,96.0,NaN,3.0,0.0,37.0,NaN,-0.1,0.0,135.0,NaN,13.0,0.0,80.0,NaN,10.0,0.0,60.0,NaN,8.0,0.0,21.0,NaN,2.0,0.0,NaN,NaN,NaN,24.0,NaN,NaN,NaN,24.0,28.0,NaN,0.0,5.0,NaN,NaN,NaN,24.0,NaN,NaN,NaN,24.0,NaN,NaN,NaN,24.0,NaN,NaN,NaN,24.0,13.0,NaN,0.0,5.0,23.0,NaN,0.0,5.0,68.0,NaN,0.0,5.0,8.2,NaN,0.0,5.0,93.0,NaN,0.0,5.0,2.1,NaN,0.0,5.0,NaN,NaN,NaN,24.0,174.0,NaN,0.0,5.0,NaN,NaN,NaN,24.0,1.6,NaN,0.0,5.0,2.6,NaN,0.0,5.0,3.3,NaN,0.0,5.0,0.9,NaN,0.0,5.0,NaN,NaN,NaN,24.0,37.3,NaN,0.0,5.0,12.3,NaN,0.0,5.0,NaN,NaN,NaN,24.0,9.0,NaN,0.0,5.0,NaN,NaN,NaN,24.0,171.0,NaN,0.0,5.0,70.0,1.0,1.0,0.0,-10.11,6.0,0.0,1.0,0.0,0.0,0.0,0.0,0.0,0.0,0.0,0.0,1.0,0.0,0.0,0.0,0.0,0.0,NaN,NaN,NaN,65.0,NaN,NaN,NaN
71.0,NaN,4.0,0.0,95.0,NaN,-1.0,0.0,37.0,NaN,-0.08333333333333333,1.0,171.0,NaN,36.0,0.0,102.0,NaN,22.0,0.0,88.0,NaN,28.0,0.0,25.0,NaN,4.0,0.0,NaN,NaN,NaN,24.0,NaN,NaN,NaN,24.0,28.0,NaN,0.0,6.0,NaN,NaN,NaN,24.0,NaN,NaN,NaN,24.0,NaN,NaN,NaN,24.0,NaN,NaN,NaN,24.0,13.0,NaN,0.0,6.0,23.0,NaN,0.0,6.0,68.0,NaN,0.0,6.0,8.2,NaN,0.0,6.0,93.0,NaN,0.0,6.0,2.1,NaN,0.0,6.0,NaN,NaN,NaN,24.0,174.0,NaN,0.0,6.0,NaN,NaN,NaN,24.0,1.6,NaN,0.0,6.0,2.6,NaN,0.0,6.0,3.3,NaN,0.0,6.0,0.9,NaN,0.0,6.0,NaN,NaN,NaN,24.0,37.3,NaN,0.0,6.0,12.3,NaN,0.0,6.0,NaN,NaN,NaN,24.0,9.0,NaN,0.0,6.0,NaN,NaN,NaN,24.0,171.0,NaN,0.0,6.0,70.0,1.0,1.0,0.0,-10.11,7.0,0.0,1.0,0.0,0.0,0.0,0.0,0.0,0.0,0.0,0.0,1.0,0.0,0.0,0.0,0.0,0.0,NaN,NaN,NaN,65.0,NaN,NaN,NaN
76.0,NaN,5.0,0.0,95.0,NaN,0.0,0.0,37.0,NaN,-0.07142857142857142,2.0,157.0,NaN,-14.0,0.0,93.0,NaN,-9.0,0.0,73.0,NaN,-15.0,0.0,22.0,NaN,-3.0,0.0,NaN,NaN,NaN,24.0,NaN,NaN,NaN,24.0,28.0,NaN,0.0,7.0,NaN,NaN,NaN,24.0,NaN,NaN,NaN,24.0,NaN,NaN,NaN,24.0,NaN,NaN,NaN,24.0,13.0,NaN,0.0,7.0,23.0,NaN,0.0,7.0,68.0,NaN,0.0,7.0,8.2,NaN,0.0,7.0,93.0,NaN,0.0,7.0,2.1,NaN,0.0,7.0,NaN,NaN,NaN,24.0,174.0,NaN,0.0,7.0,NaN,NaN,NaN,24.0,1.6,NaN,0.0,7.0,2.6,NaN,0.0,7.0,3.3,NaN,0.0,7.0,0.9,NaN,0.0,7.0,NaN,NaN,NaN,24.0,37.3,NaN,0.0,7.0,12.3,NaN,0.0,7.0,NaN,NaN,NaN,24.0,9.0,NaN,0.0,7.0,NaN,NaN,NaN,24.0,171.0,NaN,0.0,7.0,70.0,1.0,1.0,0.0,-10.11,8.0,0.0,1.0,0.0,0.0,0.0,0.0,0.0,0.0,0.0,0.0,1.0,0.0,0.0,0.0,0.0,0.0,NaN,NaN,NaN,65.0,NaN,NaN,NaN
60.0,NaN,-16.0,0.0,95.0,NaN,0.0,0.0,37.0,NaN,-0.0625,3.0,93.0,NaN,-64.0,0.0,75.0,NaN,-18.0,0.0,70.0,NaN,-3.0,0.0,15.0,NaN,-7.0,0.0,NaN,NaN,NaN,24.0,NaN,NaN,NaN,24.0,28.0,NaN,0.0,8.0,NaN,NaN,NaN,24.0,NaN,NaN,NaN,24.0,NaN,NaN,NaN,24.0,NaN,NaN,NaN,24.0,13.0,NaN,0.0,8.0,23.0,NaN,0.0,8.0,68.0,NaN,0.0,8.0,8.2,NaN,0.0,8.0,93.0,NaN,0.0,8.0,2.1,NaN,0.0,8.0,NaN,NaN,NaN,24.0,174.0,NaN,0.0,8.0,NaN,NaN,NaN,24.0,1.6,NaN,0.0,8.0,2.6,NaN,0.0,8.0,3.3,NaN,0.0,8.0,0.9,NaN,0.0,8.0,NaN,NaN,NaN,24.0,37.3,NaN,0.0,8.0,12.3,NaN,0.0,8.0,NaN,NaN,NaN,24.0,9.0,NaN,0.0,8.0,NaN,NaN,NaN,24.0,171.0,NaN,0.0,8.0,70.0,1.0,1.0,0.0,-10.11,9.0,0.0,0.0,0.0,0.0,0.0,0.0,0.0,0.0,0.0,0.0,1.0,0.0,0.0,0.0,0.0,0.0,NaN,NaN,NaN,65.0,NaN,NaN,NaN
59.0,NaN,-1.0,0.0,95.0,NaN,0.0,0.0,37.11,NaN,0.027499999999999858,0.0,114.0,NaN,21.0,0.0,82.0,NaN,7.0,0.0,72.0,NaN,2.0,0.0,25.0,NaN,10.0,0.0,NaN,NaN,NaN,24.0,NaN,NaN,NaN,24.0,28.0,NaN,0.0,9.0,NaN,NaN,NaN,24.0,NaN,NaN,NaN,24.0,NaN,NaN,NaN,24.0,NaN,NaN,NaN,24.0,13.0,NaN,0.0,9.0,23.0,NaN,0.0,9.0,68.0,NaN,0.0,9.0,8.2,NaN,0.0,9.0,93.0,NaN,0.0,9.0,2.1,NaN,0.0,9.0,NaN,NaN,NaN,24.0,174.0,NaN,0.0,9.0,NaN,NaN,NaN,24.0,1.6,NaN,0.0,9.0,2.6,NaN,0.0,9.0,3.3,NaN,0.0,9.0,0.9,NaN,0.0,9.0,NaN,NaN,NaN,24.0,37.3,NaN,0.0,9.0,12.3,NaN,0.0,9.0,NaN,NaN,NaN,24.0,9.0,NaN,0.0,9.0,NaN,NaN,NaN,24.0,171.0,NaN,0.0,9.0,70.0,1.0,1.0,0.0,-10.11,10.0,0.0,1.0,0.0,0.0,0.0,0.0,0.0,0.0,0.0,0.0,1.0,0.0,0.0,0.0,0.0,0.0,NaN,NaN,NaN,65.0,NaN,NaN,NaN
60.0,NaN,1.0,0.0,64.0,NaN,-31.0,0.0,37.11,NaN,0.021999999999999888,1.0,135.0,NaN,21.0,0.0,91.0,NaN,9.0,0.0,77.0,NaN,5.0,0.0,24.0,NaN,-1.0,0.0,NaN,NaN,NaN,24.0,NaN,NaN,NaN,24.0,28.0,NaN,0.0,10.0,NaN,NaN,NaN,24.0,NaN,NaN,NaN,24.0,NaN,NaN,NaN,24.0,NaN,NaN,NaN,24.0,13.0,NaN,0.0,10.0,23.0,NaN,0.0,10.0,68.0,NaN,0.0,10.0,8.2,NaN,0.0,10.0,93.0,NaN,0.0,10.0,2.1,NaN,0.0,10.0,NaN,NaN,NaN,24.0,174.0,NaN,0.0,10.0,NaN,NaN,NaN,24.0,1.6,NaN,0.0,10.0,2.6,NaN,0.0,10.0,3.3,NaN,0.0,10.0,0.9,NaN,0.0,10.0,NaN,NaN,NaN,24.0,37.3,NaN,0.0,10.0,12.3,NaN,0.0,10.0,NaN,NaN,NaN,24.0,9.0,NaN,0.0,10.0,NaN,NaN,NaN,24.0,171.0,NaN,0.0,10.0,70.0,1.0,1.0,0.0,-10.11,11.0,0.0,1.0,0.0,0.0,0.0,0.0,0.0,0.0,0.0,0.0,1.0,0.0,0.0,0.0,0.0,0.0,NaN,NaN,NaN,65.0,NaN,NaN,NaN
60.0,NaN,0.5,1.0,64.0,NaN,-15.5,1.0,37.11,NaN,0.01833333333333324,2.0,135.0,NaN,10.5,1.0,91.0,NaN,4.5,1.0,77.0,NaN,2.5,1.0,24.0,NaN,-0.5,1.0,NaN,NaN,NaN,24.0,NaN,NaN,NaN,24.0,27.0,NaN,-0.09090909090909091,0.0,NaN,NaN,NaN,24.0,NaN,NaN,NaN,24.0,NaN,NaN,NaN,24.0,NaN,NaN,NaN,24.0,13.0,NaN,0.0,11.0,23.0,NaN,0.0,0.0,68.0,NaN,0.0,11.0,8.3,NaN,0.00909090909090922,0.0,98.0,NaN,0.45454545454545453,0.0,2.1,NaN,0.0,0.0,NaN,NaN,NaN,24.0,174.0,NaN,0.0,11.0,NaN,NaN,NaN,24.0,1.7,NaN,0.009090909090909078,0.0,2.8,NaN,0.018181818181818157,0.0,3.3,NaN,0.0,11.0,0.9,NaN,0.0,11.0,NaN,NaN,NaN,24.0,37.3,NaN,0.0,11.0,12.3,NaN,0.0,11.0,NaN,NaN,NaN,24.0,9.0,NaN,0.0,11.0,NaN,NaN,NaN,24.0,171.0,NaN,0.0,11.0,70.0,1.0,1.0,0.0,-10.11,12.0,0.0,1.0,0.0,0.0,0.0,0.0,0.0,0.0,0.0,2.0,1.0,0.0,0.0,0.0,0.0,0.0,NaN,NaN,NaN,65.0,NaN,NaN,NaN
