NaN,NaN,NaN,24.0,NaN,NaN,NaN,24.0,NaN,NaN,NaN,24.0,NaN,NaN,NaN,24.0,NaN,NaN,NaN,24.0,NaN,NaN,NaN,24.0,NaN,NaN,NaN,24.0,NaN,NaN,NaN,24.0,-6.0,NaN,NaN,24.0,NaN,NaN,NaN,24.0,NaN,NaN,NaN,24.0,7.31,NaN,NaN,24.0,38.0,NaN,NaN,24.0,NaN,NaN,NaN,24.0,NaN,NaN,NaN,24.0,NaN,NaN,NaN,24.0,NaN,NaN,NaN,24.0,NaN,NaN,NaN,24.0,NaN,NaN,NaN,24.0,NaN,NaN,NaN,24.0,NaN,NaN,NaN,24.0,197.0,NaN,NaN,24.0,2.4,NaN,NaN,24.0,NaN,NaN,NaN,24.0,NaN,NaN,NaN,24.0,5.0,NaN,NaN,24.0,NaN,NaN,NaN,24.0,NaN,NaN,NaN,24.0,25.15,NaN,NaN,24.0,8.3,NaN,NaN,24.0,38.6,NaN,NaN,24.0,18.2,NaN,NaN,24.0,265.0,NaN,NaN,24.0,134.0,NaN,NaN,24.0,72.0,1.0,-1.0,-1.0,-185.72194444444443,1.0,0.0,0.0,0.0,1.0,0.0,1.0,0.0,0.0,1.0,0.0,1.0,0.0,1.0,1.0,0.0,0.0,2.0,6.0,6.0,0.0,NaN,NaN,NaN
84.6666666666667,NaN,0.0,0.0,100.0,NaN,0.0,0.0,34.8,NaN,0.0,0.0,108.333333333333,NaN,0.0,0.0,63.5,NaN,0.0,0.0,53.3333333333333,NaN,0.0,0.0,14.5,NaN,0.0,0.0,NaN,NaN,NaN,24.0,-8.0,NaN,-2.0,0.0,19.0,NaN,0.0,0.0,1.0,NaN,0.0,0.0,7.21,NaN,-0.09999999999999964,0.0,48.0,NaN,10.0,0.0,NaN,NaN,NaN,24.0,NaN,NaN,NaN,24.0,25.0,NaN,0.0,0.0,NaN,NaN,NaN,24.0,NaN,NaN,NaN,24.0,113.0,NaN,0.0,0.0,1.2,NaN,0.0,0.0,NaN,NaN,NaN,24.0,178.0,NaN,-19.0,0.0,2.4,NaN,0.0,1.0,NaN,NaN,NaN,24.0,NaN,NaN,NaN,24.0,4.8,NaN,-0.20000000000000018,0.0,NaN,NaN,NaN,24.0,NaN,NaN,NaN,24.0,30.7,NaN,5.550000000000001,0.0,9.7,NaN,1.3999999999999986,0.0,35.8,NaN,-2.8000000000000043,0.0,29.0,NaN,10.8,0.0,265.0,NaN,0.0,1.0,117.0,NaN,-17.0,0.0,72.0,1.0,-1.0,-1.0,-185.72194444444443,2.0,1.0,0.0,0.0,1.0,3.0,1.0,0.0,1.0,0.0,1.0,1.0,0.0,1.0,1.0,0.0,0.0,2.0,6.0,6.0,0.0,NaN,NaN,NaN
87.5,NaN,2.8333333333333,0.0,99.5,NaN,-0.5,0.0,35.0,NaN,0.20000000000000284,0.0,113.0,NaN,4.666666666666998,0.0,65.0,NaN,1.5,0.0,51.5,NaN,-1.8333333333333002,0.0,15.3333333333333,NaN,0.8333333333333002,0.0,NaN,NaN,NaN,24.0,-8.0,NaN,-1.0,1.0,19.0,NaN,0.0,1.0,0.5,NaN,-0.5,0.0,7.21,NaN,-0.04999999999999982,1.0,48.0,NaN,5.0,1.0,70.0,NaN,0.0,0.0,NaN,NaN,NaN,24.0,25.0,NaN,0.0,1.0,NaN,NaN,NaN,24.0,NaN,NaN,NaN,24.0,113.0,NaN,0.0,1.0,1.2,NaN,0.0,1.0,NaN,NaN,NaN,24.0,178.0,NaN,-9.5,1.0,2.4,NaN,0.0,2.0,NaN,NaN,NaN,24.0,NaN,NaN,NaN,24.0,4.8,NaN,-0.10000000000000009,1.0,NaN,NaN,NaN,24.0,NaN,NaN,NaN,24.0,30.7,NaN,2.7750000000000004,1.0,9.7,NaN,0.6999999999999993,1.0,35.8,NaN,-1.4000000000000021,1.0,29.0,NaN,5.4,1.0,265.0,NaN,0.0,2.0,117.0,NaN,-8.5,1.0,72.0,1.0,-1.0,-1.0,-185.72194444444443,3.0,1.0,0.0,0.0,1.0,2.0,0.0,0.0,1.0,0.0,0.0,1.0,1.0,1.0,1.0,0.0,0.0,2.0,6.0,6.0,0.0,NaN,NaN,NaN
88.0,NaN,0.5,0.0,100.0,NaN,0.5,0.0,36.0,NaN,1.0,0.0,115.0,NaN,2.0,0.0,71.5,NaN,6.5,0.0,56.0,NaN,4.5,0.0,18.0,NaN,2.6666666666667,0.0,NaN,NaN,NaN,24.0,-8.0,NaN,0.0,0.0,19.0,NaN,0.0,2.0,0.5,NaN,-0.25,1.0,7.27,NaN,0.029999999999999805,0.0,37.0,NaN,-5.5,0.0,96.0,NaN,26.0,0.0,NaN,NaN,NaN,24.0,25.0,NaN,0.0,2.0,NaN,NaN,NaN,24.0,NaN,NaN,NaN,24.0,113.0,NaN,0.0,2.0,1.2,NaN,0.0,2.0,NaN,NaN,NaN,24.0,167.0,NaN,-5.5,0.0,1.7,NaN,-0.2333333333333333,0.0,NaN,NaN,NaN,24.0,NaN,NaN,NaN,24.0,4.8,NaN,-0.06666666666666672,2.0,NaN,NaN,NaN,24.0,NaN,NaN,NaN,24.0,30.7,NaN,1.8500000000000003,2.0,9.7,NaN,0.4666666666666662,2.0,35.8,NaN,-0.9333333333333348,2.0,29.0,NaN,3.6,2.0,265.0,NaN,0.0,3.0,117.0,NaN,-5.666666666666667,2.0,72.0,1.0,-1.0,-1.0,-185.72194444444443,4.0,0.0,0.0,0.0,1.0,0.0,0.0,0.0,0.0,0.0,0.0,1.0,1.0,1.0,1.0,0.0,0.0,2.0,6.0,6.0,0.0,NaN,NaN,NaN
83.0,NaN,-5.0,0.0,100.0,NaN,0.0,0.0,36.8,NaN,0.7999999999999972,0.0,114.5,NaN,-0.5,0.0,70.5,NaN,-1.0,0.0,60.0,NaN,4.0,0.0,18.0,NaN,0.0,0.0,NaN,NaN,NaN,24.0,-4.0,NaN,4.0,0.0,19.0,NaN,0.0,3.0,0.5,NaN,-0.16666666666666666,2.0,7.35,NaN,0.08000000000000007,0.0,37.0,NaN,0.0,0.0,96.0,NaN,13.0,1.0,NaN,NaN,NaN,24.0,25.0,NaN,0.0,3.0,NaN,NaN,NaN,24.0,NaN,NaN,NaN,24.0,113.0,NaN,0.0,3.0,1.2,NaN,0.0,3.0,NaN,NaN,NaN,24.0,155.0,NaN,-12.0,0.0,1.7,NaN,-0.175,1.0,NaN,NaN,NaN,24.0,NaN,NaN,NaN,24.0,4.8,NaN,-0.050000000000000044,3.0,NaN,NaN,NaN,24.0,NaN,NaN,NaN,24.0,30.7,NaN,1.3875000000000002,3.0,9.7,NaN,0.34999999999999964,3.0,35.8,NaN,-0.7000000000000011,3.0,29.0,NaN,2.7,3.0,265.0,NaN,0.0,4.0,117.0,NaN,-4.25,3.0,72.0,1.0,-1.0,-1.0,-185.72194444444443,5.0,0.0,0.0,0.0,1.0,0.0,0.0,0.0,0.0,0.0,0.0,1.0,1.0,1.0,1.0,0.0,0.0,2.0,6.0,6.0,0.0,NaN,NaN,NaN
79.0,NaN,-4.0,0.0,100.0,NaN,0.0,0.0,36.4,NaN,-0.3999999999999986,0.0,107.0,NaN,-7.5,0.0,77.1666666666667,NaN,6.6666666666667,0.0,84.0,NaN,24.0,0.0,18.0,NaN,0.0,0.0,NaN,NaN,NaN,24.0,-4.0,NaN,2.0,1.0,19.0,NaN,0.0,4.0,0.5,NaN,0.0,0.0,7.35,NaN,0.040000000000000036,1.0,37.0,NaN,0.0,1.0,96.0,NaN,8.666666666666666,2.0,NaN,NaN,NaN,24.0,25.0,NaN,0.0,4.0,NaN,NaN,NaN,24.0,NaN,NaN,NaN,24.0,113.0,NaN,0.0,4.0,1.2,NaN,0.0,4.0,NaN,NaN,NaN,24.0,155.0,NaN,-6.0,1.0,1.7,NaN,-0.13999999999999999,2.0,NaN,NaN,NaN,24.0,NaN,NaN,NaN,24.0,4.8,NaN,-0.040000000000000036,4.0,NaN,NaN,NaN,24.0,NaN,NaN,NaN,24.0,30.7,NaN,1.11,4.0,9.7,NaN,0.2799999999999997,4.0,35.8,NaN,-0.5600000000000008,4.0,29.0,NaN,2.16,4.0,265.0,NaN,0.0,5.0,117.0,NaN,-3.4,4.0,72.0,1.0,-1.0,-1.0,-185.72194444444443,6.0,0.0,0.0,0.0,1.0,2.0,0.0,0.0,0.0,0.0,0.0,0.0,1.0,1.0,1.0,0.0,0.0,2.0,6.0,6.0,0.0,NaN,NaN,NaN
74.0,NaN,-5.0,0.0,100.0,NaN,0.0,0.0,37.2,NaN,0.8000000000000043,0.0,107.0,NaN,0.0,0.0,64.5,NaN,-12.6666666666667,0.0,51.0,NaN,-33.0,0.0,18.0,NaN,0.0,0.0,NaN,NaN,NaN,24.0,-4.0,NaN,1.3333333333333333,2.0,19.0,NaN,0.0,5.0,0.5,NaN,0.0,1.0,7.35,NaN,0.02666666666666669,2.0,37.0,NaN,0.0,2.0,96.0,NaN,6.5,3.0,NaN,NaN,NaN,24.0,25.0,NaN,0.0,5.0,NaN,NaN,NaN,24.0,NaN,NaN,NaN,24.0,108.0,NaN,-1.0,0.0,1.2,NaN,0.0,5.0,NaN,NaN,NaN,24.0,159.0,NaN,2.0,0.0,1.7,NaN,-0.11666666666666665,3.0,3.2,NaN,0.0,0.0,NaN,NaN,NaN,24.0,4.7,NaN,-0.019999999999999928,0.0,NaN,NaN,NaN,24.0,NaN,NaN,NaN,24.0,30.7,NaN,0.9250000000000002,5.0,9.7,NaN,0.2333333333333331,5.0,29.0,NaN,-1.3599999999999994,0.0,29.0,NaN,1.8,5.0,265.0,NaN,0.0,6.0,163.0,NaN,9.2,0.0,72.0,1.0,-1.0,-1.0,-185.72194444444443,7.0,0.0,0.0,0.0,1.0,0.0,0.0,0.0,1.0,0.0,0.0,1.0,1.0,1.0,1.0,0.0,0.0,2.0,6.0,6.0,0.0,NaN,NaN,NaN
72.0,NaN,-2.0,0.0,100.0,NaN,0.0,0.0,37.4,NaN,0.19999999999999574,0.0,106.0,NaN,-1.0,0.0,70.0,NaN,5.5,0.0,64.0,NaN,13.0,0.0,18.0,NaN,0.0,0.0,NaN,NaN,NaN,24.0,-1.0,NaN,1.0,0.0,19.0,NaN,0.0,6.0,0.5,NaN,0.0,2.0,7.36,NaN,0.003333333333333558,0.0,39.0,NaN,0.6666666666666666,0.0,80.5,NaN,-3.875,0.0,NaN,NaN,NaN,24.0,25.0,NaN,0.0,6.0,NaN,NaN,NaN,24.0,NaN,NaN,NaN,24.0,108.0,NaN,-0.8333333333333334,1.0,1.2,NaN,0.0,6.0,NaN,NaN,NaN,24.0,161.0,NaN,2.0,0.0,1.6,NaN,-0.024999999999999967,0.0,3.2,NaN,0.0,1.0,NaN,NaN,NaN,24.0,4.4,NaN,-0.2999999999999998,0.0,NaN,NaN,NaN,24.0,NaN,NaN,NaN,24.0,30.7,NaN,0.7928571428571429,6.0,9.7,NaN,0.1999999999999998,6.0,29.0,NaN,-1.1333333333333329,1.0,29.0,NaN,1.542857142857143,6.0,265.0,NaN,0.0,7.0,163.0,NaN,7.666666666666667,1.0,72.0,1.0,-1.0,-1.0,-185.72194444444443,8.0,0.0,0.0,0.0,1.0,0.0,0.0,0.0,0.0,0.0,0.0,1.0,1.0,1.0,1.0,0.0,0.0,2.0,6.0,6.0,0.0,NaN,NaN,NaN
71.0,NaN,-1.0,0.0,100.0,NaN,0.0,0.0,37.4,NaN,0.0,0.0,95.0,NaN,-11.0,0.0,58.5,NaN,-11.5,0.0,45.0,NaN,-19.0,0.0,11.0,NaN,-7.0,0.0,NaN,NaN,NaN,24.0,-1.0,NaN,0.75,1.0,19.0,NaN,0.0,7.0,0.5,NaN,0.0,3.0,7.36,NaN,0.0025000000000001688,1.0,39.0,NaN,0.5,1.0,80.5,NaN,-3.1,1.0,NaN,NaN,NaN,24.0,25.0,NaN,0.0,7.0,NaN,NaN,NaN,24.0,NaN,NaN,NaN,24.0,108.0,NaN,0.0,0.0,1.2,NaN,0.0,7.0,NaN,NaN,NaN,24.0,227.0,NaN,66.0,0.0,1.6,NaN,-0.019999999999999973,1.0,3.2,NaN,0.0,2.0,NaN,NaN,NaN,24.0,4.6,NaN,0.1999999999999993,0.0,NaN,NaN,NaN,24.0,NaN,NaN,NaN,24.0,29.1,NaN,-0.22857142857142826,0.0,9.8,NaN,0.014285714285714488,0.0,29.0,NaN,-0.971428571428571,2.0,29.0,NaN,1.35,7.0,265.0,NaN,0.0,8.0,163.0,NaN,6.571428571428571,2.0,72.0,1.0,-1.0,-1.0,-185.72194444444443,9.0,0.0,0.0,0.0,1.0,0.0,0.0,0.0,1.0,0.0,0.0,1.0,1.0,1.0,1.0,0.0,0.0,2.0,6.0,6.0,0.0,NaN,NaN,NaN
69.0,NaN,-2.0,0.0,100.0,NaN,0.0,0.0,37.3,NaN,-0.10000000000000142,0.0,92.0,NaN,-3.0,0.0,68.0,NaN,9.5,0.0,74.0,NaN,29.0,0.0,19.5,NaN,8.5,0.0,NaN,NaN,NaN,24.0,-1.0,NaN,0.6,2.0,19.0,NaN,0.0,8.0,0.5,NaN,0.0,0.0,7.36,NaN,0.002000000000000135,2.0,39.0,NaN,0.4,2.0,80.5,NaN,-2.5833333333333335,2.0,NaN,NaN,NaN,24.0,25.0,NaN,0.0,8.0,NaN,NaN,NaN,24.0,NaN,NaN,NaN,24.0,108.0,NaN,0.0,1.0,1.2,NaN,0.0,8.0,NaN,NaN,NaN,24.0,227.0,NaN,33.0,1.0,1.6,NaN,-0.016666666666666646,2.0,3.2,NaN,0.0,3.0,NaN,NaN,NaN,24.0,4.6,NaN,0.09999999999999964,1.0,NaN,NaN,NaN,24.0,NaN,NaN,NaN,24.0,29.1,NaN,-0.19999999999999973,1.0,9.8,NaN,0.012500000000000178,1.0,29.0,NaN,-0.8499999999999996,3.0,29.0,NaN,1.2000000000000002,8.0,265.0,NaN,0.0,9.0,163.0,NaN,5.75,3.0,72.0,1.0,-1.0,-1.0,-185.72194444444443,10.0,0.0,0.0,0.0,1.0,2.0,0.0,0.0,0.0,0.0,0.0,0.0,1.0,1.0,1.0,0.0,0.0,2.0,6.0,6.0,0.0,NaN,NaN,NaN
