NaN,NaN,NaN,24.0,NaN,NaN,NaN,24.0,NaN,NaN,NaN,24.0,NaN,NaN,NaN,24.0,NaN,NaN,NaN,24.0,NaN,NaN,NaN,24.0,NaN,NaN,NaN,24.0,NaN,NaN,NaN,24.0,NaN,NaN,NaN,24.0,NaN,NaN,NaN,24.0,NaN,NaN,NaN,24.0,NaN,NaN,NaN,24.0,17.0,NaN,NaN,24.0,NaN,NaN,NaN,24.0,NaN,NaN,NaN,24.0,NaN,NaN,NaN,24.0,NaN,NaN,NaN,24.0,NaN,NaN,NaN,24.0,NaN,NaN,NaN,24.0,NaN,NaN,NaN,24.0,NaN,NaN,NaN,24.0,293.0,NaN,NaN,24.0,NaN,NaN,NaN,24.0,NaN,NaN,NaN,24.0,NaN,NaN,NaN,24.0,8.4,NaN,NaN,24.0,NaN,NaN,NaN,24.0,NaN,NaN,NaN,24.0,NaN,NaN,NaN,24.0,NaN,NaN,NaN,24.0,NaN,NaN,NaN,24.0,NaN,NaN,NaN,24.0,NaN,NaN,NaN,24.0,NaN,NaN,NaN,24.0,43.0,1.0,1.0,0.0,-3.066666666666667,1.0,0.0,0.0,0.0,0.0,0.0,0.0,0.0,0.0,0.0,0.0,1.0,0.0,1.0,1.0,0.0,0.0,3.0,10.0,10.0,10.0,NaN,NaN,NaN
101.5,NaN,0.0,0.0,99.8333333333333,NaN,0.0,0.0,35.0,NaN,0.0,0.0,122.2,NaN,0.0,0.0,73.0,NaN,0.0,0.0,57.2,NaN,0.0,0.0,21.8571428571429,NaN,0.0,0.0,NaN,NaN,NaN,24.0,NaN,NaN,NaN,0.0,5.0,NaN,0.0,0.0,0.5,NaN,0.0,0.0,6.895,NaN,0.0,0.0,27.0,NaN,10.0,0.0,NaN,NaN,NaN,24.0,119.0,NaN,0.0,0.0,118.0,NaN,0.0,0.0,82.0,NaN,0.0,0.0,9.5,NaN,0.0,0.0,93.0,NaN,0.0,0.0,12.7,NaN,0.0,0.0,NaN,NaN,NaN,24.0,350.0,NaN,57.0,0.0,12.5,NaN,0.0,0.0,2.2,NaN,0.0,0.0,15.0,NaN,0.0,0.0,8.8,NaN,0.40000000000000036,0.0,0.2,NaN,0.0,0.0,0.23,NaN,0.0,0.0,36.2,NaN,0.0,0.0,11.3,NaN,0.0,0.0,29.4,NaN,0.0,0.0,15.9,NaN,0.0,0.0,NaN,NaN,NaN,24.0,226.0,NaN,0.0,0.0,43.0,1.0,1.0,0.0,-3.066666666666667,2.0,1.0,1.0,1.0,1.0,2.0,0.0,0.0,0.0,1.0,4.0,1.0,0.0,1.0,1.0,0.0,0.0,3.0,10.0,10.0,10.0,NaN,NaN,NaN
101.4,NaN,-0.09999999999999432,0.0,95.4,NaN,-4.4333333333332945,0.0,35.0,NaN,0.0,1.0,123.25,NaN,1.0499999999999972,0.0,79.8,NaN,6.799999999999997,0.0,58.0,NaN,0.7999999999999972,0.0,17.0,NaN,-4.8571428571429,0.0,NaN,NaN,NaN,24.0,NaN,NaN,NaN,1.0,5.0,NaN,0.0,1.0,0.5,NaN,0.0,1.0,6.895,NaN,0.0,1.0,27.0,NaN,5.0,1.0,NaN,NaN,NaN,24.0,119.0,NaN,0.0,1.0,118.0,NaN,0.0,1.0,82.0,NaN,0.0,1.0,9.5,NaN,0.0,1.0,93.0,NaN,0.0,1.0,12.7,NaN,0.0,1.0,NaN,NaN,NaN,24.0,350.0,NaN,28.5,1.0,12.5,NaN,0.0,1.0,2.2,NaN,0.0,1.0,15.0,NaN,0.0,1.0,8.8,NaN,0.20000000000000018,1.0,0.2,NaN,0.0,1.0,0.23,NaN,0.0,1.0,36.2,NaN,0.0,1.0,11.3,NaN,0.0,1.0,29.4,NaN,0.0,1.0,15.9,NaN,0.0,1.0,NaN,NaN,NaN,24.0,226.0,NaN,0.0,1.0,43.0,1.0,1.0,0.0,-3.066666666666667,3.0,1.0,0.0,1.0,1.0,0.0,0.0,0.0,0.0,0.0,0.0,1.0,0.0,1.0,1.0,0.0,0.0,3.0,10.0,10.0,10.0,NaN,NaN,NaN
111.6,NaN,10.199999999999989,0.0,94.4,NaN,-1.0,0.0,35.0,NaN,0.0,2.0,120.0,NaN,-3.25,0.0,77.3,NaN,-2.5,0.0,59.0,NaN,1.0,0.0,18.2,NaN,1.1999999999999993,0.0,NaN,NaN,NaN,24.0,NaN,NaN,NaN,0.0,5.0,NaN,0.0,2.0,0.5,NaN,0.0,2.0,6.995,NaN,0.050000000000000266,0.0,32.5,NaN,2.75,0.0,NaN,NaN,NaN,24.0,119.0,NaN,0.0,2.0,118.0,NaN,0.0,2.0,82.0,NaN,0.0,2.0,9.5,NaN,0.0,2.0,93.0,NaN,0.0,2.0,12.7,NaN,0.0,2.0,NaN,NaN,NaN,24.0,350.0,NaN,19.0,2.0,8.5,NaN,-2.0,0.0,2.2,NaN,0.0,2.0,15.0,NaN,0.0,2.0,8.8,NaN,0.13333333333333344,2.0,0.2,NaN,0.0,2.0,0.23,NaN,0.0,2.0,36.2,NaN,0.0,2.0,11.3,NaN,0.0,2.0,29.4,NaN,0.0,2.0,15.9,NaN,0.0,2.0,NaN,NaN,NaN,24.0,226.0,NaN,0.0,2.0,43.0,1.0,1.0,0.0,-3.066666666666667,4.0,1.0,0.0,1.0,1.0,0.0,0.0,0.0,0.0,1.0,0.0,1.0,0.0,1.0,1.0,0.0,0.0,3.0,10.0,10.0,10.0,NaN,NaN,NaN
92.5,NaN,-19.099999999999994,0.0,94.25,NaN,-0.15000000000000568,0.0,35.0,NaN,0.0,3.0,90.3333333333333,NaN,-29.6666666666667,0.0,72.9,NaN,-4.3999999999999915,0.0,50.6666666666667,NaN,-8.3333333333333,0.0,23.75,NaN,5.550000000000001,0.0,NaN,NaN,NaN,24.0,-10.0,NaN,NaN,0.0,5.0,NaN,0.0,3.0,0.5,NaN,0.0,3.0,7.25,NaN,0.2549999999999999,0.0,35.0,NaN,2.5,0.0,93.0,NaN,0.0,0.0,119.0,NaN,0.0,3.0,118.0,NaN,0.0,3.0,82.0,NaN,0.0,3.0,9.5,NaN,0.0,3.0,93.0,NaN,0.0,3.0,12.7,NaN,0.0,3.0,NaN,NaN,NaN,24.0,350.0,NaN,14.25,3.0,5.4,NaN,-3.0999999999999996,0.0,2.2,NaN,0.0,3.0,15.0,NaN,0.0,3.0,5.2,NaN,-1.2000000000000002,0.0,0.2,NaN,0.0,3.0,0.23,NaN,0.0,3.0,36.2,NaN,0.0,3.0,11.3,NaN,0.0,3.0,29.4,NaN,0.0,3.0,15.9,NaN,0.0,3.0,NaN,NaN,NaN,24.0,226.0,NaN,0.0,3.0,43.0,1.0,1.0,0.0,-3.066666666666667,5.0,1.0,1.0,1.0,1.0,0.0,0.0,0.0,0.0,1.0,0.0,1.0,0.0,1.0,1.0,0.0,0.0,3.0,10.0,10.0,10.0,NaN,NaN,NaN
87.25,NaN,-5.25,0.0,94.75,NaN,0.5,0.0,35.0,NaN,0.0,4.0,101.5,NaN,11.1666666666667,0.0,66.125,NaN,-6.775000000000006,0.0,64.5,NaN,13.8333333333333,0.0,25.5,NaN,1.75,0.0,NaN,NaN,NaN,24.0,-6.0,NaN,4.0,0.0,5.0,NaN,0.0,4.0,0.5,NaN,0.0,0.0,7.34,NaN,0.08999999999999986,0.0,34.0,NaN,-1.0,0.0,93.0,NaN,0.0,1.0,119.0,NaN,0.0,4.0,118.0,NaN,0.0,4.0,82.0,NaN,0.0,4.0,9.5,NaN,0.0,4.0,93.0,NaN,0.0,4.0,12.7,NaN,0.0,4.0,NaN,NaN,NaN,24.0,350.0,NaN,11.4,4.0,4.1,NaN,-1.3000000000000007,0.0,2.2,NaN,0.0,4.0,15.0,NaN,0.0,4.0,4.0,NaN,-1.2000000000000002,0.0,0.2,NaN,0.0,4.0,0.23,NaN,0.0,4.0,36.2,NaN,0.0,4.0,11.3,NaN,0.0,4.0,29.4,NaN,0.0,4.0,15.9,NaN,0.0,4.0,NaN,NaN,NaN,24.0,226.0,NaN,0.0,4.0,43.0,1.0,1.0,0.0,-3.066666666666667,6.0,1.0,1.0,0.0,1.0,2.0,0.0,0.0,0.0,1.0,0.0,1.0,0.0,1.0,1.0,0.0,0.0,3.0,10.0,10.0,10.0,NaN,NaN,NaN
92.75,NaN,5.5,0.0,93.5,NaN,-1.25,0.0,35.0,NaN,0.0,5.0,108.0,NaN,6.5,0.0,69.75,NaN,3.625,0.0,63.5,NaN,-1.0,0.0,26.0,NaN,0.5,0.0,NaN,NaN,NaN,24.0,-3.0,NaN,3.0,0.0,5.0,NaN,0.0,5.0,0.5,NaN,0.0,1.0,7.36,NaN,0.020000000000000462,0.0,38.5,NaN,4.5,0.0,93.0,NaN,0.0,2.0,119.0,NaN,0.0,5.0,118.0,NaN,0.0,5.0,82.0,NaN,0.0,5.0,9.5,NaN,0.0,5.0,93.0,NaN,0.0,5.0,12.7,NaN,0.0,5.0,NaN,NaN,NaN,24.0,350.0,NaN,9.5,5.0,3.8,NaN,-0.2999999999999998,0.0,2.2,NaN,0.0,5.0,15.0,NaN,0.0,5.0,3.65,NaN,-0.3500000000000001,0.0,0.2,NaN,0.0,5.0,0.23,NaN,0.0,5.0,36.2,NaN,0.0,5.0,11.3,NaN,0.0,5.0,29.4,NaN,0.0,5.0,15.9,NaN,0.0,5.0,NaN,NaN,NaN,24.0,226.0,NaN,0.0,5.0,43.0,1.0,1.0,0.0,-3.066666666666667,7.0,1.0,1.0,1.0,1.0,0.0,0.0,0.0,0.0,1.0,0.0,1.0,1.0,1.0,1.0,0.0,0.0,3.0,10.0,10.0,10.0,NaN,NaN,NaN
93.0,NaN,0.25,0.0,94.0,NaN,0.5,0.0,35.0,NaN,0.0,6.0,108.0,NaN,3.25,1.0,74.0,NaN,4.25,0.0,63.5,NaN,-0.5,1.0,26.0,NaN,0.0,0.0,NaN,NaN,NaN,24.0,-3.0,NaN,1.5,1.0,22.0,NaN,2.8333333333333335,0.0,0.6,NaN,0.04999999999999999,0.0,7.36,NaN,0.010000000000000231,1.0,38.5,NaN,2.25,1.0,93.0,NaN,0.0,3.0,119.0,NaN,0.0,6.0,49.0,NaN,-11.5,0.0,82.0,NaN,0.0,6.0,7.5,NaN,-0.3333333333333333,0.0,98.0,NaN,0.8333333333333334,0.0,6.2,NaN,-1.0833333333333333,0.0,NaN,NaN,NaN,24.0,173.0,NaN,-29.5,0.0,3.8,NaN,-0.1499999999999999,1.0,1.4,NaN,-0.1333333333333334,0.0,4.9,NaN,-1.6833333333333333,0.0,3.7,NaN,0.050000000000000266,0.0,0.2,NaN,0.0,6.0,0.26,NaN,0.005,0.0,30.8,NaN,-0.9000000000000004,0.0,10.9,NaN,-0.06666666666666672,0.0,29.4,NaN,0.0,6.0,7.9,NaN,-1.3333333333333333,0.0,NaN,NaN,NaN,24.0,228.0,NaN,0.3333333333333333,0.0,43.0,1.0,1.0,0.0,-3.066666666666667,8.0,1.0,1.0,1.0,0.0,2.0,0.0,0.0,0.0,0.0,4.0,1.0,1.0,1.0,1.0,0.0,0.0,3.0,10.0,10.0,10.0,NaN,NaN,NaN
95.0,NaN,2.0,0.0,94.0,NaN,0.25,1.0,35.0,NaN,0.0,7.0,108.0,NaN,2.1666666666666665,2.0,75.0,NaN,1.0,0.0,63.5,NaN,-0.3333333333333333,2.0,26.0,NaN,0.0,0.0,NaN,NaN,NaN,24.0,-3.0,NaN,1.0,2.0,22.0,NaN,2.4285714285714284,1.0,0.6,NaN,0.033333333333333326,1.0,7.36,NaN,0.006666666666666821,2.0,38.5,NaN,1.5,2.0,93.0,NaN,0.0,4.0,119.0,NaN,0.0,7.0,49.0,NaN,-9.857142857142858,1.0,82.0,NaN,0.0,7.0,7.5,NaN,-0.2857142857142857,1.0,98.0,NaN,0.7142857142857143,1.0,6.2,NaN,-0.9285714285714285,1.0,NaN,NaN,NaN,24.0,173.0,NaN,-25.285714285714285,1.0,3.8,NaN,-0.09999999999999994,2.0,1.4,NaN,-0.11428571428571432,1.0,4.9,NaN,-1.4428571428571428,1.0,3.7,NaN,0.025000000000000133,1.0,0.2,NaN,0.0,7.0,0.26,NaN,0.004285714285714286,1.0,30.8,NaN,-0.7714285714285717,1.0,10.9,NaN,-0.0571428571428572,1.0,29.4,NaN,0.0,7.0,7.9,NaN,-1.1428571428571428,1.0,NaN,NaN,NaN,24.0,228.0,NaN,0.2857142857142857,1.0,43.0,1.0,1.0,0.0,-3.066666666666667,9.0,1.0,1.0,1.0,0.0,0.0,0.0,0.0,0.0,0.0,0.0,1.0,1.0,1.0,1.0,0.0,0.0,3.0,10.0,10.0,10.0,NaN,NaN,NaN
91.0,NaN,-4.0,0.0,100.0,NaN,3.0,0.0,35.0,NaN,0.0,8.0,105.0,NaN,-1.0,0.0,69.5,NaN,-5.5,0.0,56.0,NaN,-2.5,0.0,29.0,NaN,3.0,0.0,NaN,NaN,NaN,24.0,-3.0,NaN,0.75,3.0,22.0,NaN,2.125,2.0,0.6,NaN,0.024999999999999994,2.0,7.36,NaN,0.0050000000000001155,3.0,38.5,NaN,1.125,3.0,93.0,NaN,0.0,5.0,119.0,NaN,0.0,8.0,49.0,NaN,-8.625,2.0,82.0,NaN,0.0,8.0,7.5,NaN,-0.25,2.0,98.0,NaN,0.625,2.0,6.2,NaN,-0.8124999999999999,2.0,NaN,NaN,NaN,24.0,173.0,NaN,-22.125,2.0,3.8,NaN,-0.07499999999999996,3.0,1.4,NaN,-0.10000000000000003,2.0,4.9,NaN,-1.2625,2.0,3.7,NaN,0.016666666666666757,2.0,0.2,NaN,0.0,8.0,0.26,NaN,0.00375,2.0,30.8,NaN,-0.6750000000000003,2.0,10.9,NaN,-0.050000000000000044,2.0,29.4,NaN,0.0,8.0,7.9,NaN,-1.0,2.0,NaN,NaN,NaN,24.0,228.0,NaN,0.25,2.0,43.0,1.0,1.0,0.0,-3.066666666666667,10.0,1.0,1.0,1.0,0.0,0.0,0.0,0.0,0.0,0.0,0.0,1.0,1.0,1.0,1.0,0.0,0.0,3.0,10.0,10.0,10.0,NaN,NaN,NaN
89.0,NaN,-2.0,0.0,98.0,NaN,-2.0,0.0,35.0,NaN,0.0,9.0,111.0,NaN,6.0,0.0,79.0,NaN,9.5,0.0,64.0,NaN,8.0,0.0,26.0,NaN,-3.0,0.0,NaN,NaN,NaN,24.0,-3.0,NaN,0.6,4.0,22.0,NaN,1.8888888888888888,3.0,0.6,NaN,0.019999999999999997,3.0,7.36,NaN,0.004000000000000092,4.0,38.5,NaN,0.9,4.0,93.0,NaN,0.0,6.0,119.0,NaN,0.0,9.0,49.0,NaN,-7.666666666666667,3.0,82.0,NaN,0.0,9.0,7.5,NaN,-0.2222222222222222,3.0,98.0,NaN,0.5555555555555556,3.0,6.2,NaN,-0.7222222222222221,3.0,NaN,NaN,NaN,24.0,173.0,NaN,-19.666666666666668,3.0,3.8,NaN,-0.05999999999999996,4.0,1.4,NaN,-0.08888888888888892,3.0,4.9,NaN,-1.1222222222222222,3.0,3.7,NaN,0.012500000000000067,3.0,0.2,NaN,0.0,9.0,0.26,NaN,0.003333333333333333,3.0,30.8,NaN,-0.6000000000000002,3.0,10.9,NaN,-0.04444444444444448,3.0,29.4,NaN,0.0,9.0,7.9,NaN,-0.8888888888888888,3.0,NaN,NaN,NaN,24.0,228.0,NaN,0.2222222222222222,3.0,43.0,1.0,1.0,0.0,-3.066666666666667,11.0,1.0,1.0,0.0,0.0,0.0,0.0,0.0,0.0,0.0,0.0,1.0,1.0,1.0,1.0,0.0,0.0,3.0,10.0,10.0,10.0,NaN,NaN,NaN
88.0,NaN,-1.0,0.0,100.0,NaN,2.0,0.0,35.0,NaN,0.0,10.0,109.0,NaN,-2.0,0.0,72.5,NaN,-6.5,0.0,60.0,NaN,-4.0,0.0,26.0,NaN,0.0,0.0,NaN,NaN,NaN,24.0,1.0,NaN,0.8,0.0,20.0,NaN,-0.5,0.0,0.6,NaN,0.016666666666666663,4.0,7.44,NaN,0.016000000000000014,0.0,36.0,NaN,-0.5,0.0,93.0,NaN,0.0,7.0,119.0,NaN,0.0,10.0,52.0,NaN,0.75,0.0,82.0,NaN,0.0,10.0,7.4,NaN,-0.02499999999999991,0.0,99.0,NaN,0.25,0.0,7.1,NaN,0.22499999999999987,0.0,NaN,NaN,NaN,24.0,52.0,NaN,-30.25,0.0,3.6,NaN,-0.039999999999999945,0.0,1.3,NaN,-0.024999999999999967,0.0,4.1,NaN,-0.20000000000000018,0.0,3.75,NaN,0.012499999999999956,0.0,0.2,NaN,0.0,10.0,0.26,NaN,0.003,4.0,30.5,NaN,-0.07500000000000018,0.0,10.9,NaN,-0.040000000000000036,4.0,29.4,NaN,0.0,10.0,7.9,NaN,-0.8,4.0,NaN,NaN,NaN,24.0,228.0,NaN,0.2,4.0,43.0,1.0,1.0,0.0,-3.066666666666667,12.0,1.0,1.0,0.0,0.0,0.0,0.0,0.0,0.0,1.0,4.0,1.0,1.0,1.0,1.0,0.0,0.0,3.0,10.0,10.0,10.0,NaN,NaN,NaN
96.0,NaN,8.0,0.0,97.0,NaN,-3.0,0.0,35.0,NaN,0.0,11.0,102.0,NaN,-7.0,0.0,64.0,NaN,-8.5,0.0,52.0,NaN,-8.0,0.0,14.0,NaN,-12.0,0.0,NaN,NaN,NaN,24.0,-2.0,NaN,-3.0,0.0,20.0,NaN,-0.4,1.0,0.5,NaN,-0.019999999999999997,0.0,7.3,NaN,-0.14000000000000057,0.0,48.0,NaN,12.0,0.0,96.0,NaN,0.375,0.0,119.0,NaN,0.0,11.0,52.0,NaN,0.6,1.0,82.0,NaN,0.0,11.0,7.4,NaN,-0.019999999999999928,1.0,99.0,NaN,0.2,1.0,7.1,NaN,0.17999999999999988,1.0,NaN,NaN,NaN,24.0,52.0,NaN,-24.2,1.0,3.1,NaN,-0.5,0.0,1.3,NaN,-0.019999999999999973,1.0,4.1,NaN,-0.16000000000000014,1.0,3.75,NaN,0.009999999999999964,1.0,0.2,NaN,0.0,11.0,0.26,NaN,0.002727272727272727,5.0,30.5,NaN,-0.060000000000000143,1.0,10.9,NaN,-0.0363636363636364,5.0,29.4,NaN,0.0,11.0,7.9,NaN,-0.7272727272727273,5.0,NaN,NaN,NaN,24.0,228.0,NaN,0.18181818181818182,5.0,43.0,1.0,1.0,0.0,-3.066666666666667,13.0,1.0,0.0,1.0,0.0,2.0,0.0,0.0,1.0,1.0,0.0,1.0,1.0,1.0,1.0,0.0,0.0,3.0,10.0,10.0,10.0,NaN,NaN,NaN
96.0,NaN,0.0,0.0,100.0,NaN,3.0,0.0,35.0,NaN,0.0,12.0,102.0,NaN,-3.5,1.0,81.0,NaN,17.0,0.0,52.0,NaN,-4.0,1.0,14.0,NaN,-6.0,1.0,NaN,NaN,NaN,24.0,-2.0,NaN,-1.5,1.0,20.0,NaN,-0.3333333333333333,2.0,0.5,NaN,-0.016666666666666663,1.0,7.3,NaN,-0.07000000000000028,1.0,48.0,NaN,6.0,1.0,96.0,NaN,0.3333333333333333,1.0,119.0,NaN,0.0,12.0,52.0,NaN,0.5,2.0,82.0,NaN,0.0,12.0,7.4,NaN,-0.016666666666666607,2.0,99.0,NaN,0.16666666666666666,2.0,7.1,NaN,0.1499999999999999,2.0,NaN,NaN,NaN,24.0,52.0,NaN,-20.166666666666668,2.0,3.1,NaN,-0.25,1.0,1.3,NaN,-0.016666666666666646,2.0,4.1,NaN,-0.13333333333333344,2.0,3.75,NaN,0.008333333333333304,2.0,0.2,NaN,0.0,12.0,0.26,NaN,0.0025,6.0,30.5,NaN,-0.05000000000000012,2.0,10.9,NaN,-0.03333333333333336,6.0,29.4,NaN,0.0,12.0,7.9,NaN,-0.6666666666666666,6.0,NaN,NaN,NaN,24.0,228.0,NaN,0.16666666666666666,6.0,43.0,1.0,1.0,0.0,-3.066666666666667,14.0,1.0,0.0,1.0,0.0,0.0,0.0,0.0,0.0,0.0,0.0,1.0,1.0,1.0,1.0,0.0,0.0,3.0,10.0,10.0,10.0,NaN,NaN,NaN
