73.0,NaN,NaN,24.0,95.0,NaN,NaN,24.0,36.89,NaN,NaN,24.0,142.0,NaN,NaN,24.0,76.0,NaN,NaN,24.0,55.0,NaN,NaN,24.0,17.0,NaN,NaN,24.0,NaN,NaN,NaN,24.0,NaN,NaN,NaN,24.0,NaN,NaN,NaN,24.0,NaN,NaN,NaN,24.0,NaN,NaN,NaN,24.0,NaN,NaN,NaN,24.0,NaN,NaN,NaN,24.0,NaN,NaN,NaN,24.0,NaN,NaN,NaN,24.0,NaN,NaN,NaN,24.0,NaN,NaN,NaN,24.0,NaN,NaN,NaN,24.0,NaN,NaN,NaN,24.0,NaN,NaN,NaN,24.0,NaN,NaN,NaN,24.0,NaN,NaN,NaN,24.0,NaN,NaN,NaN,24.0,NaN,NaN,NaN,24.0,NaN,NaN,NaN,24.0,0.2,NaN,NaN,24.0,NaN,NaN,NaN,24.0,NaN,NaN,NaN,24.0,NaN,NaN,NaN,24.0,NaN,NaN,NaN,24.0,NaN,NaN,NaN,24.0,NaN,NaN,NaN,24.0,NaN,NaN,NaN,24.0,73.0,0.0,1.0,0.0,-4.533333333333333,1.0,0.0,0.0,0.0,0.0,0.0,0.0,0.0,0.0,0.0,0.0,1.0,0.0,0.0,NaN,0.0,0.0,NaN,NaN,NaN,NaN,NaN,NaN,NaN
68.5,NaN,-4.5,0.0,100.0,NaN,5.0,0.0,36.89,NaN,0.0,1.0,157.0,NaN,15.0,0.0,103.0,NaN,27.0,0.0,82.0,NaN,27.0,0.0,14.5,NaN,-2.5,0.0,NaN,NaN,NaN,24.0,NaN,NaN,NaN,24.0,NaN,NaN,NaN,24.0,NaN,NaN,NaN,24.0,NaN,NaN,NaN,24.0,NaN,NaN,NaN,24.0,NaN,NaN,NaN,24.0,NaN,NaN,NaN,24.0,NaN,NaN,NaN,24.0,NaN,NaN,NaN,24.0,NaN,NaN,NaN,24.0,NaN,NaN,NaN,24.0,NaN,NaN,NaN,24.0,NaN,NaN,NaN,24.0,NaN,NaN,NaN,24.0,NaN,NaN,NaN,24.0,NaN,NaN,NaN,24.0,NaN,NaN,NaN,24.0,NaN,NaN,NaN,24.0,0.2,NaN,0.0,1.0,NaN,NaN,NaN,24.0,NaN,NaN,NaN,24.0,NaN,NaN,NaN,24.0,NaN,NaN,NaN,24.0,NaN,NaN,NaN,24.0,NaN,NaN,NaN,24.0,NaN,NaN,NaN,24.0,73.0,0.0,1.0,0.0,-4.533333333333333,2.0,0.0,0.0,0.0,0.0,0.0,0.0,0.0,0.0,0.0,0.0,1.0,0.0,0.0,NaN,0.0,0.0,NaN,NaN,NaN,NaN,NaN,NaN,NaN
67.0,NaN,-1.5,0.0,99.0,NaN,-1.0,0.0,36.89,NaN,0.0,0.0,126.0,NaN,-31.0,0.0,81.0,NaN,-22.0,0.0,64.0,NaN,-18.0,0.0,20.0,NaN,5.5,0.0,NaN,NaN,NaN,24.0,NaN,NaN,NaN,24.0,NaN,NaN,NaN,24.0,NaN,NaN,NaN,24.0,NaN,NaN,NaN,24.0,NaN,NaN,NaN,24.0,NaN,NaN,NaN,24.0,NaN,NaN,NaN,24.0,NaN,NaN,NaN,24.0,NaN,NaN,NaN,24.0,NaN,NaN,NaN,24.0,NaN,NaN,NaN,24.0,NaN,NaN,NaN,24.0,NaN,NaN,NaN,24.0,NaN,NaN,NaN,24.0,NaN,NaN,NaN,24.0,NaN,NaN,NaN,24.0,NaN,NaN,NaN,24.0,NaN,NaN,NaN,24.0,0.2,NaN,0.0,2.0,NaN,NaN,NaN,24.0,NaN,NaN,NaN,24.0,NaN,NaN,NaN,24.0,NaN,NaN,NaN,24.0,NaN,NaN,NaN,24.0,NaN,NaN,NaN,24.0,NaN,NaN,NaN,24.0,73.0,0.0,1.0,0.0,-4.533333333333333,3.0,0.0,0.0,0.0,0.0,0.0,0.0,0.0,0.0,0.0,0.0,1.0,0.0,0.0,NaN,0.0,0.0,NaN,NaN,NaN,NaN,NaN,NaN,NaN
65.0,NaN,-2.0,0.0,98.0,NaN,-1.0,0.0,36.78,NaN,-0.10999999999999943,0.0,144.0,NaN,18.0,0.0,83.0,NaN,2.0,0.0,60.0,NaN,-4.0,0.0,22.0,NaN,2.0,0.0,NaN,NaN,NaN,24.0,NaN,NaN,NaN,24.0,NaN,NaN,NaN,24.0,NaN,NaN,NaN,24.0,NaN,NaN,NaN,24.0,NaN,NaN,NaN,24.0,NaN,NaN,NaN,24.0,NaN,NaN,NaN,24.0,NaN,NaN,NaN,24.0,NaN,NaN,NaN,24.0,NaN,NaN,NaN,24.0,NaN,NaN,NaN,24.0,NaN,NaN,NaN,24.0,NaN,NaN,NaN,24.0,NaN,NaN,NaN,24.0,NaN,NaN,NaN,24.0,NaN,NaN,NaN,24.0,NaN,NaN,NaN,24.0,NaN,NaN,NaN,24.0,0.2,NaN,0.0,3.0,NaN,NaN,NaN,24.0,NaN,NaN,NaN,24.0,NaN,NaN,NaN,24.0,NaN,NaN,NaN,24.0,NaN,NaN,NaN,24.0,NaN,NaN,NaN,24.0,NaN,NaN,NaN,24.0,73.0,0.0,1.0,0.0,-4.533333333333333,4.0,0.0,1.0,0.0,0.0,0.0,0.0,0.0,0.0,0.0,0.0,1.0,0.0,0.0,NaN,0.0,0.0,NaN,NaN,NaN,NaN,NaN,NaN,NaN
71.0,NaN,6.0,0.0,100.0,NaN,2.0,0.0,36.78,NaN,0.0,0.0,152.0,NaN,8.0,0.0,98.0,NaN,15.0,0.0,81.0,NaN,21.0,0.0,20.0,NaN,-2.0,0.0,NaN,NaN,NaN,24.0,NaN,NaN,NaN,24.0,NaN,NaN,NaN,24.0,NaN,NaN,NaN,24.0,NaN,NaN,NaN,24.0,NaN,NaN,NaN,24.0,NaN,NaN,NaN,24.0,NaN,NaN,NaN,24.0,NaN,NaN,NaN,24.0,NaN,NaN,NaN,24.0,NaN,NaN,NaN,24.0,NaN,NaN,NaN,24.0,NaN,NaN,NaN,24.0,NaN,NaN,NaN,24.0,NaN,NaN,NaN,24.0,NaN,NaN,NaN,24.0,NaN,NaN,NaN,24.0,NaN,NaN,NaN,24.0,NaN,NaN,NaN,24.0,0.2,NaN,0.0,4.0,NaN,NaN,NaN,24.0,NaN,NaN,NaN,24.0,NaN,NaN,NaN,24.0,NaN,NaN,NaN,24.0,NaN,NaN,NaN,24.0,NaN,NaN,NaN,24.0,NaN,NaN,NaN,24.0,73.0,0.0,1.0,0.0,-4.533333333333333,5.0,0.0,0.0,0.0,0.0,0.0,0.0,0.0,0.0,0.0,0.0,1.0,0.0,0.0,NaN,0.0,0.0,NaN,NaN,NaN,NaN,NaN,NaN,NaN
62.0,NaN,-9.0,0.0,100.0,NaN,0.0,0.0,36.94,NaN,0.1599999999999966,0.0,154.0,NaN,2.0,0.0,90.0,NaN,-8.0,0.0,67.0,NaN,-14.0,0.0,16.0,NaN,-4.0,0.0,NaN,NaN,NaN,24.0,NaN,NaN,NaN,24.0,NaN,NaN,NaN,24.0,NaN,NaN,NaN,24.0,NaN,NaN,NaN,24.0,NaN,NaN,NaN,24.0,NaN,NaN,NaN,24.0,NaN,NaN,NaN,24.0,NaN,NaN,NaN,24.0,NaN,NaN,NaN,24.0,NaN,NaN,NaN,24.0,NaN,NaN,NaN,24.0,NaN,NaN,NaN,24.0,NaN,NaN,NaN,24.0,NaN,NaN,NaN,24.0,NaN,NaN,NaN,24.0,NaN,NaN,NaN,24.0,NaN,NaN,NaN,24.0,NaN,NaN,NaN,24.0,0.2,NaN,0.0,5.0,NaN,NaN,NaN,24.0,NaN,NaN,NaN,24.0,NaN,NaN,NaN,24.0,NaN,NaN,NaN,24.0,NaN,NaN,NaN,24.0,NaN,NaN,NaN,24.0,NaN,NaN,NaN,24.0,73.0,0.0,1.0,0.0,-4.533333333333333,6.0,0.0,0.0,0.0,0.0,0.0,0.0,0.0,0.0,0.0,0.0,1.0,0.0,0.0,NaN,0.0,0.0,NaN,NaN,NaN,NaN,NaN,NaN,NaN
61.0,NaN,-1.0,0.0,98.0,NaN,-2.0,0.0,36.94,NaN,0.0799999999999983,1.0,125.0,NaN,-29.0,0.0,77.0,NaN,-13.0,0.0,70.0,NaN,3.0,0.0,13.0,NaN,-3.0,0.0,NaN,NaN,NaN,24.0,NaN,NaN,NaN,24.0,NaN,NaN,NaN,24.0,NaN,NaN,NaN,24.0,NaN,NaN,NaN,24.0,NaN,NaN,NaN,24.0,NaN,NaN,NaN,24.0,NaN,NaN,NaN,24.0,NaN,NaN,NaN,24.0,NaN,NaN,NaN,24.0,NaN,NaN,NaN,24.0,NaN,NaN,NaN,24.0,NaN,NaN,NaN,24.0,NaN,NaN,NaN,24.0,NaN,NaN,NaN,24.0,NaN,NaN,NaN,24.0,NaN,NaN,NaN,24.0,NaN,NaN,NaN,24.0,NaN,NaN,NaN,24.0,0.2,NaN,0.0,6.0,NaN,NaN,NaN,24.0,NaN,NaN,NaN,24.0,NaN,NaN,NaN,24.0,NaN,NaN,NaN,24.0,NaN,NaN,NaN,24.0,NaN,NaN,NaN,24.0,NaN,NaN,NaN,24.0,73.0,0.0,1.0,0.0,-4.533333333333333,7.0,0.0,0.0,0.0,0.0,0.0,0.0,0.0,0.0,0.0,0.0,1.0,0.0,0.0,NaN,0.0,0.0,NaN,NaN,NaN,NaN,NaN,NaN,NaN
66.0,NaN,5.0,0.0,99.0,NaN,1.0,0.0,36.94,NaN,0.0533333333333322,2.0,144.0,NaN,19.0,0.0,82.0,NaN,5.0,0.0,61.0,NaN,-9.0,0.0,13.0,NaN,0.0,0.0,NaN,NaN,NaN,24.0,NaN,NaN,NaN,24.0,NaN,NaN,NaN,24.0,NaN,NaN,NaN,24.0,NaN,NaN,NaN,24.0,NaN,NaN,NaN,24.0,NaN,NaN,NaN,24.0,NaN,NaN,NaN,24.0,NaN,NaN,NaN,24.0,NaN,NaN,NaN,24.0,NaN,NaN,NaN,24.0,NaN,NaN,NaN,24.0,NaN,NaN,NaN,24.0,NaN,NaN,NaN,24.0,NaN,NaN,NaN,24.0,NaN,NaN,NaN,24.0,NaN,NaN,NaN,24.0,NaN,NaN,NaN,24.0,NaN,NaN,NaN,24.0,0.2,NaN,0.0,7.0,NaN,NaN,NaN,24.0,NaN,NaN,NaN,24.0,NaN,NaN,NaN,24.0,NaN,NaN,NaN,24.0,NaN,NaN,NaN,24.0,NaN,NaN,NaN,24.0,NaN,NaN,NaN,24.0,73.0,0.0,1.0,0.0,-4.533333333333333,8.0,0.0,0.0,0.0,0.0,0.0,0.0,0.0,0.0,0.0,0.0,1.0,0.0,0.0,NaN,0.0,0.0,NaN,NaN,NaN,NaN,NaN,NaN,NaN
66.0,NaN,0.0,0.0,95.0,NaN,-4.0,0.0,36.94,NaN,0.03999999999999915,3.0,155.0,NaN,11.0,0.0,113.0,NaN,31.0,0.0,98.0,NaN,37.0,0.0,20.0,NaN,7.0,0.0,NaN,NaN,NaN,24.0,NaN,NaN,NaN,24.0,27.0,NaN,0.0,0.0,NaN,NaN,NaN,24.0,NaN,NaN,NaN,24.0,NaN,NaN,NaN,24.0,NaN,NaN,NaN,24.0,NaN,NaN,NaN,24.0,37.0,NaN,0.0,0.0,NaN,NaN,NaN,24.0,8.6,NaN,0.0,0.0,108.0,NaN,0.0,0.0,2.8,NaN,0.0,0.0,NaN,NaN,NaN,24.0,88.0,NaN,0.0,0.0,NaN,NaN,NaN,24.0,1.7,NaN,0.0,0.0,4.5,NaN,0.0,0.0,4.6,NaN,0.0,0.0,0.2,NaN,0.0,8.0,NaN,NaN,NaN,24.0,23.6,NaN,0.0,0.0,7.6,NaN,0.0,0.0,NaN,NaN,NaN,24.0,4.1,NaN,0.0,0.0,NaN,NaN,NaN,24.0,155.0,NaN,0.0,0.0,73.0,0.0,1.0,0.0,-4.533333333333333,9.0,0.0,0.0,0.0,0.0,0.0,0.0,0.0,0.0,0.0,2.0,1.0,0.0,0.0,NaN,0.0,0.0,NaN,NaN,NaN,NaN,NaN,NaN,NaN
72.0,NaN,6.0,0.0,98.0,NaN,3.0,0.0,36.89,NaN,-0.01249999999999929,0.0,140.0,NaN,-15.0,0.0,77.0,NaN,-36.0,0.0,56.0,NaN,-42.0,0.0,16.0,NaN,-4.0,0.0,NaN,NaN,NaN,24.0,NaN,NaN,NaN,24.0,27.0,NaN,0.0,1.0,NaN,NaN,NaN,24.0,NaN,NaN,NaN,24.0,NaN,NaN,NaN,24.0,NaN,NaN,NaN,24.0,NaN,NaN,NaN,24.0,37.0,NaN,0.0,1.0,NaN,NaN,NaN,24.0,8.6,NaN,0.0,1.0,108.0,NaN,0.0,1.0,2.8,NaN,0.0,1.0,NaN,NaN,NaN,24.0,88.0,NaN,0.0,1.0,NaN,NaN,NaN,24.0,1.7,NaN,0.0,1.0,4.5,NaN,0.0,1.0,4.6,NaN,0.0,1.0,0.2,NaN,0.0,9.0,NaN,NaN,NaN,24.0,23.6,NaN,0.0,1.0,7.6,NaN,0.0,1.0,NaN,NaN,NaN,24.0,4.1,NaN,0.0,1.0,NaN,NaN,NaN,24.0,155.0,NaN,0.0,1.0,73.0,0.0,1.0,0.0,-4.533333333333333,10.0,0.0,0.0,0.0,0.0,0.0,0.0,0.0,0.0,0.0,0.0,1.0,0.0,0.0,NaN,0.0,0.0,NaN,NaN,NaN,NaN,NaN,NaN,NaN
58.0,NaN,-14.0,0.0,99.0,NaN,1.0,0.0,36.89,NaN,-0.009999999999999431,1.0,125.0,NaN,-15.0,0.0,73.0,NaN,-4.0,0.0,54.0,NaN,-2.0,0.0,4.0,NaN,-12.0,0.0,NaN,NaN,NaN,24.0,NaN,NaN,NaN,24.0,27.0,NaN,0.0,2.0,NaN,NaN,NaN,24.0,NaN,NaN,NaN,24.0,NaN,NaN,NaN,24.0,NaN,NaN,NaN,24.0,NaN,NaN,NaN,24.0,37.0,NaN,0.0,2.0,NaN,NaN,NaN,24.0,8.6,NaN,0.0,2.0,108.0,NaN,0.0,2.0,2.8,NaN,0.0,2.0,NaN,NaN,NaN,24.0,88.0,NaN,0.0,2.0,NaN,NaN,NaN,24.0,1.7,NaN,0.0,2.0,4.5,NaN,0.0,2.0,4.6,NaN,0.0,2.0,0.2,NaN,0.0,10.0,NaN,NaN,NaN,24.0,23.6,NaN,0.0,2.0,7.6,NaN,0.0,2.0,NaN,NaN,NaN,24.0,4.1,NaN,0.0,2.0,NaN,NaN,NaN,24.0,155.0,NaN,0.0,2.0,73.0,0.0,1.0,0.0,-4.533333333333333,11.0,0.0,0.0,0.0,0.0,0.0,0.0,0.0,0.0,0.0,0.0,1.0,0.0,0.0,NaN,0.0,0.0,NaN,NaN,NaN,NaN,NaN,NaN,NaN
62.0,NaN,4.0,0.0,99.0,NaN,0.0,0.0,36.89,NaN,-0.00833333333333286,2.0,154.0,NaN,29.0,0.0,98.0,NaN,25.0,0.0,80.0,NaN,26.0,0.0,13.0,NaN,9.0,0.0,NaN,NaN,NaN,24.0,NaN,NaN,NaN,24.0,27.0,NaN,0.0,3.0,NaN,NaN,NaN,24.0,NaN,NaN,NaN,24.0,NaN,NaN,NaN,24.0,NaN,NaN,NaN,24.0,NaN,NaN,NaN,24.0,37.0,NaN,0.0,3.0,NaN,NaN,NaN,24.0,8.6,NaN,0.0,3.0,108.0,NaN,0.0,3.0,2.8,NaN,0.0,3.0,NaN,NaN,NaN,24.0,88.0,NaN,0.0,3.0,NaN,NaN,NaN,24.0,1.7,NaN,0.0,3.0,4.5,NaN,0.0,3.0,4.6,NaN,0.0,3.0,0.2,NaN,0.0,11.0,NaN,NaN,NaN,24.0,23.6,NaN,0.0,3.0,7.6,NaN,0.0,3.0,NaN,NaN,NaN,24.0,4.1,NaN,0.0,3.0,NaN,NaN,NaN,24.0,155.0,NaN,0.0,3.0,73.0,0.0,1.0,0.0,-4.533333333333333,12.0,0.0,0.0,0.0,0.0,0.0,0.0,0.0,0.0,0.0,0.0,1.0,0.0,0.0,NaN,0.0,0.0,NaN,NaN,NaN,NaN,NaN,NaN,NaN
64.0,NaN,2.0,0.0,94.0,NaN,-5.0,0.0,36.89,NaN,-0.007142857142856737,3.0,147.0,NaN,-7.0,0.0,99.0,NaN,1.0,0.0,83.0,NaN,3.0,0.0,12.0,NaN,-1.0,0.0,NaN,NaN,NaN,24.0,NaN,NaN,NaN,24.0,27.0,NaN,0.0,4.0,NaN,NaN,NaN,24.0,NaN,NaN,NaN,24.0,NaN,NaN,NaN,24.0,NaN,NaN,NaN,24.0,NaN,NaN,NaN,24.0,37.0,NaN,0.0,4.0,NaN,NaN,NaN,24.0,8.6,NaN,0.0,4.0,108.0,NaN,0.0,4.0,2.8,NaN,0.0,4.0,NaN,NaN,NaN,24.0,88.0,NaN,0.0,4.0,NaN,NaN,NaN,24.0,1.7,NaN,0.0,4.0,4.5,NaN,0.0,4.0,4.6,NaN,0.0,4.0,0.2,NaN,0.0,12.0,NaN,NaN,NaN,24.0,23.6,NaN,0.0,4.0,7.6,NaN,0.0,4.0,NaN,NaN,NaN,24.0,4.1,NaN,0.0,4.0,NaN,NaN,NaN,24.0,155.0,NaN,0.0,4.0,73.0,0.0,1.0,0.0,-4.533333333333333,13.0,0.0,0.0,0.0,0.0,0.0,0.0,0.0,0.0,0.0,0.0,1.0,0.0,0.0,NaN,0.0,0.0,NaN,NaN,NaN,NaN,NaN,NaN,NaN
64.0,NaN,0.0,0.0,98.0,NaN,4.0,0.0,36.61,NaN,-0.07000000000000028,0.0,138.0,NaN,-9.0,0.0,93.0,NaN,-6.0,0.0,79.0,NaN,-4.0,0.0,13.0,NaN,1.0,0.0,NaN,NaN,NaN,24.0,NaN,NaN,NaN,24.0,27.0,NaN,0.0,5.0,NaN,NaN,NaN,24.0,NaN,NaN,NaN,24.0,NaN,NaN,NaN,24.0,NaN,NaN,NaN,24.0,NaN,NaN,NaN,24.0,37.0,NaN,0.0,5.0,NaN,NaN,NaN,24.0,8.6,NaN,0.0,5.0,108.0,NaN,0.0,5.0,2.8,NaN,0.0,5.0,NaN,NaN,NaN,24.0,88.0,NaN,0.0,5.0,NaN,NaN,NaN,24.0,1.7,NaN,0.0,5.0,4.5,NaN,0.0,5.0,4.6,NaN,0.0,5.0,0.2,NaN,0.0,13.0,NaN,NaN,NaN,24.0,23.6,NaN,0.0,5.0,7.6,NaN,0.0,5.0,NaN,NaN,NaN,24.0,4.1,NaN,0.0,5.0,NaN,NaN,NaN,24.0,155.0,NaN,0.0,5.0,73.0,0.0,1.0,0.0,-4.533333333333333,14.0,0.0,0.0,0.0,0.0,0.0,0.0,0.0,0.0,0.0,0.0,1.0,0.0,0.0,NaN,0.0,0.0,NaN,NaN,NaN,NaN,NaN,NaN,NaN
63.0,NaN,-1.0,0.0,100.0,NaN,2.0,0.0,36.61,NaN,-0.05600000000000023,1.0,146.0,NaN,8.0,0.0,109.0,NaN,16.0,0.0,95.0,NaN,16.0,0.0,15.0,NaN,2.0,0.0,NaN,NaN,NaN,24.0,NaN,NaN,NaN,24.0,27.0,NaN,0.0,6.0,NaN,NaN,NaN,24.0,NaN,NaN,NaN,24.0,NaN,NaN,NaN,24.0,NaN,NaN,NaN,24.0,NaN,NaN,NaN,24.0,37.0,NaN,0.0,6.0,NaN,NaN,NaN,24.0,8.6,NaN,0.0,6.0,108.0,NaN,0.0,6.0,2.8,NaN,0.0,6.0,NaN,NaN,NaN,24.0,88.0,NaN,0.0,6.0,NaN,NaN,NaN,24.0,1.7,NaN,0.0,6.0,4.5,NaN,0.0,6.0,4.6,NaN,0.0,6.0,0.2,NaN,0.0,14.0,NaN,NaN,NaN,24.0,23.6,NaN,0.0,6.0,7.6,NaN,0.0,6.0,NaN,NaN,NaN,24.0,4.1,NaN,0.0,6.0,NaN,NaN,NaN,24.0,155.0,NaN,0.0,6.0,73.0,0.0,1.0,0.0,-4.533333333333333,15.0,0.0,0.0,0.0,0.0,0.0,0.0,0.0,0.0,0.0,0.0,1.0,0.0,0.0,NaN,0.0,0.0,NaN,NaN,NaN,NaN,NaN,NaN,NaN
57.0,NaN,-6.0,0.0,98.0,NaN,-2.0,0.0,36.61,NaN,-0.046666666666666856,2.0,156.0,NaN,10.0,0.0,91.0,NaN,-18.0,0.0,71.0,NaN,-24.0,0.0,10.0,NaN,-5.0,0.0,NaN,NaN,NaN,24.0,NaN,NaN,NaN,24.0,27.0,NaN,0.0,7.0,NaN,NaN,NaN,24.0,NaN,NaN,NaN,24.0,NaN,NaN,NaN,24.0,NaN,NaN,NaN,24.0,NaN,NaN,NaN,24.0,37.0,NaN,0.0,7.0,NaN,NaN,NaN,24.0,8.6,NaN,0.0,7.0,108.0,NaN,0.0,7.0,2.8,NaN,0.0,7.0,NaN,NaN,NaN,24.0,88.0,NaN,0.0,7.0,NaN,NaN,NaN,24.0,1.7,NaN,0.0,7.0,4.5,NaN,0.0,7.0,4.6,NaN,0.0,7.0,0.2,NaN,0.0,15.0,NaN,NaN,NaN,24.0,23.6,NaN,0.0,7.0,7.6,NaN,0.0,7.0,NaN,NaN,NaN,24.0,4.1,NaN,0.0,7.0,NaN,NaN,NaN,24.0,155.0,NaN,0.0,7.0,73.0,0.0,1.0,0.0,-4.533333333333333,16.0,0.0,0.0,0.0,0.0,0.0,0.0,0.0,0.0,0.0,0.0,1.0,0.0,0.0,NaN,0.0,0.0,NaN,NaN,NaN,NaN,NaN,NaN,NaN
63.0,NaN,6.0,0.0,100.0,NaN,2.0,0.0,36.61,NaN,-0.04000000000000016,3.0,130.0,NaN,-26.0,0.0,78.0,NaN,-13.0,0.0,58.0,NaN,-13.0,0.0,16.0,NaN,6.0,0.0,NaN,NaN,NaN,24.0,NaN,NaN,NaN,24.0,27.0,NaN,0.0,8.0,NaN,NaN,NaN,24.0,NaN,NaN,NaN,24.0,NaN,NaN,NaN,24.0,NaN,NaN,NaN,24.0,NaN,NaN,NaN,24.0,37.0,NaN,0.0,8.0,NaN,NaN,NaN,24.0,8.6,NaN,0.0,8.0,108.0,NaN,0.0,8.0,2.8,NaN,0.0,8.0,NaN,NaN,NaN,24.0,88.0,NaN,0.0,8.0,NaN,NaN,NaN,24.0,1.7,NaN,0.0,8.0,4.5,NaN,0.0,8.0,4.6,NaN,0.0,8.0,0.2,NaN,0.0,16.0,NaN,NaN,NaN,24.0,23.6,NaN,0.0,8.0,7.6,NaN,0.0,8.0,NaN,NaN,NaN,24.0,4.1,NaN,0.0,8.0,NaN,NaN,NaN,24.0,155.0,NaN,0.0,8.0,73.0,0.0,1.0,0.0,-4.533333333333333,17.0,0.0,0.0,0.0,0.0,0.0,0.0,0.0,0.0,0.0,0.0,1.0,0.0,0.0,NaN,0.0,0.0,NaN,NaN,NaN,NaN,NaN,NaN,NaN
