79.0,NaN,NaN,24.0,99.3333333333333,NaN,NaN,24.0,36.5,NaN,NaN,24.0,124.0,NaN,NaN,24.0,82.5,NaN,NaN,24.0,60.5,NaN,NaN,24.0,14.25,NaN,NaN,24.0,NaN,NaN,NaN,24.0,0.0,NaN,NaN,24.0,25.0,NaN,NaN,24.0,1.0,NaN,NaN,24.0,7.38,NaN,NaN,24.0,43.0,NaN,NaN,24.0,97.0,NaN,NaN,24.0,NaN,NaN,NaN,24.0,6.0,NaN,NaN,24.0,NaN,NaN,NaN,24.0,7.7,NaN,NaN,24.0,107.0,NaN,NaN,24.0,0.4,NaN,NaN,24.0,NaN,NaN,NaN,24.0,100.0,NaN,NaN,24.0,1.0,NaN,NaN,24.0,1.4,NaN,NaN,24.0,4.5,NaN,NaN,24.0,3.9,NaN,NaN,24.0,NaN,NaN,NaN,24.0,NaN,NaN,NaN,24.0,28.7,NaN,NaN,24.0,9.3,NaN,NaN,24.0,50.8,NaN,NaN,24.0,8.8,NaN,NaN,24.0,NaN,NaN,NaN,24.0,245.0,NaN,NaN,24.0,56.0,1.0,0.0,1.0,-28.198055555555555,1.0,0.0,0.0,0.0,0.0,3.0,0.0,0.0,0.0,0.0,0.0,1.0,0.0,1.0,1.0,0.0,0.0,3.0,5.0,4.0,2.0,NaN,NaN,NaN
77.75,NaN,-1.25,0.0,95.75,NaN,-3.5833333333333,0.0,36.0,NaN,-0.5,0.0,104.75,NaN,-19.25,0.0,66.25,NaN,-16.25,0.0,50.0,NaN,-10.5,0.0,18.625,NaN,4.375,0.0,NaN,NaN,NaN,24.0,0.0,NaN,0.0,1.0,25.0,NaN,0.0,1.0,0.4,NaN,-0.6,0.0,7.38,NaN,0.0,1.0,43.0,NaN,0.0,1.0,97.0,NaN,0.0,1.0,NaN,NaN,NaN,24.0,6.0,NaN,0.0,1.0,NaN,NaN,NaN,24.0,7.7,NaN,0.0,1.0,107.0,NaN,0.0,1.0,0.4,NaN,0.0,1.0,NaN,NaN,NaN,24.0,100.0,NaN,0.0,1.0,1.0,NaN,0.0,1.0,1.4,NaN,0.0,1.0,4.5,NaN,0.0,1.0,3.9,NaN,0.0,1.0,NaN,NaN,NaN,24.0,NaN,NaN,NaN,24.0,28.7,NaN,0.0,1.0,9.3,NaN,0.0,1.0,50.8,NaN,0.0,1.0,8.8,NaN,0.0,1.0,NaN,NaN,NaN,24.0,245.0,NaN,0.0,1.0,56.0,1.0,0.0,1.0,-28.198055555555555,2.0,0.0,0.0,0.0,0.0,1.0,0.0,0.0,0.0,0.0,0.0,0.0,1.0,1.0,1.0,0.0,0.0,3.0,5.0,4.0,2.0,NaN,NaN,NaN
78.5,NaN,0.75,0.0,96.0,NaN,0.25,0.0,36.56,NaN,0.5600000000000023,0.0,125.5,NaN,20.75,0.0,81.5,NaN,15.25,0.0,60.0,NaN,10.0,0.0,13.5,NaN,-5.125,0.0,NaN,NaN,NaN,24.0,0.0,NaN,0.0,2.0,25.0,NaN,0.0,2.0,0.4,NaN,0.0,0.0,7.38,NaN,0.0,2.0,43.0,NaN,0.0,2.0,97.0,NaN,0.0,2.0,NaN,NaN,NaN,24.0,6.0,NaN,0.0,2.0,NaN,NaN,NaN,24.0,7.7,NaN,0.0,2.0,107.0,NaN,0.0,2.0,0.4,NaN,0.0,2.0,NaN,NaN,NaN,24.0,100.0,NaN,0.0,2.0,1.0,NaN,0.0,2.0,1.4,NaN,0.0,2.0,4.5,NaN,0.0,2.0,3.9,NaN,0.0,2.0,NaN,NaN,NaN,24.0,NaN,NaN,NaN,24.0,28.7,NaN,0.0,2.0,9.3,NaN,0.0,2.0,50.8,NaN,0.0,2.0,8.8,NaN,0.0,2.0,NaN,NaN,NaN,24.0,245.0,NaN,0.0,2.0,56.0,1.0,0.0,1.0,-28.198055555555555,3.0,0.0,0.0,0.0,0.0,1.0,0.0,0.0,0.0,0.0,0.0,0.0,1.0,1.0,1.0,0.0,0.0,3.0,5.0,4.0,2.0,NaN,NaN,NaN
69.0,NaN,-9.5,0.0,100.0,NaN,4.0,0.0,36.56,NaN,0.28000000000000114,1.0,109.0,NaN,-16.5,0.0,70.0,NaN,-11.5,0.0,52.0,NaN,-8.0,0.0,18.0,NaN,4.5,0.0,NaN,NaN,NaN,24.0,0.0,NaN,0.0,3.0,25.0,NaN,0.0,3.0,0.4,NaN,0.0,1.0,7.38,NaN,0.0,3.0,43.0,NaN,0.0,3.0,97.0,NaN,0.0,3.0,NaN,NaN,NaN,24.0,6.0,NaN,0.0,3.0,NaN,NaN,NaN,24.0,7.7,NaN,0.0,3.0,107.0,NaN,0.0,3.0,0.4,NaN,0.0,3.0,NaN,NaN,NaN,24.0,100.0,NaN,0.0,3.0,1.0,NaN,0.0,3.0,1.4,NaN,0.0,3.0,4.5,NaN,0.0,3.0,3.9,NaN,0.0,3.0,NaN,NaN,NaN,24.0,NaN,NaN,NaN,24.0,28.7,NaN,0.0,3.0,9.3,NaN,0.0,3.0,50.8,NaN,0.0,3.0,8.8,NaN,0.0,3.0,NaN,NaN,NaN,24.0,245.0,NaN,0.0,3.0,56.0,1.0,0.0,1.0,-28.198055555555555,4.0,0.0,0.0,0.0,0.0,0.0,0.0,0.0,0.0,0.0,0.0,1.0,1.0,1.0,1.0,0.0,0.0,3.0,5.0,4.0,2.0,NaN,NaN,NaN
76.0,NaN,7.0,0.0,99.0,NaN,-1.0,0.0,36.56,NaN,0.18666666666666742,2.0,113.0,NaN,4.0,0.0,71.0,NaN,1.0,0.0,54.0,NaN,2.0,0.0,19.5,NaN,1.5,0.0,NaN,NaN,NaN,24.0,0.0,NaN,0.0,4.0,25.0,NaN,0.0,4.0,0.5,NaN,0.04999999999999999,0.0,7.38,NaN,0.0,4.0,43.0,NaN,0.0,4.0,97.0,NaN,0.0,4.0,NaN,NaN,NaN,24.0,6.0,NaN,0.0,4.0,NaN,NaN,NaN,24.0,7.7,NaN,0.0,4.0,107.0,NaN,0.0,4.0,0.4,NaN,0.0,4.0,NaN,NaN,NaN,24.0,100.0,NaN,0.0,4.0,1.0,NaN,0.0,4.0,1.4,NaN,0.0,4.0,4.5,NaN,0.0,4.0,3.9,NaN,0.0,4.0,NaN,NaN,NaN,24.0,NaN,NaN,NaN,24.0,28.7,NaN,0.0,4.0,9.3,NaN,0.0,4.0,50.8,NaN,0.0,4.0,8.8,NaN,0.0,4.0,NaN,NaN,NaN,24.0,245.0,NaN,0.0,4.0,56.0,1.0,0.0,1.0,-28.198055555555555,5.0,0.0,0.0,0.0,0.0,2.0,0.0,0.0,0.0,0.0,0.0,0.0,1.0,1.0,1.0,0.0,0.0,3.0,5.0,4.0,2.0,NaN,NaN,NaN
78.0,NaN,2.0,0.0,100.0,NaN,1.0,0.0,36.17,NaN,-0.1300000000000002,0.0,130.0,NaN,17.0,0.0,79.0,NaN,8.0,0.0,59.0,NaN,5.0,0.0,19.0,NaN,-0.5,0.0,NaN,NaN,NaN,24.0,0.0,NaN,0.0,5.0,25.0,NaN,0.0,5.0,0.5,NaN,0.033333333333333326,1.0,7.38,NaN,0.0,5.0,43.0,NaN,0.0,5.0,97.0,NaN,0.0,5.0,NaN,NaN,NaN,24.0,6.0,NaN,0.0,5.0,NaN,NaN,NaN,24.0,7.7,NaN,0.0,5.0,107.0,NaN,0.0,5.0,0.4,NaN,0.0,5.0,NaN,NaN,NaN,24.0,100.0,NaN,0.0,5.0,1.0,NaN,0.0,5.0,1.4,NaN,0.0,5.0,4.5,NaN,0.0,5.0,3.9,NaN,0.0,5.0,NaN,NaN,NaN,24.0,NaN,NaN,NaN,24.0,28.7,NaN,0.0,5.0,9.3,NaN,0.0,5.0,50.8,NaN,0.0,5.0,8.8,NaN,0.0,5.0,NaN,NaN,NaN,24.0,245.0,NaN,0.0,5.0,56.0,1.0,0.0,1.0,-28.198055555555555,6.0,0.0,0.0,0.0,0.0,0.0,0.0,0.0,0.0,0.0,0.0,1.0,1.0,1.0,1.0,0.0,0.0,3.0,5.0,4.0,2.0,NaN,NaN,NaN
87.0,NaN,9.0,0.0,99.0,NaN,-1.0,0.0,36.17,NaN,-0.09750000000000014,1.0,130.0,NaN,0.0,0.0,80.0,NaN,1.0,0.0,60.0,NaN,1.0,0.0,25.5,NaN,6.5,0.0,NaN,NaN,NaN,24.0,0.0,NaN,0.0,6.0,25.0,NaN,0.0,6.0,0.5,NaN,0.0,0.0,7.38,NaN,0.0,6.0,43.0,NaN,0.0,6.0,97.0,NaN,0.0,6.0,NaN,NaN,NaN,24.0,6.0,NaN,0.0,6.0,NaN,NaN,NaN,24.0,7.7,NaN,0.0,6.0,107.0,NaN,0.0,6.0,0.4,NaN,0.0,6.0,NaN,NaN,NaN,24.0,100.0,NaN,0.0,6.0,1.0,NaN,0.0,6.0,1.4,NaN,0.0,6.0,4.5,NaN,0.0,6.0,3.9,NaN,0.0,6.0,NaN,NaN,NaN,24.0,NaN,NaN,NaN,24.0,28.7,NaN,0.0,6.0,9.3,NaN,0.0,6.0,50.8,NaN,0.0,6.0,8.8,NaN,0.0,6.0,NaN,NaN,NaN,24.0,245.0,NaN,0.0,6.0,56.0,1.0,0.0,1.0,-28.198055555555555,7.0,0.0,1.0,0.0,0.0,2.0,0.0,0.0,0.0,0.0,0.0,0.0,1.0,1.0,1.0,0.0,0.0,3.0,5.0,4.0,2.0,NaN,NaN,NaN
90.0,NaN,3.0,0.0,99.0,NaN,0.0,0.0,36.17,NaN,-0.07800000000000011,2.0,96.0,NaN,-34.0,0.0,63.0,NaN,-17.0,0.0,50.0,NaN,-10.0,0.0,25.5,NaN,3.25,1.0,NaN,NaN,NaN,24.0,0.0,NaN,0.0,7.0,25.0,NaN,0.0,7.0,0.5,NaN,0.0,1.0,7.38,NaN,0.0,7.0,43.0,NaN,0.0,7.0,97.0,NaN,0.0,7.0,NaN,NaN,NaN,24.0,6.0,NaN,0.0,7.0,NaN,NaN,NaN,24.0,7.7,NaN,0.0,7.0,107.0,NaN,0.0,7.0,0.4,NaN,0.0,7.0,NaN,NaN,NaN,24.0,100.0,NaN,0.0,7.0,1.0,NaN,0.0,7.0,1.4,NaN,0.0,7.0,4.5,NaN,0.0,7.0,3.9,NaN,0.0,7.0,NaN,NaN,NaN,24.0,NaN,NaN,NaN,24.0,27.7,NaN,-0.14285714285714285,0.0,9.3,NaN,0.0,7.0,49.7,NaN,-0.15714285714285633,0.0,8.8,NaN,0.0,7.0,NaN,NaN,NaN,24.0,245.0,NaN,0.0,7.0,56.0,1.0,0.0,1.0,-28.198055555555555,8.0,0.0,1.0,0.0,0.0,0.0,0.0,0.0,1.0,0.0,0.0,1.0,1.0,1.0,1.0,0.0,0.0,3.0,5.0,4.0,2.0,NaN,NaN,NaN
86.0,NaN,-4.0,0.0,99.0,NaN,0.0,0.0,36.17,NaN,-0.0650000000000001,3.0,97.0,NaN,1.0,0.0,66.0,NaN,3.0,0.0,51.0,NaN,1.0,0.0,20.0,NaN,-2.75,0.0,NaN,NaN,NaN,24.0,0.0,NaN,0.0,8.0,25.0,NaN,0.0,8.0,0.5,NaN,0.0,0.0,7.38,NaN,0.0,8.0,43.0,NaN,0.0,8.0,97.0,NaN,0.0,8.0,NaN,NaN,NaN,24.0,6.0,NaN,0.0,8.0,NaN,NaN,NaN,24.0,7.7,NaN,0.0,8.0,107.0,NaN,0.0,8.0,0.4,NaN,0.0,8.0,NaN,NaN,NaN,24.0,100.0,NaN,0.0,8.0,1.0,NaN,0.0,8.0,1.4,NaN,0.0,8.0,4.5,NaN,0.0,8.0,3.9,NaN,0.0,8.0,NaN,NaN,NaN,24.0,NaN,NaN,NaN,24.0,27.7,NaN,-0.125,1.0,9.3,NaN,0.0,8.0,49.7,NaN,-0.1374999999999993,1.0,8.8,NaN,0.0,8.0,NaN,NaN,NaN,24.0,245.0,NaN,0.0,8.0,56.0,1.0,0.0,1.0,-28.198055555555555,9.0,0.0,0.0,0.0,0.0,2.0,0.0,0.0,0.0,0.0,0.0,0.0,1.0,1.0,1.0,0.0,0.0,3.0,5.0,4.0,2.0,NaN,NaN,NaN
