NaN,NaN,NaN,24.0,NaN,NaN,NaN,24.0,NaN,NaN,NaN,24.0,NaN,NaN,NaN,24.0,NaN,NaN,NaN,24.0,NaN,NaN,NaN,24.0,NaN,NaN,NaN,24.0,NaN,NaN,NaN,24.0,NaN,NaN,NaN,24.0,NaN,NaN,NaN,24.0,NaN,NaN,NaN,24.0,NaN,NaN,NaN,24.0,NaN,NaN,NaN,24.0,NaN,NaN,NaN,24.0,NaN,NaN,NaN,24.0,NaN,NaN,NaN,24.0,NaN,NaN,NaN,24.0,NaN,NaN,NaN,24.0,NaN,NaN,NaN,24.0,NaN,NaN,NaN,24.0,NaN,NaN,NaN,24.0,NaN,NaN,NaN,24.0,NaN,NaN,NaN,24.0,NaN,NaN,NaN,24.0,NaN,NaN,NaN,24.0,NaN,NaN,NaN,24.0,NaN,NaN,NaN,24.0,NaN,NaN,NaN,24.0,NaN,NaN,NaN,24.0,NaN,NaN,NaN,24.0,NaN,NaN,NaN,24.0,NaN,NaN,NaN,24.0,NaN,NaN,NaN,24.0,NaN,NaN,NaN,24.0,80.0,1.0,1.0,0.0,-3.6261111111111113,1.0,0.0,0.0,0.0,0.0,0.0,0.0,0.0,0.0,0.0,0.0,1.0,0.0,0.0,0.0,0.0,0.0,NaN,NaN,NaN,2.0,NaN,NaN,NaN
84.5,NaN,0.0,0.0,97.5,NaN,0.0,0.0,36.67,NaN,0.0,0.0,89.0,NaN,0.0,0.0,62.0,NaN,0.0,0.0,54.6666666666667,NaN,0.0,0.0,20.5,NaN,0.0,0.0,NaN,NaN,NaN,24.0,NaN,NaN,NaN,24.0,NaN,NaN,NaN,24.0,NaN,NaN,NaN,24.0,NaN,NaN,NaN,24.0,NaN,NaN,NaN,24.0,NaN,NaN,NaN,24.0,NaN,NaN,NaN,24.0,NaN,NaN,NaN,24.0,NaN,NaN,NaN,24.0,NaN,NaN,NaN,24.0,NaN,NaN,NaN,24.0,NaN,NaN,NaN,24.0,NaN,NaN,NaN,24.0,NaN,NaN,NaN,24.0,NaN,NaN,NaN,24.0,NaN,NaN,NaN,24.0,NaN,NaN,NaN,24.0,NaN,NaN,NaN,24.0,NaN,NaN,NaN,24.0,NaN,NaN,NaN,24.0,NaN,NaN,NaN,24.0,NaN,NaN,NaN,24.0,NaN,NaN,NaN,24.0,NaN,NaN,NaN,24.0,NaN,NaN,NaN,24.0,NaN,NaN,NaN,24.0,80.0,1.0,1.0,0.0,-3.6261111111111113,2.0,0.0,1.0,0.0,0.0,0.0,0.0,0.0,1.0,0.0,0.0,1.0,0.0,0.0,0.0,0.0,0.0,NaN,NaN,NaN,2.0,NaN,NaN,NaN
76.3,NaN,-8.200000000000003,0.0,96.2,NaN,-1.2999999999999972,0.0,36.67,NaN,0.0,1.0,114.111111111111,NaN,25.111111111111,0.0,86.1111111111111,NaN,24.1111111111111,0.0,78.1111111111111,NaN,23.4444444444444,0.0,18.9,NaN,-1.6000000000000014,0.0,NaN,NaN,NaN,24.0,NaN,NaN,NaN,24.0,NaN,NaN,NaN,24.0,NaN,NaN,NaN,24.0,NaN,NaN,NaN,24.0,NaN,NaN,NaN,24.0,NaN,NaN,NaN,24.0,NaN,NaN,NaN,24.0,NaN,NaN,NaN,24.0,NaN,NaN,NaN,24.0,NaN,NaN,NaN,24.0,NaN,NaN,NaN,24.0,NaN,NaN,NaN,24.0,NaN,NaN,NaN,24.0,NaN,NaN,NaN,24.0,NaN,NaN,NaN,24.0,NaN,NaN,NaN,24.0,NaN,NaN,NaN,24.0,NaN,NaN,NaN,24.0,NaN,NaN,NaN,24.0,NaN,NaN,NaN,24.0,NaN,NaN,NaN,24.0,NaN,NaN,NaN,24.0,NaN,NaN,NaN,24.0,NaN,NaN,NaN,24.0,NaN,NaN,NaN,24.0,NaN,NaN,NaN,24.0,80.0,1.0,1.0,0.0,-3.6261111111111113,3.0,0.0,0.0,0.0,0.0,0.0,0.0,0.0,0.0,0.0,0.0,1.0,0.0,0.0,0.0,0.0,0.0,NaN,NaN,NaN,2.0,NaN,NaN,NaN
78.0,NaN,1.7000000000000028,0.0,96.0833333333333,NaN,-0.11666666666670267,0.0,36.67,NaN,0.0,2.0,109.666666666667,NaN,-4.444444444444002,0.0,78.8333333333333,NaN,-7.2777777777778,0.0,70.0,NaN,-8.1111111111111,0.0,14.6363636363636,NaN,-4.263636363636399,0.0,NaN,NaN,NaN,24.0,NaN,NaN,NaN,24.0,24.0,NaN,0.0,0.0,NaN,NaN,NaN,24.0,NaN,NaN,NaN,24.0,NaN,NaN,NaN,24.0,NaN,NaN,NaN,24.0,42.0,NaN,0.0,0.0,16.0,NaN,0.0,0.0,199.0,NaN,0.0,0.0,7.3,NaN,0.0,0.0,109.0,NaN,0.0,0.0,0.9,NaN,0.0,0.0,NaN,NaN,NaN,24.0,121.0,NaN,0.0,0.0,NaN,NaN,NaN,24.0,1.6,NaN,0.0,0.0,3.0,NaN,0.0,0.0,3.8,NaN,0.0,0.0,0.9,NaN,0.0,0.0,0.12,NaN,0.0,0.0,40.0,NaN,0.0,0.0,12.6,NaN,0.0,0.0,72.9,NaN,0.0,0.0,9.6,NaN,0.0,0.0,NaN,NaN,NaN,24.0,301.0,NaN,0.0,0.0,80.0,1.0,1.0,0.0,-3.6261111111111113,4.0,0.0,0.0,0.0,0.0,0.0,0.0,0.0,0.0,0.0,0.0,1.0,0.0,0.0,0.0,0.0,0.0,NaN,NaN,NaN,2.0,NaN,NaN,NaN
77.1111111111111,NaN,-0.8888888888888999,0.0,97.0,NaN,0.9166666666666998,0.0,36.67,NaN,0.0,3.0,105.555555555556,NaN,-4.111111111111001,0.0,77.6666666666667,NaN,-1.1666666666666003,0.0,70.6666666666667,NaN,0.6666666666666998,0.0,18.0,NaN,3.3636363636364006,0.0,NaN,NaN,NaN,24.0,NaN,NaN,NaN,24.0,24.0,NaN,0.0,1.0,NaN,NaN,NaN,24.0,NaN,NaN,NaN,24.0,NaN,NaN,NaN,24.0,NaN,NaN,NaN,24.0,42.0,NaN,0.0,1.0,16.0,NaN,0.0,1.0,199.0,NaN,0.0,1.0,7.3,NaN,0.0,1.0,109.0,NaN,0.0,1.0,0.9,NaN,0.0,1.0,NaN,NaN,NaN,24.0,121.0,NaN,0.0,1.0,1.1,NaN,0.0,0.0,1.6,NaN,0.0,1.0,3.0,NaN,0.0,1.0,3.8,NaN,0.0,1.0,0.9,NaN,0.0,1.0,0.12,NaN,0.0,1.0,40.0,NaN,0.0,1.0,12.6,NaN,0.0,1.0,72.9,NaN,0.0,1.0,9.6,NaN,0.0,1.0,NaN,NaN,NaN,24.0,301.0,NaN,0.0,1.0,80.0,1.0,1.0,0.0,-3.6261111111111113,5.0,0.0,0.0,0.0,0.0,0.0,0.0,0.0,0.0,0.0,0.0,1.0,0.0,0.0,0.0,0.0,0.0,NaN,NaN,NaN,2.0,NaN,NaN,NaN
82.0,NaN,4.8888888888889,0.0,96.0,NaN,-1.0,0.0,36.67,NaN,0.0,4.0,101.0,NaN,-4.555555555555998,0.0,78.0,NaN,0.3333333333333002,0.0,70.0,NaN,-0.6666666666666998,0.0,18.0,NaN,0.0,0.0,NaN,NaN,NaN,24.0,NaN,NaN,NaN,24.0,24.0,NaN,0.0,2.0,NaN,NaN,NaN,24.0,NaN,NaN,NaN,24.0,NaN,NaN,NaN,24.0,NaN,NaN,NaN,24.0,42.0,NaN,0.0,2.0,16.0,NaN,0.0,2.0,199.0,NaN,0.0,2.0,7.3,NaN,0.0,2.0,109.0,NaN,0.0,2.0,0.9,NaN,0.0,2.0,NaN,NaN,NaN,24.0,121.0,NaN,0.0,2.0,1.1,NaN,0.0,1.0,1.6,NaN,0.0,2.0,3.0,NaN,0.0,2.0,3.8,NaN,0.0,2.0,0.9,NaN,0.0,2.0,0.12,NaN,0.0,2.0,40.0,NaN,0.0,2.0,12.6,NaN,0.0,2.0,72.9,NaN,0.0,2.0,9.6,NaN,0.0,2.0,NaN,NaN,NaN,24.0,301.0,NaN,0.0,2.0,80.0,1.0,1.0,0.0,-3.6261111111111113,6.0,0.0,0.0,0.0,0.0,0.0,0.0,0.0,0.0,0.0,0.0,1.0,0.0,0.0,0.0,0.0,0.0,NaN,NaN,NaN,2.0,NaN,NaN,NaN
77.0,NaN,-5.0,0.0,94.0,NaN,-2.0,0.0,36.56,NaN,-0.021999999999999888,0.0,111.0,NaN,10.0,0.0,93.0,NaN,15.0,0.0,90.0,NaN,20.0,0.0,17.0,NaN,-1.0,0.0,NaN,NaN,NaN,24.0,NaN,NaN,NaN,24.0,24.0,NaN,0.0,3.0,NaN,NaN,NaN,24.0,NaN,NaN,NaN,24.0,NaN,NaN,NaN,24.0,NaN,NaN,NaN,24.0,42.0,NaN,0.0,3.0,16.0,NaN,0.0,3.0,199.0,NaN,0.0,3.0,7.3,NaN,0.0,3.0,109.0,NaN,0.0,3.0,0.9,NaN,0.0,3.0,NaN,NaN,NaN,24.0,121.0,NaN,0.0,3.0,1.1,NaN,0.0,2.0,1.6,NaN,0.0,3.0,3.0,NaN,0.0,3.0,3.8,NaN,0.0,3.0,0.9,NaN,0.0,3.0,0.12,NaN,0.0,3.0,40.0,NaN,0.0,3.0,12.6,NaN,0.0,3.0,72.9,NaN,0.0,3.0,9.6,NaN,0.0,3.0,NaN,NaN,NaN,24.0,301.0,NaN,0.0,3.0,80.0,1.0,1.0,0.0,-3.6261111111111113,7.0,0.0,0.0,0.0,0.0,0.0,0.0,0.0,0.0,0.0,0.0,1.0,0.0,0.0,0.0,0.0,0.0,NaN,NaN,NaN,2.0,NaN,NaN,NaN
75.0,NaN,-2.0,0.0,97.0,NaN,3.0,0.0,36.56,NaN,-0.01833333333333324,1.0,107.0,NaN,-4.0,0.0,79.0,NaN,-14.0,0.0,71.0,NaN,-19.0,0.0,14.0,NaN,-3.0,0.0,NaN,NaN,NaN,24.0,NaN,NaN,NaN,24.0,24.0,NaN,0.0,4.0,NaN,NaN,NaN,24.0,NaN,NaN,NaN,24.0,NaN,NaN,NaN,24.0,NaN,NaN,NaN,24.0,42.0,NaN,0.0,4.0,16.0,NaN,0.0,4.0,199.0,NaN,0.0,4.0,7.3,NaN,0.0,4.0,109.0,NaN,0.0,4.0,0.9,NaN,0.0,4.0,NaN,NaN,NaN,24.0,121.0,NaN,0.0,4.0,1.1,NaN,0.0,3.0,1.6,NaN,0.0,4.0,3.0,NaN,0.0,4.0,3.8,NaN,0.0,4.0,0.9,NaN,0.0,4.0,0.12,NaN,0.0,4.0,40.0,NaN,0.0,4.0,12.6,NaN,0.0,4.0,72.9,NaN,0.0,4.0,9.6,NaN,0.0,4.0,NaN,NaN,NaN,24.0,301.0,NaN,0.0,4.0,80.0,1.0,1.0,0.0,-3.6261111111111113,8.0,0.0,0.0,0.0,0.0,0.0,0.0,0.0,0.0,0.0,0.0,1.0,0.0,0.0,0.0,0.0,0.0,NaN,NaN,NaN,2.0,NaN,NaN,NaN
77.0,NaN,2.0,0.0,96.0,NaN,-1.0,0.0,36.56,NaN,-0.015714285714285632,2.0,99.0,NaN,-8.0,0.0,80.0,NaN,1.0,0.0,73.0,NaN,2.0,0.0,17.0,NaN,3.0,0.0,NaN,NaN,NaN,24.0,NaN,NaN,NaN,24.0,24.0,NaN,0.0,5.0,NaN,NaN,NaN,24.0,NaN,NaN,NaN,24.0,NaN,NaN,NaN,24.0,NaN,NaN,NaN,24.0,42.0,NaN,0.0,5.0,16.0,NaN,0.0,5.0,199.0,NaN,0.0,5.0,7.3,NaN,0.0,5.0,109.0,NaN,0.0,5.0,0.9,NaN,0.0,5.0,NaN,NaN,NaN,24.0,121.0,NaN,0.0,5.0,1.1,NaN,0.0,4.0,1.6,NaN,0.0,5.0,3.0,NaN,0.0,5.0,3.8,NaN,0.0,5.0,0.9,NaN,0.0,5.0,0.12,NaN,0.0,5.0,40.0,NaN,0.0,5.0,12.6,NaN,0.0,5.0,72.9,NaN,0.0,5.0,9.6,NaN,0.0,5.0,NaN,NaN,NaN,24.0,301.0,NaN,0.0,5.0,80.0,1.0,1.0,0.0,-3.6261111111111113,9.0,0.0,0.0,0.0,0.0,0.0,0.0,0.0,0.0,0.0,0.0,1.0,0.0,0.0,0.0,0.0,0.0,NaN,NaN,NaN,2.0,NaN,NaN,NaN
97.0,NaN,20.0,0.0,96.0,NaN,0.0,0.0,36.56,NaN,-0.013749999999999929,3.0,99.0,NaN,0.0,0.0,82.0,NaN,2.0,0.0,77.0,NaN,4.0,0.0,19.0,NaN,2.0,0.0,NaN,NaN,NaN,24.0,NaN,NaN,NaN,24.0,24.0,NaN,0.0,6.0,NaN,NaN,NaN,24.0,NaN,NaN,NaN,24.0,NaN,NaN,NaN,24.0,NaN,NaN,NaN,24.0,42.0,NaN,0.0,6.0,16.0,NaN,0.0,6.0,199.0,NaN,0.0,6.0,7.3,NaN,0.0,6.0,109.0,NaN,0.0,6.0,0.9,NaN,0.0,6.0,NaN,NaN,NaN,24.0,121.0,NaN,0.0,6.0,1.1,NaN,0.0,5.0,1.6,NaN,0.0,6.0,3.0,NaN,0.0,6.0,3.8,NaN,0.0,6.0,0.9,NaN,0.0,6.0,0.12,NaN,0.0,6.0,40.0,NaN,0.0,6.0,12.6,NaN,0.0,6.0,72.9,NaN,0.0,6.0,9.6,NaN,0.0,6.0,NaN,NaN,NaN,24.0,301.0,NaN,0.0,6.0,80.0,1.0,1.0,0.0,-3.6261111111111113,10.0,0.0,0.0,1.0,0.0,0.0,0.0,0.0,0.0,0.0,0.0,1.0,0.0,0.0,0.0,0.0,0.0,NaN,NaN,NaN,2.0,NaN,NaN,NaN
103.0,NaN,6.0,0.0,95.0,NaN,-1.0,0.0,36.67,NaN,0.027499999999999858,0.0,85.0,NaN,-14.0,0.0,61.0,NaN,-21.0,0.0,57.0,NaN,-20.0,0.0,17.0,NaN,-2.0,0.0,NaN,NaN,NaN,24.0,NaN,NaN,NaN,24.0,24.0,NaN,0.0,7.0,NaN,NaN,NaN,24.0,NaN,NaN,NaN,24.0,NaN,NaN,NaN,24.0,NaN,NaN,NaN,24.0,42.0,NaN,0.0,7.0,16.0,NaN,0.0,7.0,199.0,NaN,0.0,7.0,7.3,NaN,0.0,7.0,109.0,NaN,0.0,7.0,0.9,NaN,0.0,7.0,NaN,NaN,NaN,24.0,121.0,NaN,0.0,7.0,1.1,NaN,0.0,6.0,1.6,NaN,0.0,7.0,3.0,NaN,0.0,7.0,3.8,NaN,0.0,7.0,0.9,NaN,0.0,7.0,0.12,NaN,0.0,7.0,40.0,NaN,0.0,7.0,12.6,NaN,0.0,7.0,72.9,NaN,0.0,7.0,9.6,NaN,0.0,7.0,NaN,NaN,NaN,24.0,301.0,NaN,0.0,7.0,80.0,1.0,1.0,0.0,-3.6261111111111113,11.0,0.0,0.0,1.0,0.0,0.0,0.0,0.0,1.0,0.0,0.0,1.0,0.0,0.0,0.0,0.0,0.0,NaN,NaN,NaN,2.0,NaN,NaN,NaN
81.0,NaN,-22.0,0.0,94.0,NaN,-1.0,0.0,36.67,NaN,0.021999999999999888,1.0,99.0,NaN,14.0,0.0,70.0,NaN,9.0,0.0,63.0,NaN,6.0,0.0,22.0,NaN,5.0,0.0,NaN,NaN,NaN,24.0,NaN,NaN,NaN,24.0,24.0,NaN,0.0,8.0,NaN,NaN,NaN,24.0,NaN,NaN,NaN,24.0,NaN,NaN,NaN,24.0,NaN,NaN,NaN,24.0,42.0,NaN,0.0,8.0,16.0,NaN,0.0,8.0,199.0,NaN,0.0,8.0,7.3,NaN,0.0,8.0,109.0,NaN,0.0,8.0,0.9,NaN,0.0,8.0,NaN,NaN,NaN,24.0,121.0,NaN,0.0,8.0,1.1,NaN,0.0,7.0,1.6,NaN,0.0,8.0,3.0,NaN,0.0,8.0,3.8,NaN,0.0,8.0,0.9,NaN,0.0,8.0,0.12,NaN,0.0,8.0,40.0,NaN,0.0,8.0,12.6,NaN,0.0,8.0,72.9,NaN,0.0,8.0,9.6,NaN,0.0,8.0,NaN,NaN,NaN,24.0,301.0,NaN,0.0,8.0,80.0,1.0,1.0,0.0,-3.6261111111111113,12.0,0.0,1.0,0.0,0.0,0.0,0.0,0.0,0.0,0.0,0.0,1.0,0.0,0.0,0.0,0.0,0.0,NaN,NaN,NaN,2.0,NaN,NaN,NaN
96.0,NaN,15.0,0.0,94.0,NaN,0.0,0.0,36.67,NaN,0.01833333333333324,2.0,96.0,NaN,-3.0,0.0,83.0,NaN,13.0,0.0,79.0,NaN,16.0,0.0,24.0,NaN,2.0,0.0,NaN,NaN,NaN,24.0,NaN,NaN,NaN,24.0,24.0,NaN,0.0,9.0,NaN,NaN,NaN,24.0,NaN,NaN,NaN,24.0,NaN,NaN,NaN,24.0,NaN,NaN,NaN,24.0,42.0,NaN,0.0,9.0,16.0,NaN,0.0,9.0,199.0,NaN,0.0,9.0,7.3,NaN,0.0,9.0,109.0,NaN,0.0,9.0,0.9,NaN,0.0,9.0,NaN,NaN,NaN,24.0,121.0,NaN,0.0,9.0,1.1,NaN,0.0,8.0,1.6,NaN,0.0,9.0,3.0,NaN,0.0,9.0,3.8,NaN,0.0,9.0,0.9,NaN,0.0,9.0,0.12,NaN,0.0,9.0,40.0,NaN,0.0,9.0,12.6,NaN,0.0,9.0,72.9,NaN,0.0,9.0,9.6,NaN,0.0,9.0,NaN,NaN,NaN,24.0,301.0,NaN,0.0,9.0,80.0,1.0,1.0,0.0,-3.6261111111111113,13.0,0.0,1.0,1.0,0.0,0.0,0.0,0.0,0.0,0.0,0.0,1.0,0.0,0.0,0.0,0.0,0.0,NaN,NaN,NaN,2.0,NaN,NaN,NaN
81.0,NaN,-15.0,0.0,93.0,NaN,-1.0,0.0,36.67,NaN,0.015714285714285632,3.0,88.0,NaN,-8.0,0.0,61.0,NaN,-22.0,0.0,52.0,NaN,-27.0,0.0,23.0,NaN,-1.0,0.0,NaN,NaN,NaN,24.0,NaN,NaN,NaN,24.0,24.0,NaN,0.0,10.0,NaN,NaN,NaN,24.0,NaN,NaN,NaN,24.0,NaN,NaN,NaN,24.0,NaN,NaN,NaN,24.0,42.0,NaN,0.0,10.0,16.0,NaN,0.0,10.0,199.0,NaN,0.0,10.0,7.3,NaN,0.0,10.0,109.0,NaN,0.0,10.0,0.9,NaN,0.0,10.0,NaN,NaN,NaN,24.0,121.0,NaN,0.0,10.0,1.1,NaN,0.0,9.0,1.6,NaN,0.0,10.0,3.0,NaN,0.0,10.0,3.8,NaN,0.0,10.0,0.9,NaN,0.0,10.0,0.12,NaN,0.0,10.0,40.0,NaN,0.0,10.0,12.6,NaN,0.0,10.0,72.9,NaN,0.0,10.0,9.6,NaN,0.0,10.0,NaN,NaN,NaN,24.0,301.0,NaN,0.0,10.0,80.0,1.0,1.0,0.0,-3.6261111111111113,14.0,0.0,1.0,0.0,0.0,0.0,0.0,0.0,1.0,0.0,0.0,1.0,0.0,0.0,0.0,0.0,0.0,NaN,NaN,NaN,2.0,NaN,NaN,NaN
72.0,NaN,-9.0,0.0,93.0,NaN,0.0,0.0,36.67,NaN,0.013749999999999929,4.0,83.0,NaN,-5.0,0.0,65.0,NaN,4.0,0.0,59.0,NaN,7.0,0.0,17.0,NaN,-6.0,0.0,NaN,NaN,NaN,24.0,NaN,NaN,NaN,24.0,24.0,NaN,0.0,11.0,NaN,NaN,NaN,24.0,NaN,NaN,NaN,24.0,NaN,NaN,NaN,24.0,NaN,NaN,NaN,24.0,42.0,NaN,0.0,11.0,16.0,NaN,0.0,11.0,199.0,NaN,0.0,11.0,7.3,NaN,0.0,11.0,109.0,NaN,0.0,11.0,0.9,NaN,0.0,11.0,NaN,NaN,NaN,24.0,121.0,NaN,0.0,11.0,1.1,NaN,0.0,10.0,1.6,NaN,0.0,11.0,3.0,NaN,0.0,11.0,3.8,NaN,0.0,11.0,0.9,NaN,0.0,11.0,0.12,NaN,0.0,11.0,40.0,NaN,0.0,11.0,12.6,NaN,0.0,11.0,72.9,NaN,0.0,11.0,9.6,NaN,0.0,11.0,NaN,NaN,NaN,24.0,301.0,NaN,0.0,11.0,80.0,1.0,1.0,0.0,-3.6261111111111113,15.0,0.0,0.0,0.0,0.0,0.0,0.0,0.0,1.0,0.0,0.0,1.0,0.0,0.0,0.0,0.0,0.0,NaN,NaN,NaN,2.0,NaN,NaN,NaN
107.0,NaN,35.0,0.0,94.0,NaN,1.0,0.0,36.67,NaN,0.012222222222222159,5.0,117.0,NaN,34.0,0.0,90.0,NaN,25.0,0.0,85.0,NaN,26.0,0.0,28.0,NaN,11.0,0.0,NaN,NaN,NaN,24.0,NaN,NaN,NaN,24.0,24.0,NaN,0.0,12.0,NaN,NaN,NaN,24.0,NaN,NaN,NaN,24.0,NaN,NaN,NaN,24.0,NaN,NaN,NaN,24.0,42.0,NaN,0.0,12.0,16.0,NaN,0.0,12.0,199.0,NaN,0.0,12.0,7.3,NaN,0.0,12.0,109.0,NaN,0.0,12.0,0.9,NaN,0.0,12.0,NaN,NaN,NaN,24.0,121.0,NaN,0.0,12.0,1.1,NaN,0.0,11.0,1.6,NaN,0.0,12.0,3.0,NaN,0.0,12.0,3.8,NaN,0.0,12.0,0.9,NaN,0.0,12.0,0.12,NaN,0.0,12.0,40.0,NaN,0.0,12.0,12.6,NaN,0.0,12.0,72.9,NaN,0.0,12.0,9.6,NaN,0.0,12.0,NaN,NaN,NaN,24.0,301.0,NaN,0.0,12.0,80.0,1.0,1.0,0.0,-3.6261111111111113,16.0,0.0,1.0,1.0,0.0,0.0,0.0,0.0,0.0,0.0,0.0,1.0,0.0,0.0,0.0,0.0,0.0,NaN,NaN,NaN,2.0,NaN,NaN,NaN
