80.0,NaN,NaN,24.0,89.0,NaN,NaN,24.0,NaN,NaN,NaN,24.0,110.0,NaN,NaN,24.0,76.0,NaN,NaN,24.0,70.0,NaN,NaN,24.0,19.0,NaN,NaN,24.0,NaN,NaN,NaN,24.0,NaN,NaN,NaN,24.0,NaN,NaN,NaN,24.0,NaN,NaN,NaN,24.0,NaN,NaN,NaN,24.0,NaN,NaN,NaN,24.0,NaN,NaN,NaN,24.0,NaN,NaN,NaN,24.0,NaN,NaN,NaN,24.0,NaN,NaN,NaN,24.0,NaN,NaN,NaN,24.0,NaN,NaN,NaN,24.0,NaN,NaN,NaN,24.0,NaN,NaN,NaN,24.0,NaN,NaN,NaN,24.0,NaN,NaN,NaN,24.0,NaN,NaN,NaN,24.0,NaN,NaN,NaN,24.0,NaN,NaN,NaN,24.0,NaN,NaN,NaN,24.0,NaN,NaN,NaN,24.0,NaN,NaN,NaN,24.0,NaN,NaN,NaN,24.0,NaN,NaN,NaN,24.0,NaN,NaN,NaN,24.0,NaN,NaN,NaN,24.0,NaN,NaN,NaN,24.0,34.0,1.0,1.0,0.0,-8.616666666666667,1.0,0.0,0.0,0.0,0.0,0.0,0.0,0.0,0.0,0.0,0.0,1.0,0.0,1.0,1.0,0.0,0.0,NaN,10.0,10.0,10.0,NaN,NaN,NaN
81.0,NaN,1.0,0.0,95.0,NaN,6.0,0.0,36.78,NaN,0.0,0.0,105.0,NaN,-5.0,0.0,73.0,NaN,-3.0,0.0,65.0,NaN,-5.0,0.0,14.0,NaN,-5.0,0.0,NaN,NaN,NaN,24.0,NaN,NaN,NaN,24.0,NaN,NaN,NaN,24.0,NaN,NaN,NaN,24.0,NaN,NaN,NaN,24.0,NaN,NaN,NaN,24.0,NaN,NaN,NaN,24.0,NaN,NaN,NaN,24.0,NaN,NaN,NaN,24.0,NaN,NaN,NaN,24.0,NaN,NaN,NaN,24.0,NaN,NaN,NaN,24.0,NaN,NaN,NaN,24.0,NaN,NaN,NaN,24.0,NaN,NaN,NaN,24.0,NaN,NaN,NaN,24.0,NaN,NaN,NaN,24.0,NaN,NaN,NaN,24.0,NaN,NaN,NaN,24.0,NaN,NaN,NaN,24.0,NaN,NaN,NaN,24.0,NaN,NaN,NaN,24.0,NaN,NaN,NaN,24.0,NaN,NaN,NaN,24.0,NaN,NaN,NaN,24.0,NaN,NaN,NaN,24.0,NaN,NaN,NaN,24.0,34.0,1.0,1.0,0.0,-8.616666666666667,2.0,0.0,0.0,0.0,0.0,0.0,0.0,0.0,0.0,0.0,0.0,1.0,0.0,1.0,1.0,0.0,0.0,NaN,10.0,10.0,10.0,NaN,NaN,NaN
79.0,NaN,-2.0,0.0,98.0,NaN,3.0,0.0,36.78,NaN,0.0,1.0,114.0,NaN,9.0,0.0,79.0,NaN,6.0,0.0,67.0,NaN,2.0,0.0,22.0,NaN,8.0,0.0,NaN,NaN,NaN,24.0,NaN,NaN,NaN,24.0,NaN,NaN,NaN,24.0,NaN,NaN,NaN,24.0,NaN,NaN,NaN,24.0,NaN,NaN,NaN,24.0,NaN,NaN,NaN,24.0,NaN,NaN,NaN,24.0,NaN,NaN,NaN,24.0,NaN,NaN,NaN,24.0,NaN,NaN,NaN,24.0,NaN,NaN,NaN,24.0,NaN,NaN,NaN,24.0,NaN,NaN,NaN,24.0,NaN,NaN,NaN,24.0,NaN,NaN,NaN,24.0,NaN,NaN,NaN,24.0,NaN,NaN,NaN,24.0,NaN,NaN,NaN,24.0,NaN,NaN,NaN,24.0,NaN,NaN,NaN,24.0,NaN,NaN,NaN,24.0,NaN,NaN,NaN,24.0,NaN,NaN,NaN,24.0,NaN,NaN,NaN,24.0,NaN,NaN,NaN,24.0,NaN,NaN,NaN,24.0,34.0,1.0,1.0,0.0,-8.616666666666667,3.0,0.0,1.0,0.0,0.0,0.0,0.0,0.0,0.0,0.0,0.0,1.0,0.0,1.0,1.0,0.0,0.0,NaN,10.0,10.0,10.0,NaN,NaN,NaN
87.0,NaN,8.0,0.0,97.0,NaN,-1.0,0.0,36.89,NaN,0.054999999999999716,0.0,99.0,NaN,-15.0,0.0,72.0,NaN,-7.0,0.0,64.0,NaN,-3.0,0.0,23.0,NaN,1.0,0.0,NaN,NaN,NaN,24.0,NaN,NaN,NaN,24.0,NaN,NaN,NaN,24.0,NaN,NaN,NaN,24.0,NaN,NaN,NaN,24.0,NaN,NaN,NaN,24.0,NaN,NaN,NaN,24.0,NaN,NaN,NaN,24.0,NaN,NaN,NaN,24.0,NaN,NaN,NaN,24.0,NaN,NaN,NaN,24.0,NaN,NaN,NaN,24.0,NaN,NaN,NaN,24.0,NaN,NaN,NaN,24.0,NaN,NaN,NaN,24.0,NaN,NaN,NaN,24.0,NaN,NaN,NaN,24.0,NaN,NaN,NaN,24.0,NaN,NaN,NaN,24.0,NaN,NaN,NaN,24.0,NaN,NaN,NaN,24.0,NaN,NaN,NaN,24.0,NaN,NaN,NaN,24.0,NaN,NaN,NaN,24.0,NaN,NaN,NaN,24.0,NaN,NaN,NaN,24.0,NaN,NaN,NaN,24.0,34.0,1.0,1.0,0.0,-8.616666666666667,4.0,0.0,1.0,0.0,0.0,0.0,0.0,0.0,0.0,0.0,0.0,1.0,0.0,1.0,1.0,0.0,0.0,NaN,10.0,10.0,10.0,NaN,NaN,NaN
94.0,NaN,7.0,0.0,98.0,NaN,1.0,0.0,36.89,NaN,0.03666666666666648,1.0,98.0,NaN,-1.0,0.0,67.0,NaN,-5.0,0.0,57.0,NaN,-7.0,0.0,20.0,NaN,-3.0,0.0,NaN,NaN,NaN,24.0,NaN,NaN,NaN,24.0,NaN,NaN,NaN,24.0,NaN,NaN,NaN,24.0,NaN,NaN,NaN,24.0,NaN,NaN,NaN,24.0,NaN,NaN,NaN,24.0,NaN,NaN,NaN,24.0,NaN,NaN,NaN,24.0,NaN,NaN,NaN,24.0,NaN,NaN,NaN,24.0,NaN,NaN,NaN,24.0,NaN,NaN,NaN,24.0,NaN,NaN,NaN,24.0,NaN,NaN,NaN,24.0,NaN,NaN,NaN,24.0,NaN,NaN,NaN,24.0,NaN,NaN,NaN,24.0,NaN,NaN,NaN,24.0,NaN,NaN,NaN,24.0,NaN,NaN,NaN,24.0,NaN,NaN,NaN,24.0,NaN,NaN,NaN,24.0,NaN,NaN,NaN,24.0,NaN,NaN,NaN,24.0,NaN,NaN,NaN,24.0,NaN,NaN,NaN,24.0,34.0,1.0,1.0,0.0,-8.616666666666667,5.0,0.0,0.0,1.0,0.0,0.0,0.0,0.0,0.0,0.0,0.0,1.0,0.0,1.0,1.0,0.0,0.0,NaN,10.0,10.0,10.0,NaN,NaN,NaN
84.0,NaN,-10.0,0.0,96.0,NaN,-2.0,0.0,36.89,NaN,0.027499999999999858,2.0,93.0,NaN,-5.0,0.0,59.0,NaN,-8.0,0.0,49.0,NaN,-8.0,0.0,25.0,NaN,5.0,0.0,NaN,NaN,NaN,24.0,NaN,NaN,NaN,24.0,NaN,NaN,NaN,24.0,NaN,NaN,NaN,24.0,NaN,NaN,NaN,24.0,NaN,NaN,NaN,24.0,NaN,NaN,NaN,24.0,NaN,NaN,NaN,24.0,NaN,NaN,NaN,24.0,NaN,NaN,NaN,24.0,NaN,NaN,NaN,24.0,NaN,NaN,NaN,24.0,NaN,NaN,NaN,24.0,NaN,NaN,NaN,24.0,NaN,NaN,NaN,24.0,NaN,NaN,NaN,24.0,NaN,NaN,NaN,24.0,NaN,NaN,NaN,24.0,NaN,NaN,NaN,24.0,NaN,NaN,NaN,24.0,NaN,NaN,NaN,24.0,NaN,NaN,NaN,24.0,NaN,NaN,NaN,24.0,NaN,NaN,NaN,24.0,NaN,NaN,NaN,24.0,NaN,NaN,NaN,24.0,NaN,NaN,NaN,24.0,34.0,1.0,1.0,0.0,-8.616666666666667,6.0,0.0,1.0,0.0,0.0,0.0,0.0,0.0,1.0,0.0,0.0,1.0,0.0,1.0,1.0,0.0,0.0,NaN,10.0,10.0,10.0,NaN,NaN,NaN
82.0,NaN,-2.0,0.0,98.0,NaN,2.0,0.0,36.67,NaN,-0.07333333333333296,0.0,85.0,NaN,-8.0,0.0,59.0,NaN,0.0,0.0,51.0,NaN,2.0,0.0,30.0,NaN,5.0,0.0,NaN,NaN,NaN,24.0,NaN,NaN,NaN,24.0,31.0,NaN,0.0,0.0,NaN,NaN,NaN,24.0,NaN,NaN,NaN,24.0,NaN,NaN,NaN,24.0,NaN,NaN,NaN,24.0,21.0,NaN,0.0,0.0,26.0,NaN,0.0,0.0,53.0,NaN,0.0,0.0,8.9,NaN,0.0,0.0,94.0,NaN,0.0,0.0,9.9,NaN,0.0,0.0,NaN,NaN,NaN,24.0,87.0,NaN,0.0,0.0,NaN,NaN,NaN,24.0,2.1,NaN,0.0,0.0,3.7,NaN,0.0,0.0,4.3,NaN,0.0,0.0,1.9,NaN,0.0,0.0,0.09,NaN,0.0,0.0,37.2,NaN,0.0,0.0,11.8,NaN,0.0,0.0,50.4,NaN,0.0,0.0,6.6,NaN,0.0,0.0,NaN,NaN,NaN,24.0,113.0,NaN,0.0,0.0,34.0,1.0,1.0,0.0,-8.616666666666667,7.0,0.0,1.0,0.0,0.0,0.0,1.0,1.0,1.0,0.0,4.0,1.0,1.0,1.0,1.0,0.0,0.0,NaN,10.0,10.0,10.0,NaN,NaN,NaN
80.0,NaN,-2.0,0.0,98.0,NaN,0.0,0.0,36.67,NaN,-0.054999999999999716,1.0,97.0,NaN,12.0,0.0,66.0,NaN,7.0,0.0,58.0,NaN,7.0,0.0,26.0,NaN,-4.0,0.0,NaN,NaN,NaN,24.0,NaN,NaN,NaN,24.0,31.0,NaN,0.0,1.0,NaN,NaN,NaN,24.0,NaN,NaN,NaN,24.0,NaN,NaN,NaN,24.0,NaN,NaN,NaN,24.0,21.0,NaN,0.0,1.0,26.0,NaN,0.0,1.0,53.0,NaN,0.0,1.0,8.9,NaN,0.0,1.0,94.0,NaN,0.0,1.0,9.9,NaN,0.0,1.0,NaN,NaN,NaN,24.0,87.0,NaN,0.0,1.0,NaN,NaN,NaN,24.0,2.1,NaN,0.0,1.0,3.7,NaN,0.0,1.0,4.3,NaN,0.0,1.0,1.9,NaN,0.0,1.0,0.09,NaN,0.0,1.0,37.2,NaN,0.0,1.0,11.8,NaN,0.0,1.0,50.4,NaN,0.0,1.0,6.6,NaN,0.0,1.0,NaN,NaN,NaN,24.0,113.0,NaN,0.0,1.0,34.0,1.0,1.0,0.0,-8.616666666666667,8.0,0.0,1.0,0.0,0.0,0.0,0.0,0.0,0.0,0.0,0.0,1.0,1.0,1.0,1.0,0.0,0.0,NaN,10.0,10.0,10.0,NaN,NaN,NaN
80.0,NaN,0.0,0.0,100.0,NaN,2.0,0.0,36.67,NaN,-0.043999999999999775,2.0,107.0,NaN,10.0,0.0,77.0,NaN,11.0,0.0,69.0,NaN,11.0,0.0,63.0,NaN,37.0,0.0,NaN,NaN,NaN,24.0,NaN,NaN,NaN,24.0,31.0,NaN,0.0,2.0,NaN,NaN,NaN,24.0,NaN,NaN,NaN,24.0,NaN,NaN,NaN,24.0,NaN,NaN,NaN,24.0,21.0,NaN,0.0,2.0,26.0,NaN,0.0,2.0,53.0,NaN,0.0,2.0,8.9,NaN,0.0,2.0,94.0,NaN,0.0,2.0,9.9,NaN,0.0,2.0,NaN,NaN,NaN,24.0,87.0,NaN,0.0,2.0,NaN,NaN,NaN,24.0,2.1,NaN,0.0,2.0,3.7,NaN,0.0,2.0,4.3,NaN,0.0,2.0,1.9,NaN,0.0,2.0,0.09,NaN,0.0,2.0,37.2,NaN,0.0,2.0,11.8,NaN,0.0,2.0,50.4,NaN,0.0,2.0,6.6,NaN,0.0,2.0,NaN,NaN,NaN,24.0,113.0,NaN,0.0,2.0,34.0,1.0,1.0,0.0,-8.616666666666667,9.0,0.0,1.0,0.0,0.0,0.0,0.0,0.0,0.0,0.0,0.0,1.0,1.0,1.0,1.0,0.0,0.0,NaN,10.0,10.0,10.0,NaN,NaN,NaN
85.0,NaN,5.0,0.0,97.0,NaN,-3.0,0.0,36.67,NaN,-0.03666666666666648,3.0,112.0,NaN,5.0,0.0,78.0,NaN,1.0,0.0,69.0,NaN,0.0,0.0,19.0,NaN,-44.0,0.0,NaN,NaN,NaN,24.0,NaN,NaN,NaN,24.0,31.0,NaN,0.0,3.0,NaN,NaN,NaN,24.0,NaN,NaN,NaN,24.0,NaN,NaN,NaN,24.0,NaN,NaN,NaN,24.0,21.0,NaN,0.0,3.0,26.0,NaN,0.0,3.0,53.0,NaN,0.0,3.0,8.9,NaN,0.0,3.0,94.0,NaN,0.0,3.0,9.9,NaN,0.0,3.0,NaN,NaN,NaN,24.0,87.0,NaN,0.0,3.0,NaN,NaN,NaN,24.0,2.1,NaN,0.0,3.0,3.7,NaN,0.0,3.0,4.3,NaN,0.0,3.0,1.9,NaN,0.0,3.0,0.09,NaN,0.0,3.0,37.2,NaN,0.0,3.0,11.8,NaN,0.0,3.0,50.4,NaN,0.0,3.0,6.6,NaN,0.0,3.0,NaN,NaN,NaN,24.0,113.0,NaN,0.0,3.0,34.0,1.0,1.0,0.0,-8.616666666666667,10.0,0.0,0.0,0.0,0.0,0.0,0.0,0.0,0.0,0.0,0.0,1.0,1.0,1.0,1.0,0.0,0.0,NaN,10.0,10.0,10.0,NaN,NaN,NaN
84.0,NaN,-1.0,0.0,95.0,NaN,-2.0,0.0,36.72,NaN,0.01249999999999929,0.0,111.0,NaN,-1.0,0.0,81.0,NaN,3.0,0.0,71.0,NaN,2.0,0.0,24.0,NaN,5.0,0.0,NaN,NaN,NaN,24.0,NaN,NaN,NaN,24.0,31.0,NaN,0.0,4.0,NaN,NaN,NaN,24.0,NaN,NaN,NaN,24.0,NaN,NaN,NaN,24.0,NaN,NaN,NaN,24.0,21.0,NaN,0.0,4.0,26.0,NaN,0.0,4.0,53.0,NaN,0.0,4.0,8.9,NaN,0.0,4.0,94.0,NaN,0.0,4.0,9.9,NaN,0.0,4.0,NaN,NaN,NaN,24.0,87.0,NaN,0.0,4.0,NaN,NaN,NaN,24.0,2.1,NaN,0.0,4.0,3.7,NaN,0.0,4.0,4.3,NaN,0.0,4.0,1.9,NaN,0.0,4.0,0.09,NaN,0.0,4.0,37.2,NaN,0.0,4.0,11.8,NaN,0.0,4.0,50.4,NaN,0.0,4.0,6.6,NaN,0.0,4.0,NaN,NaN,NaN,24.0,113.0,NaN,0.0,4.0,34.0,1.0,1.0,0.0,-8.616666666666667,11.0,0.0,1.0,0.0,0.0,0.0,0.0,0.0,0.0,0.0,0.0,1.0,1.0,1.0,1.0,0.0,0.0,NaN,10.0,10.0,10.0,NaN,NaN,NaN
91.0,NaN,7.0,0.0,97.0,NaN,2.0,0.0,36.72,NaN,0.009999999999999431,1.0,111.0,NaN,-0.5,1.0,81.0,NaN,1.5,1.0,71.0,NaN,1.0,1.0,18.0,NaN,-6.0,0.0,NaN,NaN,NaN,24.0,NaN,NaN,NaN,24.0,31.0,NaN,0.0,5.0,NaN,NaN,NaN,24.0,NaN,NaN,NaN,24.0,NaN,NaN,NaN,24.0,NaN,NaN,NaN,24.0,21.0,NaN,0.0,5.0,26.0,NaN,0.0,5.0,53.0,NaN,0.0,5.0,8.9,NaN,0.0,5.0,94.0,NaN,0.0,5.0,9.9,NaN,0.0,5.0,NaN,NaN,NaN,24.0,87.0,NaN,0.0,5.0,NaN,NaN,NaN,24.0,2.1,NaN,0.0,5.0,3.7,NaN,0.0,5.0,4.3,NaN,0.0,5.0,1.9,NaN,0.0,5.0,0.09,NaN,0.0,5.0,37.2,NaN,0.0,5.0,11.8,NaN,0.0,5.0,50.4,NaN,0.0,5.0,6.6,NaN,0.0,5.0,NaN,NaN,NaN,24.0,113.0,NaN,0.0,5.0,34.0,1.0,1.0,0.0,-8.616666666666667,12.0,0.0,0.0,1.0,0.0,0.0,0.0,0.0,0.0,0.0,0.0,1.0,1.0,1.0,1.0,0.0,0.0,NaN,10.0,10.0,10.0,NaN,NaN,NaN
89.0,NaN,-2.0,0.0,98.0,NaN,1.0,0.0,36.72,NaN,0.00833333333333286,2.0,115.0,NaN,2.0,0.0,83.0,NaN,1.0,0.0,73.0,NaN,1.0,0.0,18.0,NaN,0.0,0.0,NaN,NaN,NaN,24.0,NaN,NaN,NaN,24.0,31.0,NaN,0.0,6.0,NaN,NaN,NaN,24.0,NaN,NaN,NaN,24.0,NaN,NaN,NaN,24.0,NaN,NaN,NaN,24.0,21.0,NaN,0.0,6.0,26.0,NaN,0.0,6.0,53.0,NaN,0.0,6.0,8.9,NaN,0.0,6.0,94.0,NaN,0.0,6.0,9.9,NaN,0.0,6.0,NaN,NaN,NaN,24.0,87.0,NaN,0.0,6.0,NaN,NaN,NaN,24.0,2.1,NaN,0.0,6.0,3.7,NaN,0.0,6.0,4.3,NaN,0.0,6.0,1.9,NaN,0.0,6.0,0.09,NaN,0.0,6.0,37.2,NaN,0.0,6.0,11.8,NaN,0.0,6.0,50.4,NaN,0.0,6.0,6.6,NaN,0.0,6.0,NaN,NaN,NaN,24.0,113.0,NaN,0.0,6.0,34.0,1.0,1.0,0.0,-8.616666666666667,13.0,0.0,0.0,0.0,0.0,0.0,0.0,0.0,0.0,0.0,0.0,1.0,1.0,1.0,1.0,0.0,0.0,NaN,10.0,10.0,10.0,NaN,NaN,NaN
94.0,NaN,5.0,0.0,96.0,NaN,-2.0,0.0,36.72,NaN,0.007142857142856737,3.0,115.0,NaN,0.0,0.0,77.0,NaN,-6.0,0.0,68.0,NaN,-5.0,0.0,17.0,NaN,-1.0,0.0,NaN,NaN,NaN,24.0,NaN,NaN,NaN,24.0,31.0,NaN,0.0,7.0,NaN,NaN,NaN,24.0,NaN,NaN,NaN,24.0,NaN,NaN,NaN,24.0,NaN,NaN,NaN,24.0,21.0,NaN,0.0,7.0,26.0,NaN,0.0,7.0,53.0,NaN,0.0,7.0,8.9,NaN,0.0,7.0,94.0,NaN,0.0,7.0,9.9,NaN,0.0,7.0,NaN,NaN,NaN,24.0,87.0,NaN,0.0,7.0,NaN,NaN,NaN,24.0,2.1,NaN,0.0,7.0,3.7,NaN,0.0,7.0,4.3,NaN,0.0,7.0,1.9,NaN,0.0,7.0,0.09,NaN,0.0,7.0,37.2,NaN,0.0,7.0,11.8,NaN,0.0,7.0,50.4,NaN,0.0,7.0,6.6,NaN,0.0,7.0,NaN,NaN,NaN,24.0,113.0,NaN,0.0,7.0,34.0,1.0,1.0,0.0,-8.616666666666667,14.0,0.0,0.0,1.0,0.0,0.0,0.0,0.0,0.0,0.0,0.0,1.0,1.0,1.0,1.0,0.0,0.0,NaN,10.0,10.0,10.0,NaN,NaN,NaN
