NaN,NaN,NaN,24.0,NaN,NaN,NaN,24.0,NaN,NaN,NaN,24.0,NaN,NaN,NaN,24.0,NaN,NaN,NaN,24.0,NaN,NaN,NaN,24.0,NaN,NaN,NaN,24.0,NaN,NaN,NaN,24.0,NaN,NaN,NaN,24.0,NaN,NaN,NaN,24.0,NaN,NaN,NaN,24.0,NaN,NaN,NaN,24.0,NaN,NaN,NaN,24.0,NaN,NaN,NaN,24.0,NaN,NaN,NaN,24.0,NaN,NaN,NaN,24.0,NaN,NaN,NaN,24.0,NaN,NaN,NaN,24.0,NaN,NaN,NaN,24.0,NaN,NaN,NaN,24.0,NaN,NaN,NaN,24.0,NaN,NaN,NaN,24.0,NaN,NaN,NaN,24.0,NaN,NaN,NaN,24.0,NaN,NaN,NaN,24.0,NaN,NaN,NaN,24.0,NaN,NaN,NaN,24.0,NaN,NaN,NaN,24.0,NaN,NaN,NaN,24.0,NaN,NaN,NaN,24.0,NaN,NaN,NaN,24.0,NaN,NaN,NaN,24.0,NaN,NaN,NaN,24.0,NaN,NaN,NaN,24.0,77.0,0.0,1.0,0.0,-3.3,1.0,0.0,0.0,0.0,0.0,0.0,0.0,0.0,0.0,0.0,0.0,1.0,0.0,1.0,1.0,1.0,0.0,NaN,6.0,6.0,3.0,NaN,NaN,NaN
84.0,NaN,0.0,0.0,100.0,NaN,0.0,0.0,35.0,NaN,0.0,0.0,99.0,NaN,0.0,0.0,84.0,NaN,0.0,0.0,80.0,NaN,0.0,0.0,17.0,NaN,0.0,0.0,NaN,NaN,NaN,24.0,NaN,NaN,NaN,24.0,NaN,NaN,NaN,24.0,NaN,NaN,NaN,24.0,NaN,NaN,NaN,24.0,NaN,NaN,NaN,24.0,NaN,NaN,NaN,24.0,NaN,NaN,NaN,24.0,NaN,NaN,NaN,24.0,NaN,NaN,NaN,24.0,NaN,NaN,NaN,24.0,NaN,NaN,NaN,24.0,NaN,NaN,NaN,24.0,NaN,NaN,NaN,24.0,NaN,NaN,NaN,24.0,NaN,NaN,NaN,24.0,NaN,NaN,NaN,24.0,NaN,NaN,NaN,24.0,NaN,NaN,NaN,24.0,NaN,NaN,NaN,24.0,NaN,NaN,NaN,24.0,NaN,NaN,NaN,24.0,NaN,NaN,NaN,24.0,NaN,NaN,NaN,24.0,NaN,NaN,NaN,24.0,NaN,NaN,NaN,24.0,NaN,NaN,NaN,24.0,77.0,0.0,1.0,0.0,-3.3,2.0,1.0,0.0,0.0,0.0,0.0,0.0,0.0,0.0,0.0,0.0,1.0,0.0,1.0,1.0,1.0,0.0,NaN,6.0,6.0,3.0,NaN,NaN,NaN
74.0,NaN,-10.0,0.0,98.0,NaN,-2.0,0.0,35.0,NaN,0.0,1.0,80.0,NaN,-19.0,0.0,61.0,NaN,-23.0,0.0,54.0,NaN,-26.0,0.0,23.0,NaN,6.0,0.0,NaN,NaN,NaN,24.0,NaN,NaN,NaN,24.0,NaN,NaN,NaN,24.0,NaN,NaN,NaN,24.0,NaN,NaN,NaN,24.0,NaN,NaN,NaN,24.0,NaN,NaN,NaN,24.0,NaN,NaN,NaN,24.0,NaN,NaN,NaN,24.0,NaN,NaN,NaN,24.0,NaN,NaN,NaN,24.0,NaN,NaN,NaN,24.0,NaN,NaN,NaN,24.0,NaN,NaN,NaN,24.0,NaN,NaN,NaN,24.0,NaN,NaN,NaN,24.0,NaN,NaN,NaN,24.0,NaN,NaN,NaN,24.0,NaN,NaN,NaN,24.0,NaN,NaN,NaN,24.0,NaN,NaN,NaN,24.0,NaN,NaN,NaN,24.0,NaN,NaN,NaN,24.0,NaN,NaN,NaN,24.0,NaN,NaN,NaN,24.0,NaN,NaN,NaN,24.0,NaN,NaN,NaN,24.0,77.0,0.0,1.0,0.0,-3.3,3.0,1.0,1.0,0.0,0.0,0.0,0.0,0.0,1.0,0.0,0.0,1.0,1.0,1.0,1.0,1.0,0.0,NaN,6.0,6.0,3.0,NaN,NaN,NaN
74.0,NaN,0.0,0.0,98.0,NaN,0.0,0.0,35.0,NaN,0.0,2.0,81.0,NaN,1.0,0.0,59.0,NaN,-2.0,0.0,52.0,NaN,-2.0,0.0,23.0,NaN,0.0,0.0,NaN,NaN,NaN,24.0,NaN,NaN,NaN,24.0,12.0,NaN,0.0,0.0,NaN,NaN,NaN,24.0,NaN,NaN,NaN,24.0,NaN,NaN,NaN,24.0,NaN,NaN,NaN,24.0,37.0,NaN,0.0,0.0,62.0,NaN,0.0,0.0,85.0,NaN,0.0,0.0,7.9,NaN,0.0,0.0,115.0,NaN,0.0,0.0,1.5,NaN,0.0,0.0,NaN,NaN,NaN,24.0,105.0,NaN,0.0,0.0,NaN,NaN,NaN,24.0,2.3,NaN,0.0,0.0,5.5,NaN,0.0,0.0,4.7,NaN,0.0,0.0,0.2,NaN,0.0,0.0,0.96,NaN,0.0,0.0,NaN,NaN,NaN,24.0,NaN,NaN,NaN,24.0,25.9,NaN,0.0,0.0,NaN,NaN,NaN,24.0,NaN,NaN,NaN,24.0,NaN,NaN,NaN,24.0,77.0,0.0,1.0,0.0,-3.3,4.0,1.0,1.0,0.0,0.0,0.0,0.0,0.0,1.0,0.0,1.0,1.0,1.0,1.0,1.0,1.0,0.0,NaN,6.0,6.0,3.0,NaN,NaN,NaN
89.0,NaN,15.0,0.0,97.0,NaN,-1.0,0.0,36.4,NaN,0.4666666666666662,0.0,121.0,NaN,40.0,0.0,85.0,NaN,26.0,0.0,73.0,NaN,21.0,0.0,16.0,NaN,-7.0,0.0,NaN,NaN,NaN,24.0,NaN,NaN,0.0,0.0,12.0,NaN,0.0,1.0,NaN,NaN,NaN,24.0,7.22,NaN,0.0,0.0,38.0,NaN,0.0,0.0,NaN,NaN,NaN,24.0,37.0,NaN,0.0,1.0,62.0,NaN,0.0,1.0,85.0,NaN,0.0,1.0,7.9,NaN,0.0,1.0,115.0,NaN,0.0,1.0,1.5,NaN,0.0,1.0,NaN,NaN,NaN,24.0,105.0,NaN,0.0,1.0,1.0,NaN,0.0,0.0,2.3,NaN,0.0,1.0,5.5,NaN,0.0,1.0,4.7,NaN,0.0,1.0,0.2,NaN,0.0,1.0,0.96,NaN,0.0,1.0,NaN,NaN,NaN,24.0,NaN,NaN,NaN,24.0,25.9,NaN,0.0,1.0,NaN,NaN,NaN,24.0,NaN,NaN,NaN,24.0,NaN,NaN,NaN,24.0,77.0,0.0,1.0,0.0,-3.3,5.0,0.0,0.0,0.0,0.0,0.0,0.0,0.0,0.0,0.0,0.0,1.0,1.0,1.0,1.0,1.0,0.0,NaN,6.0,6.0,3.0,NaN,NaN,NaN
87.0,NaN,-2.0,0.0,98.0,NaN,1.0,0.0,37.3,NaN,0.8999999999999986,0.0,107.0,NaN,-14.0,0.0,76.0,NaN,-9.0,0.0,66.0,NaN,-7.0,0.0,27.0,NaN,11.0,0.0,NaN,NaN,NaN,24.0,NaN,NaN,0.0,1.0,12.0,NaN,0.0,2.0,NaN,NaN,NaN,24.0,7.22,NaN,0.0,1.0,38.0,NaN,0.0,1.0,NaN,NaN,NaN,24.0,37.0,NaN,0.0,2.0,62.0,NaN,0.0,2.0,85.0,NaN,0.0,2.0,7.9,NaN,0.0,2.0,115.0,NaN,0.0,2.0,1.5,NaN,0.0,2.0,NaN,NaN,NaN,24.0,105.0,NaN,0.0,2.0,1.0,NaN,0.0,1.0,2.3,NaN,0.0,2.0,5.5,NaN,0.0,2.0,4.7,NaN,0.0,2.0,0.2,NaN,0.0,2.0,0.96,NaN,0.0,2.0,30.2,NaN,0.0,0.0,9.2,NaN,0.0,0.0,25.9,NaN,0.0,2.0,0.6,NaN,0.0,0.0,NaN,NaN,NaN,24.0,23.0,NaN,0.0,0.0,77.0,0.0,1.0,0.0,-3.3,6.0,0.0,1.0,0.0,1.0,0.0,3.0,0.0,0.0,0.0,0.0,1.0,1.0,1.0,1.0,1.0,0.0,NaN,6.0,6.0,3.0,NaN,NaN,NaN
87.0,NaN,0.0,0.0,98.0,NaN,0.0,0.0,37.3,NaN,0.4499999999999993,1.0,103.0,NaN,-4.0,0.0,74.0,NaN,-2.0,0.0,65.0,NaN,-1.0,0.0,28.0,NaN,1.0,0.0,NaN,NaN,NaN,24.0,NaN,NaN,NaN,0.0,12.0,NaN,0.0,3.0,NaN,NaN,NaN,24.0,7.25,NaN,0.015000000000000124,0.0,33.0,NaN,-2.5,0.0,NaN,NaN,NaN,24.0,37.0,NaN,0.0,3.0,62.0,NaN,0.0,3.0,85.0,NaN,0.0,3.0,7.9,NaN,0.0,3.0,115.0,NaN,0.0,3.0,1.5,NaN,0.0,3.0,NaN,NaN,NaN,24.0,105.0,NaN,0.0,3.0,0.9,NaN,-0.04999999999999999,0.0,2.3,NaN,0.0,3.0,5.5,NaN,0.0,3.0,4.7,NaN,0.0,3.0,0.2,NaN,0.0,3.0,0.96,NaN,0.0,3.0,30.2,NaN,0.0,1.0,9.2,NaN,0.0,1.0,25.9,NaN,0.0,3.0,0.6,NaN,0.0,1.0,NaN,NaN,NaN,24.0,23.0,NaN,0.0,1.0,77.0,0.0,1.0,0.0,-3.3,7.0,0.0,1.0,0.0,1.0,0.0,0.0,0.0,0.0,0.0,0.0,1.0,1.0,1.0,1.0,1.0,0.0,NaN,6.0,6.0,3.0,NaN,NaN,NaN
92.0,NaN,5.0,0.0,97.0,NaN,-1.0,0.0,37.3,NaN,0.29999999999999954,2.0,132.0,NaN,29.0,0.0,85.0,NaN,11.0,0.0,70.0,NaN,5.0,0.0,24.0,NaN,-4.0,0.0,NaN,NaN,NaN,24.0,NaN,NaN,NaN,1.0,12.0,NaN,0.0,4.0,NaN,NaN,NaN,24.0,7.25,NaN,0.010000000000000083,1.0,33.0,NaN,-1.6666666666666667,1.0,NaN,NaN,NaN,24.0,37.0,NaN,0.0,4.0,62.0,NaN,0.0,4.0,85.0,NaN,0.0,4.0,7.9,NaN,0.0,4.0,115.0,NaN,0.0,4.0,1.5,NaN,0.0,4.0,NaN,NaN,NaN,24.0,105.0,NaN,0.0,4.0,0.9,NaN,-0.033333333333333326,1.0,2.3,NaN,0.0,4.0,5.5,NaN,0.0,4.0,4.7,NaN,0.0,4.0,0.2,NaN,0.0,4.0,0.96,NaN,0.0,4.0,30.2,NaN,0.0,2.0,9.2,NaN,0.0,2.0,25.9,NaN,0.0,4.0,0.6,NaN,0.0,2.0,NaN,NaN,NaN,24.0,23.0,NaN,0.0,2.0,77.0,0.0,1.0,0.0,-3.3,8.0,0.0,1.0,1.0,1.0,0.0,0.0,0.0,0.0,0.0,0.0,1.0,1.0,1.0,1.0,1.0,0.0,NaN,6.0,6.0,3.0,NaN,NaN,NaN
92.0,NaN,0.0,0.0,98.0,NaN,1.0,0.0,36.3,NaN,-0.3333333333333333,0.0,131.0,NaN,-1.0,0.0,87.0,NaN,2.0,0.0,73.0,NaN,3.0,0.0,21.0,NaN,-3.0,0.0,NaN,NaN,NaN,24.0,NaN,NaN,NaN,2.0,12.0,NaN,0.0,5.0,NaN,NaN,NaN,24.0,7.25,NaN,0.007500000000000062,2.0,33.0,NaN,-1.25,2.0,NaN,NaN,NaN,24.0,37.0,NaN,0.0,5.0,62.0,NaN,0.0,5.0,85.0,NaN,0.0,5.0,7.9,NaN,0.0,5.0,115.0,NaN,0.0,5.0,1.5,NaN,0.0,5.0,NaN,NaN,NaN,24.0,105.0,NaN,0.0,5.0,0.9,NaN,-0.024999999999999994,2.0,2.3,NaN,0.0,5.0,5.5,NaN,0.0,5.0,4.7,NaN,0.0,5.0,0.2,NaN,0.0,5.0,0.96,NaN,0.0,5.0,30.2,NaN,0.0,3.0,9.2,NaN,0.0,3.0,25.9,NaN,0.0,5.0,0.6,NaN,0.0,3.0,NaN,NaN,NaN,24.0,23.0,NaN,0.0,3.0,77.0,0.0,1.0,0.0,-3.3,9.0,0.0,1.0,1.0,1.0,0.0,0.0,0.0,0.0,0.0,0.0,1.0,1.0,1.0,1.0,1.0,0.0,NaN,6.0,6.0,3.0,NaN,NaN,NaN
91.0,NaN,-1.0,0.0,98.0,NaN,0.0,0.0,36.3,NaN,-0.25,1.0,136.0,NaN,5.0,0.0,86.0,NaN,-1.0,0.0,70.0,NaN,-3.0,0.0,15.0,NaN,-6.0,0.0,NaN,NaN,NaN,24.0,NaN,NaN,NaN,3.0,12.0,NaN,0.0,6.0,NaN,NaN,NaN,24.0,7.25,NaN,0.0060000000000000496,3.0,33.0,NaN,-1.0,3.0,NaN,NaN,NaN,24.0,37.0,NaN,0.0,6.0,62.0,NaN,0.0,6.0,85.0,NaN,0.0,6.0,7.9,NaN,0.0,6.0,115.0,NaN,0.0,6.0,1.5,NaN,0.0,6.0,NaN,NaN,NaN,24.0,105.0,NaN,0.0,6.0,0.9,NaN,-0.019999999999999997,3.0,2.3,NaN,0.0,6.0,5.5,NaN,0.0,6.0,4.7,NaN,0.0,6.0,0.2,NaN,0.0,6.0,0.96,NaN,0.0,6.0,30.2,NaN,0.0,4.0,9.2,NaN,0.0,4.0,25.9,NaN,0.0,6.0,0.6,NaN,0.0,4.0,NaN,NaN,NaN,24.0,23.0,NaN,0.0,4.0,77.0,0.0,1.0,0.0,-3.3,10.0,0.0,0.0,1.0,1.0,0.0,0.0,0.0,0.0,0.0,0.0,1.0,1.0,1.0,1.0,1.0,0.0,NaN,6.0,6.0,3.0,NaN,NaN,NaN
