93.0,NaN,NaN,24.0,94.0,NaN,NaN,24.0,36.67,NaN,NaN,24.0,97.0,NaN,NaN,24.0,60.0,NaN,NaN,24.0,47.0,NaN,NaN,24.0,27.0,NaN,NaN,24.0,NaN,NaN,NaN,24.0,NaN,NaN,NaN,24.0,NaN,NaN,NaN,24.0,NaN,NaN,NaN,24.0,NaN,NaN,NaN,24.0,NaN,NaN,NaN,24.0,NaN,NaN,NaN,24.0,NaN,NaN,NaN,24.0,NaN,NaN,NaN,24.0,NaN,NaN,NaN,24.0,NaN,NaN,NaN,24.0,NaN,NaN,NaN,24.0,NaN,NaN,NaN,24.0,NaN,NaN,NaN,24.0,NaN,NaN,NaN,24.0,NaN,NaN,NaN,24.0,NaN,NaN,NaN,24.0,NaN,NaN,NaN,24.0,NaN,NaN,NaN,24.0,NaN,NaN,NaN,24.0,NaN,NaN,NaN,24.0,NaN,NaN,NaN,24.0,NaN,NaN,NaN,24.0,NaN,NaN,NaN,24.0,NaN,NaN,NaN,24.0,NaN,NaN,NaN,24.0,NaN,NaN,NaN,24.0,73.0,0.0,1.0,0.0,-4.783333333333333,1.0,0.0,1.0,1.0,0.0,0.0,0.0,0.0,1.0,0.0,0.0,1.0,0.0,0.0,0.0,0.0,0.0,NaN,NaN,NaN,5.0,NaN,NaN,NaN
96.0,NaN,3.0,0.0,94.0,NaN,0.0,0.0,36.67,NaN,0.0,1.0,111.0,NaN,14.0,0.0,69.0,NaN,9.0,0.0,55.0,NaN,8.0,0.0,26.0,NaN,-1.0,0.0,NaN,NaN,NaN,24.0,NaN,NaN,NaN,24.0,NaN,NaN,NaN,24.0,NaN,NaN,NaN,24.0,NaN,NaN,NaN,24.0,NaN,NaN,NaN,24.0,NaN,NaN,NaN,24.0,NaN,NaN,NaN,24.0,NaN,NaN,NaN,24.0,NaN,NaN,NaN,24.0,NaN,NaN,NaN,24.0,NaN,NaN,NaN,24.0,NaN,NaN,NaN,24.0,NaN,NaN,NaN,24.0,NaN,NaN,NaN,24.0,NaN,NaN,NaN,24.0,NaN,NaN,NaN,24.0,NaN,NaN,NaN,24.0,NaN,NaN,NaN,24.0,NaN,NaN,NaN,24.0,NaN,NaN,NaN,24.0,NaN,NaN,NaN,24.0,NaN,NaN,NaN,24.0,NaN,NaN,NaN,24.0,NaN,NaN,NaN,24.0,NaN,NaN,NaN,24.0,NaN,NaN,NaN,24.0,73.0,0.0,1.0,0.0,-4.783333333333333,2.0,0.0,1.0,1.0,0.0,0.0,0.0,0.0,0.0,0.0,0.0,1.0,0.0,0.0,0.0,0.0,0.0,NaN,NaN,NaN,5.0,NaN,NaN,NaN
92.0,NaN,-4.0,0.0,100.0,NaN,6.0,0.0,36.78,NaN,0.054999999999999716,0.0,103.0,NaN,-8.0,0.0,58.0,NaN,-11.0,0.0,44.0,NaN,-11.0,0.0,24.0,NaN,-2.0,0.0,NaN,NaN,NaN,24.0,10.0,NaN,0.0,0.0,NaN,NaN,NaN,24.0,NaN,NaN,NaN,24.0,7.36,NaN,0.0,0.0,72.0,NaN,0.0,0.0,NaN,NaN,NaN,24.0,18.0,NaN,0.0,0.0,NaN,NaN,NaN,24.0,71.0,NaN,0.0,0.0,NaN,NaN,NaN,24.0,NaN,NaN,NaN,24.0,NaN,NaN,NaN,24.0,NaN,NaN,NaN,24.0,NaN,NaN,NaN,24.0,NaN,NaN,NaN,24.0,NaN,NaN,NaN,24.0,NaN,NaN,NaN,24.0,NaN,NaN,NaN,24.0,0.2,NaN,0.0,0.0,0.03,NaN,0.0,0.0,NaN,NaN,NaN,24.0,NaN,NaN,NaN,24.0,NaN,NaN,NaN,24.0,NaN,NaN,NaN,24.0,NaN,NaN,NaN,24.0,NaN,NaN,NaN,24.0,73.0,0.0,1.0,0.0,-4.783333333333333,3.0,0.0,1.0,1.0,0.0,0.0,0.0,0.0,1.0,0.0,0.0,1.0,0.0,0.0,0.0,0.0,0.0,NaN,NaN,NaN,5.0,NaN,NaN,NaN
92.0,NaN,0.0,0.0,96.0,NaN,-4.0,0.0,36.78,NaN,0.03666666666666648,1.0,114.0,NaN,11.0,0.0,67.0,NaN,9.0,0.0,57.0,NaN,13.0,0.0,19.0,NaN,-5.0,0.0,NaN,NaN,NaN,24.0,10.0,NaN,0.0,1.0,NaN,NaN,NaN,24.0,NaN,NaN,NaN,24.0,7.36,NaN,0.0,1.0,72.0,NaN,0.0,1.0,NaN,NaN,NaN,24.0,18.0,NaN,0.0,1.0,NaN,NaN,NaN,24.0,71.0,NaN,0.0,1.0,NaN,NaN,NaN,24.0,NaN,NaN,NaN,24.0,NaN,NaN,NaN,24.0,NaN,NaN,NaN,24.0,NaN,NaN,NaN,24.0,NaN,NaN,NaN,24.0,NaN,NaN,NaN,24.0,NaN,NaN,NaN,24.0,NaN,NaN,NaN,24.0,0.2,NaN,0.0,1.0,0.03,NaN,0.0,1.0,NaN,NaN,NaN,24.0,NaN,NaN,NaN,24.0,NaN,NaN,NaN,24.0,NaN,NaN,NaN,24.0,NaN,NaN,NaN,24.0,NaN,NaN,NaN,24.0,73.0,0.0,1.0,0.0,-4.783333333333333,4.0,0.0,0.0,1.0,0.0,0.0,0.0,0.0,0.0,0.0,0.0,1.0,0.0,0.0,0.0,0.0,0.0,NaN,NaN,NaN,5.0,NaN,NaN,NaN
96.0,NaN,4.0,0.0,95.0,NaN,-1.0,0.0,36.78,NaN,0.027499999999999858,2.0,130.0,NaN,16.0,0.0,71.0,NaN,4.0,0.0,61.0,NaN,4.0,0.0,24.0,NaN,5.0,0.0,NaN,NaN,NaN,24.0,10.0,NaN,0.0,2.0,NaN,NaN,NaN,24.0,NaN,NaN,NaN,24.0,7.36,NaN,0.0,2.0,72.0,NaN,0.0,2.0,NaN,NaN,NaN,24.0,18.0,NaN,0.0,2.0,NaN,NaN,NaN,24.0,71.0,NaN,0.0,2.0,NaN,NaN,NaN,24.0,NaN,NaN,NaN,24.0,NaN,NaN,NaN,24.0,NaN,NaN,NaN,24.0,NaN,NaN,NaN,24.0,NaN,NaN,NaN,24.0,NaN,NaN,NaN,24.0,NaN,NaN,NaN,24.0,NaN,NaN,NaN,24.0,0.2,NaN,0.0,2.0,0.03,NaN,0.0,2.0,NaN,NaN,NaN,24.0,NaN,NaN,NaN,24.0,NaN,NaN,NaN,24.0,NaN,NaN,NaN,24.0,NaN,NaN,NaN,24.0,NaN,NaN,NaN,24.0,73.0,0.0,1.0,0.0,-4.783333333333333,5.0,0.0,1.0,1.0,0.0,0.0,0.0,0.0,0.0,0.0,0.0,1.0,0.0,0.0,0.0,0.0,0.0,NaN,NaN,NaN,5.0,NaN,NaN,NaN
94.0,NaN,-2.0,0.0,91.0,NaN,-4.0,0.0,36.78,NaN,0.021999999999999888,3.0,117.0,NaN,-13.0,0.0,69.0,NaN,-2.0,0.0,55.0,NaN,-6.0,0.0,27.0,NaN,3.0,0.0,NaN,NaN,NaN,24.0,9.0,NaN,-0.3333333333333333,0.0,NaN,NaN,NaN,24.0,NaN,NaN,NaN,24.0,7.42,NaN,0.01999999999999987,0.0,57.0,NaN,-5.0,0.0,NaN,NaN,NaN,24.0,18.0,NaN,0.0,3.0,NaN,NaN,NaN,24.0,71.0,NaN,0.0,3.0,NaN,NaN,NaN,24.0,NaN,NaN,NaN,24.0,NaN,NaN,NaN,24.0,NaN,NaN,NaN,24.0,NaN,NaN,NaN,24.0,2.6,NaN,0.0,0.0,NaN,NaN,NaN,24.0,NaN,NaN,NaN,24.0,NaN,NaN,NaN,24.0,0.2,NaN,0.0,3.0,0.03,NaN,0.0,3.0,NaN,NaN,NaN,24.0,NaN,NaN,NaN,24.0,NaN,NaN,NaN,24.0,NaN,NaN,NaN,24.0,NaN,NaN,NaN,24.0,NaN,NaN,NaN,24.0,73.0,0.0,1.0,0.0,-4.783333333333333,6.0,0.0,1.0,1.0,0.0,0.0,0.0,0.0,0.0,1.0,0.0,1.0,0.0,0.0,0.0,0.0,0.0,NaN,NaN,NaN,5.0,NaN,NaN,NaN
87.0,NaN,-7.0,0.0,96.0,NaN,5.0,0.0,36.94,NaN,0.03999999999999915,0.0,100.0,NaN,-17.0,0.0,60.0,NaN,-9.0,0.0,48.0,NaN,-7.0,0.0,26.0,NaN,-1.0,0.0,NaN,NaN,NaN,24.0,9.0,NaN,-0.25,1.0,NaN,NaN,NaN,24.0,NaN,NaN,NaN,24.0,7.42,NaN,0.014999999999999902,1.0,57.0,NaN,-3.75,1.0,NaN,NaN,NaN,24.0,18.0,NaN,0.0,4.0,NaN,NaN,NaN,24.0,71.0,NaN,0.0,4.0,NaN,NaN,NaN,24.0,NaN,NaN,NaN,24.0,NaN,NaN,NaN,24.0,NaN,NaN,NaN,24.0,NaN,NaN,NaN,24.0,2.6,NaN,0.0,1.0,NaN,NaN,NaN,24.0,NaN,NaN,NaN,24.0,NaN,NaN,NaN,24.0,0.2,NaN,0.0,4.0,0.03,NaN,0.0,4.0,NaN,NaN,NaN,24.0,NaN,NaN,NaN,24.0,NaN,NaN,NaN,24.0,NaN,NaN,NaN,24.0,NaN,NaN,NaN,24.0,NaN,NaN,NaN,24.0,73.0,0.0,1.0,0.0,-4.783333333333333,7.0,0.0,1.0,0.0,0.0,0.0,0.0,0.0,1.0,0.0,0.0,1.0,0.0,0.0,0.0,0.0,0.0,NaN,NaN,NaN,5.0,NaN,NaN,NaN
88.0,NaN,1.0,0.0,96.0,NaN,0.0,0.0,36.94,NaN,0.03199999999999932,1.0,109.0,NaN,9.0,0.0,64.0,NaN,4.0,0.0,49.0,NaN,1.0,0.0,28.0,NaN,2.0,0.0,NaN,NaN,NaN,24.0,9.0,NaN,-0.2,2.0,NaN,NaN,NaN,24.0,NaN,NaN,NaN,24.0,7.42,NaN,0.011999999999999922,2.0,57.0,NaN,-3.0,2.0,NaN,NaN,NaN,24.0,18.0,NaN,0.0,5.0,NaN,NaN,NaN,24.0,71.0,NaN,0.0,5.0,NaN,NaN,NaN,24.0,NaN,NaN,NaN,24.0,NaN,NaN,NaN,24.0,NaN,NaN,NaN,24.0,NaN,NaN,NaN,24.0,2.6,NaN,0.0,2.0,NaN,NaN,NaN,24.0,NaN,NaN,NaN,24.0,NaN,NaN,NaN,24.0,0.2,NaN,0.0,5.0,0.03,NaN,0.0,5.0,NaN,NaN,NaN,24.0,NaN,NaN,NaN,24.0,NaN,NaN,NaN,24.0,NaN,NaN,NaN,24.0,NaN,NaN,NaN,24.0,NaN,NaN,NaN,24.0,73.0,0.0,1.0,0.0,-4.783333333333333,8.0,0.0,1.0,0.0,0.0,0.0,0.0,0.0,1.0,0.0,0.0,1.0,0.0,0.0,0.0,0.0,0.0,NaN,NaN,NaN,5.0,NaN,NaN,NaN
81.0,NaN,-7.0,0.0,98.0,NaN,2.0,0.0,36.94,NaN,0.0266666666666661,2.0,99.0,NaN,-10.0,0.0,59.0,NaN,-5.0,0.0,47.0,NaN,-2.0,0.0,24.0,NaN,-4.0,0.0,NaN,NaN,NaN,24.0,9.0,NaN,-0.16666666666666666,3.0,NaN,NaN,NaN,24.0,NaN,NaN,NaN,24.0,7.42,NaN,0.009999999999999934,3.0,57.0,NaN,-2.5,3.0,NaN,NaN,NaN,24.0,18.0,NaN,0.0,6.0,NaN,NaN,NaN,24.0,71.0,NaN,0.0,6.0,NaN,NaN,NaN,24.0,NaN,NaN,NaN,24.0,NaN,NaN,NaN,24.0,NaN,NaN,NaN,24.0,NaN,NaN,NaN,24.0,2.6,NaN,0.0,3.0,NaN,NaN,NaN,24.0,NaN,NaN,NaN,24.0,NaN,NaN,NaN,24.0,0.2,NaN,0.0,6.0,0.03,NaN,0.0,6.0,NaN,NaN,NaN,24.0,NaN,NaN,NaN,24.0,NaN,NaN,NaN,24.0,NaN,NaN,NaN,24.0,NaN,NaN,NaN,24.0,NaN,NaN,NaN,24.0,73.0,0.0,1.0,0.0,-4.783333333333333,9.0,0.0,1.0,0.0,0.0,0.0,0.0,0.0,1.0,0.0,0.0,1.0,0.0,0.0,0.0,0.0,0.0,NaN,NaN,NaN,5.0,NaN,NaN,NaN
83.0,NaN,2.0,0.0,98.0,NaN,0.0,0.0,36.94,NaN,0.02285714285714237,3.0,116.0,NaN,17.0,0.0,66.0,NaN,7.0,0.0,50.0,NaN,3.0,0.0,26.0,NaN,2.0,0.0,NaN,NaN,NaN,24.0,9.0,NaN,-0.14285714285714285,4.0,NaN,NaN,NaN,24.0,NaN,NaN,NaN,24.0,7.42,NaN,0.008571428571428516,4.0,57.0,NaN,-2.142857142857143,4.0,NaN,NaN,NaN,24.0,18.0,NaN,0.0,7.0,NaN,NaN,NaN,24.0,71.0,NaN,0.0,7.0,NaN,NaN,NaN,24.0,NaN,NaN,NaN,24.0,NaN,NaN,NaN,24.0,NaN,NaN,NaN,24.0,NaN,NaN,NaN,24.0,2.6,NaN,0.0,4.0,NaN,NaN,NaN,24.0,NaN,NaN,NaN,24.0,NaN,NaN,NaN,24.0,0.2,NaN,0.0,7.0,0.03,NaN,0.0,7.0,NaN,NaN,NaN,24.0,NaN,NaN,NaN,24.0,NaN,NaN,NaN,24.0,NaN,NaN,NaN,24.0,NaN,NaN,NaN,24.0,NaN,NaN,NaN,24.0,73.0,0.0,1.0,0.0,-4.783333333333333,10.0,0.0,1.0,0.0,0.0,0.0,0.0,0.0,0.0,0.0,0.0,1.0,0.0,0.0,0.0,0.0,0.0,NaN,NaN,NaN,5.0,NaN,NaN,NaN
81.0,NaN,-2.0,0.0,96.0,NaN,-2.0,0.0,37.0,NaN,0.015000000000000568,0.0,96.0,NaN,-20.0,0.0,59.0,NaN,-7.0,0.0,48.0,NaN,-2.0,0.0,24.0,NaN,-2.0,0.0,NaN,NaN,NaN,24.0,9.0,NaN,-0.125,5.0,NaN,NaN,NaN,24.0,NaN,NaN,NaN,24.0,7.42,NaN,0.007499999999999951,5.0,57.0,NaN,-1.875,5.0,NaN,NaN,NaN,24.0,18.0,NaN,0.0,8.0,NaN,NaN,NaN,24.0,71.0,NaN,0.0,8.0,NaN,NaN,NaN,24.0,NaN,NaN,NaN,24.0,NaN,NaN,NaN,24.0,NaN,NaN,NaN,24.0,NaN,NaN,NaN,24.0,2.6,NaN,0.0,5.0,NaN,NaN,NaN,24.0,NaN,NaN,NaN,24.0,NaN,NaN,NaN,24.0,0.2,NaN,0.0,8.0,0.03,NaN,0.0,8.0,NaN,NaN,NaN,24.0,NaN,NaN,NaN,24.0,NaN,NaN,NaN,24.0,NaN,NaN,NaN,24.0,NaN,NaN,NaN,24.0,NaN,NaN,NaN,24.0,73.0,0.0,1.0,0.0,-4.783333333333333,11.0,0.0,1.0,0.0,0.0,0.0,0.0,0.0,1.0,0.0,0.0,1.0,0.0,0.0,0.0,0.0,0.0,NaN,NaN,NaN,5.0,NaN,NaN,NaN
74.0,NaN,-7.0,0.0,97.0,NaN,1.0,0.0,37.0,NaN,0.012000000000000455,1.0,100.0,NaN,4.0,0.0,56.0,NaN,-3.0,0.0,43.0,NaN,-5.0,0.0,27.0,NaN,3.0,0.0,NaN,NaN,NaN,24.0,9.0,NaN,-0.1111111111111111,6.0,NaN,NaN,NaN,24.0,NaN,NaN,NaN,24.0,7.42,NaN,0.006666666666666623,6.0,57.0,NaN,-1.6666666666666667,6.0,NaN,NaN,NaN,24.0,18.0,NaN,0.0,9.0,NaN,NaN,NaN,24.0,71.0,NaN,0.0,9.0,NaN,NaN,NaN,24.0,NaN,NaN,NaN,24.0,NaN,NaN,NaN,24.0,NaN,NaN,NaN,24.0,NaN,NaN,NaN,24.0,2.6,NaN,0.0,6.0,NaN,NaN,NaN,24.0,NaN,NaN,NaN,24.0,NaN,NaN,NaN,24.0,0.2,NaN,0.0,9.0,0.03,NaN,0.0,9.0,NaN,NaN,NaN,24.0,NaN,NaN,NaN,24.0,NaN,NaN,NaN,24.0,NaN,NaN,NaN,24.0,NaN,NaN,NaN,24.0,NaN,NaN,NaN,24.0,73.0,0.0,1.0,0.0,-4.783333333333333,12.0,0.0,1.0,0.0,0.0,0.0,0.0,0.0,1.0,0.0,0.0,1.0,0.0,0.0,0.0,0.0,0.0,NaN,NaN,NaN,5.0,NaN,NaN,NaN
81.0,NaN,7.0,0.0,97.0,NaN,0.0,0.0,37.0,NaN,0.010000000000000378,2.0,122.0,NaN,22.0,0.0,82.0,NaN,26.0,0.0,68.0,NaN,25.0,0.0,25.0,NaN,-2.0,0.0,NaN,NaN,NaN,24.0,9.0,NaN,-0.1,7.0,NaN,NaN,NaN,24.0,NaN,NaN,NaN,24.0,7.42,NaN,0.005999999999999961,7.0,57.0,NaN,-1.5,7.0,NaN,NaN,NaN,24.0,18.0,NaN,0.0,10.0,NaN,NaN,NaN,24.0,71.0,NaN,0.0,10.0,NaN,NaN,NaN,24.0,NaN,NaN,NaN,24.0,NaN,NaN,NaN,24.0,NaN,NaN,NaN,24.0,NaN,NaN,NaN,24.0,2.6,NaN,0.0,7.0,NaN,NaN,NaN,24.0,NaN,NaN,NaN,24.0,NaN,NaN,NaN,24.0,0.2,NaN,0.0,10.0,0.03,NaN,0.0,10.0,NaN,NaN,NaN,24.0,NaN,NaN,NaN,24.0,NaN,NaN,NaN,24.0,NaN,NaN,NaN,24.0,NaN,NaN,NaN,24.0,NaN,NaN,NaN,24.0,73.0,0.0,1.0,0.0,-4.783333333333333,13.0,0.0,1.0,0.0,0.0,0.0,0.0,0.0,0.0,0.0,0.0,1.0,0.0,0.0,0.0,0.0,0.0,NaN,NaN,NaN,5.0,NaN,NaN,NaN
82.0,NaN,1.0,0.0,96.0,NaN,-1.0,0.0,37.0,NaN,0.008571428571428896,3.0,103.0,NaN,-19.0,0.0,60.0,NaN,-22.0,0.0,46.0,NaN,-22.0,0.0,23.0,NaN,-2.0,0.0,NaN,NaN,NaN,24.0,9.0,NaN,-0.09090909090909091,8.0,NaN,NaN,NaN,24.0,NaN,NaN,NaN,24.0,7.42,NaN,0.005454545454545419,8.0,57.0,NaN,-1.3636363636363635,8.0,NaN,NaN,NaN,24.0,18.0,NaN,0.0,11.0,NaN,NaN,NaN,24.0,71.0,NaN,0.0,11.0,NaN,NaN,NaN,24.0,NaN,NaN,NaN,24.0,NaN,NaN,NaN,24.0,NaN,NaN,NaN,24.0,NaN,NaN,NaN,24.0,2.6,NaN,0.0,8.0,NaN,NaN,NaN,24.0,NaN,NaN,NaN,24.0,NaN,NaN,NaN,24.0,0.2,NaN,0.0,11.0,0.03,NaN,0.0,11.0,NaN,NaN,NaN,24.0,NaN,NaN,NaN,24.0,NaN,NaN,NaN,24.0,NaN,NaN,NaN,24.0,NaN,NaN,NaN,24.0,NaN,NaN,NaN,24.0,73.0,0.0,1.0,0.0,-4.783333333333333,14.0,0.0,1.0,0.0,0.0,0.0,0.0,0.0,1.0,0.0,0.0,1.0,0.0,0.0,0.0,0.0,0.0,NaN,NaN,NaN,5.0,NaN,NaN,NaN
83.0,NaN,1.0,0.0,97.0,NaN,1.0,0.0,37.0,NaN,0.007500000000000284,4.0,128.0,NaN,25.0,0.0,74.0,NaN,14.0,0.0,56.0,NaN,10.0,0.0,25.0,NaN,2.0,0.0,NaN,NaN,NaN,24.0,9.0,NaN,-0.08333333333333333,9.0,NaN,NaN,NaN,24.0,NaN,NaN,NaN,24.0,7.42,NaN,0.004999999999999967,9.0,57.0,NaN,-1.25,9.0,NaN,NaN,NaN,24.0,18.0,NaN,0.0,12.0,NaN,NaN,NaN,24.0,71.0,NaN,0.0,12.0,NaN,NaN,NaN,24.0,NaN,NaN,NaN,24.0,NaN,NaN,NaN,24.0,NaN,NaN,NaN,24.0,NaN,NaN,NaN,24.0,2.6,NaN,0.0,9.0,NaN,NaN,NaN,24.0,NaN,NaN,NaN,24.0,NaN,NaN,NaN,24.0,0.2,NaN,0.0,12.0,0.03,NaN,0.0,12.0,NaN,NaN,NaN,24.0,NaN,NaN,NaN,24.0,NaN,NaN,NaN,24.0,NaN,NaN,NaN,24.0,NaN,NaN,NaN,24.0,NaN,NaN,NaN,24.0,73.0,0.0,1.0,0.0,-4.783333333333333,15.0,0.0,1.0,0.0,0.0,0.0,0.0,0.0,0.0,0.0,0.0,1.0,0.0,0.0,0.0,0.0,0.0,NaN,NaN,NaN,5.0,NaN,NaN,NaN
83.0,NaN,0.5,1.0,97.0,NaN,0.5,1.0,37.0,NaN,0.0066666666666669195,5.0,128.0,NaN,12.5,1.0,74.0,NaN,7.0,1.0,56.0,NaN,5.0,1.0,25.0,NaN,1.0,1.0,NaN,NaN,NaN,24.0,9.0,NaN,-0.07692307692307693,10.0,NaN,NaN,NaN,24.0,NaN,NaN,NaN,24.0,7.42,NaN,0.0046153846153845855,10.0,57.0,NaN,-1.1538461538461537,10.0,NaN,NaN,NaN,24.0,18.0,NaN,0.0,13.0,NaN,NaN,NaN,24.0,71.0,NaN,0.0,13.0,NaN,NaN,NaN,24.0,NaN,NaN,NaN,24.0,NaN,NaN,NaN,24.0,NaN,NaN,NaN,24.0,NaN,NaN,NaN,24.0,2.5,NaN,-0.010000000000000009,0.0,NaN,NaN,NaN,24.0,NaN,NaN,NaN,24.0,NaN,NaN,NaN,24.0,0.2,NaN,0.0,13.0,0.03,NaN,0.0,13.0,NaN,NaN,NaN,24.0,NaN,NaN,NaN,24.0,NaN,NaN,NaN,24.0,NaN,NaN,NaN,24.0,NaN,NaN,NaN,24.0,NaN,NaN,NaN,24.0,73.0,0.0,1.0,0.0,-4.783333333333333,16.0,0.0,1.0,0.0,0.0,0.0,0.0,0.0,0.0,1.0,0.0,1.0,0.0,0.0,0.0,0.0,0.0,NaN,NaN,NaN,5.0,NaN,NaN,NaN
