66.0,NaN,NaN,24.0,100.0,NaN,NaN,24.0,37.33,NaN,NaN,24.0,110.0,NaN,NaN,24.0,65.0,NaN,NaN,24.0,49.0,NaN,NaN,24.0,14.0,NaN,NaN,24.0,NaN,NaN,NaN,24.0,NaN,NaN,NaN,24.0,NaN,NaN,NaN,24.0,NaN,NaN,NaN,24.0,NaN,NaN,NaN,24.0,NaN,NaN,NaN,24.0,NaN,NaN,NaN,24.0,NaN,NaN,NaN,24.0,NaN,NaN,NaN,24.0,NaN,NaN,NaN,24.0,NaN,NaN,NaN,24.0,NaN,NaN,NaN,24.0,NaN,NaN,NaN,24.0,NaN,NaN,NaN,24.0,NaN,NaN,NaN,24.0,NaN,NaN,NaN,24.0,NaN,NaN,NaN,24.0,NaN,NaN,NaN,24.0,NaN,NaN,NaN,24.0,NaN,NaN,NaN,24.0,NaN,NaN,NaN,24.0,NaN,NaN,NaN,24.0,NaN,NaN,NaN,24.0,NaN,NaN,NaN,24.0,NaN,NaN,NaN,24.0,NaN,NaN,NaN,24.0,NaN,NaN,NaN,24.0,67.0,0.0,0.0,1.0,-5.5,1.0,0.0,0.0,0.0,0.0,0.0,0.0,0.0,1.0,0.0,0.0,1.0,0.0,0.0,NaN,0.0,0.0,NaN,NaN,NaN,NaN,NaN,NaN,NaN
61.5,NaN,-4.5,0.0,98.0,NaN,-2.0,0.0,37.33,NaN,0.0,1.0,101.0,NaN,-9.0,0.0,67.0,NaN,2.0,0.0,58.0,NaN,9.0,0.0,16.0,NaN,2.0,0.0,NaN,NaN,NaN,24.0,NaN,NaN,NaN,24.0,NaN,NaN,NaN,24.0,NaN,NaN,NaN,24.0,NaN,NaN,NaN,24.0,NaN,NaN,NaN,24.0,NaN,NaN,NaN,24.0,NaN,NaN,NaN,24.0,NaN,NaN,NaN,24.0,NaN,NaN,NaN,24.0,NaN,NaN,NaN,24.0,NaN,NaN,NaN,24.0,NaN,NaN,NaN,24.0,NaN,NaN,NaN,24.0,134.0,NaN,0.0,0.0,NaN,NaN,NaN,24.0,NaN,NaN,NaN,24.0,NaN,NaN,NaN,24.0,NaN,NaN,NaN,24.0,NaN,NaN,NaN,24.0,NaN,NaN,NaN,24.0,NaN,NaN,NaN,24.0,NaN,NaN,NaN,24.0,NaN,NaN,NaN,24.0,NaN,NaN,NaN,24.0,NaN,NaN,NaN,24.0,NaN,NaN,NaN,24.0,67.0,0.0,0.0,1.0,-5.5,2.0,0.0,0.0,0.0,0.0,0.0,0.0,0.0,0.0,0.0,0.0,1.0,0.0,0.0,NaN,0.0,0.0,NaN,NaN,NaN,NaN,NaN,NaN,NaN
58.0,NaN,-3.5,0.0,100.0,NaN,2.0,0.0,37.33,NaN,0.0,2.0,111.0,NaN,10.0,0.0,72.0,NaN,5.0,0.0,60.0,NaN,2.0,0.0,18.0,NaN,2.0,0.0,NaN,NaN,NaN,24.0,NaN,NaN,NaN,24.0,27.0,NaN,0.0,0.0,NaN,NaN,NaN,24.0,NaN,NaN,NaN,24.0,NaN,NaN,NaN,24.0,NaN,NaN,NaN,24.0,NaN,NaN,NaN,24.0,12.0,NaN,0.0,0.0,NaN,NaN,NaN,24.0,9.2,NaN,0.0,0.0,106.0,NaN,0.0,0.0,0.9,NaN,0.0,0.0,NaN,NaN,NaN,24.0,132.0,NaN,-2.0,0.0,NaN,NaN,NaN,24.0,2.1,NaN,0.0,0.0,4.0,NaN,0.0,0.0,4.0,NaN,0.0,0.0,NaN,NaN,NaN,24.0,NaN,NaN,NaN,24.0,36.6,NaN,0.0,0.0,12.9,NaN,0.0,0.0,NaN,NaN,NaN,24.0,7.7,NaN,0.0,0.0,NaN,NaN,NaN,24.0,308.0,NaN,0.0,0.0,67.0,0.0,0.0,1.0,-5.5,3.0,0.0,0.0,0.0,0.0,0.0,0.0,0.0,0.0,0.0,0.0,1.0,0.0,0.0,NaN,0.0,0.0,NaN,NaN,NaN,NaN,NaN,NaN,NaN
58.0,NaN,0.0,0.0,98.0,NaN,-2.0,0.0,37.33,NaN,0.0,3.0,104.0,NaN,-7.0,0.0,66.0,NaN,-6.0,0.0,53.0,NaN,-7.0,0.0,12.0,NaN,-6.0,0.0,NaN,NaN,NaN,24.0,NaN,NaN,NaN,24.0,27.0,NaN,0.0,1.0,NaN,NaN,NaN,24.0,NaN,NaN,NaN,24.0,NaN,NaN,NaN,24.0,NaN,NaN,NaN,24.0,NaN,NaN,NaN,24.0,12.0,NaN,0.0,1.0,NaN,NaN,NaN,24.0,9.2,NaN,0.0,1.0,106.0,NaN,0.0,1.0,0.9,NaN,0.0,1.0,NaN,NaN,NaN,24.0,132.0,NaN,-1.0,1.0,NaN,NaN,NaN,24.0,2.1,NaN,0.0,1.0,4.0,NaN,0.0,1.0,4.0,NaN,0.0,1.0,NaN,NaN,NaN,24.0,NaN,NaN,NaN,24.0,36.6,NaN,0.0,1.0,12.9,NaN,0.0,1.0,NaN,NaN,NaN,24.0,7.7,NaN,0.0,1.0,NaN,NaN,NaN,24.0,308.0,NaN,0.0,1.0,67.0,0.0,0.0,1.0,-5.5,4.0,0.0,0.0,0.0,0.0,0.0,0.0,0.0,0.0,0.0,0.0,1.0,0.0,0.0,NaN,0.0,0.0,NaN,NaN,NaN,NaN,NaN,NaN,NaN
56.0,NaN,-2.0,0.0,97.0,NaN,-1.0,0.0,36.94,NaN,-0.09750000000000014,0.0,97.0,NaN,-7.0,0.0,66.0,NaN,0.0,0.0,56.0,NaN,3.0,0.0,12.0,NaN,0.0,0.0,NaN,NaN,NaN,24.0,NaN,NaN,NaN,24.0,27.0,NaN,0.0,2.0,NaN,NaN,NaN,24.0,NaN,NaN,NaN,24.0,NaN,NaN,NaN,24.0,NaN,NaN,NaN,24.0,NaN,NaN,NaN,24.0,12.0,NaN,0.0,2.0,NaN,NaN,NaN,24.0,9.2,NaN,0.0,2.0,106.0,NaN,0.0,2.0,0.9,NaN,0.0,2.0,NaN,NaN,NaN,24.0,132.0,NaN,-0.6666666666666666,2.0,NaN,NaN,NaN,24.0,2.1,NaN,0.0,2.0,4.0,NaN,0.0,2.0,4.0,NaN,0.0,2.0,NaN,NaN,NaN,24.0,NaN,NaN,NaN,24.0,36.6,NaN,0.0,2.0,12.9,NaN,0.0,2.0,NaN,NaN,NaN,24.0,7.7,NaN,0.0,2.0,NaN,NaN,NaN,24.0,308.0,NaN,0.0,2.0,67.0,0.0,0.0,1.0,-5.5,5.0,0.0,0.0,0.0,0.0,0.0,0.0,0.0,0.0,0.0,0.0,1.0,0.0,0.0,NaN,0.0,0.0,NaN,NaN,NaN,NaN,NaN,NaN,NaN
55.0,NaN,-1.0,0.0,97.0,NaN,0.0,0.0,36.94,NaN,-0.07800000000000011,1.0,98.0,NaN,1.0,0.0,63.0,NaN,-3.0,0.0,52.0,NaN,-4.0,0.0,11.0,NaN,-1.0,0.0,NaN,NaN,NaN,24.0,NaN,NaN,NaN,24.0,27.0,NaN,0.0,3.0,NaN,NaN,NaN,24.0,NaN,NaN,NaN,24.0,NaN,NaN,NaN,24.0,NaN,NaN,NaN,24.0,NaN,NaN,NaN,24.0,12.0,NaN,0.0,3.0,NaN,NaN,NaN,24.0,9.2,NaN,0.0,3.0,106.0,NaN,0.0,3.0,0.9,NaN,0.0,3.0,NaN,NaN,NaN,24.0,132.0,NaN,-0.5,3.0,NaN,NaN,NaN,24.0,2.1,NaN,0.0,3.0,4.0,NaN,0.0,3.0,4.0,NaN,0.0,3.0,NaN,NaN,NaN,24.0,NaN,NaN,NaN,24.0,36.6,NaN,0.0,3.0,12.9,NaN,0.0,3.0,NaN,NaN,NaN,24.0,7.7,NaN,0.0,3.0,NaN,NaN,NaN,24.0,308.0,NaN,0.0,3.0,67.0,0.0,0.0,1.0,-5.5,6.0,0.0,0.0,0.0,0.0,0.0,0.0,0.0,1.0,0.0,0.0,1.0,0.0,0.0,NaN,0.0,0.0,NaN,NaN,NaN,NaN,NaN,NaN,NaN
55.0,NaN,0.0,0.0,97.0,NaN,0.0,0.0,36.94,NaN,-0.0650000000000001,2.0,101.0,NaN,3.0,0.0,67.0,NaN,4.0,0.0,56.0,NaN,4.0,0.0,11.0,NaN,0.0,0.0,NaN,NaN,NaN,24.0,NaN,NaN,NaN,24.0,27.0,NaN,0.0,4.0,NaN,NaN,NaN,24.0,NaN,NaN,NaN,24.0,NaN,NaN,NaN,24.0,NaN,NaN,NaN,24.0,NaN,NaN,NaN,24.0,12.0,NaN,0.0,4.0,NaN,NaN,NaN,24.0,9.2,NaN,0.0,4.0,106.0,NaN,0.0,4.0,0.9,NaN,0.0,4.0,NaN,NaN,NaN,24.0,132.0,NaN,-0.4,4.0,NaN,NaN,NaN,24.0,2.1,NaN,0.0,4.0,4.0,NaN,0.0,4.0,4.0,NaN,0.0,4.0,NaN,NaN,NaN,24.0,NaN,NaN,NaN,24.0,36.6,NaN,0.0,4.0,12.9,NaN,0.0,4.0,NaN,NaN,NaN,24.0,7.7,NaN,0.0,4.0,NaN,NaN,NaN,24.0,308.0,NaN,0.0,4.0,67.0,0.0,0.0,1.0,-5.5,7.0,0.0,0.0,0.0,0.0,0.0,0.0,0.0,0.0,0.0,0.0,1.0,0.0,0.0,NaN,0.0,0.0,NaN,NaN,NaN,NaN,NaN,NaN,NaN
58.0,NaN,3.0,0.0,97.0,NaN,0.0,0.0,36.94,NaN,-0.05571428571428579,3.0,102.0,NaN,1.0,0.0,65.0,NaN,-2.0,0.0,52.0,NaN,-4.0,0.0,12.0,NaN,1.0,0.0,NaN,NaN,NaN,24.0,NaN,NaN,NaN,24.0,27.0,NaN,0.0,5.0,NaN,NaN,NaN,24.0,NaN,NaN,NaN,24.0,NaN,NaN,NaN,24.0,NaN,NaN,NaN,24.0,NaN,NaN,NaN,24.0,12.0,NaN,0.0,5.0,NaN,NaN,NaN,24.0,9.2,NaN,0.0,5.0,106.0,NaN,0.0,5.0,0.9,NaN,0.0,5.0,NaN,NaN,NaN,24.0,132.0,NaN,-0.3333333333333333,5.0,NaN,NaN,NaN,24.0,2.1,NaN,0.0,5.0,4.0,NaN,0.0,5.0,4.0,NaN,0.0,5.0,NaN,NaN,NaN,24.0,NaN,NaN,NaN,24.0,36.6,NaN,0.0,5.0,12.9,NaN,0.0,5.0,NaN,NaN,NaN,24.0,7.7,NaN,0.0,5.0,NaN,NaN,NaN,24.0,308.0,NaN,0.0,5.0,67.0,0.0,0.0,1.0,-5.5,8.0,0.0,0.0,0.0,0.0,0.0,0.0,0.0,1.0,0.0,0.0,1.0,0.0,0.0,NaN,0.0,0.0,NaN,NaN,NaN,NaN,NaN,NaN,NaN
63.0,NaN,5.0,0.0,97.0,NaN,0.0,0.0,36.94,NaN,-0.04875000000000007,4.0,112.0,NaN,10.0,0.0,72.0,NaN,7.0,0.0,59.0,NaN,7.0,0.0,17.0,NaN,5.0,0.0,NaN,NaN,NaN,24.0,NaN,NaN,NaN,24.0,27.0,NaN,0.0,6.0,NaN,NaN,NaN,24.0,NaN,NaN,NaN,24.0,NaN,NaN,NaN,24.0,NaN,NaN,NaN,24.0,NaN,NaN,NaN,24.0,12.0,NaN,0.0,6.0,NaN,NaN,NaN,24.0,9.2,NaN,0.0,6.0,106.0,NaN,0.0,6.0,0.9,NaN,0.0,6.0,NaN,NaN,NaN,24.0,132.0,NaN,-0.2857142857142857,6.0,NaN,NaN,NaN,24.0,2.1,NaN,0.0,6.0,4.0,NaN,0.0,6.0,4.0,NaN,0.0,6.0,NaN,NaN,NaN,24.0,NaN,NaN,NaN,24.0,36.6,NaN,0.0,6.0,12.9,NaN,0.0,6.0,NaN,NaN,NaN,24.0,7.7,NaN,0.0,6.0,NaN,NaN,NaN,24.0,308.0,NaN,0.0,6.0,67.0,0.0,0.0,1.0,-5.5,9.0,0.0,0.0,0.0,0.0,0.0,0.0,0.0,0.0,0.0,0.0,1.0,0.0,0.0,NaN,0.0,0.0,NaN,NaN,NaN,NaN,NaN,NaN,NaN
61.0,NaN,-2.0,0.0,98.0,NaN,1.0,0.0,36.94,NaN,-0.0433333333333334,5.0,117.0,NaN,5.0,0.0,78.0,NaN,6.0,0.0,67.0,NaN,8.0,0.0,13.0,NaN,-4.0,0.0,NaN,NaN,NaN,24.0,NaN,NaN,NaN,24.0,27.0,NaN,0.0,7.0,NaN,NaN,NaN,24.0,NaN,NaN,NaN,24.0,NaN,NaN,NaN,24.0,NaN,NaN,NaN,24.0,NaN,NaN,NaN,24.0,12.0,NaN,0.0,7.0,NaN,NaN,NaN,24.0,9.2,NaN,0.0,7.0,106.0,NaN,0.0,7.0,0.9,NaN,0.0,7.0,NaN,NaN,NaN,24.0,132.0,NaN,-0.25,7.0,NaN,NaN,NaN,24.0,2.1,NaN,0.0,7.0,4.0,NaN,0.0,7.0,4.0,NaN,0.0,7.0,NaN,NaN,NaN,24.0,NaN,NaN,NaN,24.0,36.6,NaN,0.0,7.0,12.9,NaN,0.0,7.0,NaN,NaN,NaN,24.0,7.7,NaN,0.0,7.0,NaN,NaN,NaN,24.0,308.0,NaN,0.0,7.0,67.0,0.0,0.0,1.0,-5.5,10.0,0.0,0.0,0.0,0.0,0.0,0.0,0.0,0.0,0.0,0.0,1.0,0.0,0.0,NaN,0.0,0.0,NaN,NaN,NaN,NaN,NaN,NaN,NaN
61.0,NaN,-1.0,1.0,100.0,NaN,2.0,0.0,36.94,NaN,-0.039000000000000055,6.0,115.0,NaN,-2.0,0.0,76.0,NaN,-2.0,0.0,64.0,NaN,-3.0,0.0,15.0,NaN,2.0,0.0,NaN,NaN,NaN,24.0,NaN,NaN,NaN,24.0,27.0,NaN,0.0,8.0,NaN,NaN,NaN,24.0,NaN,NaN,NaN,24.0,NaN,NaN,NaN,24.0,NaN,NaN,NaN,24.0,NaN,NaN,NaN,24.0,12.0,NaN,0.0,8.0,NaN,NaN,NaN,24.0,9.2,NaN,0.0,8.0,106.0,NaN,0.0,8.0,0.9,NaN,0.0,8.0,NaN,NaN,NaN,24.0,132.0,NaN,-0.2222222222222222,8.0,NaN,NaN,NaN,24.0,2.1,NaN,0.0,8.0,4.0,NaN,0.0,8.0,4.0,NaN,0.0,8.0,NaN,NaN,NaN,24.0,NaN,NaN,NaN,24.0,36.6,NaN,0.0,8.0,12.9,NaN,0.0,8.0,NaN,NaN,NaN,24.0,7.7,NaN,0.0,8.0,NaN,NaN,NaN,24.0,308.0,NaN,0.0,8.0,67.0,0.0,0.0,1.0,-5.5,11.0,0.0,0.0,0.0,0.0,0.0,0.0,0.0,0.0,0.0,0.0,1.0,0.0,0.0,NaN,0.0,0.0,NaN,NaN,NaN,NaN,NaN,NaN,NaN
62.0,NaN,0.5,0.0,98.0,NaN,-2.0,0.0,36.94,NaN,-0.03545454545454551,7.0,115.0,NaN,-1.0,1.0,76.0,NaN,-1.0,1.0,64.0,NaN,-1.5,1.0,13.0,NaN,-2.0,0.0,NaN,NaN,NaN,24.0,NaN,NaN,NaN,24.0,27.0,NaN,0.0,9.0,NaN,NaN,NaN,24.0,NaN,NaN,NaN,24.0,NaN,NaN,NaN,24.0,NaN,NaN,NaN,24.0,NaN,NaN,NaN,24.0,12.0,NaN,0.0,9.0,NaN,NaN,NaN,24.0,9.2,NaN,0.0,9.0,106.0,NaN,0.0,9.0,0.9,NaN,0.0,9.0,NaN,NaN,NaN,24.0,132.0,NaN,-0.2,9.0,NaN,NaN,NaN,24.0,2.1,NaN,0.0,9.0,4.0,NaN,0.0,9.0,4.0,NaN,0.0,9.0,NaN,NaN,NaN,24.0,NaN,NaN,NaN,24.0,36.6,NaN,0.0,9.0,12.9,NaN,0.0,9.0,NaN,NaN,NaN,24.0,7.7,NaN,0.0,9.0,NaN,NaN,NaN,24.0,308.0,NaN,0.0,9.0,67.0,0.0,0.0,1.0,-5.5,12.0,0.0,0.0,0.0,0.0,0.0,0.0,0.0,0.0,0.0,0.0,1.0,0.0,0.0,NaN,0.0,0.0,NaN,NaN,NaN,NaN,NaN,NaN,NaN
