83.0,NaN,NaN,24.0,98.0,NaN,NaN,24.0,NaN,NaN,NaN,24.0,74.0,NaN,NaN,24.0,51.0,NaN,NaN,24.0,37.0,NaN,NaN,24.0,28.0,NaN,NaN,24.0,NaN,NaN,NaN,24.0,NaN,NaN,NaN,24.0,NaN,NaN,NaN,24.0,NaN,NaN,NaN,24.0,NaN,NaN,NaN,24.0,NaN,NaN,NaN,24.0,NaN,NaN,NaN,24.0,NaN,NaN,NaN,24.0,NaN,NaN,NaN,24.0,NaN,NaN,NaN,24.0,NaN,NaN,NaN,24.0,NaN,NaN,NaN,24.0,NaN,NaN,NaN,24.0,NaN,NaN,NaN,24.0,NaN,NaN,NaN,24.0,NaN,NaN,NaN,24.0,NaN,NaN,NaN,24.0,NaN,NaN,NaN,24.0,NaN,NaN,NaN,24.0,NaN,NaN,NaN,24.0,NaN,NaN,NaN,24.0,NaN,NaN,NaN,24.0,NaN,NaN,NaN,24.0,NaN,NaN,NaN,24.0,NaN,NaN,NaN,24.0,NaN,NaN,NaN,24.0,NaN,NaN,NaN,24.0,58.0,0.0,0.0,1.0,-22.488611111111112,1.0,0.0,1.0,0.0,0.0,0.0,0.0,0.0,1.0,0.0,0.0,1.0,0.0,1.0,1.0,1.0,0.0,-2.0,6.0,6.0,6.0,NaN,NaN,NaN
99.5,NaN,16.5,0.0,95.0,NaN,-3.0,0.0,NaN,NaN,NaN,24.0,83.1666666666667,NaN,9.1666666666667,0.0,85.0,NaN,34.0,0.0,43.1666666666667,NaN,6.1666666666667,0.0,28.0,NaN,0.0,0.0,NaN,NaN,NaN,24.0,NaN,NaN,NaN,24.0,NaN,NaN,NaN,24.0,NaN,NaN,NaN,24.0,NaN,NaN,NaN,24.0,NaN,NaN,NaN,24.0,NaN,NaN,NaN,24.0,NaN,NaN,NaN,24.0,NaN,NaN,NaN,24.0,NaN,NaN,NaN,24.0,NaN,NaN,NaN,24.0,NaN,NaN,NaN,24.0,NaN,NaN,NaN,24.0,NaN,NaN,NaN,24.0,NaN,NaN,NaN,24.0,NaN,NaN,NaN,24.0,NaN,NaN,NaN,24.0,NaN,NaN,NaN,24.0,NaN,NaN,NaN,24.0,NaN,NaN,NaN,24.0,NaN,NaN,NaN,24.0,20.4,NaN,0.0,0.0,6.6,NaN,0.0,0.0,NaN,NaN,NaN,24.0,32.3,NaN,0.0,0.0,NaN,NaN,NaN,24.0,202.0,NaN,0.0,0.0,58.0,0.0,0.0,1.0,-22.488611111111112,2.0,0.0,1.0,1.0,1.0,0.0,0.0,0.0,1.0,0.0,0.0,1.0,0.0,1.0,1.0,1.0,0.0,-2.0,6.0,6.0,6.0,NaN,NaN,NaN
115.375,NaN,15.875,0.0,97.5,NaN,2.5,0.0,36.61,NaN,0.0,0.0,71.0,NaN,-12.1666666666667,0.0,50.0,NaN,-35.0,0.0,40.9,NaN,-2.2666666666667012,0.0,27.0,NaN,-1.0,0.0,NaN,NaN,NaN,24.0,NaN,NaN,NaN,24.0,NaN,NaN,NaN,24.0,NaN,NaN,NaN,24.0,NaN,NaN,NaN,24.0,NaN,NaN,NaN,24.0,NaN,NaN,NaN,24.0,NaN,NaN,NaN,24.0,NaN,NaN,NaN,24.0,NaN,NaN,NaN,24.0,NaN,NaN,NaN,24.0,NaN,NaN,NaN,24.0,NaN,NaN,NaN,24.0,NaN,NaN,NaN,24.0,NaN,NaN,NaN,24.0,NaN,NaN,NaN,24.0,NaN,NaN,NaN,24.0,NaN,NaN,NaN,24.0,NaN,NaN,NaN,24.0,NaN,NaN,NaN,24.0,NaN,NaN,NaN,24.0,20.4,NaN,0.0,1.0,6.6,NaN,0.0,1.0,NaN,NaN,NaN,24.0,32.3,NaN,0.0,1.0,NaN,NaN,NaN,24.0,202.0,NaN,0.0,1.0,58.0,0.0,0.0,1.0,-22.488611111111112,3.0,0.0,1.0,1.0,1.0,0.0,0.0,0.0,1.0,0.0,0.0,1.0,1.0,1.0,1.0,1.0,0.0,-2.0,6.0,6.0,6.0,NaN,NaN,NaN
113.5,NaN,-1.875,0.0,99.5,NaN,2.0,0.0,36.61,NaN,0.0,1.0,81.3333333333333,NaN,10.3333333333333,0.0,52.0,NaN,2.0,0.0,43.0,NaN,2.1000000000000014,0.0,15.0,NaN,-12.0,0.0,NaN,NaN,NaN,24.0,NaN,NaN,0.0,0.0,13.0,NaN,0.0,0.0,1.0,NaN,0.0,0.0,7.17,NaN,0.0,0.0,40.0,NaN,0.0,0.0,NaN,NaN,NaN,24.0,248.0,NaN,0.0,0.0,10.0,NaN,0.0,0.0,100.0,NaN,0.0,0.0,7.4,NaN,0.0,0.0,106.0,NaN,0.0,0.0,0.9,NaN,0.0,0.0,NaN,NaN,NaN,24.0,86.0,NaN,0.0,0.0,9.3,NaN,0.0,0.0,2.3,NaN,0.0,0.0,5.9,NaN,0.0,0.0,4.5,NaN,0.0,0.0,9.9,NaN,0.0,0.0,NaN,NaN,NaN,24.0,26.2,NaN,2.9000000000000004,0.0,8.6,NaN,1.0,0.0,NaN,NaN,NaN,24.0,31.9,NaN,-0.1999999999999993,0.0,NaN,NaN,NaN,24.0,164.0,NaN,-19.0,0.0,58.0,0.0,0.0,1.0,-22.488611111111112,4.0,0.0,0.0,1.0,1.0,3.0,0.0,3.0,1.0,1.0,0.0,1.0,1.0,1.0,1.0,1.0,0.0,-2.0,6.0,6.0,6.0,NaN,NaN,NaN
97.0,NaN,-16.5,0.0,99.5,NaN,1.0,1.0,36.61,NaN,0.0,2.0,90.0,NaN,8.6666666666667,0.0,52.0,NaN,1.0,1.0,43.0,NaN,0.0,0.0,15.0,NaN,-6.0,1.0,NaN,NaN,NaN,24.0,NaN,NaN,NaN,0.0,13.0,NaN,0.0,1.0,1.0,NaN,0.0,1.0,7.18,NaN,0.009999999999999787,0.0,41.0,NaN,1.0,0.0,NaN,NaN,NaN,24.0,248.0,NaN,0.0,1.0,10.0,NaN,0.0,1.0,100.0,NaN,0.0,1.0,7.4,NaN,0.0,1.0,106.0,NaN,0.0,1.0,0.9,NaN,0.0,1.0,NaN,NaN,NaN,24.0,86.0,NaN,0.0,1.0,9.9,NaN,0.5999999999999996,0.0,2.3,NaN,0.0,1.0,5.9,NaN,0.0,1.0,4.2,NaN,-0.2999999999999998,0.0,9.9,NaN,0.0,1.0,NaN,NaN,NaN,24.0,25.0,NaN,-1.1999999999999993,0.0,8.4,NaN,-0.1999999999999993,0.0,50.4,NaN,0.0,0.0,31.9,NaN,-0.13333333333333286,1.0,NaN,NaN,NaN,24.0,164.0,NaN,-12.666666666666666,1.0,58.0,0.0,0.0,1.0,-22.488611111111112,5.0,0.0,0.0,1.0,1.0,0.0,0.0,0.0,1.0,1.0,0.0,1.0,1.0,1.0,1.0,1.0,0.0,-2.0,6.0,6.0,6.0,NaN,NaN,NaN
92.0,NaN,-5.0,0.0,100.0,NaN,0.25,0.0,36.61,NaN,0.0,3.0,135.0,NaN,45.0,0.0,88.0,NaN,18.0,0.0,53.0,NaN,10.0,0.0,15.0,NaN,0.0,0.0,39.0,NaN,0.0,0.0,NaN,NaN,NaN,1.0,13.0,NaN,0.0,2.0,0.5,NaN,-0.25,0.0,7.18,NaN,0.004999999999999893,1.0,41.0,NaN,0.5,1.0,NaN,NaN,NaN,24.0,248.0,NaN,0.0,2.0,10.0,NaN,0.0,2.0,100.0,NaN,0.0,2.0,7.4,NaN,0.0,2.0,106.0,NaN,0.0,2.0,0.9,NaN,0.0,2.0,NaN,NaN,NaN,24.0,86.0,NaN,0.0,2.0,9.9,NaN,0.2999999999999998,1.0,2.3,NaN,0.0,2.0,5.9,NaN,0.0,2.0,4.2,NaN,-0.1499999999999999,1.0,9.9,NaN,0.0,2.0,NaN,NaN,NaN,24.0,25.0,NaN,-0.5999999999999996,1.0,8.4,NaN,-0.09999999999999964,1.0,50.4,NaN,0.0,1.0,31.9,NaN,-0.09999999999999964,2.0,NaN,NaN,NaN,24.0,164.0,NaN,-9.5,2.0,58.0,0.0,0.0,1.0,-22.488611111111112,6.0,0.0,0.0,1.0,1.0,2.0,0.0,0.0,0.0,0.0,0.0,0.0,1.0,1.0,1.0,1.0,0.0,-2.0,6.0,6.0,6.0,NaN,NaN,NaN
90.0,NaN,-2.0,0.0,100.0,NaN,0.0,0.0,34.2,NaN,-0.6024999999999991,0.0,96.0,NaN,-39.0,0.0,54.5,NaN,-33.5,0.0,37.5,NaN,-15.5,0.0,15.0,NaN,0.0,0.0,39.0,NaN,0.0,1.0,NaN,NaN,NaN,0.0,12.0,NaN,-0.3333333333333333,0.0,0.5,NaN,-0.16666666666666666,1.0,7.14,NaN,-0.020000000000000018,0.0,39.0,NaN,-1.0,0.0,NaN,NaN,NaN,24.0,842.0,NaN,198.0,0.0,10.0,NaN,0.0,0.0,81.0,NaN,-6.333333333333333,0.0,7.8,NaN,0.13333333333333316,0.0,104.0,NaN,-0.6666666666666666,0.0,0.9,NaN,0.0,0.0,NaN,NaN,NaN,24.0,79.5,NaN,-2.1666666666666665,0.0,11.0,NaN,0.5499999999999998,0.0,2.2,NaN,-0.033333333333333215,0.0,6.5,NaN,0.19999999999999987,0.0,4.5,NaN,0.1499999999999999,0.0,8.9,NaN,-0.3333333333333333,0.0,0.01,NaN,0.0,0.0,26.3,NaN,0.6500000000000004,0.0,8.7,NaN,0.14999999999999947,0.0,42.8,NaN,-3.8000000000000007,0.0,24.8,NaN,-2.366666666666666,0.0,192.0,NaN,0.0,0.0,142.0,NaN,-7.333333333333333,0.0,58.0,0.0,0.0,1.0,-22.488611111111112,7.0,1.0,0.0,0.0,1.0,0.0,1.0,3.0,1.0,1.0,0.0,1.0,1.0,1.0,1.0,1.0,0.0,-2.0,6.0,6.0,6.0,NaN,NaN,NaN
84.0,NaN,-6.0,0.0,100.0,NaN,0.0,0.0,34.5,NaN,0.29999999999999716,0.0,95.0,NaN,-1.0,0.0,53.0,NaN,-1.5,0.0,35.0,NaN,-2.5,0.0,16.0,NaN,1.0,0.0,39.0,NaN,0.0,2.0,NaN,NaN,NaN,0.0,12.0,NaN,-0.25,1.0,0.5,NaN,-0.125,2.0,7.23,NaN,0.09000000000000075,0.0,34.0,NaN,-5.0,0.0,NaN,NaN,NaN,24.0,842.0,NaN,148.5,1.0,10.0,NaN,0.0,1.0,81.0,NaN,-4.75,1.0,7.8,NaN,0.09999999999999987,1.0,104.0,NaN,-0.5,1.0,0.9,NaN,0.0,1.0,NaN,NaN,NaN,24.0,73.0,NaN,-6.5,0.0,12.0,NaN,1.0,0.0,2.2,NaN,-0.02499999999999991,1.0,6.5,NaN,0.1499999999999999,1.0,4.3,NaN,-0.20000000000000018,0.0,8.9,NaN,-0.25,1.0,0.01,NaN,0.0,1.0,26.0,NaN,-0.3000000000000007,0.0,8.8,NaN,0.10000000000000142,0.0,42.8,NaN,-2.5333333333333337,1.0,24.8,NaN,-1.7749999999999995,1.0,192.0,NaN,0.0,1.0,142.0,NaN,-5.5,1.0,58.0,0.0,0.0,1.0,-22.488611111111112,8.0,1.0,0.0,0.0,1.0,0.0,0.0,0.0,1.0,1.0,0.0,1.0,1.0,1.0,1.0,1.0,0.0,-2.0,6.0,6.0,6.0,NaN,NaN,NaN
82.5,NaN,-1.5,0.0,100.0,NaN,0.0,0.0,36.28666666666667,NaN,1.7866666666666688,0.0,102.0,NaN,7.0,0.0,52.5,NaN,-0.5,0.0,34.25,NaN,-0.75,0.0,21.5,NaN,5.5,0.0,39.0,NaN,0.0,3.0,NaN,NaN,NaN,1.0,12.0,NaN,-0.2,2.0,0.5,NaN,-0.1,3.0,7.23,NaN,0.04500000000000037,1.0,34.0,NaN,-2.5,1.0,NaN,NaN,NaN,24.0,842.0,NaN,118.8,2.0,10.0,NaN,0.0,2.0,81.0,NaN,-3.8,2.0,7.8,NaN,0.07999999999999989,2.0,104.0,NaN,-0.4,2.0,0.9,NaN,0.0,2.0,NaN,NaN,NaN,24.0,73.0,NaN,-3.25,1.0,12.0,NaN,0.5,1.0,2.2,NaN,-0.019999999999999928,2.0,6.5,NaN,0.11999999999999993,2.0,4.3,NaN,-0.10000000000000009,1.0,8.9,NaN,-0.2,2.0,0.01,NaN,0.0,2.0,26.0,NaN,-0.15000000000000036,1.0,8.8,NaN,0.05000000000000071,1.0,42.8,NaN,-1.9000000000000004,2.0,24.8,NaN,-1.4199999999999995,2.0,192.0,NaN,0.0,2.0,142.0,NaN,-4.4,2.0,58.0,0.0,0.0,1.0,-22.488611111111112,9.0,0.0,1.0,0.0,1.0,0.0,0.0,0.0,1.0,0.0,0.0,1.0,1.0,1.0,1.0,1.0,0.0,-2.0,6.0,6.0,6.0,NaN,NaN,NaN
84.0,NaN,1.5,0.0,95.0,NaN,-5.0,0.0,36.78,NaN,0.4933333333333323,0.0,100.0,NaN,-2.0,0.0,50.0,NaN,-2.5,0.0,31.0,NaN,-3.25,0.0,19.5,NaN,-2.0,0.0,30.0,NaN,-2.25,0.0,NaN,NaN,NaN,2.0,12.0,NaN,-0.16666666666666666,3.0,0.5,NaN,0.0,0.0,7.23,NaN,0.03000000000000025,2.0,34.0,NaN,-1.6666666666666667,2.0,NaN,NaN,NaN,24.0,842.0,NaN,99.0,3.0,10.0,NaN,0.0,3.0,81.0,NaN,-3.1666666666666665,3.0,7.8,NaN,0.06666666666666658,3.0,104.0,NaN,-0.3333333333333333,3.0,0.9,NaN,0.0,3.0,NaN,NaN,NaN,24.0,73.0,NaN,-2.1666666666666665,2.0,12.0,NaN,0.3333333333333333,2.0,2.2,NaN,-0.016666666666666607,3.0,6.5,NaN,0.09999999999999994,3.0,4.3,NaN,-0.06666666666666672,2.0,8.9,NaN,-0.16666666666666666,3.0,0.01,NaN,0.0,3.0,26.0,NaN,-0.10000000000000024,2.0,8.8,NaN,0.033333333333333805,2.0,42.8,NaN,-1.5200000000000002,3.0,24.8,NaN,-1.183333333333333,3.0,192.0,NaN,0.0,3.0,142.0,NaN,-3.6666666666666665,3.0,58.0,0.0,0.0,1.0,-22.488611111111112,10.0,0.0,0.0,0.0,1.0,2.0,0.0,0.0,1.0,0.0,0.0,1.0,1.0,1.0,1.0,1.0,0.0,-2.0,6.0,6.0,6.0,NaN,NaN,NaN
