69.0,NaN,NaN,24.0,96.0,NaN,NaN,24.0,36.28,NaN,NaN,24.0,204.0,NaN,NaN,24.0,196.0,NaN,NaN,24.0,189.0,NaN,NaN,24.0,16.3333333333333,NaN,NaN,24.0,NaN,NaN,NaN,24.0,NaN,NaN,NaN,24.0,NaN,NaN,NaN,24.0,NaN,NaN,NaN,24.0,NaN,NaN,NaN,24.0,NaN,NaN,NaN,24.0,NaN,NaN,NaN,24.0,NaN,NaN,NaN,24.0,NaN,NaN,NaN,24.0,NaN,NaN,NaN,24.0,NaN,NaN,NaN,24.0,NaN,NaN,NaN,24.0,NaN,NaN,NaN,24.0,NaN,NaN,NaN,24.0,NaN,NaN,NaN,24.0,NaN,NaN,NaN,24.0,NaN,NaN,NaN,24.0,NaN,NaN,NaN,24.0,NaN,NaN,NaN,24.0,NaN,NaN,NaN,24.0,NaN,NaN,NaN,24.0,NaN,NaN,NaN,24.0,NaN,NaN,NaN,24.0,NaN,NaN,NaN,24.0,NaN,NaN,NaN,24.0,NaN,NaN,NaN,24.0,NaN,NaN,NaN,24.0,70.0,0.0,0.0,1.0,-5.483333333333333,1.0,0.0,0.0,0.0,0.0,0.0,0.0,0.0,0.0,0.0,0.0,1.0,0.0,0.0,0.0,0.0,0.0,NaN,NaN,NaN,3.0,NaN,NaN,NaN
67.0,NaN,-2.0,0.0,96.0,NaN,0.0,0.0,36.28,NaN,0.0,1.0,124.0,NaN,-80.0,0.0,69.0,NaN,-127.0,0.0,48.0,NaN,-141.0,0.0,14.0,NaN,-2.3333333333333,0.0,NaN,NaN,NaN,24.0,NaN,NaN,NaN,24.0,22.0,NaN,0.0,0.0,NaN,NaN,NaN,24.0,NaN,NaN,NaN,24.0,NaN,NaN,NaN,24.0,NaN,NaN,NaN,24.0,59.0,NaN,0.0,0.0,113.0,NaN,0.0,0.0,133.0,NaN,0.0,0.0,9.1,NaN,0.0,0.0,93.0,NaN,0.0,0.0,9.7,NaN,0.0,0.0,NaN,NaN,NaN,24.0,61.0,NaN,0.0,0.0,0.9,NaN,0.0,0.0,2.9,NaN,0.0,0.0,6.4,NaN,0.0,0.0,5.2,NaN,0.0,0.0,0.5,NaN,0.0,0.0,0.11,NaN,0.0,0.0,19.8,NaN,0.0,0.0,6.5,NaN,0.0,0.0,40.9,NaN,0.0,0.0,6.4,NaN,0.0,0.0,NaN,NaN,NaN,24.0,79.0,NaN,0.0,0.0,70.0,0.0,0.0,1.0,-5.483333333333333,2.0,0.0,0.0,0.0,0.0,0.0,2.0,0.0,0.0,0.0,4.0,1.0,0.0,0.0,0.0,0.0,0.0,NaN,NaN,NaN,3.0,NaN,NaN,NaN
69.0,NaN,2.0,0.0,95.0,NaN,-1.0,0.0,36.28,NaN,0.0,2.0,119.0,NaN,-5.0,0.0,65.0,NaN,-4.0,0.0,58.0,NaN,10.0,0.0,19.0,NaN,5.0,0.0,NaN,NaN,NaN,24.0,NaN,NaN,NaN,24.0,22.0,NaN,0.0,1.0,NaN,NaN,NaN,24.0,NaN,NaN,NaN,24.0,NaN,NaN,NaN,24.0,NaN,NaN,NaN,24.0,59.0,NaN,0.0,1.0,113.0,NaN,0.0,1.0,133.0,NaN,0.0,1.0,9.1,NaN,0.0,1.0,93.0,NaN,0.0,1.0,9.7,NaN,0.0,1.0,NaN,NaN,NaN,24.0,61.0,NaN,0.0,1.0,0.9,NaN,0.0,1.0,2.9,NaN,0.0,1.0,6.4,NaN,0.0,1.0,5.2,NaN,0.0,1.0,0.5,NaN,0.0,1.0,0.11,NaN,0.0,1.0,19.8,NaN,0.0,1.0,6.5,NaN,0.0,1.0,40.9,NaN,0.0,1.0,6.4,NaN,0.0,1.0,NaN,NaN,NaN,24.0,79.0,NaN,0.0,1.0,70.0,0.0,0.0,1.0,-5.483333333333333,3.0,0.0,0.0,0.0,0.0,0.0,0.0,0.0,1.0,0.0,0.0,1.0,0.0,0.0,0.0,0.0,0.0,NaN,NaN,NaN,3.0,NaN,NaN,NaN
71.0,NaN,2.0,0.0,97.0,NaN,2.0,0.0,36.44,NaN,0.0533333333333322,0.0,142.0,NaN,23.0,0.0,78.0,NaN,13.0,0.0,53.0,NaN,-5.0,0.0,13.0,NaN,-6.0,0.0,NaN,NaN,NaN,24.0,NaN,NaN,NaN,24.0,22.0,NaN,0.0,2.0,NaN,NaN,NaN,24.0,NaN,NaN,NaN,24.0,NaN,NaN,NaN,24.0,NaN,NaN,NaN,24.0,59.0,NaN,0.0,2.0,113.0,NaN,0.0,2.0,133.0,NaN,0.0,2.0,9.1,NaN,0.0,2.0,93.0,NaN,0.0,2.0,9.7,NaN,0.0,2.0,NaN,NaN,NaN,24.0,61.0,NaN,0.0,2.0,0.9,NaN,0.0,2.0,2.9,NaN,0.0,2.0,6.4,NaN,0.0,2.0,5.2,NaN,0.0,2.0,0.5,NaN,0.0,2.0,0.11,NaN,0.0,2.0,19.8,NaN,0.0,2.0,6.5,NaN,0.0,2.0,40.9,NaN,0.0,2.0,6.4,NaN,0.0,2.0,NaN,NaN,NaN,24.0,79.0,NaN,0.0,2.0,70.0,0.0,0.0,1.0,-5.483333333333333,4.0,0.0,0.0,0.0,0.0,0.0,0.0,0.0,0.0,0.0,0.0,1.0,0.0,0.0,0.0,0.0,0.0,NaN,NaN,NaN,3.0,NaN,NaN,NaN
74.0,NaN,3.0,0.0,97.0,NaN,0.0,0.0,36.44,NaN,0.03999999999999915,1.0,132.0,NaN,-10.0,0.0,69.0,NaN,-9.0,0.0,41.0,NaN,-12.0,0.0,12.0,NaN,-1.0,0.0,NaN,NaN,NaN,24.0,NaN,NaN,NaN,24.0,22.0,NaN,0.0,3.0,NaN,NaN,NaN,24.0,NaN,NaN,NaN,24.0,NaN,NaN,NaN,24.0,NaN,NaN,NaN,24.0,59.0,NaN,0.0,3.0,113.0,NaN,0.0,3.0,133.0,NaN,0.0,3.0,9.1,NaN,0.0,3.0,93.0,NaN,0.0,3.0,9.7,NaN,0.0,3.0,NaN,NaN,NaN,24.0,61.0,NaN,0.0,3.0,0.9,NaN,0.0,3.0,2.9,NaN,0.0,3.0,6.4,NaN,0.0,3.0,5.2,NaN,0.0,3.0,0.5,NaN,0.0,3.0,0.11,NaN,0.0,3.0,19.8,NaN,0.0,3.0,6.5,NaN,0.0,3.0,40.9,NaN,0.0,3.0,6.4,NaN,0.0,3.0,NaN,NaN,NaN,24.0,79.0,NaN,0.0,3.0,70.0,0.0,0.0,1.0,-5.483333333333333,5.0,0.0,0.0,0.0,0.0,0.0,0.0,0.0,0.0,0.0,0.0,1.0,0.0,0.0,0.0,0.0,0.0,NaN,NaN,NaN,3.0,NaN,NaN,NaN
76.0,NaN,2.0,0.0,96.0,NaN,-1.0,0.0,36.44,NaN,0.03199999999999932,2.0,128.0,NaN,-4.0,0.0,75.0,NaN,6.0,0.0,63.0,NaN,22.0,0.0,11.0,NaN,-1.0,0.0,NaN,NaN,NaN,24.0,NaN,NaN,NaN,24.0,22.0,NaN,0.0,4.0,NaN,NaN,NaN,24.0,NaN,NaN,NaN,24.0,NaN,NaN,NaN,24.0,NaN,NaN,NaN,24.0,59.0,NaN,0.0,4.0,113.0,NaN,0.0,4.0,133.0,NaN,0.0,4.0,9.1,NaN,0.0,4.0,93.0,NaN,0.0,4.0,9.7,NaN,0.0,4.0,NaN,NaN,NaN,24.0,61.0,NaN,0.0,4.0,0.9,NaN,0.0,4.0,2.9,NaN,0.0,4.0,6.4,NaN,0.0,4.0,5.2,NaN,0.0,4.0,0.5,NaN,0.0,4.0,0.11,NaN,0.0,4.0,19.8,NaN,0.0,4.0,6.5,NaN,0.0,4.0,40.9,NaN,0.0,4.0,6.4,NaN,0.0,4.0,NaN,NaN,NaN,24.0,79.0,NaN,0.0,4.0,70.0,0.0,0.0,1.0,-5.483333333333333,6.0,0.0,0.0,0.0,0.0,0.0,0.0,0.0,0.0,0.0,0.0,1.0,0.0,0.0,0.0,0.0,0.0,NaN,NaN,NaN,3.0,NaN,NaN,NaN
77.0,NaN,1.0,0.0,98.0,NaN,2.0,0.0,36.44,NaN,0.0266666666666661,3.0,135.0,NaN,7.0,0.0,73.0,NaN,-2.0,0.0,46.0,NaN,-17.0,0.0,13.0,NaN,2.0,0.0,NaN,NaN,NaN,24.0,NaN,NaN,NaN,24.0,22.0,NaN,0.0,5.0,NaN,NaN,NaN,24.0,NaN,NaN,NaN,24.0,NaN,NaN,NaN,24.0,NaN,NaN,NaN,24.0,59.0,NaN,0.0,5.0,113.0,NaN,0.0,5.0,133.0,NaN,0.0,5.0,9.1,NaN,0.0,5.0,93.0,NaN,0.0,5.0,9.7,NaN,0.0,5.0,NaN,NaN,NaN,24.0,61.0,NaN,0.0,5.0,0.9,NaN,0.0,5.0,2.9,NaN,0.0,5.0,6.4,NaN,0.0,5.0,5.2,NaN,0.0,5.0,0.5,NaN,0.0,5.0,0.11,NaN,0.0,5.0,19.8,NaN,0.0,5.0,6.5,NaN,0.0,5.0,40.9,NaN,0.0,5.0,6.4,NaN,0.0,5.0,NaN,NaN,NaN,24.0,79.0,NaN,0.0,5.0,70.0,0.0,0.0,1.0,-5.483333333333333,7.0,0.0,0.0,0.0,0.0,0.0,0.0,0.0,0.0,0.0,0.0,1.0,0.0,0.0,0.0,0.0,0.0,NaN,NaN,NaN,3.0,NaN,NaN,NaN
77.0,NaN,0.0,0.0,98.0,NaN,0.0,0.0,36.67,NaN,0.057500000000000995,0.0,128.0,NaN,-7.0,0.0,73.0,NaN,0.0,0.0,51.0,NaN,5.0,0.0,17.0,NaN,4.0,0.0,NaN,NaN,NaN,24.0,NaN,NaN,NaN,24.0,22.0,NaN,0.0,6.0,NaN,NaN,NaN,24.0,NaN,NaN,NaN,24.0,NaN,NaN,NaN,24.0,NaN,NaN,NaN,24.0,59.0,NaN,0.0,6.0,113.0,NaN,0.0,6.0,133.0,NaN,0.0,6.0,9.1,NaN,0.0,6.0,93.0,NaN,0.0,6.0,9.7,NaN,0.0,6.0,NaN,NaN,NaN,24.0,61.0,NaN,0.0,6.0,0.9,NaN,0.0,6.0,2.9,NaN,0.0,6.0,6.4,NaN,0.0,6.0,5.2,NaN,0.0,6.0,0.5,NaN,0.0,6.0,0.11,NaN,0.0,6.0,19.8,NaN,0.0,6.0,6.5,NaN,0.0,6.0,40.9,NaN,0.0,6.0,6.4,NaN,0.0,6.0,NaN,NaN,NaN,24.0,79.0,NaN,0.0,6.0,70.0,0.0,0.0,1.0,-5.483333333333333,8.0,0.0,0.0,0.0,0.0,0.0,0.0,0.0,0.0,0.0,0.0,1.0,0.0,0.0,0.0,0.0,0.0,NaN,NaN,NaN,3.0,NaN,NaN,NaN
79.0,NaN,2.0,0.0,96.0,NaN,-2.0,0.0,36.67,NaN,0.0460000000000008,1.0,135.0,NaN,7.0,0.0,77.0,NaN,4.0,0.0,52.0,NaN,1.0,0.0,17.0,NaN,0.0,0.0,NaN,NaN,NaN,24.0,NaN,NaN,NaN,24.0,22.0,NaN,0.0,7.0,NaN,NaN,NaN,24.0,NaN,NaN,NaN,24.0,NaN,NaN,NaN,24.0,NaN,NaN,NaN,24.0,59.0,NaN,0.0,7.0,113.0,NaN,0.0,7.0,133.0,NaN,0.0,7.0,9.1,NaN,0.0,7.0,93.0,NaN,0.0,7.0,9.7,NaN,0.0,7.0,NaN,NaN,NaN,24.0,61.0,NaN,0.0,7.0,0.9,NaN,0.0,7.0,2.9,NaN,0.0,7.0,6.4,NaN,0.0,7.0,5.2,NaN,0.0,7.0,0.5,NaN,0.0,7.0,0.11,NaN,0.0,7.0,19.8,NaN,0.0,7.0,6.5,NaN,0.0,7.0,40.9,NaN,0.0,7.0,6.4,NaN,0.0,7.0,NaN,NaN,NaN,24.0,79.0,NaN,0.0,7.0,70.0,0.0,0.0,1.0,-5.483333333333333,9.0,0.0,0.0,0.0,0.0,0.0,0.0,0.0,0.0,0.0,0.0,1.0,0.0,0.0,0.0,0.0,0.0,NaN,NaN,NaN,3.0,NaN,NaN,NaN
80.0,NaN,1.0,0.0,97.0,NaN,1.0,0.0,36.67,NaN,0.038333333333333997,2.0,128.0,NaN,-7.0,0.0,73.0,NaN,-4.0,0.0,49.0,NaN,-3.0,0.0,14.0,NaN,-3.0,0.0,NaN,NaN,NaN,24.0,NaN,NaN,NaN,24.0,22.0,NaN,0.0,8.0,NaN,NaN,NaN,24.0,NaN,NaN,NaN,24.0,NaN,NaN,NaN,24.0,NaN,NaN,NaN,24.0,59.0,NaN,0.0,8.0,113.0,NaN,0.0,8.0,133.0,NaN,0.0,8.0,9.1,NaN,0.0,8.0,93.0,NaN,0.0,8.0,9.7,NaN,0.0,8.0,NaN,NaN,NaN,24.0,61.0,NaN,0.0,8.0,0.9,NaN,0.0,8.0,2.9,NaN,0.0,8.0,6.4,NaN,0.0,8.0,5.2,NaN,0.0,8.0,0.5,NaN,0.0,8.0,0.11,NaN,0.0,8.0,19.8,NaN,0.0,8.0,6.5,NaN,0.0,8.0,40.9,NaN,0.0,8.0,6.4,NaN,0.0,8.0,NaN,NaN,NaN,24.0,79.0,NaN,0.0,8.0,70.0,0.0,0.0,1.0,-5.483333333333333,10.0,0.0,0.0,0.0,0.0,0.0,0.0,0.0,0.0,0.0,0.0,1.0,0.0,0.0,0.0,0.0,0.0,NaN,NaN,NaN,3.0,NaN,NaN,NaN
81.0,NaN,1.0,0.0,96.0,NaN,-1.0,0.0,36.67,NaN,0.032857142857143425,3.0,138.0,NaN,10.0,0.0,82.0,NaN,9.0,0.0,58.0,NaN,9.0,0.0,11.0,NaN,-3.0,0.0,NaN,NaN,NaN,24.0,NaN,NaN,NaN,24.0,22.0,NaN,0.0,9.0,NaN,NaN,NaN,24.0,NaN,NaN,NaN,24.0,NaN,NaN,NaN,24.0,NaN,NaN,NaN,24.0,59.0,NaN,0.0,9.0,113.0,NaN,0.0,9.0,133.0,NaN,0.0,9.0,9.1,NaN,0.0,9.0,93.0,NaN,0.0,9.0,9.7,NaN,0.0,9.0,NaN,NaN,NaN,24.0,61.0,NaN,0.0,9.0,0.9,NaN,0.0,9.0,2.9,NaN,0.0,9.0,6.4,NaN,0.0,9.0,5.2,NaN,0.0,9.0,0.5,NaN,0.0,9.0,0.11,NaN,0.0,9.0,19.8,NaN,0.0,9.0,6.5,NaN,0.0,9.0,40.9,NaN,0.0,9.0,6.4,NaN,0.0,9.0,NaN,NaN,NaN,24.0,79.0,NaN,0.0,9.0,70.0,0.0,0.0,1.0,-5.483333333333333,11.0,0.0,0.0,0.0,0.0,0.0,0.0,0.0,0.0,0.0,0.0,1.0,0.0,0.0,0.0,0.0,0.0,NaN,NaN,NaN,3.0,NaN,NaN,NaN
80.0,NaN,-1.0,0.0,97.0,NaN,1.0,0.0,36.67,NaN,0.0,0.0,144.0,NaN,6.0,0.0,85.0,NaN,3.0,0.0,61.0,NaN,3.0,0.0,13.0,NaN,2.0,0.0,NaN,NaN,NaN,24.0,NaN,NaN,NaN,24.0,22.0,NaN,0.0,10.0,NaN,NaN,NaN,24.0,NaN,NaN,NaN,24.0,NaN,NaN,NaN,24.0,NaN,NaN,NaN,24.0,59.0,NaN,0.0,10.0,113.0,NaN,0.0,10.0,133.0,NaN,0.0,10.0,9.1,NaN,0.0,10.0,93.0,NaN,0.0,10.0,9.7,NaN,0.0,10.0,NaN,NaN,NaN,24.0,61.0,NaN,0.0,10.0,0.9,NaN,0.0,10.0,2.9,NaN,0.0,10.0,6.4,NaN,0.0,10.0,5.2,NaN,0.0,10.0,0.5,NaN,0.0,10.0,0.13,NaN,0.0020000000000000005,0.0,26.5,NaN,0.6699999999999999,0.0,8.8,NaN,0.23000000000000007,0.0,40.9,NaN,0.0,10.0,9.5,NaN,0.30999999999999994,0.0,NaN,NaN,NaN,24.0,70.0,NaN,-0.9,0.0,70.0,0.0,0.0,1.0,-5.483333333333333,12.0,0.0,0.0,0.0,0.0,0.0,2.0,0.0,0.0,0.0,0.0,1.0,0.0,0.0,0.0,0.0,0.0,NaN,NaN,NaN,3.0,NaN,NaN,NaN
82.0,NaN,2.0,0.0,97.0,NaN,0.0,0.0,36.67,NaN,0.0,1.0,140.0,NaN,-4.0,0.0,84.0,NaN,-1.0,0.0,61.0,NaN,0.0,0.0,12.0,NaN,-1.0,0.0,NaN,NaN,NaN,24.0,NaN,NaN,NaN,24.0,22.0,NaN,0.0,11.0,NaN,NaN,NaN,24.0,NaN,NaN,NaN,24.0,NaN,NaN,NaN,24.0,NaN,NaN,NaN,24.0,59.0,NaN,0.0,11.0,113.0,NaN,0.0,11.0,133.0,NaN,0.0,11.0,9.1,NaN,0.0,11.0,93.0,NaN,0.0,11.0,9.7,NaN,0.0,11.0,NaN,NaN,NaN,24.0,61.0,NaN,0.0,11.0,0.9,NaN,0.0,11.0,2.9,NaN,0.0,11.0,6.4,NaN,0.0,11.0,5.2,NaN,0.0,11.0,0.5,NaN,0.0,11.0,0.13,NaN,0.0018181818181818186,1.0,26.5,NaN,0.609090909090909,1.0,8.8,NaN,0.20909090909090916,1.0,40.9,NaN,0.0,11.0,9.5,NaN,0.2818181818181818,1.0,NaN,NaN,NaN,24.0,70.0,NaN,-0.8181818181818182,1.0,70.0,0.0,0.0,1.0,-5.483333333333333,13.0,0.0,0.0,0.0,0.0,0.0,0.0,0.0,0.0,0.0,0.0,1.0,0.0,0.0,0.0,0.0,0.0,NaN,NaN,NaN,3.0,NaN,NaN,NaN
