NaN,NaN,NaN,24.0,100.0,NaN,NaN,24.0,36.17,NaN,NaN,24.0,176.5,NaN,NaN,24.0,124.0,NaN,NaN,24.0,97.0,NaN,NaN,24.0,16.5,NaN,NaN,24.0,NaN,NaN,NaN,24.0,NaN,NaN,NaN,24.0,NaN,NaN,NaN,24.0,0.5,NaN,NaN,24.0,NaN,NaN,NaN,24.0,NaN,NaN,NaN,24.0,NaN,NaN,NaN,24.0,NaN,NaN,NaN,24.0,NaN,NaN,NaN,24.0,NaN,NaN,NaN,24.0,NaN,NaN,NaN,24.0,NaN,NaN,NaN,24.0,NaN,NaN,NaN,24.0,NaN,NaN,NaN,24.0,NaN,NaN,NaN,24.0,NaN,NaN,NaN,24.0,NaN,NaN,NaN,24.0,NaN,NaN,NaN,24.0,NaN,NaN,NaN,24.0,NaN,NaN,NaN,24.0,NaN,NaN,NaN,24.0,NaN,NaN,NaN,24.0,NaN,NaN,NaN,24.0,NaN,NaN,NaN,24.0,NaN,NaN,NaN,24.0,NaN,NaN,NaN,24.0,NaN,NaN,NaN,24.0,40.0,0.0,1.0,0.0,-23.124444444444446,1.0,0.0,0.0,0.0,0.0,2.0,0.0,0.0,0.0,0.0,0.0,0.0,0.0,0.0,0.0,0.0,0.0,NaN,NaN,NaN,1.0,NaN,NaN,NaN
106.0,NaN,0.0,0.0,100.0,NaN,0.0,0.0,36.17,NaN,0.0,1.0,107.5,NaN,-69.0,0.0,80.5,NaN,-43.5,0.0,69.0,NaN,-28.0,0.0,15.0,NaN,-1.5,0.0,NaN,NaN,NaN,24.0,NaN,NaN,NaN,24.0,NaN,NaN,NaN,24.0,0.5,NaN,0.0,1.0,NaN,NaN,NaN,24.0,NaN,NaN,NaN,24.0,NaN,NaN,NaN,24.0,NaN,NaN,NaN,24.0,NaN,NaN,NaN,24.0,NaN,NaN,NaN,24.0,NaN,NaN,NaN,24.0,NaN,NaN,NaN,24.0,NaN,NaN,NaN,24.0,NaN,NaN,NaN,24.0,NaN,NaN,NaN,24.0,NaN,NaN,NaN,24.0,NaN,NaN,NaN,24.0,NaN,NaN,NaN,24.0,NaN,NaN,NaN,24.0,NaN,NaN,NaN,24.0,NaN,NaN,NaN,24.0,NaN,NaN,NaN,24.0,NaN,NaN,NaN,24.0,NaN,NaN,NaN,24.0,NaN,NaN,NaN,24.0,NaN,NaN,NaN,24.0,NaN,NaN,NaN,24.0,40.0,0.0,1.0,0.0,-23.124444444444446,2.0,0.0,0.0,1.0,0.0,0.0,0.0,0.0,0.0,0.0,0.0,1.0,0.0,0.0,0.0,0.0,0.0,NaN,NaN,NaN,1.0,NaN,NaN,NaN
96.0,NaN,-10.0,0.0,100.0,NaN,0.0,0.0,36.28,NaN,0.054999999999999716,0.0,106.0,NaN,-1.5,0.0,71.0,NaN,-9.5,0.0,56.5,NaN,-12.5,0.0,15.5,NaN,0.5,0.0,NaN,NaN,NaN,24.0,NaN,NaN,NaN,24.0,NaN,NaN,NaN,24.0,0.5,NaN,0.0,0.0,NaN,NaN,NaN,24.0,NaN,NaN,NaN,24.0,NaN,NaN,NaN,24.0,NaN,NaN,NaN,24.0,NaN,NaN,NaN,24.0,NaN,NaN,NaN,24.0,NaN,NaN,NaN,24.0,NaN,NaN,NaN,24.0,NaN,NaN,NaN,24.0,NaN,NaN,NaN,24.0,NaN,NaN,NaN,24.0,NaN,NaN,NaN,24.0,NaN,NaN,NaN,24.0,NaN,NaN,NaN,24.0,NaN,NaN,NaN,24.0,NaN,NaN,NaN,24.0,NaN,NaN,NaN,24.0,NaN,NaN,NaN,24.0,NaN,NaN,NaN,24.0,NaN,NaN,NaN,24.0,NaN,NaN,NaN,24.0,NaN,NaN,NaN,24.0,NaN,NaN,NaN,24.0,40.0,0.0,1.0,0.0,-23.124444444444446,3.0,0.0,0.0,1.0,0.0,2.0,0.0,0.0,0.0,0.0,0.0,0.0,0.0,0.0,0.0,0.0,0.0,NaN,NaN,NaN,1.0,NaN,NaN,NaN
88.0,NaN,-8.0,0.0,100.0,NaN,0.0,0.0,36.28,NaN,0.03666666666666648,1.0,92.0,NaN,-14.0,0.0,65.0,NaN,-6.0,0.0,49.0,NaN,-7.5,0.0,15.0,NaN,-0.5,0.0,NaN,NaN,NaN,24.0,0.0,NaN,0.0,0.0,NaN,NaN,NaN,24.0,0.5,NaN,0.0,1.0,7.41,NaN,0.0,0.0,36.0,NaN,0.0,0.0,NaN,NaN,NaN,24.0,NaN,NaN,NaN,24.0,NaN,NaN,NaN,24.0,NaN,NaN,NaN,24.0,NaN,NaN,NaN,24.0,NaN,NaN,NaN,24.0,NaN,NaN,NaN,24.0,NaN,NaN,NaN,24.0,NaN,NaN,NaN,24.0,2.8,NaN,0.0,0.0,NaN,NaN,NaN,24.0,NaN,NaN,NaN,24.0,NaN,NaN,NaN,24.0,NaN,NaN,NaN,24.0,NaN,NaN,NaN,24.0,21.9,NaN,0.0,0.0,7.7,NaN,0.0,0.0,NaN,NaN,NaN,24.0,18.1,NaN,0.0,0.0,NaN,NaN,NaN,24.0,101.0,NaN,0.0,0.0,40.0,0.0,1.0,0.0,-23.124444444444446,4.0,0.0,0.0,0.0,1.0,0.0,1.0,0.0,1.0,1.0,0.0,1.0,0.0,0.0,0.0,0.0,0.0,NaN,NaN,NaN,1.0,NaN,NaN,NaN
88.0,NaN,0.0,0.0,100.0,NaN,0.0,0.0,36.28,NaN,0.027499999999999858,2.0,99.0,NaN,7.0,0.0,70.0,NaN,5.0,0.0,52.0,NaN,3.0,0.0,17.0,NaN,2.0,0.0,NaN,NaN,NaN,24.0,0.0,NaN,0.0,1.0,21.0,NaN,0.0,0.0,0.5,NaN,0.0,2.0,7.41,NaN,0.0,1.0,36.0,NaN,0.0,1.0,NaN,NaN,NaN,24.0,65.0,NaN,0.0,0.0,13.0,NaN,0.0,0.0,103.0,NaN,0.0,0.0,8.7,NaN,0.0,0.0,109.0,NaN,0.0,0.0,0.8,NaN,0.0,0.0,NaN,NaN,NaN,24.0,79.0,NaN,0.0,0.0,2.8,NaN,0.0,1.0,1.5,NaN,0.0,0.0,3.3,NaN,0.0,0.0,3.7,NaN,0.0,0.0,0.9,NaN,0.0,0.0,NaN,NaN,NaN,24.0,21.3,NaN,-0.5999999999999979,0.0,7.3,NaN,-0.40000000000000036,0.0,29.6,NaN,0.0,0.0,17.2,NaN,-0.9000000000000021,0.0,237.0,NaN,0.0,0.0,91.0,NaN,-10.0,0.0,40.0,0.0,1.0,0.0,-23.124444444444446,5.0,0.0,0.0,0.0,1.0,0.0,2.0,0.0,0.0,0.0,0.0,1.0,0.0,0.0,0.0,0.0,0.0,NaN,NaN,NaN,1.0,NaN,NaN,NaN
84.0,NaN,-4.0,0.0,100.0,NaN,0.0,0.0,36.28,NaN,0.021999999999999888,3.0,101.0,NaN,2.0,0.0,71.0,NaN,1.0,0.0,52.0,NaN,0.0,0.0,15.0,NaN,-2.0,0.0,NaN,NaN,NaN,24.0,0.0,NaN,0.0,2.0,21.0,NaN,0.0,1.0,0.5,NaN,0.0,3.0,7.41,NaN,0.0,2.0,36.0,NaN,0.0,2.0,NaN,NaN,NaN,24.0,65.0,NaN,0.0,1.0,13.0,NaN,0.0,1.0,103.0,NaN,0.0,1.0,8.7,NaN,0.0,1.0,109.0,NaN,0.0,1.0,0.8,NaN,0.0,1.0,NaN,NaN,NaN,24.0,79.0,NaN,0.0,1.0,2.8,NaN,0.0,2.0,1.5,NaN,0.0,1.0,3.3,NaN,0.0,1.0,3.7,NaN,0.0,1.0,0.9,NaN,0.0,1.0,NaN,NaN,NaN,24.0,21.3,NaN,-0.29999999999999893,1.0,7.3,NaN,-0.20000000000000018,1.0,29.6,NaN,0.0,1.0,17.2,NaN,-0.45000000000000107,1.0,237.0,NaN,0.0,1.0,91.0,NaN,-5.0,1.0,40.0,0.0,1.0,0.0,-23.124444444444446,6.0,0.0,0.0,0.0,1.0,0.0,0.0,0.0,0.0,0.0,0.0,1.0,0.0,0.0,0.0,0.0,0.0,NaN,NaN,NaN,1.0,NaN,NaN,NaN
79.0,NaN,-5.0,0.0,100.0,NaN,0.0,0.0,36.67,NaN,0.09750000000000014,0.0,123.0,NaN,22.0,0.0,88.0,NaN,17.0,0.0,65.0,NaN,13.0,0.0,18.0,NaN,3.0,0.0,NaN,NaN,NaN,24.0,0.0,NaN,0.0,3.0,21.0,NaN,0.0,2.0,0.5,NaN,0.0,4.0,7.41,NaN,0.0,3.0,36.0,NaN,0.0,3.0,NaN,NaN,NaN,24.0,65.0,NaN,0.0,2.0,13.0,NaN,0.0,2.0,103.0,NaN,0.0,2.0,8.7,NaN,0.0,2.0,109.0,NaN,0.0,2.0,0.8,NaN,0.0,2.0,NaN,NaN,NaN,24.0,79.0,NaN,0.0,2.0,2.8,NaN,0.0,3.0,1.5,NaN,0.0,2.0,3.3,NaN,0.0,2.0,3.7,NaN,0.0,2.0,0.9,NaN,0.0,2.0,NaN,NaN,NaN,24.0,21.3,NaN,-0.1999999999999993,2.0,7.3,NaN,-0.13333333333333344,2.0,29.6,NaN,0.0,2.0,17.2,NaN,-0.3000000000000007,2.0,237.0,NaN,0.0,2.0,91.0,NaN,-3.3333333333333335,2.0,40.0,0.0,1.0,0.0,-23.124444444444446,7.0,0.0,0.0,0.0,1.0,0.0,0.0,0.0,0.0,0.0,0.0,1.0,0.0,0.0,0.0,0.0,0.0,NaN,NaN,NaN,1.0,NaN,NaN,NaN
72.0,NaN,-7.0,0.0,100.0,NaN,0.0,0.0,36.67,NaN,0.07800000000000011,1.0,110.0,NaN,-13.0,0.0,78.0,NaN,-10.0,0.0,56.0,NaN,-9.0,0.0,17.0,NaN,-1.0,0.0,NaN,NaN,NaN,24.0,0.0,NaN,0.0,4.0,21.0,NaN,0.0,3.0,0.5,NaN,0.0,5.0,7.41,NaN,0.0,4.0,36.0,NaN,0.0,4.0,NaN,NaN,NaN,24.0,65.0,NaN,0.0,3.0,13.0,NaN,0.0,3.0,103.0,NaN,0.0,3.0,8.7,NaN,0.0,3.0,109.0,NaN,0.0,3.0,0.8,NaN,0.0,3.0,NaN,NaN,NaN,24.0,79.0,NaN,0.0,3.0,2.8,NaN,0.0,4.0,1.5,NaN,0.0,3.0,3.3,NaN,0.0,3.0,3.7,NaN,0.0,3.0,0.9,NaN,0.0,3.0,NaN,NaN,NaN,24.0,21.3,NaN,-0.14999999999999947,3.0,7.3,NaN,-0.10000000000000009,3.0,29.6,NaN,0.0,3.0,17.2,NaN,-0.22500000000000053,3.0,237.0,NaN,0.0,3.0,91.0,NaN,-2.5,3.0,40.0,0.0,1.0,0.0,-23.124444444444446,8.0,0.0,0.0,0.0,1.0,0.0,0.0,0.0,0.0,0.0,0.0,1.0,0.0,0.0,0.0,0.0,0.0,NaN,NaN,NaN,1.0,NaN,NaN,NaN
88.0,NaN,16.0,0.0,100.0,NaN,0.0,0.0,36.67,NaN,0.0650000000000001,2.0,144.0,NaN,34.0,0.0,103.0,NaN,25.0,0.0,75.0,NaN,19.0,0.0,21.0,NaN,4.0,0.0,NaN,NaN,NaN,24.0,0.0,NaN,0.0,5.0,21.0,NaN,0.0,4.0,0.5,NaN,0.0,6.0,7.41,NaN,0.0,5.0,36.0,NaN,0.0,5.0,NaN,NaN,NaN,24.0,65.0,NaN,0.0,4.0,13.0,NaN,0.0,4.0,103.0,NaN,0.0,4.0,8.7,NaN,0.0,4.0,109.0,NaN,0.0,4.0,0.8,NaN,0.0,4.0,NaN,NaN,NaN,24.0,79.0,NaN,0.0,4.0,2.8,NaN,0.0,5.0,1.5,NaN,0.0,4.0,3.3,NaN,0.0,4.0,3.7,NaN,0.0,4.0,0.9,NaN,0.0,4.0,NaN,NaN,NaN,24.0,21.3,NaN,-0.11999999999999958,4.0,7.3,NaN,-0.08000000000000007,4.0,29.6,NaN,0.0,4.0,17.2,NaN,-0.18000000000000044,4.0,237.0,NaN,0.0,4.0,91.0,NaN,-2.0,4.0,40.0,0.0,1.0,0.0,-23.124444444444446,9.0,0.0,1.0,0.0,1.0,0.0,0.0,0.0,0.0,0.0,0.0,1.0,0.0,0.0,0.0,0.0,0.0,NaN,NaN,NaN,1.0,NaN,NaN,NaN
72.0,NaN,-16.0,0.0,100.0,NaN,0.0,0.0,36.67,NaN,0.05571428571428579,3.0,124.0,NaN,-20.0,0.0,87.0,NaN,-16.0,0.0,63.0,NaN,-12.0,0.0,20.0,NaN,-1.0,0.0,NaN,NaN,NaN,24.0,0.0,NaN,0.0,6.0,21.0,NaN,0.0,5.0,0.5,NaN,0.0,7.0,7.41,NaN,0.0,6.0,36.0,NaN,0.0,6.0,NaN,NaN,NaN,24.0,65.0,NaN,0.0,5.0,13.0,NaN,0.0,5.0,103.0,NaN,0.0,5.0,8.7,NaN,0.0,5.0,109.0,NaN,0.0,5.0,0.8,NaN,0.0,5.0,NaN,NaN,NaN,24.0,79.0,NaN,0.0,5.0,2.8,NaN,0.0,6.0,1.5,NaN,0.0,5.0,3.3,NaN,0.0,5.0,3.7,NaN,0.0,5.0,0.9,NaN,0.0,5.0,NaN,NaN,NaN,24.0,21.3,NaN,-0.09999999999999964,5.0,7.3,NaN,-0.06666666666666672,5.0,29.6,NaN,0.0,5.0,17.2,NaN,-0.15000000000000036,5.0,237.0,NaN,0.0,5.0,91.0,NaN,-1.6666666666666667,5.0,40.0,0.0,1.0,0.0,-23.124444444444446,10.0,0.0,0.0,0.0,1.0,0.0,0.0,0.0,0.0,0.0,0.0,1.0,0.0,0.0,0.0,0.0,0.0,NaN,NaN,NaN,1.0,NaN,NaN,NaN
85.0,NaN,13.0,0.0,100.0,NaN,0.0,0.0,37.0,NaN,0.08249999999999957,0.0,115.0,NaN,-9.0,0.0,84.0,NaN,-3.0,0.0,61.0,NaN,-2.0,0.0,20.0,NaN,0.0,0.0,NaN,NaN,NaN,24.0,0.0,NaN,0.0,7.0,21.0,NaN,0.0,6.0,0.5,NaN,0.0,8.0,7.41,NaN,0.0,7.0,36.0,NaN,0.0,7.0,NaN,NaN,NaN,24.0,65.0,NaN,0.0,6.0,13.0,NaN,0.0,6.0,103.0,NaN,0.0,6.0,8.7,NaN,0.0,6.0,109.0,NaN,0.0,6.0,0.8,NaN,0.0,6.0,NaN,NaN,NaN,24.0,79.0,NaN,0.0,6.0,2.8,NaN,0.0,7.0,1.5,NaN,0.0,6.0,3.3,NaN,0.0,6.0,3.7,NaN,0.0,6.0,0.9,NaN,0.0,6.0,NaN,NaN,NaN,24.0,25.1,NaN,0.6333333333333334,0.0,9.0,NaN,0.2833333333333334,0.0,29.6,NaN,0.0,6.0,17.3,NaN,0.016666666666666902,0.0,237.0,NaN,0.0,6.0,85.0,NaN,-1.0,0.0,40.0,0.0,1.0,0.0,-23.124444444444446,11.0,0.0,0.0,0.0,1.0,0.0,2.0,0.0,0.0,0.0,0.0,1.0,0.0,0.0,0.0,0.0,0.0,NaN,NaN,NaN,1.0,NaN,NaN,NaN
87.0,NaN,2.0,0.0,100.0,NaN,0.0,0.0,37.0,NaN,0.06599999999999966,1.0,122.5,NaN,7.5,0.0,88.5,NaN,4.5,0.0,71.5,NaN,10.5,0.0,23.0,NaN,3.0,0.0,NaN,NaN,NaN,24.0,0.0,NaN,0.0,8.0,21.0,NaN,0.0,7.0,0.5,NaN,0.0,9.0,7.41,NaN,0.0,8.0,36.0,NaN,0.0,8.0,NaN,NaN,NaN,24.0,65.0,NaN,0.0,7.0,13.0,NaN,0.0,7.0,103.0,NaN,0.0,7.0,8.7,NaN,0.0,7.0,109.0,NaN,0.0,7.0,0.8,NaN,0.0,7.0,NaN,NaN,NaN,24.0,79.0,NaN,0.0,7.0,2.8,NaN,0.0,8.0,1.5,NaN,0.0,7.0,3.3,NaN,0.0,7.0,3.7,NaN,0.0,7.0,0.9,NaN,0.0,7.0,NaN,NaN,NaN,24.0,25.1,NaN,0.5428571428571429,1.0,9.0,NaN,0.24285714285714288,1.0,29.6,NaN,0.0,7.0,17.3,NaN,0.014285714285714488,1.0,237.0,NaN,0.0,7.0,85.0,NaN,-0.8571428571428571,1.0,40.0,0.0,1.0,0.0,-23.124444444444446,12.0,0.0,1.0,0.0,1.0,0.0,0.0,0.0,0.0,0.0,0.0,1.0,0.0,0.0,0.0,0.0,0.0,NaN,NaN,NaN,1.0,NaN,NaN,NaN
70.0,NaN,-17.0,0.0,99.0,NaN,-1.0,0.0,37.0,NaN,0.054999999999999716,2.0,125.0,NaN,2.5,0.0,88.0,NaN,-0.5,0.0,77.0,NaN,5.5,0.0,18.0,NaN,-5.0,0.0,NaN,NaN,NaN,24.0,0.0,NaN,0.0,9.0,21.0,NaN,0.0,8.0,0.5,NaN,0.0,10.0,7.41,NaN,0.0,9.0,36.0,NaN,0.0,9.0,NaN,NaN,NaN,24.0,65.0,NaN,0.0,8.0,13.0,NaN,0.0,8.0,103.0,NaN,0.0,8.0,8.7,NaN,0.0,8.0,109.0,NaN,0.0,8.0,0.8,NaN,0.0,8.0,NaN,NaN,NaN,24.0,79.0,NaN,0.0,8.0,2.8,NaN,0.0,9.0,1.5,NaN,0.0,8.0,3.3,NaN,0.0,8.0,3.7,NaN,0.0,8.0,0.9,NaN,0.0,8.0,NaN,NaN,NaN,24.0,25.1,NaN,0.4750000000000001,2.0,9.0,NaN,0.21250000000000002,2.0,29.6,NaN,0.0,8.0,17.3,NaN,0.012500000000000178,2.0,237.0,NaN,0.0,8.0,85.0,NaN,-0.75,2.0,40.0,0.0,1.0,0.0,-23.124444444444446,13.0,0.0,0.0,0.0,1.0,0.0,0.0,0.0,0.0,0.0,0.0,1.0,0.0,0.0,0.0,0.0,0.0,NaN,NaN,NaN,1.0,NaN,NaN,NaN
82.0,NaN,12.0,0.0,100.0,NaN,1.0,0.0,37.0,NaN,0.047142857142856896,3.0,125.0,NaN,0.0,0.0,84.0,NaN,-4.0,0.0,71.0,NaN,-6.0,0.0,20.0,NaN,2.0,0.0,NaN,NaN,NaN,24.0,0.0,NaN,0.0,10.0,21.0,NaN,0.0,9.0,0.5,NaN,0.0,11.0,7.41,NaN,0.0,10.0,36.0,NaN,0.0,10.0,NaN,NaN,NaN,24.0,65.0,NaN,0.0,9.0,13.0,NaN,0.0,9.0,103.0,NaN,0.0,9.0,8.7,NaN,0.0,9.0,109.0,NaN,0.0,9.0,0.8,NaN,0.0,9.0,NaN,NaN,NaN,24.0,79.0,NaN,0.0,9.0,2.8,NaN,0.0,10.0,1.5,NaN,0.0,9.0,3.3,NaN,0.0,9.0,3.7,NaN,0.0,9.0,0.9,NaN,0.0,9.0,NaN,NaN,NaN,24.0,25.8,NaN,0.2333333333333331,0.0,9.1,NaN,0.033333333333333215,0.0,29.6,NaN,0.0,9.0,17.3,NaN,0.01111111111111127,3.0,237.0,NaN,0.0,9.0,81.0,NaN,-1.3333333333333333,0.0,40.0,0.0,1.0,0.0,-23.124444444444446,14.0,0.0,0.0,0.0,1.0,0.0,2.0,0.0,0.0,0.0,0.0,1.0,0.0,0.0,0.0,0.0,0.0,NaN,NaN,NaN,1.0,NaN,NaN,NaN
80.0,NaN,-2.0,0.0,100.0,NaN,0.0,0.0,37.0,NaN,0.04124999999999979,4.0,128.0,NaN,3.0,0.0,84.0,NaN,0.0,0.0,71.0,NaN,0.0,0.0,18.0,NaN,-2.0,0.0,NaN,NaN,NaN,24.0,0.0,NaN,0.0,11.0,21.0,NaN,0.0,10.0,0.5,NaN,0.0,12.0,7.41,NaN,0.0,11.0,36.0,NaN,0.0,11.0,NaN,NaN,NaN,24.0,65.0,NaN,0.0,10.0,13.0,NaN,0.0,10.0,103.0,NaN,0.0,10.0,8.7,NaN,0.0,10.0,109.0,NaN,0.0,10.0,0.8,NaN,0.0,10.0,NaN,NaN,NaN,24.0,79.0,NaN,0.0,10.0,2.8,NaN,0.0,11.0,1.5,NaN,0.0,10.0,3.3,NaN,0.0,10.0,3.7,NaN,0.0,10.0,0.9,NaN,0.0,10.0,NaN,NaN,NaN,24.0,25.8,NaN,0.17499999999999982,1.0,9.1,NaN,0.02499999999999991,1.0,29.6,NaN,0.0,10.0,17.3,NaN,0.010000000000000142,4.0,237.0,NaN,0.0,10.0,81.0,NaN,-1.0,1.0,40.0,0.0,1.0,0.0,-23.124444444444446,15.0,0.0,0.0,0.0,1.0,0.0,0.0,0.0,0.0,0.0,0.0,1.0,0.0,0.0,0.0,0.0,0.0,NaN,NaN,NaN,1.0,NaN,NaN,NaN
