90.0,NaN,NaN,24.0,98.0,NaN,NaN,24.0,37.67,NaN,NaN,24.0,118.0,NaN,NaN,24.0,72.0,NaN,NaN,24.0,60.0,NaN,NaN,24.0,19.0,NaN,NaN,24.0,NaN,NaN,NaN,24.0,NaN,NaN,NaN,24.0,NaN,NaN,NaN,24.0,NaN,NaN,NaN,24.0,NaN,NaN,NaN,24.0,NaN,NaN,NaN,24.0,NaN,NaN,NaN,24.0,NaN,NaN,NaN,24.0,NaN,NaN,NaN,24.0,NaN,NaN,NaN,24.0,NaN,NaN,NaN,24.0,NaN,NaN,NaN,24.0,NaN,NaN,NaN,24.0,NaN,NaN,NaN,24.0,NaN,NaN,NaN,24.0,NaN,NaN,NaN,24.0,NaN,NaN,NaN,24.0,NaN,NaN,NaN,24.0,NaN,NaN,NaN,24.0,NaN,NaN,NaN,24.0,NaN,NaN,NaN,24.0,NaN,NaN,NaN,24.0,NaN,NaN,NaN,24.0,NaN,NaN,NaN,24.0,NaN,NaN,NaN,24.0,NaN,NaN,NaN,24.0,NaN,NaN,NaN,24.0,76.0,1.0,1.0,0.0,-3.4166666666666665,1.0,0.0,0.0,0.0,0.0,0.0,0.0,0.0,0.0,0.0,0.0,1.0,0.0,1.0,1.0,0.0,0.0,NaN,9.0,9.0,4.0,NaN,NaN,NaN
83.0,NaN,-7.0,0.0,97.0,NaN,-1.0,0.0,37.67,NaN,0.0,1.0,121.0,NaN,3.0,0.0,58.0,NaN,-14.0,0.0,53.0,NaN,-7.0,0.0,22.0,NaN,3.0,0.0,NaN,NaN,NaN,24.0,NaN,NaN,NaN,24.0,NaN,NaN,NaN,24.0,NaN,NaN,NaN,24.0,NaN,NaN,NaN,24.0,NaN,NaN,NaN,24.0,NaN,NaN,NaN,24.0,NaN,NaN,NaN,24.0,NaN,NaN,NaN,24.0,NaN,NaN,NaN,24.0,NaN,NaN,NaN,24.0,NaN,NaN,NaN,24.0,NaN,NaN,NaN,24.0,NaN,NaN,NaN,24.0,NaN,NaN,NaN,24.0,NaN,NaN,NaN,24.0,NaN,NaN,NaN,24.0,NaN,NaN,NaN,24.0,NaN,NaN,NaN,24.0,NaN,NaN,NaN,24.0,NaN,NaN,NaN,24.0,NaN,NaN,NaN,24.0,NaN,NaN,NaN,24.0,NaN,NaN,NaN,24.0,NaN,NaN,NaN,24.0,NaN,NaN,NaN,24.0,NaN,NaN,NaN,24.0,76.0,1.0,1.0,0.0,-3.4166666666666665,2.0,0.0,1.0,0.0,0.0,0.0,0.0,0.0,1.0,0.0,0.0,1.0,0.0,1.0,1.0,0.0,0.0,NaN,9.0,9.0,4.0,NaN,NaN,NaN
87.0,NaN,4.0,0.0,98.0,NaN,1.0,0.0,37.11,NaN,-0.28000000000000114,0.0,143.0,NaN,22.0,0.0,82.0,NaN,24.0,0.0,63.0,NaN,10.0,0.0,23.0,NaN,1.0,0.0,NaN,NaN,NaN,24.0,NaN,NaN,NaN,24.0,NaN,NaN,NaN,24.0,NaN,NaN,NaN,24.0,NaN,NaN,NaN,24.0,NaN,NaN,NaN,24.0,NaN,NaN,NaN,24.0,NaN,NaN,NaN,24.0,NaN,NaN,NaN,24.0,NaN,NaN,NaN,24.0,NaN,NaN,NaN,24.0,NaN,NaN,NaN,24.0,NaN,NaN,NaN,24.0,NaN,NaN,NaN,24.0,NaN,NaN,NaN,24.0,NaN,NaN,NaN,24.0,NaN,NaN,NaN,24.0,NaN,NaN,NaN,24.0,NaN,NaN,NaN,24.0,NaN,NaN,NaN,24.0,NaN,NaN,NaN,24.0,NaN,NaN,NaN,24.0,NaN,NaN,NaN,24.0,NaN,NaN,NaN,24.0,NaN,NaN,NaN,24.0,NaN,NaN,NaN,24.0,NaN,NaN,NaN,24.0,76.0,1.0,1.0,0.0,-3.4166666666666665,3.0,0.0,1.0,0.0,0.0,0.0,0.0,0.0,0.0,0.0,0.0,1.0,0.0,1.0,1.0,0.0,0.0,NaN,9.0,9.0,4.0,NaN,NaN,NaN
112.0,NaN,25.0,0.0,94.0,NaN,-4.0,0.0,37.11,NaN,-0.18666666666666742,1.0,147.0,NaN,4.0,0.0,123.0,NaN,41.0,0.0,116.0,NaN,53.0,0.0,27.0,NaN,4.0,0.0,NaN,NaN,NaN,24.0,NaN,NaN,NaN,24.0,NaN,NaN,NaN,24.0,NaN,NaN,NaN,24.0,NaN,NaN,NaN,24.0,NaN,NaN,NaN,24.0,NaN,NaN,NaN,24.0,NaN,NaN,NaN,24.0,NaN,NaN,NaN,24.0,NaN,NaN,NaN,24.0,NaN,NaN,NaN,24.0,NaN,NaN,NaN,24.0,NaN,NaN,NaN,24.0,NaN,NaN,NaN,24.0,NaN,NaN,NaN,24.0,NaN,NaN,NaN,24.0,NaN,NaN,NaN,24.0,NaN,NaN,NaN,24.0,NaN,NaN,NaN,24.0,NaN,NaN,NaN,24.0,NaN,NaN,NaN,24.0,NaN,NaN,NaN,24.0,NaN,NaN,NaN,24.0,NaN,NaN,NaN,24.0,NaN,NaN,NaN,24.0,NaN,NaN,NaN,24.0,NaN,NaN,NaN,24.0,76.0,1.0,1.0,0.0,-3.4166666666666665,4.0,0.0,1.0,1.0,0.0,0.0,0.0,0.0,0.0,0.0,0.0,1.0,0.0,1.0,1.0,0.0,0.0,NaN,9.0,9.0,4.0,NaN,NaN,NaN
110.0,NaN,-2.0,0.0,93.0,NaN,-1.0,0.0,38.72,NaN,0.8049999999999997,0.0,174.0,NaN,27.0,0.0,96.0,NaN,-27.0,0.0,71.0,NaN,-45.0,0.0,22.0,NaN,-5.0,0.0,NaN,NaN,NaN,24.0,NaN,NaN,NaN,24.0,NaN,NaN,NaN,24.0,NaN,NaN,NaN,24.0,NaN,NaN,NaN,24.0,NaN,NaN,NaN,24.0,NaN,NaN,NaN,24.0,NaN,NaN,NaN,24.0,NaN,NaN,NaN,24.0,NaN,NaN,NaN,24.0,NaN,NaN,NaN,24.0,NaN,NaN,NaN,24.0,NaN,NaN,NaN,24.0,NaN,NaN,NaN,24.0,NaN,NaN,NaN,24.0,NaN,NaN,NaN,24.0,NaN,NaN,NaN,24.0,NaN,NaN,NaN,24.0,NaN,NaN,NaN,24.0,NaN,NaN,NaN,24.0,NaN,NaN,NaN,24.0,NaN,NaN,NaN,24.0,NaN,NaN,NaN,24.0,NaN,NaN,NaN,24.0,NaN,NaN,NaN,24.0,NaN,NaN,NaN,24.0,NaN,NaN,NaN,24.0,76.0,1.0,1.0,0.0,-3.4166666666666665,5.0,1.0,1.0,1.0,0.0,0.0,0.0,0.0,0.0,0.0,0.0,1.0,0.0,1.0,1.0,0.0,0.0,NaN,9.0,9.0,4.0,NaN,NaN,NaN
104.0,NaN,-6.0,0.0,95.0,NaN,2.0,0.0,37.78,NaN,-0.9399999999999977,0.0,132.0,NaN,-42.0,0.0,66.0,NaN,-30.0,0.0,47.0,NaN,-24.0,0.0,22.0,NaN,0.0,0.0,NaN,NaN,NaN,24.0,NaN,NaN,NaN,24.0,22.0,NaN,0.0,0.0,NaN,NaN,NaN,24.0,NaN,NaN,NaN,24.0,NaN,NaN,NaN,24.0,NaN,NaN,NaN,24.0,NaN,NaN,NaN,24.0,22.0,NaN,0.0,0.0,NaN,NaN,NaN,24.0,9.4,NaN,0.0,0.0,106.0,NaN,0.0,0.0,1.4,NaN,0.0,0.0,NaN,NaN,NaN,24.0,192.0,NaN,0.0,0.0,1.3,NaN,0.0,0.0,2.5,NaN,0.0,0.0,2.9,NaN,0.0,0.0,4.0,NaN,0.0,0.0,NaN,NaN,NaN,24.0,NaN,NaN,NaN,24.0,31.6,NaN,0.0,0.0,11.2,NaN,0.0,0.0,NaN,NaN,NaN,24.0,11.4,NaN,0.0,0.0,NaN,NaN,NaN,24.0,165.0,NaN,0.0,0.0,76.0,1.0,1.0,0.0,-3.4166666666666665,6.0,0.0,1.0,1.0,0.0,0.0,0.0,0.0,0.0,0.0,1.0,1.0,1.0,1.0,1.0,0.0,0.0,NaN,9.0,9.0,4.0,NaN,NaN,NaN
81.0,NaN,-23.0,0.0,98.0,NaN,3.0,0.0,37.78,NaN,-0.46999999999999886,1.0,112.0,NaN,-20.0,0.0,67.0,NaN,1.0,0.0,54.0,NaN,7.0,0.0,19.0,NaN,-3.0,0.0,NaN,NaN,NaN,24.0,NaN,NaN,NaN,24.0,22.0,NaN,0.0,1.0,NaN,NaN,NaN,24.0,NaN,NaN,NaN,24.0,NaN,NaN,NaN,24.0,NaN,NaN,NaN,24.0,NaN,NaN,NaN,24.0,22.0,NaN,0.0,1.0,NaN,NaN,NaN,24.0,9.4,NaN,0.0,1.0,106.0,NaN,0.0,1.0,1.4,NaN,0.0,1.0,NaN,NaN,NaN,24.0,192.0,NaN,0.0,1.0,1.3,NaN,0.0,1.0,2.5,NaN,0.0,1.0,2.9,NaN,0.0,1.0,4.0,NaN,0.0,1.0,NaN,NaN,NaN,24.0,NaN,NaN,NaN,24.0,31.6,NaN,0.0,1.0,11.2,NaN,0.0,1.0,NaN,NaN,NaN,24.0,11.4,NaN,0.0,1.0,NaN,NaN,NaN,24.0,165.0,NaN,0.0,1.0,76.0,1.0,1.0,0.0,-3.4166666666666665,7.0,0.0,0.0,0.0,0.0,0.0,0.0,0.0,0.0,0.0,0.0,1.0,1.0,1.0,1.0,0.0,0.0,NaN,9.0,9.0,4.0,NaN,NaN,NaN
77.0,NaN,-4.0,0.0,99.0,NaN,1.0,0.0,37.78,NaN,-0.3133333333333326,2.0,126.0,NaN,14.0,0.0,69.0,NaN,2.0,0.0,49.0,NaN,-5.0,0.0,12.0,NaN,-7.0,0.0,NaN,NaN,NaN,24.0,NaN,NaN,NaN,24.0,22.0,NaN,0.0,2.0,NaN,NaN,NaN,24.0,NaN,NaN,NaN,24.0,NaN,NaN,NaN,24.0,NaN,NaN,NaN,24.0,NaN,NaN,NaN,24.0,22.0,NaN,0.0,2.0,NaN,NaN,NaN,24.0,9.4,NaN,0.0,2.0,106.0,NaN,0.0,2.0,1.4,NaN,0.0,2.0,NaN,NaN,NaN,24.0,192.0,NaN,0.0,2.0,1.3,NaN,0.0,2.0,2.5,NaN,0.0,2.0,2.9,NaN,0.0,2.0,4.0,NaN,0.0,2.0,NaN,NaN,NaN,24.0,NaN,NaN,NaN,24.0,31.6,NaN,0.0,2.0,11.2,NaN,0.0,2.0,NaN,NaN,NaN,24.0,11.4,NaN,0.0,2.0,NaN,NaN,NaN,24.0,165.0,NaN,0.0,2.0,76.0,1.0,1.0,0.0,-3.4166666666666665,8.0,0.0,0.0,0.0,0.0,0.0,0.0,0.0,0.0,0.0,0.0,1.0,1.0,1.0,1.0,0.0,0.0,NaN,9.0,9.0,4.0,NaN,NaN,NaN
67.0,NaN,-10.0,0.0,95.0,NaN,-4.0,0.0,37.78,NaN,-0.23499999999999943,3.0,127.0,NaN,1.0,0.0,73.0,NaN,4.0,0.0,58.0,NaN,9.0,0.0,20.0,NaN,8.0,0.0,NaN,NaN,NaN,24.0,NaN,NaN,NaN,24.0,22.0,NaN,0.0,3.0,NaN,NaN,NaN,24.0,NaN,NaN,NaN,24.0,NaN,NaN,NaN,24.0,NaN,NaN,NaN,24.0,NaN,NaN,NaN,24.0,22.0,NaN,0.0,3.0,NaN,NaN,NaN,24.0,9.4,NaN,0.0,3.0,106.0,NaN,0.0,3.0,1.4,NaN,0.0,3.0,NaN,NaN,NaN,24.0,192.0,NaN,0.0,3.0,1.3,NaN,0.0,3.0,2.5,NaN,0.0,3.0,2.9,NaN,0.0,3.0,4.0,NaN,0.0,3.0,NaN,NaN,NaN,24.0,NaN,NaN,NaN,24.0,31.6,NaN,0.0,3.0,11.2,NaN,0.0,3.0,NaN,NaN,NaN,24.0,11.4,NaN,0.0,3.0,NaN,NaN,NaN,24.0,165.0,NaN,0.0,3.0,76.0,1.0,1.0,0.0,-3.4166666666666665,9.0,0.0,0.0,0.0,0.0,0.0,0.0,0.0,0.0,0.0,0.0,1.0,1.0,1.0,1.0,0.0,0.0,NaN,9.0,9.0,4.0,NaN,NaN,NaN
67.0,NaN,0.0,0.0,97.0,NaN,2.0,0.0,36.72,NaN,-0.26500000000000057,0.0,117.0,NaN,-10.0,0.0,70.0,NaN,-3.0,0.0,54.0,NaN,-4.0,0.0,24.0,NaN,4.0,0.0,NaN,NaN,NaN,24.0,NaN,NaN,NaN,24.0,22.0,NaN,0.0,4.0,NaN,NaN,NaN,24.0,NaN,NaN,NaN,24.0,NaN,NaN,NaN,24.0,NaN,NaN,NaN,24.0,NaN,NaN,NaN,24.0,22.0,NaN,0.0,4.0,NaN,NaN,NaN,24.0,9.4,NaN,0.0,4.0,106.0,NaN,0.0,4.0,1.4,NaN,0.0,4.0,NaN,NaN,NaN,24.0,192.0,NaN,0.0,4.0,1.3,NaN,0.0,4.0,2.5,NaN,0.0,4.0,2.9,NaN,0.0,4.0,4.0,NaN,0.0,4.0,NaN,NaN,NaN,24.0,NaN,NaN,NaN,24.0,31.6,NaN,0.0,4.0,11.2,NaN,0.0,4.0,NaN,NaN,NaN,24.0,11.4,NaN,0.0,4.0,NaN,NaN,NaN,24.0,165.0,NaN,0.0,4.0,76.0,1.0,1.0,0.0,-3.4166666666666665,10.0,0.0,1.0,0.0,0.0,0.0,0.0,0.0,0.0,0.0,0.0,1.0,1.0,1.0,1.0,0.0,0.0,NaN,9.0,9.0,4.0,NaN,NaN,NaN
78.0,NaN,11.0,0.0,100.0,NaN,3.0,0.0,36.72,NaN,-0.21200000000000047,1.0,128.0,NaN,11.0,0.0,88.0,NaN,18.0,0.0,75.0,NaN,21.0,0.0,13.0,NaN,-11.0,0.0,NaN,NaN,NaN,24.0,NaN,NaN,NaN,24.0,22.0,NaN,0.0,5.0,NaN,NaN,NaN,24.0,NaN,NaN,NaN,24.0,NaN,NaN,NaN,24.0,NaN,NaN,NaN,24.0,NaN,NaN,NaN,24.0,22.0,NaN,0.0,5.0,NaN,NaN,NaN,24.0,9.4,NaN,0.0,5.0,106.0,NaN,0.0,5.0,1.4,NaN,0.0,5.0,NaN,NaN,NaN,24.0,192.0,NaN,0.0,5.0,1.3,NaN,0.0,5.0,2.5,NaN,0.0,5.0,2.9,NaN,0.0,5.0,4.0,NaN,0.0,5.0,NaN,NaN,NaN,24.0,NaN,NaN,NaN,24.0,31.6,NaN,0.0,5.0,11.2,NaN,0.0,5.0,NaN,NaN,NaN,24.0,11.4,NaN,0.0,5.0,NaN,NaN,NaN,24.0,165.0,NaN,0.0,5.0,76.0,1.0,1.0,0.0,-3.4166666666666665,11.0,0.0,0.0,0.0,0.0,0.0,0.0,0.0,0.0,0.0,0.0,1.0,1.0,1.0,1.0,0.0,0.0,NaN,9.0,9.0,4.0,NaN,NaN,NaN
69.0,NaN,-9.0,0.0,95.0,NaN,-5.0,0.0,36.72,NaN,-0.17666666666666705,2.0,105.0,NaN,-23.0,0.0,54.0,NaN,-34.0,0.0,38.0,NaN,-37.0,0.0,26.0,NaN,13.0,0.0,NaN,NaN,NaN,24.0,NaN,NaN,NaN,24.0,22.0,NaN,0.0,6.0,NaN,NaN,NaN,24.0,NaN,NaN,NaN,24.0,NaN,NaN,NaN,24.0,NaN,NaN,NaN,24.0,NaN,NaN,NaN,24.0,22.0,NaN,0.0,6.0,NaN,NaN,NaN,24.0,9.4,NaN,0.0,6.0,106.0,NaN,0.0,6.0,1.4,NaN,0.0,6.0,NaN,NaN,NaN,24.0,192.0,NaN,0.0,6.0,1.3,NaN,0.0,6.0,2.5,NaN,0.0,6.0,2.9,NaN,0.0,6.0,4.0,NaN,0.0,6.0,NaN,NaN,NaN,24.0,NaN,NaN,NaN,24.0,31.6,NaN,0.0,6.0,11.2,NaN,0.0,6.0,NaN,NaN,NaN,24.0,11.4,NaN,0.0,6.0,NaN,NaN,NaN,24.0,165.0,NaN,0.0,6.0,76.0,1.0,1.0,0.0,-3.4166666666666665,12.0,0.0,1.0,0.0,0.0,0.0,0.0,0.0,1.0,0.0,0.0,1.0,1.0,1.0,1.0,0.0,0.0,NaN,9.0,9.0,4.0,NaN,NaN,NaN
69.0,NaN,0.0,0.0,97.0,NaN,2.0,0.0,36.72,NaN,-0.15142857142857175,3.0,139.0,NaN,34.0,0.0,90.0,NaN,36.0,0.0,78.0,NaN,40.0,0.0,22.0,NaN,-4.0,0.0,NaN,NaN,NaN,24.0,NaN,NaN,NaN,24.0,22.0,NaN,0.0,7.0,NaN,NaN,NaN,24.0,NaN,NaN,NaN,24.0,NaN,NaN,NaN,24.0,NaN,NaN,NaN,24.0,NaN,NaN,NaN,24.0,22.0,NaN,0.0,7.0,NaN,NaN,NaN,24.0,9.4,NaN,0.0,7.0,106.0,NaN,0.0,7.0,1.4,NaN,0.0,7.0,NaN,NaN,NaN,24.0,192.0,NaN,0.0,7.0,1.3,NaN,0.0,7.0,2.5,NaN,0.0,7.0,2.9,NaN,0.0,7.0,4.0,NaN,0.0,7.0,NaN,NaN,NaN,24.0,NaN,NaN,NaN,24.0,31.6,NaN,0.0,7.0,11.2,NaN,0.0,7.0,NaN,NaN,NaN,24.0,11.4,NaN,0.0,7.0,NaN,NaN,NaN,24.0,165.0,NaN,0.0,7.0,76.0,1.0,1.0,0.0,-3.4166666666666665,13.0,0.0,1.0,0.0,0.0,0.0,0.0,0.0,0.0,0.0,0.0,1.0,1.0,1.0,1.0,0.0,0.0,NaN,9.0,9.0,4.0,NaN,NaN,NaN
