89.0,NaN,NaN,24.0,95.5,NaN,NaN,24.0,37.17,NaN,NaN,24.0,120.0,NaN,NaN,24.0,76.0,NaN,NaN,24.0,63.0,NaN,NaN,24.0,18.0,NaN,NaN,24.0,NaN,NaN,NaN,24.0,NaN,NaN,NaN,24.0,NaN,NaN,NaN,24.0,NaN,NaN,NaN,24.0,NaN,NaN,NaN,24.0,NaN,NaN,NaN,24.0,NaN,NaN,NaN,24.0,NaN,NaN,NaN,24.0,NaN,NaN,NaN,24.0,NaN,NaN,NaN,24.0,NaN,NaN,NaN,24.0,NaN,NaN,NaN,24.0,NaN,NaN,NaN,24.0,NaN,NaN,NaN,24.0,NaN,NaN,NaN,24.0,NaN,NaN,NaN,24.0,NaN,NaN,NaN,24.0,NaN,NaN,NaN,24.0,NaN,NaN,NaN,24.0,NaN,NaN,NaN,24.0,NaN,NaN,NaN,24.0,NaN,NaN,NaN,24.0,NaN,NaN,NaN,24.0,NaN,NaN,NaN,24.0,NaN,NaN,NaN,24.0,NaN,NaN,NaN,24.0,NaN,NaN,NaN,24.0,77.0,0.0,1.0,0.0,0.0,1.0,0.0,0.0,0.0,0.0,0.0,0.0,0.0,0.0,0.0,0.0,1.0,0.0,1.0,1.0,1.0,0.0,0.0,5.0,4.0,0.0,NaN,NaN,NaN
86.0,NaN,-3.0,0.0,97.0,NaN,1.5,0.0,37.17,NaN,0.0,1.0,99.0,NaN,-21.0,0.0,55.0,NaN,-21.0,0.0,46.0,NaN,-17.0,0.0,34.0,NaN,16.0,0.0,NaN,NaN,NaN,24.0,-2.0,NaN,0.0,0.0,19.0,NaN,0.0,0.0,NaN,NaN,NaN,24.0,7.4,NaN,0.0,0.0,34.0,NaN,0.0,0.0,98.0,NaN,0.0,0.0,23.0,NaN,0.0,0.0,31.0,NaN,0.0,0.0,128.0,NaN,0.0,0.0,8.8,NaN,0.0,0.0,101.0,NaN,0.0,0.0,0.7,NaN,0.0,0.0,NaN,NaN,NaN,24.0,122.0,NaN,0.0,0.0,1.7,NaN,0.0,0.0,1.7,NaN,0.0,0.0,3.3,NaN,0.0,0.0,4.1,NaN,0.0,0.0,0.8,NaN,0.0,0.0,NaN,NaN,NaN,24.0,31.6,NaN,0.0,0.0,10.3,NaN,0.0,0.0,29.9,NaN,0.0,0.0,41.2,NaN,0.0,0.0,NaN,NaN,NaN,24.0,234.0,NaN,0.0,0.0,77.0,0.0,1.0,0.0,0.0,2.0,0.0,1.0,0.0,1.0,0.0,0.0,0.0,1.0,0.0,0.0,1.0,1.0,1.0,1.0,1.0,0.0,0.0,5.0,4.0,0.0,NaN,NaN,NaN
84.0,NaN,-2.0,0.0,85.0,NaN,-12.0,0.0,37.17,NaN,0.0,2.0,118.0,NaN,19.0,0.0,72.0,NaN,17.0,0.0,56.0,NaN,10.0,0.0,25.0,NaN,-9.0,0.0,NaN,NaN,NaN,24.0,-2.0,NaN,0.0,1.0,19.0,NaN,0.0,1.0,NaN,NaN,NaN,24.0,7.4,NaN,0.0,1.0,34.0,NaN,0.0,1.0,98.0,NaN,0.0,1.0,23.0,NaN,0.0,1.0,31.0,NaN,0.0,1.0,128.0,NaN,0.0,1.0,8.8,NaN,0.0,1.0,101.0,NaN,0.0,1.0,0.7,NaN,0.0,1.0,NaN,NaN,NaN,24.0,122.0,NaN,0.0,1.0,1.7,NaN,0.0,1.0,1.7,NaN,0.0,1.0,3.3,NaN,0.0,1.0,4.1,NaN,0.0,1.0,0.8,NaN,0.0,1.0,NaN,NaN,NaN,24.0,31.6,NaN,0.0,1.0,10.3,NaN,0.0,1.0,29.9,NaN,0.0,1.0,41.2,NaN,0.0,1.0,NaN,NaN,NaN,24.0,234.0,NaN,0.0,1.0,77.0,0.0,1.0,0.0,0.0,3.0,0.0,1.0,0.0,1.0,0.0,0.0,0.0,0.0,0.0,0.0,1.0,1.0,1.0,1.0,1.0,0.0,0.0,5.0,4.0,0.0,NaN,NaN,NaN
84.0,NaN,0.0,0.0,92.0,NaN,7.0,0.0,37.17,NaN,0.0,3.0,106.0,NaN,-12.0,0.0,71.0,NaN,-1.0,0.0,61.0,NaN,5.0,0.0,38.0,NaN,13.0,0.0,NaN,NaN,NaN,24.0,-2.0,NaN,0.0,2.0,19.0,NaN,0.0,2.0,NaN,NaN,NaN,24.0,7.4,NaN,0.0,2.0,34.0,NaN,0.0,2.0,98.0,NaN,0.0,2.0,23.0,NaN,0.0,2.0,31.0,NaN,0.0,2.0,128.0,NaN,0.0,2.0,8.8,NaN,0.0,2.0,101.0,NaN,0.0,2.0,0.7,NaN,0.0,2.0,NaN,NaN,NaN,24.0,122.0,NaN,0.0,2.0,1.7,NaN,0.0,2.0,1.7,NaN,0.0,2.0,3.3,NaN,0.0,2.0,4.1,NaN,0.0,2.0,0.8,NaN,0.0,2.0,NaN,NaN,NaN,24.0,31.6,NaN,0.0,2.0,10.3,NaN,0.0,2.0,29.9,NaN,0.0,2.0,41.2,NaN,0.0,2.0,NaN,NaN,NaN,24.0,234.0,NaN,0.0,2.0,77.0,0.0,1.0,0.0,0.0,4.0,0.0,1.0,0.0,1.0,0.0,0.0,0.0,0.0,0.0,0.0,1.0,1.0,1.0,1.0,1.0,0.0,0.0,5.0,4.0,0.0,NaN,NaN,NaN
86.0,NaN,2.0,0.0,93.0,NaN,1.0,0.0,37.17,NaN,0.0,4.0,97.0,NaN,-9.0,0.0,65.0,NaN,-6.0,0.0,57.0,NaN,-4.0,0.0,32.0,NaN,-6.0,0.0,NaN,NaN,NaN,24.0,-2.0,NaN,0.0,3.0,19.0,NaN,0.0,3.0,NaN,NaN,NaN,24.0,7.4,NaN,0.0,3.0,34.0,NaN,0.0,3.0,98.0,NaN,0.0,3.0,23.0,NaN,0.0,3.0,31.0,NaN,0.0,3.0,128.0,NaN,0.0,3.0,8.8,NaN,0.0,3.0,101.0,NaN,0.0,3.0,0.7,NaN,0.0,3.0,NaN,NaN,NaN,24.0,122.0,NaN,0.0,3.0,1.7,NaN,0.0,3.0,1.7,NaN,0.0,3.0,3.3,NaN,0.0,3.0,4.1,NaN,0.0,3.0,0.8,NaN,0.0,3.0,NaN,NaN,NaN,24.0,31.6,NaN,0.0,3.0,10.3,NaN,0.0,3.0,29.9,NaN,0.0,3.0,41.2,NaN,0.0,3.0,NaN,NaN,NaN,24.0,234.0,NaN,0.0,3.0,77.0,0.0,1.0,0.0,0.0,5.0,0.0,1.0,0.0,1.0,0.0,0.0,0.0,1.0,0.0,0.0,1.0,1.0,1.0,1.0,1.0,0.0,0.0,5.0,4.0,0.0,NaN,NaN,NaN
86.0,NaN,0.0,0.0,95.0,NaN,2.0,0.0,37.11,NaN,-0.012000000000000455,0.0,101.0,NaN,4.0,0.0,68.0,NaN,3.0,0.0,63.0,NaN,6.0,0.0,33.0,NaN,1.0,0.0,NaN,NaN,NaN,24.0,-2.0,NaN,0.0,4.0,19.0,NaN,0.0,4.0,NaN,NaN,NaN,24.0,7.4,NaN,0.0,4.0,34.0,NaN,0.0,4.0,98.0,NaN,0.0,4.0,23.0,NaN,0.0,4.0,31.0,NaN,0.0,4.0,128.0,NaN,0.0,4.0,8.8,NaN,0.0,4.0,101.0,NaN,0.0,4.0,0.7,NaN,0.0,4.0,NaN,NaN,NaN,24.0,122.0,NaN,0.0,4.0,1.7,NaN,0.0,4.0,1.7,NaN,0.0,4.0,3.3,NaN,0.0,4.0,4.1,NaN,0.0,4.0,0.8,NaN,0.0,4.0,NaN,NaN,NaN,24.0,31.6,NaN,0.0,4.0,10.3,NaN,0.0,4.0,29.9,NaN,0.0,4.0,41.2,NaN,0.0,4.0,NaN,NaN,NaN,24.0,234.0,NaN,0.0,4.0,77.0,0.0,1.0,0.0,0.0,6.0,0.0,1.0,0.0,1.0,0.0,0.0,0.0,0.0,0.0,0.0,1.0,1.0,1.0,1.0,1.0,0.0,0.0,5.0,4.0,0.0,NaN,NaN,NaN
84.0,NaN,-2.0,0.0,72.0,NaN,-23.0,0.0,37.11,NaN,-0.010000000000000378,1.0,85.0,NaN,-16.0,0.0,52.0,NaN,-16.0,0.0,44.0,NaN,-19.0,0.0,38.0,NaN,5.0,0.0,NaN,NaN,NaN,24.0,-2.0,NaN,0.0,5.0,19.0,NaN,0.0,5.0,NaN,NaN,NaN,24.0,7.4,NaN,0.0,5.0,34.0,NaN,0.0,5.0,98.0,NaN,0.0,5.0,23.0,NaN,0.0,5.0,31.0,NaN,0.0,5.0,128.0,NaN,0.0,5.0,8.8,NaN,0.0,5.0,101.0,NaN,0.0,5.0,0.7,NaN,0.0,5.0,NaN,NaN,NaN,24.0,122.0,NaN,0.0,5.0,1.7,NaN,0.0,5.0,1.7,NaN,0.0,5.0,3.3,NaN,0.0,5.0,4.1,NaN,0.0,5.0,0.8,NaN,0.0,5.0,NaN,NaN,NaN,24.0,31.6,NaN,0.0,5.0,10.3,NaN,0.0,5.0,29.9,NaN,0.0,5.0,41.2,NaN,0.0,5.0,NaN,NaN,NaN,24.0,234.0,NaN,0.0,5.0,77.0,0.0,1.0,0.0,0.0,7.0,0.0,1.0,0.0,1.0,0.0,0.0,0.0,1.0,0.0,0.0,1.0,1.0,1.0,1.0,1.0,0.0,0.0,5.0,4.0,0.0,NaN,NaN,NaN
83.0,NaN,-1.0,0.0,98.0,NaN,26.0,0.0,37.11,NaN,-0.008571428571428896,2.0,84.0,NaN,-1.0,0.0,65.0,NaN,13.0,0.0,59.0,NaN,15.0,0.0,23.0,NaN,-15.0,0.0,NaN,NaN,NaN,24.0,-5.0,NaN,-0.5,0.0,19.0,NaN,0.0,6.0,NaN,NaN,NaN,24.0,7.34,NaN,-0.010000000000000083,0.0,36.0,NaN,0.3333333333333333,0.0,98.0,NaN,0.0,6.0,23.0,NaN,0.0,6.0,31.0,NaN,0.0,6.0,128.0,NaN,0.0,6.0,8.8,NaN,0.0,6.0,101.0,NaN,0.0,6.0,0.7,NaN,0.0,6.0,NaN,NaN,NaN,24.0,122.0,NaN,0.0,6.0,2.0,NaN,0.05000000000000001,0.0,1.7,NaN,0.0,6.0,3.3,NaN,0.0,6.0,4.0,NaN,-0.016666666666666607,0.0,0.8,NaN,0.0,6.0,NaN,NaN,NaN,24.0,31.6,NaN,0.0,6.0,10.3,NaN,0.0,6.0,29.9,NaN,0.0,6.0,41.2,NaN,0.0,6.0,NaN,NaN,NaN,24.0,234.0,NaN,0.0,6.0,77.0,0.0,1.0,0.0,0.0,8.0,0.0,1.0,0.0,1.0,0.0,0.0,0.0,1.0,1.0,0.0,1.0,1.0,1.0,1.0,1.0,0.0,0.0,5.0,4.0,0.0,NaN,NaN,NaN
81.0,NaN,-2.0,0.0,97.0,NaN,-1.0,0.0,37.11,NaN,-0.007500000000000284,3.0,85.0,NaN,1.0,0.0,58.0,NaN,-7.0,0.0,49.0,NaN,-10.0,0.0,28.0,NaN,5.0,0.0,NaN,NaN,NaN,24.0,-5.0,NaN,-0.42857142857142855,1.0,19.0,NaN,0.0,7.0,NaN,NaN,NaN,24.0,7.34,NaN,-0.008571428571428643,1.0,36.0,NaN,0.2857142857142857,1.0,98.0,NaN,0.0,7.0,23.0,NaN,0.0,7.0,31.0,NaN,0.0,7.0,128.0,NaN,0.0,7.0,8.8,NaN,0.0,7.0,101.0,NaN,0.0,7.0,0.7,NaN,0.0,7.0,NaN,NaN,NaN,24.0,122.0,NaN,0.0,7.0,2.0,NaN,0.042857142857142864,1.0,1.7,NaN,0.0,7.0,3.3,NaN,0.0,7.0,4.0,NaN,-0.014285714285714235,1.0,0.8,NaN,0.0,7.0,NaN,NaN,NaN,24.0,31.6,NaN,0.0,7.0,10.3,NaN,0.0,7.0,29.9,NaN,0.0,7.0,41.2,NaN,0.0,7.0,NaN,NaN,NaN,24.0,234.0,NaN,0.0,7.0,77.0,0.0,1.0,0.0,0.0,9.0,0.0,1.0,0.0,1.0,0.0,0.0,0.0,1.0,0.0,0.0,1.0,1.0,1.0,1.0,1.0,0.0,0.0,5.0,4.0,0.0,NaN,NaN,NaN
