82.0,NaN,NaN,24.0,95.0,NaN,NaN,24.0,37.0,NaN,NaN,24.0,86.0,NaN,NaN,24.0,59.0,NaN,NaN,24.0,52.0,NaN,NaN,24.0,36.0,NaN,NaN,24.0,NaN,NaN,NaN,24.0,-2.0,NaN,NaN,24.0,NaN,NaN,NaN,24.0,NaN,NaN,NaN,24.0,NaN,NaN,NaN,24.0,47.0,NaN,NaN,24.0,NaN,NaN,NaN,24.0,NaN,NaN,NaN,24.0,NaN,NaN,NaN,24.0,NaN,NaN,NaN,24.0,NaN,NaN,NaN,24.0,NaN,NaN,NaN,24.0,NaN,NaN,NaN,24.0,NaN,NaN,NaN,24.0,NaN,NaN,NaN,24.0,NaN,NaN,NaN,24.0,NaN,NaN,NaN,24.0,NaN,NaN,NaN,24.0,NaN,NaN,NaN,24.0,NaN,NaN,NaN,24.0,NaN,NaN,NaN,24.0,NaN,NaN,NaN,24.0,NaN,NaN,NaN,24.0,NaN,NaN,NaN,24.0,NaN,NaN,NaN,24.0,NaN,NaN,NaN,24.0,NaN,NaN,NaN,24.0,71.0,1.0,0.0,1.0,-5.233333333333333,1.0,0.0,1.0,0.0,0.0,0.0,0.0,0.0,1.0,0.0,0.0,1.0,0.0,0.0,NaN,0.0,0.0,NaN,NaN,NaN,NaN,NaN,NaN,NaN
80.0,NaN,-2.0,0.0,93.0,NaN,-2.0,0.0,37.0,NaN,0.0,1.0,94.0,NaN,8.0,0.0,61.0,NaN,2.0,0.0,55.0,NaN,3.0,0.0,21.0,NaN,-15.0,0.0,NaN,NaN,NaN,24.0,-2.0,NaN,0.0,1.0,NaN,NaN,NaN,24.0,NaN,NaN,NaN,24.0,NaN,NaN,NaN,24.0,47.0,NaN,0.0,1.0,NaN,NaN,NaN,24.0,NaN,NaN,NaN,24.0,NaN,NaN,NaN,24.0,NaN,NaN,NaN,24.0,NaN,NaN,NaN,24.0,NaN,NaN,NaN,24.0,NaN,NaN,NaN,24.0,NaN,NaN,NaN,24.0,NaN,NaN,NaN,24.0,NaN,NaN,NaN,24.0,NaN,NaN,NaN,24.0,NaN,NaN,NaN,24.0,NaN,NaN,NaN,24.0,NaN,NaN,NaN,24.0,NaN,NaN,NaN,24.0,NaN,NaN,NaN,24.0,NaN,NaN,NaN,24.0,NaN,NaN,NaN,24.0,NaN,NaN,NaN,24.0,NaN,NaN,NaN,24.0,NaN,NaN,NaN,24.0,71.0,1.0,0.0,1.0,-5.233333333333333,2.0,0.0,1.0,0.0,0.0,0.0,0.0,0.0,1.0,0.0,0.0,1.0,0.0,0.0,NaN,0.0,0.0,NaN,NaN,NaN,NaN,NaN,NaN,NaN
85.0,NaN,5.0,0.0,95.0,NaN,2.0,0.0,37.0,NaN,0.0,2.0,87.0,NaN,-7.0,0.0,60.0,NaN,-1.0,0.0,54.0,NaN,-1.0,0.0,18.0,NaN,-3.0,0.0,NaN,NaN,NaN,24.0,-2.0,NaN,0.0,2.0,NaN,NaN,NaN,24.0,NaN,NaN,NaN,24.0,NaN,NaN,NaN,24.0,47.0,NaN,0.0,2.0,NaN,NaN,NaN,24.0,NaN,NaN,NaN,24.0,NaN,NaN,NaN,24.0,NaN,NaN,NaN,24.0,NaN,NaN,NaN,24.0,NaN,NaN,NaN,24.0,NaN,NaN,NaN,24.0,NaN,NaN,NaN,24.0,NaN,NaN,NaN,24.0,NaN,NaN,NaN,24.0,NaN,NaN,NaN,24.0,NaN,NaN,NaN,24.0,NaN,NaN,NaN,24.0,NaN,NaN,NaN,24.0,NaN,NaN,NaN,24.0,NaN,NaN,NaN,24.0,NaN,NaN,NaN,24.0,NaN,NaN,NaN,24.0,NaN,NaN,NaN,24.0,NaN,NaN,NaN,24.0,NaN,NaN,NaN,24.0,71.0,1.0,0.0,1.0,-5.233333333333333,3.0,0.0,0.0,0.0,0.0,0.0,0.0,0.0,1.0,0.0,0.0,1.0,0.0,0.0,NaN,0.0,0.0,NaN,NaN,NaN,NaN,NaN,NaN,NaN
78.0,NaN,-7.0,0.0,92.0,NaN,-3.0,0.0,37.0,NaN,0.0,3.0,74.0,NaN,-13.0,0.0,48.0,NaN,-12.0,0.0,40.0,NaN,-14.0,0.0,20.0,NaN,2.0,0.0,NaN,NaN,NaN,24.0,-2.0,NaN,0.0,3.0,21.0,NaN,0.0,0.0,NaN,NaN,NaN,24.0,NaN,NaN,NaN,24.0,47.0,NaN,0.0,3.0,NaN,NaN,NaN,24.0,NaN,NaN,NaN,24.0,49.0,NaN,0.0,0.0,NaN,NaN,NaN,24.0,7.8,NaN,0.0,0.0,106.0,NaN,0.0,0.0,2.8,NaN,0.0,0.0,NaN,NaN,NaN,24.0,189.0,NaN,0.0,0.0,NaN,NaN,NaN,24.0,2.0,NaN,0.0,0.0,2.3,NaN,0.0,0.0,4.0,NaN,0.0,0.0,NaN,NaN,NaN,24.0,0.04,NaN,0.0,0.0,35.0,NaN,0.0,0.0,10.9,NaN,0.0,0.0,NaN,NaN,NaN,24.0,4.9,NaN,0.0,0.0,NaN,NaN,NaN,24.0,209.0,NaN,0.0,0.0,71.0,1.0,0.0,1.0,-5.233333333333333,4.0,0.0,0.0,0.0,0.0,0.0,0.0,0.0,1.0,0.0,2.0,1.0,0.0,0.0,NaN,0.0,0.0,NaN,NaN,NaN,NaN,NaN,NaN,NaN
69.0,NaN,-9.0,0.0,93.0,NaN,1.0,0.0,37.0,NaN,0.0,4.0,93.0,NaN,19.0,0.0,62.0,NaN,14.0,0.0,52.0,NaN,12.0,0.0,18.0,NaN,-2.0,0.0,NaN,NaN,NaN,24.0,-2.0,NaN,0.0,4.0,21.0,NaN,0.0,1.0,NaN,NaN,NaN,24.0,NaN,NaN,NaN,24.0,47.0,NaN,0.0,4.0,NaN,NaN,NaN,24.0,NaN,NaN,NaN,24.0,49.0,NaN,0.0,1.0,NaN,NaN,NaN,24.0,7.8,NaN,0.0,1.0,106.0,NaN,0.0,1.0,2.8,NaN,0.0,1.0,NaN,NaN,NaN,24.0,189.0,NaN,0.0,1.0,NaN,NaN,NaN,24.0,2.0,NaN,0.0,1.0,2.3,NaN,0.0,1.0,4.0,NaN,0.0,1.0,NaN,NaN,NaN,24.0,0.04,NaN,0.0,1.0,35.0,NaN,0.0,1.0,10.9,NaN,0.0,1.0,NaN,NaN,NaN,24.0,4.9,NaN,0.0,1.0,NaN,NaN,NaN,24.0,209.0,NaN,0.0,1.0,71.0,1.0,0.0,1.0,-5.233333333333333,5.0,0.0,0.0,0.0,0.0,0.0,0.0,0.0,1.0,0.0,0.0,1.0,0.0,0.0,NaN,0.0,0.0,NaN,NaN,NaN,NaN,NaN,NaN,NaN
67.0,NaN,-2.0,0.0,98.0,NaN,5.0,0.0,37.0,NaN,0.0,5.0,84.0,NaN,-9.0,0.0,55.0,NaN,-7.0,0.0,48.0,NaN,-4.0,0.0,19.0,NaN,1.0,0.0,NaN,NaN,NaN,24.0,-2.0,NaN,0.0,5.0,21.0,NaN,0.0,2.0,NaN,NaN,NaN,24.0,NaN,NaN,NaN,24.0,47.0,NaN,0.0,5.0,NaN,NaN,NaN,24.0,NaN,NaN,NaN,24.0,49.0,NaN,0.0,2.0,NaN,NaN,NaN,24.0,7.8,NaN,0.0,2.0,106.0,NaN,0.0,2.0,2.8,NaN,0.0,2.0,NaN,NaN,NaN,24.0,189.0,NaN,0.0,2.0,NaN,NaN,NaN,24.0,2.0,NaN,0.0,2.0,2.3,NaN,0.0,2.0,4.0,NaN,0.0,2.0,NaN,NaN,NaN,24.0,0.04,NaN,0.0,2.0,35.0,NaN,0.0,2.0,10.9,NaN,0.0,2.0,NaN,NaN,NaN,24.0,4.9,NaN,0.0,2.0,NaN,NaN,NaN,24.0,209.0,NaN,0.0,2.0,71.0,1.0,0.0,1.0,-5.233333333333333,6.0,0.0,0.0,0.0,0.0,0.0,0.0,0.0,1.0,0.0,0.0,1.0,0.0,0.0,NaN,0.0,0.0,NaN,NaN,NaN,NaN,NaN,NaN,NaN
70.0,NaN,3.0,0.0,95.0,NaN,-3.0,0.0,36.44,NaN,-0.09333333333333371,0.0,89.0,NaN,5.0,0.0,53.0,NaN,-2.0,0.0,46.0,NaN,-2.0,0.0,17.0,NaN,-2.0,0.0,NaN,NaN,NaN,24.0,-2.0,NaN,0.0,6.0,21.0,NaN,0.0,3.0,NaN,NaN,NaN,24.0,NaN,NaN,NaN,24.0,47.0,NaN,0.0,6.0,NaN,NaN,NaN,24.0,NaN,NaN,NaN,24.0,49.0,NaN,0.0,3.0,NaN,NaN,NaN,24.0,7.8,NaN,0.0,3.0,106.0,NaN,0.0,3.0,2.8,NaN,0.0,3.0,NaN,NaN,NaN,24.0,189.0,NaN,0.0,3.0,NaN,NaN,NaN,24.0,2.0,NaN,0.0,3.0,2.3,NaN,0.0,3.0,4.0,NaN,0.0,3.0,NaN,NaN,NaN,24.0,0.04,NaN,0.0,3.0,35.0,NaN,0.0,3.0,10.9,NaN,0.0,3.0,NaN,NaN,NaN,24.0,4.9,NaN,0.0,3.0,NaN,NaN,NaN,24.0,209.0,NaN,0.0,3.0,71.0,1.0,0.0,1.0,-5.233333333333333,7.0,0.0,0.0,0.0,0.0,0.0,0.0,0.0,1.0,0.0,0.0,1.0,0.0,0.0,NaN,0.0,0.0,NaN,NaN,NaN,NaN,NaN,NaN,NaN
74.0,NaN,4.0,0.0,96.0,NaN,1.0,0.0,36.44,NaN,-0.08000000000000032,1.0,93.0,NaN,4.0,0.0,58.0,NaN,5.0,0.0,50.0,NaN,4.0,0.0,21.0,NaN,4.0,0.0,NaN,NaN,NaN,24.0,-2.0,NaN,0.0,7.0,21.0,NaN,0.0,4.0,NaN,NaN,NaN,24.0,NaN,NaN,NaN,24.0,47.0,NaN,0.0,7.0,NaN,NaN,NaN,24.0,NaN,NaN,NaN,24.0,49.0,NaN,0.0,4.0,NaN,NaN,NaN,24.0,7.8,NaN,0.0,4.0,106.0,NaN,0.0,4.0,2.8,NaN,0.0,4.0,NaN,NaN,NaN,24.0,189.0,NaN,0.0,4.0,NaN,NaN,NaN,24.0,2.0,NaN,0.0,4.0,2.3,NaN,0.0,4.0,4.0,NaN,0.0,4.0,NaN,NaN,NaN,24.0,0.04,NaN,0.0,4.0,35.0,NaN,0.0,4.0,10.9,NaN,0.0,4.0,NaN,NaN,NaN,24.0,4.9,NaN,0.0,4.0,NaN,NaN,NaN,24.0,209.0,NaN,0.0,4.0,71.0,1.0,0.0,1.0,-5.233333333333333,8.0,0.0,1.0,0.0,0.0,0.0,0.0,0.0,1.0,0.0,0.0,1.0,0.0,0.0,NaN,0.0,0.0,NaN,NaN,NaN,NaN,NaN,NaN,NaN
79.0,NaN,5.0,0.0,93.0,NaN,-3.0,0.0,36.44,NaN,-0.07000000000000028,2.0,115.0,NaN,22.0,0.0,67.0,NaN,9.0,0.0,55.0,NaN,5.0,0.0,19.0,NaN,-2.0,0.0,NaN,NaN,NaN,24.0,-2.0,NaN,0.0,8.0,21.0,NaN,0.0,5.0,NaN,NaN,NaN,24.0,NaN,NaN,NaN,24.0,47.0,NaN,0.0,8.0,NaN,NaN,NaN,24.0,NaN,NaN,NaN,24.0,49.0,NaN,0.0,5.0,NaN,NaN,NaN,24.0,7.8,NaN,0.0,5.0,106.0,NaN,0.0,5.0,2.8,NaN,0.0,5.0,NaN,NaN,NaN,24.0,189.0,NaN,0.0,5.0,NaN,NaN,NaN,24.0,2.0,NaN,0.0,5.0,2.3,NaN,0.0,5.0,4.0,NaN,0.0,5.0,NaN,NaN,NaN,24.0,0.04,NaN,0.0,5.0,35.0,NaN,0.0,5.0,10.9,NaN,0.0,5.0,NaN,NaN,NaN,24.0,4.9,NaN,0.0,5.0,NaN,NaN,NaN,24.0,209.0,NaN,0.0,5.0,71.0,1.0,0.0,1.0,-5.233333333333333,9.0,0.0,0.0,0.0,0.0,0.0,0.0,0.0,0.0,0.0,0.0,1.0,0.0,0.0,NaN,0.0,0.0,NaN,NaN,NaN,NaN,NaN,NaN,NaN
74.0,NaN,-5.0,0.0,95.0,NaN,2.0,0.0,36.44,NaN,-0.06222222222222248,3.0,103.0,NaN,-12.0,0.0,78.0,NaN,11.0,0.0,70.0,NaN,15.0,0.0,20.0,NaN,1.0,0.0,NaN,NaN,NaN,24.0,-2.0,NaN,0.0,9.0,21.0,NaN,0.0,6.0,NaN,NaN,NaN,24.0,NaN,NaN,NaN,24.0,47.0,NaN,0.0,9.0,NaN,NaN,NaN,24.0,NaN,NaN,NaN,24.0,49.0,NaN,0.0,6.0,NaN,NaN,NaN,24.0,7.8,NaN,0.0,6.0,106.0,NaN,0.0,6.0,2.8,NaN,0.0,6.0,NaN,NaN,NaN,24.0,189.0,NaN,0.0,6.0,NaN,NaN,NaN,24.0,2.0,NaN,0.0,6.0,2.3,NaN,0.0,6.0,4.0,NaN,0.0,6.0,NaN,NaN,NaN,24.0,0.04,NaN,0.0,6.0,35.0,NaN,0.0,6.0,10.9,NaN,0.0,6.0,NaN,NaN,NaN,24.0,4.9,NaN,0.0,6.0,NaN,NaN,NaN,24.0,209.0,NaN,0.0,6.0,71.0,1.0,0.0,1.0,-5.233333333333333,10.0,0.0,0.0,0.0,0.0,0.0,0.0,0.0,0.0,0.0,0.0,1.0,0.0,0.0,NaN,0.0,0.0,NaN,NaN,NaN,NaN,NaN,NaN,NaN
70.0,NaN,-4.0,0.0,93.0,NaN,-2.0,0.0,37.0,NaN,0.14000000000000057,0.0,90.0,NaN,-13.0,0.0,58.0,NaN,-20.0,0.0,48.0,NaN,-22.0,0.0,20.0,NaN,0.0,0.0,NaN,NaN,NaN,24.0,-2.0,NaN,0.0,10.0,21.0,NaN,0.0,7.0,NaN,NaN,NaN,24.0,NaN,NaN,NaN,24.0,47.0,NaN,0.0,10.0,NaN,NaN,NaN,24.0,NaN,NaN,NaN,24.0,49.0,NaN,0.0,7.0,NaN,NaN,NaN,24.0,7.8,NaN,0.0,7.0,106.0,NaN,0.0,7.0,2.8,NaN,0.0,7.0,NaN,NaN,NaN,24.0,189.0,NaN,0.0,7.0,NaN,NaN,NaN,24.0,2.0,NaN,0.0,7.0,2.3,NaN,0.0,7.0,4.0,NaN,0.0,7.0,NaN,NaN,NaN,24.0,0.04,NaN,0.0,7.0,35.0,NaN,0.0,7.0,10.9,NaN,0.0,7.0,NaN,NaN,NaN,24.0,4.9,NaN,0.0,7.0,NaN,NaN,NaN,24.0,209.0,NaN,0.0,7.0,71.0,1.0,0.0,1.0,-5.233333333333333,11.0,0.0,0.0,0.0,0.0,0.0,0.0,0.0,1.0,0.0,0.0,1.0,0.0,0.0,NaN,0.0,0.0,NaN,NaN,NaN,NaN,NaN,NaN,NaN
78.0,NaN,8.0,0.0,94.0,NaN,1.0,0.0,37.0,NaN,0.11200000000000046,1.0,93.0,NaN,3.0,0.0,67.0,NaN,9.0,0.0,59.0,NaN,11.0,0.0,23.0,NaN,3.0,0.0,NaN,NaN,NaN,24.0,-2.0,NaN,0.0,11.0,21.0,NaN,0.0,8.0,NaN,NaN,NaN,24.0,NaN,NaN,NaN,24.0,47.0,NaN,0.0,11.0,NaN,NaN,NaN,24.0,NaN,NaN,NaN,24.0,49.0,NaN,0.0,8.0,NaN,NaN,NaN,24.0,7.8,NaN,0.0,8.0,106.0,NaN,0.0,8.0,2.8,NaN,0.0,8.0,NaN,NaN,NaN,24.0,189.0,NaN,0.0,8.0,NaN,NaN,NaN,24.0,2.0,NaN,0.0,8.0,2.3,NaN,0.0,8.0,4.0,NaN,0.0,8.0,NaN,NaN,NaN,24.0,0.04,NaN,0.0,8.0,35.0,NaN,0.0,8.0,10.9,NaN,0.0,8.0,NaN,NaN,NaN,24.0,4.9,NaN,0.0,8.0,NaN,NaN,NaN,24.0,209.0,NaN,0.0,8.0,71.0,1.0,0.0,1.0,-5.233333333333333,12.0,0.0,1.0,0.0,0.0,0.0,0.0,0.0,0.0,0.0,0.0,1.0,0.0,0.0,NaN,0.0,0.0,NaN,NaN,NaN,NaN,NaN,NaN,NaN
