102.5,NaN,NaN,24.0,97.5,NaN,NaN,24.0,36.72,NaN,NaN,24.0,133.0,NaN,NaN,24.0,101.0,NaN,NaN,24.0,91.0,NaN,NaN,24.0,19.5,NaN,NaN,24.0,NaN,NaN,NaN,24.0,NaN,NaN,NaN,24.0,NaN,NaN,NaN,24.0,NaN,NaN,NaN,24.0,NaN,NaN,NaN,24.0,NaN,NaN,NaN,24.0,NaN,NaN,NaN,24.0,NaN,NaN,NaN,24.0,NaN,NaN,NaN,24.0,NaN,NaN,NaN,24.0,NaN,NaN,NaN,24.0,NaN,NaN,NaN,24.0,NaN,NaN,NaN,24.0,NaN,NaN,NaN,24.0,NaN,NaN,NaN,24.0,NaN,NaN,NaN,24.0,NaN,NaN,NaN,24.0,NaN,NaN,NaN,24.0,NaN,NaN,NaN,24.0,NaN,NaN,NaN,24.0,NaN,NaN,NaN,24.0,NaN,NaN,NaN,24.0,NaN,NaN,NaN,24.0,NaN,NaN,NaN,24.0,NaN,NaN,NaN,24.0,NaN,NaN,NaN,24.0,NaN,NaN,NaN,24.0,24.0,1.0,1.0,0.0,-4.183333333333334,1.0,0.0,0.0,1.0,0.0,0.0,0.0,0.0,0.0,0.0,0.0,1.0,0.0,0.0,NaN,0.0,0.0,NaN,NaN,NaN,NaN,NaN,NaN,NaN
102.0,NaN,-0.5,0.0,97.0,NaN,-0.5,0.0,36.72,NaN,0.0,1.0,139.0,NaN,6.0,0.0,114.0,NaN,13.0,0.0,107.0,NaN,16.0,0.0,21.0,NaN,1.5,0.0,NaN,NaN,NaN,24.0,NaN,NaN,NaN,24.0,NaN,NaN,NaN,24.0,NaN,NaN,NaN,24.0,NaN,NaN,NaN,24.0,NaN,NaN,NaN,24.0,NaN,NaN,NaN,24.0,NaN,NaN,NaN,24.0,NaN,NaN,NaN,24.0,NaN,NaN,NaN,24.0,NaN,NaN,NaN,24.0,NaN,NaN,NaN,24.0,NaN,NaN,NaN,24.0,NaN,NaN,NaN,24.0,NaN,NaN,NaN,24.0,NaN,NaN,NaN,24.0,NaN,NaN,NaN,24.0,NaN,NaN,NaN,24.0,NaN,NaN,NaN,24.0,NaN,NaN,NaN,24.0,NaN,NaN,NaN,24.0,NaN,NaN,NaN,24.0,NaN,NaN,NaN,24.0,NaN,NaN,NaN,24.0,NaN,NaN,NaN,24.0,NaN,NaN,NaN,24.0,NaN,NaN,NaN,24.0,24.0,1.0,1.0,0.0,-4.183333333333334,2.0,0.0,1.0,1.0,0.0,0.0,0.0,0.0,0.0,0.0,0.0,1.0,0.0,0.0,NaN,0.0,0.0,NaN,NaN,NaN,NaN,NaN,NaN,NaN
100.0,NaN,-2.0,0.0,96.0,NaN,-1.0,0.0,36.72,NaN,0.0,2.0,131.0,NaN,-8.0,0.0,96.0,NaN,-18.0,0.0,85.0,NaN,-22.0,0.0,19.0,NaN,-2.0,0.0,NaN,NaN,NaN,24.0,NaN,NaN,NaN,24.0,23.0,NaN,0.0,0.0,NaN,NaN,NaN,24.0,NaN,NaN,NaN,24.0,NaN,NaN,NaN,24.0,NaN,NaN,NaN,24.0,85.0,NaN,0.0,0.0,7.0,NaN,0.0,0.0,51.0,NaN,0.0,0.0,9.1,NaN,0.0,0.0,106.0,NaN,0.0,0.0,0.8,NaN,0.0,0.0,NaN,NaN,NaN,24.0,90.0,NaN,0.0,0.0,NaN,NaN,NaN,24.0,2.5,NaN,0.0,0.0,3.5,NaN,0.0,0.0,3.8,NaN,0.0,0.0,0.3,NaN,0.0,0.0,NaN,NaN,NaN,24.0,40.9,NaN,0.0,0.0,14.1,NaN,0.0,0.0,NaN,NaN,NaN,24.0,6.6,NaN,0.0,0.0,NaN,NaN,NaN,24.0,174.0,NaN,0.0,0.0,24.0,1.0,1.0,0.0,-4.183333333333334,3.0,0.0,0.0,1.0,0.0,0.0,0.0,0.0,0.0,0.0,0.0,1.0,0.0,0.0,NaN,0.0,0.0,NaN,NaN,NaN,NaN,NaN,NaN,NaN
89.0,NaN,-11.0,0.0,100.0,NaN,4.0,0.0,36.72,NaN,0.0,3.0,128.0,NaN,-3.0,0.0,88.0,NaN,-8.0,0.0,76.0,NaN,-9.0,0.0,17.0,NaN,-2.0,0.0,NaN,NaN,NaN,24.0,NaN,NaN,NaN,24.0,23.0,NaN,0.0,1.0,NaN,NaN,NaN,24.0,NaN,NaN,NaN,24.0,NaN,NaN,NaN,24.0,NaN,NaN,NaN,24.0,85.0,NaN,0.0,1.0,7.0,NaN,0.0,1.0,51.0,NaN,0.0,1.0,9.1,NaN,0.0,1.0,106.0,NaN,0.0,1.0,0.8,NaN,0.0,1.0,NaN,NaN,NaN,24.0,90.0,NaN,0.0,1.0,NaN,NaN,NaN,24.0,2.5,NaN,0.0,1.0,3.5,NaN,0.0,1.0,3.8,NaN,0.0,1.0,0.3,NaN,0.0,1.0,NaN,NaN,NaN,24.0,40.9,NaN,0.0,1.0,14.1,NaN,0.0,1.0,NaN,NaN,NaN,24.0,6.6,NaN,0.0,1.0,NaN,NaN,NaN,24.0,174.0,NaN,0.0,1.0,24.0,1.0,1.0,0.0,-4.183333333333334,4.0,0.0,0.0,0.0,0.0,0.0,0.0,0.0,0.0,0.0,0.0,1.0,0.0,0.0,NaN,0.0,0.0,NaN,NaN,NaN,NaN,NaN,NaN,NaN
92.0,NaN,3.0,0.0,98.0,NaN,-2.0,0.0,36.72,NaN,0.0,4.0,140.0,NaN,12.0,0.0,100.0,NaN,12.0,0.0,89.0,NaN,13.0,0.0,17.0,NaN,0.0,0.0,NaN,NaN,NaN,24.0,NaN,NaN,NaN,24.0,23.0,NaN,0.0,2.0,NaN,NaN,NaN,24.0,NaN,NaN,NaN,24.0,NaN,NaN,NaN,24.0,NaN,NaN,NaN,24.0,85.0,NaN,0.0,2.0,7.0,NaN,0.0,2.0,51.0,NaN,0.0,2.0,9.1,NaN,0.0,2.0,106.0,NaN,0.0,2.0,0.8,NaN,0.0,2.0,NaN,NaN,NaN,24.0,90.0,NaN,0.0,2.0,NaN,NaN,NaN,24.0,2.5,NaN,0.0,2.0,3.5,NaN,0.0,2.0,3.8,NaN,0.0,2.0,0.3,NaN,0.0,2.0,NaN,NaN,NaN,24.0,40.9,NaN,0.0,2.0,14.1,NaN,0.0,2.0,NaN,NaN,NaN,24.0,6.6,NaN,0.0,2.0,NaN,NaN,NaN,24.0,174.0,NaN,0.0,2.0,24.0,1.0,1.0,0.0,-4.183333333333334,5.0,0.0,0.0,1.0,0.0,0.0,0.0,0.0,0.0,0.0,0.0,1.0,0.0,0.0,NaN,0.0,0.0,NaN,NaN,NaN,NaN,NaN,NaN,NaN
94.0,NaN,2.0,0.0,97.0,NaN,-1.0,0.0,37.06,NaN,0.06800000000000068,0.0,136.0,NaN,-4.0,0.0,101.0,NaN,1.0,0.0,94.0,NaN,5.0,0.0,16.0,NaN,-1.0,0.0,NaN,NaN,NaN,24.0,NaN,NaN,NaN,24.0,23.0,NaN,0.0,3.0,NaN,NaN,NaN,24.0,NaN,NaN,NaN,24.0,NaN,NaN,NaN,24.0,NaN,NaN,NaN,24.0,85.0,NaN,0.0,3.0,7.0,NaN,0.0,3.0,51.0,NaN,0.0,3.0,9.1,NaN,0.0,3.0,106.0,NaN,0.0,3.0,0.8,NaN,0.0,3.0,NaN,NaN,NaN,24.0,90.0,NaN,0.0,3.0,NaN,NaN,NaN,24.0,2.5,NaN,0.0,3.0,3.5,NaN,0.0,3.0,3.8,NaN,0.0,3.0,0.3,NaN,0.0,3.0,NaN,NaN,NaN,24.0,40.9,NaN,0.0,3.0,14.1,NaN,0.0,3.0,NaN,NaN,NaN,24.0,6.6,NaN,0.0,3.0,NaN,NaN,NaN,24.0,174.0,NaN,0.0,3.0,24.0,1.0,1.0,0.0,-4.183333333333334,6.0,0.0,0.0,1.0,0.0,0.0,0.0,0.0,0.0,0.0,0.0,1.0,0.0,0.0,NaN,0.0,0.0,NaN,NaN,NaN,NaN,NaN,NaN,NaN
91.0,NaN,-3.0,0.0,99.0,NaN,2.0,0.0,37.06,NaN,0.05666666666666723,1.0,138.0,NaN,2.0,0.0,96.0,NaN,-5.0,0.0,84.0,NaN,-10.0,0.0,17.0,NaN,1.0,0.0,NaN,NaN,NaN,24.0,NaN,NaN,NaN,24.0,23.0,NaN,0.0,4.0,NaN,NaN,NaN,24.0,NaN,NaN,NaN,24.0,NaN,NaN,NaN,24.0,NaN,NaN,NaN,24.0,85.0,NaN,0.0,4.0,7.0,NaN,0.0,4.0,51.0,NaN,0.0,4.0,9.1,NaN,0.0,4.0,106.0,NaN,0.0,4.0,0.8,NaN,0.0,4.0,NaN,NaN,NaN,24.0,90.0,NaN,0.0,4.0,NaN,NaN,NaN,24.0,2.5,NaN,0.0,4.0,3.5,NaN,0.0,4.0,3.8,NaN,0.0,4.0,0.3,NaN,0.0,4.0,NaN,NaN,NaN,24.0,40.9,NaN,0.0,4.0,14.1,NaN,0.0,4.0,NaN,NaN,NaN,24.0,6.6,NaN,0.0,4.0,NaN,NaN,NaN,24.0,174.0,NaN,0.0,4.0,24.0,1.0,1.0,0.0,-4.183333333333334,7.0,0.0,0.0,1.0,0.0,0.0,0.0,0.0,0.0,0.0,0.0,1.0,0.0,0.0,NaN,0.0,0.0,NaN,NaN,NaN,NaN,NaN,NaN,NaN
74.0,NaN,-17.0,0.0,97.0,NaN,-2.0,0.0,37.06,NaN,0.04857142857142906,2.0,126.0,NaN,-12.0,0.0,86.0,NaN,-10.0,0.0,74.0,NaN,-10.0,0.0,12.0,NaN,-5.0,0.0,NaN,NaN,NaN,24.0,NaN,NaN,NaN,24.0,23.0,NaN,0.0,5.0,NaN,NaN,NaN,24.0,NaN,NaN,NaN,24.0,NaN,NaN,NaN,24.0,NaN,NaN,NaN,24.0,85.0,NaN,0.0,5.0,7.0,NaN,0.0,5.0,51.0,NaN,0.0,5.0,9.1,NaN,0.0,5.0,106.0,NaN,0.0,5.0,0.8,NaN,0.0,5.0,NaN,NaN,NaN,24.0,90.0,NaN,0.0,5.0,NaN,NaN,NaN,24.0,2.5,NaN,0.0,5.0,3.5,NaN,0.0,5.0,3.8,NaN,0.0,5.0,0.3,NaN,0.0,5.0,NaN,NaN,NaN,24.0,40.9,NaN,0.0,5.0,14.1,NaN,0.0,5.0,NaN,NaN,NaN,24.0,6.6,NaN,0.0,5.0,NaN,NaN,NaN,24.0,174.0,NaN,0.0,5.0,24.0,1.0,1.0,0.0,-4.183333333333334,8.0,0.0,0.0,0.0,0.0,0.0,0.0,0.0,0.0,0.0,0.0,1.0,0.0,0.0,NaN,0.0,0.0,NaN,NaN,NaN,NaN,NaN,NaN,NaN
85.0,NaN,11.0,0.0,99.0,NaN,2.0,0.0,37.06,NaN,0.042500000000000426,3.0,128.0,NaN,2.0,0.0,93.0,NaN,7.0,0.0,82.0,NaN,8.0,0.0,15.0,NaN,3.0,0.0,NaN,NaN,NaN,24.0,NaN,NaN,NaN,24.0,23.0,NaN,0.0,6.0,NaN,NaN,NaN,24.0,NaN,NaN,NaN,24.0,NaN,NaN,NaN,24.0,NaN,NaN,NaN,24.0,85.0,NaN,0.0,6.0,7.0,NaN,0.0,6.0,51.0,NaN,0.0,6.0,9.1,NaN,0.0,6.0,106.0,NaN,0.0,6.0,0.8,NaN,0.0,6.0,NaN,NaN,NaN,24.0,90.0,NaN,0.0,6.0,NaN,NaN,NaN,24.0,2.5,NaN,0.0,6.0,3.5,NaN,0.0,6.0,3.8,NaN,0.0,6.0,0.3,NaN,0.0,6.0,NaN,NaN,NaN,24.0,40.9,NaN,0.0,6.0,14.1,NaN,0.0,6.0,NaN,NaN,NaN,24.0,6.6,NaN,0.0,6.0,NaN,NaN,NaN,24.0,174.0,NaN,0.0,6.0,24.0,1.0,1.0,0.0,-4.183333333333334,9.0,0.0,0.0,0.0,0.0,0.0,0.0,0.0,0.0,0.0,0.0,1.0,0.0,0.0,NaN,0.0,0.0,NaN,NaN,NaN,NaN,NaN,NaN,NaN
75.0,NaN,-10.0,0.0,99.0,NaN,0.0,0.0,36.56,NaN,-0.125,0.0,130.0,NaN,2.0,0.0,93.0,NaN,0.0,0.0,81.0,NaN,-1.0,0.0,12.0,NaN,-3.0,0.0,NaN,NaN,NaN,24.0,NaN,NaN,NaN,24.0,23.0,NaN,0.0,7.0,NaN,NaN,NaN,24.0,NaN,NaN,NaN,24.0,NaN,NaN,NaN,24.0,NaN,NaN,NaN,24.0,85.0,NaN,0.0,7.0,7.0,NaN,0.0,7.0,51.0,NaN,0.0,7.0,9.1,NaN,0.0,7.0,106.0,NaN,0.0,7.0,0.8,NaN,0.0,7.0,NaN,NaN,NaN,24.0,90.0,NaN,0.0,7.0,NaN,NaN,NaN,24.0,2.5,NaN,0.0,7.0,3.5,NaN,0.0,7.0,3.8,NaN,0.0,7.0,0.3,NaN,0.0,7.0,NaN,NaN,NaN,24.0,40.9,NaN,0.0,7.0,14.1,NaN,0.0,7.0,NaN,NaN,NaN,24.0,6.6,NaN,0.0,7.0,NaN,NaN,NaN,24.0,174.0,NaN,0.0,7.0,24.0,1.0,1.0,0.0,-4.183333333333334,10.0,0.0,0.0,0.0,0.0,0.0,0.0,0.0,0.0,0.0,0.0,1.0,0.0,0.0,NaN,0.0,0.0,NaN,NaN,NaN,NaN,NaN,NaN,NaN
92.0,NaN,17.0,0.0,99.0,NaN,0.0,0.0,36.56,NaN,-0.1,1.0,133.0,NaN,3.0,0.0,92.0,NaN,-1.0,0.0,80.0,NaN,-1.0,0.0,20.0,NaN,8.0,0.0,NaN,NaN,NaN,24.0,NaN,NaN,NaN,24.0,23.0,NaN,0.0,8.0,NaN,NaN,NaN,24.0,NaN,NaN,NaN,24.0,NaN,NaN,NaN,24.0,NaN,NaN,NaN,24.0,85.0,NaN,0.0,8.0,7.0,NaN,0.0,8.0,51.0,NaN,0.0,8.0,9.1,NaN,0.0,8.0,106.0,NaN,0.0,8.0,0.8,NaN,0.0,8.0,NaN,NaN,NaN,24.0,90.0,NaN,0.0,8.0,NaN,NaN,NaN,24.0,2.5,NaN,0.0,8.0,3.5,NaN,0.0,8.0,3.8,NaN,0.0,8.0,0.3,NaN,0.0,8.0,NaN,NaN,NaN,24.0,40.9,NaN,0.0,8.0,14.1,NaN,0.0,8.0,NaN,NaN,NaN,24.0,6.6,NaN,0.0,8.0,NaN,NaN,NaN,24.0,174.0,NaN,0.0,8.0,24.0,1.0,1.0,0.0,-4.183333333333334,11.0,0.0,0.0,1.0,0.0,0.0,0.0,0.0,0.0,0.0,0.0,1.0,0.0,0.0,NaN,0.0,0.0,NaN,NaN,NaN,NaN,NaN,NaN,NaN
81.0,NaN,-11.0,0.0,99.0,NaN,0.0,0.0,36.56,NaN,-0.08333333333333333,2.0,145.0,NaN,12.0,0.0,102.0,NaN,10.0,0.0,92.0,NaN,12.0,0.0,15.0,NaN,-5.0,0.0,NaN,NaN,NaN,24.0,NaN,NaN,NaN,24.0,23.0,NaN,0.0,9.0,NaN,NaN,NaN,24.0,NaN,NaN,NaN,24.0,NaN,NaN,NaN,24.0,NaN,NaN,NaN,24.0,85.0,NaN,0.0,9.0,7.0,NaN,0.0,9.0,51.0,NaN,0.0,9.0,9.1,NaN,0.0,9.0,106.0,NaN,0.0,9.0,0.8,NaN,0.0,9.0,NaN,NaN,NaN,24.0,90.0,NaN,0.0,9.0,NaN,NaN,NaN,24.0,2.5,NaN,0.0,9.0,3.5,NaN,0.0,9.0,3.8,NaN,0.0,9.0,0.3,NaN,0.0,9.0,NaN,NaN,NaN,24.0,40.9,NaN,0.0,9.0,14.1,NaN,0.0,9.0,NaN,NaN,NaN,24.0,6.6,NaN,0.0,9.0,NaN,NaN,NaN,24.0,174.0,NaN,0.0,9.0,24.0,1.0,1.0,0.0,-4.183333333333334,12.0,0.0,0.0,0.0,0.0,0.0,0.0,0.0,0.0,0.0,0.0,1.0,0.0,0.0,NaN,0.0,0.0,NaN,NaN,NaN,NaN,NaN,NaN,NaN
81.0,NaN,0.0,0.0,99.0,NaN,0.0,0.0,36.56,NaN,-0.07142857142857142,3.0,134.0,NaN,-11.0,0.0,96.0,NaN,-6.0,0.0,82.0,NaN,-10.0,0.0,15.0,NaN,0.0,0.0,NaN,NaN,NaN,24.0,NaN,NaN,NaN,24.0,23.0,NaN,0.0,10.0,NaN,NaN,NaN,24.0,NaN,NaN,NaN,24.0,NaN,NaN,NaN,24.0,NaN,NaN,NaN,24.0,85.0,NaN,0.0,10.0,7.0,NaN,0.0,10.0,51.0,NaN,0.0,10.0,9.1,NaN,0.0,10.0,106.0,NaN,0.0,10.0,0.8,NaN,0.0,10.0,NaN,NaN,NaN,24.0,90.0,NaN,0.0,10.0,NaN,NaN,NaN,24.0,2.5,NaN,0.0,10.0,3.5,NaN,0.0,10.0,3.8,NaN,0.0,10.0,0.3,NaN,0.0,10.0,NaN,NaN,NaN,24.0,40.9,NaN,0.0,10.0,14.1,NaN,0.0,10.0,NaN,NaN,NaN,24.0,6.6,NaN,0.0,10.0,NaN,NaN,NaN,24.0,174.0,NaN,0.0,10.0,24.0,1.0,1.0,0.0,-4.183333333333334,13.0,0.0,0.0,0.0,0.0,0.0,0.0,0.0,0.0,0.0,0.0,1.0,0.0,0.0,NaN,0.0,0.0,NaN,NaN,NaN,NaN,NaN,NaN,NaN
88.0,NaN,7.0,0.0,95.0,NaN,-4.0,0.0,37.11,NaN,0.1374999999999993,0.0,133.0,NaN,-1.0,0.0,99.0,NaN,3.0,0.0,90.0,NaN,8.0,0.0,16.0,NaN,1.0,0.0,NaN,NaN,NaN,24.0,NaN,NaN,NaN,24.0,23.0,NaN,0.0,11.0,NaN,NaN,NaN,24.0,NaN,NaN,NaN,24.0,NaN,NaN,NaN,24.0,NaN,NaN,NaN,24.0,85.0,NaN,0.0,11.0,7.0,NaN,0.0,11.0,51.0,NaN,0.0,11.0,9.1,NaN,0.0,11.0,106.0,NaN,0.0,11.0,0.8,NaN,0.0,11.0,NaN,NaN,NaN,24.0,90.0,NaN,0.0,11.0,NaN,NaN,NaN,24.0,2.5,NaN,0.0,11.0,3.5,NaN,0.0,11.0,3.8,NaN,0.0,11.0,0.3,NaN,0.0,11.0,NaN,NaN,NaN,24.0,40.9,NaN,0.0,11.0,14.1,NaN,0.0,11.0,NaN,NaN,NaN,24.0,6.6,NaN,0.0,11.0,NaN,NaN,NaN,24.0,174.0,NaN,0.0,11.0,24.0,1.0,1.0,0.0,-4.183333333333334,14.0,0.0,0.0,0.0,0.0,0.0,0.0,0.0,0.0,0.0,0.0,1.0,0.0,0.0,NaN,0.0,0.0,NaN,NaN,NaN,NaN,NaN,NaN,NaN
102.0,NaN,14.0,0.0,98.0,NaN,3.0,0.0,37.11,NaN,0.10999999999999943,1.0,161.0,NaN,28.0,0.0,110.0,NaN,11.0,0.0,95.0,NaN,5.0,0.0,23.0,NaN,7.0,0.0,NaN,NaN,NaN,24.0,NaN,NaN,NaN,24.0,23.0,NaN,0.0,12.0,NaN,NaN,NaN,24.0,NaN,NaN,NaN,24.0,NaN,NaN,NaN,24.0,NaN,NaN,NaN,24.0,85.0,NaN,0.0,12.0,7.0,NaN,0.0,12.0,51.0,NaN,0.0,12.0,9.1,NaN,0.0,12.0,106.0,NaN,0.0,12.0,0.8,NaN,0.0,12.0,NaN,NaN,NaN,24.0,90.0,NaN,0.0,12.0,NaN,NaN,NaN,24.0,2.5,NaN,0.0,12.0,3.5,NaN,0.0,12.0,3.8,NaN,0.0,12.0,0.3,NaN,0.0,12.0,NaN,NaN,NaN,24.0,40.9,NaN,0.0,12.0,14.1,NaN,0.0,12.0,NaN,NaN,NaN,24.0,6.6,NaN,0.0,12.0,NaN,NaN,NaN,24.0,174.0,NaN,0.0,12.0,24.0,1.0,1.0,0.0,-4.183333333333334,15.0,0.0,1.0,1.0,0.0,0.0,0.0,0.0,0.0,0.0,0.0,1.0,0.0,0.0,NaN,0.0,0.0,NaN,NaN,NaN,NaN,NaN,NaN,NaN
