64.0,NaN,NaN,24.0,98.0,NaN,NaN,24.0,36.56,NaN,NaN,24.0,146.0,NaN,NaN,24.0,95.0,NaN,NaN,24.0,77.0,NaN,NaN,24.0,21.0,NaN,NaN,24.0,NaN,NaN,NaN,24.0,NaN,NaN,NaN,24.0,NaN,NaN,NaN,24.0,NaN,NaN,NaN,24.0,NaN,NaN,NaN,24.0,NaN,NaN,NaN,24.0,NaN,NaN,NaN,24.0,NaN,NaN,NaN,24.0,NaN,NaN,NaN,24.0,NaN,NaN,NaN,24.0,NaN,NaN,NaN,24.0,NaN,NaN,NaN,24.0,NaN,NaN,NaN,24.0,NaN,NaN,NaN,24.0,NaN,NaN,NaN,24.0,NaN,NaN,NaN,24.0,NaN,NaN,NaN,24.0,NaN,NaN,NaN,24.0,NaN,NaN,NaN,24.0,NaN,NaN,NaN,24.0,NaN,NaN,NaN,24.0,NaN,NaN,NaN,24.0,NaN,NaN,NaN,24.0,NaN,NaN,NaN,24.0,NaN,NaN,NaN,24.0,NaN,NaN,NaN,24.0,NaN,NaN,NaN,24.0,82.0,0.0,1.0,0.0,-6.4,1.0,0.0,1.0,0.0,0.0,0.0,0.0,0.0,0.0,0.0,0.0,1.0,0.0,0.0,NaN,0.0,0.0,NaN,NaN,NaN,NaN,NaN,NaN,NaN
63.0,NaN,-1.0,0.0,98.0,NaN,0.0,0.0,36.56,NaN,0.0,1.0,160.0,NaN,14.0,0.0,92.0,NaN,-3.0,0.0,71.0,NaN,-6.0,0.0,15.0,NaN,-6.0,0.0,NaN,NaN,NaN,24.0,NaN,NaN,NaN,24.0,NaN,NaN,NaN,24.0,NaN,NaN,NaN,24.0,NaN,NaN,NaN,24.0,NaN,NaN,NaN,24.0,NaN,NaN,NaN,24.0,NaN,NaN,NaN,24.0,NaN,NaN,NaN,24.0,NaN,NaN,NaN,24.0,NaN,NaN,NaN,24.0,NaN,NaN,NaN,24.0,NaN,NaN,NaN,24.0,NaN,NaN,NaN,24.0,NaN,NaN,NaN,24.0,NaN,NaN,NaN,24.0,NaN,NaN,NaN,24.0,NaN,NaN,NaN,24.0,NaN,NaN,NaN,24.0,NaN,NaN,NaN,24.0,NaN,NaN,NaN,24.0,NaN,NaN,NaN,24.0,NaN,NaN,NaN,24.0,NaN,NaN,NaN,24.0,NaN,NaN,NaN,24.0,NaN,NaN,NaN,24.0,NaN,NaN,NaN,24.0,82.0,0.0,1.0,0.0,-6.4,2.0,0.0,0.0,0.0,0.0,0.0,0.0,0.0,0.0,0.0,0.0,1.0,0.0,0.0,NaN,0.0,0.0,NaN,NaN,NaN,NaN,NaN,NaN,NaN
58.0,NaN,-5.0,0.0,100.0,NaN,2.0,0.0,36.56,NaN,0.0,2.0,155.0,NaN,-5.0,0.0,104.0,NaN,12.0,0.0,86.0,NaN,15.0,0.0,26.0,NaN,11.0,0.0,NaN,NaN,NaN,24.0,NaN,NaN,NaN,24.0,26.0,NaN,0.0,0.0,NaN,NaN,NaN,24.0,NaN,NaN,NaN,24.0,NaN,NaN,NaN,24.0,NaN,NaN,NaN,24.0,14.0,NaN,0.0,0.0,10.0,NaN,0.0,0.0,71.0,NaN,0.0,0.0,8.3,NaN,0.0,0.0,101.0,NaN,0.0,0.0,0.7,NaN,0.0,0.0,NaN,NaN,NaN,24.0,135.0,NaN,0.0,0.0,NaN,NaN,NaN,24.0,1.8,NaN,0.0,0.0,3.6,NaN,0.0,0.0,3.1,NaN,0.0,0.0,0.8,NaN,0.0,0.0,NaN,NaN,NaN,24.0,42.2,NaN,0.0,0.0,14.0,NaN,0.0,0.0,NaN,NaN,NaN,24.0,8.5,NaN,0.0,0.0,NaN,NaN,NaN,24.0,341.0,NaN,0.0,0.0,82.0,0.0,1.0,0.0,-6.4,3.0,0.0,1.0,0.0,0.0,0.0,0.0,0.0,0.0,0.0,0.0,1.0,0.0,0.0,NaN,0.0,0.0,NaN,NaN,NaN,NaN,NaN,NaN,NaN
62.0,NaN,4.0,0.0,97.0,NaN,-3.0,0.0,36.56,NaN,0.0,3.0,154.0,NaN,-1.0,0.0,91.0,NaN,-13.0,0.0,69.0,NaN,-17.0,0.0,19.0,NaN,-7.0,0.0,NaN,NaN,NaN,24.0,NaN,NaN,NaN,24.0,26.0,NaN,0.0,1.0,NaN,NaN,NaN,24.0,NaN,NaN,NaN,24.0,NaN,NaN,NaN,24.0,NaN,NaN,NaN,24.0,14.0,NaN,0.0,1.0,10.0,NaN,0.0,1.0,71.0,NaN,0.0,1.0,8.3,NaN,0.0,1.0,101.0,NaN,0.0,1.0,0.7,NaN,0.0,1.0,NaN,NaN,NaN,24.0,135.0,NaN,0.0,1.0,NaN,NaN,NaN,24.0,1.8,NaN,0.0,1.0,3.6,NaN,0.0,1.0,3.1,NaN,0.0,1.0,0.8,NaN,0.0,1.0,NaN,NaN,NaN,24.0,42.2,NaN,0.0,1.0,14.0,NaN,0.0,1.0,NaN,NaN,NaN,24.0,8.5,NaN,0.0,1.0,NaN,NaN,NaN,24.0,341.0,NaN,0.0,1.0,82.0,0.0,1.0,0.0,-6.4,4.0,0.0,0.0,0.0,0.0,0.0,0.0,0.0,0.0,0.0,0.0,1.0,0.0,0.0,NaN,0.0,0.0,NaN,NaN,NaN,NaN,NaN,NaN,NaN
65.0,NaN,3.0,0.0,93.0,NaN,-4.0,0.0,36.56,NaN,0.0,4.0,155.0,NaN,1.0,0.0,81.0,NaN,-10.0,0.0,62.0,NaN,-7.0,0.0,23.0,NaN,4.0,0.0,NaN,NaN,NaN,24.0,NaN,NaN,NaN,24.0,26.0,NaN,0.0,2.0,NaN,NaN,NaN,24.0,NaN,NaN,NaN,24.0,NaN,NaN,NaN,24.0,NaN,NaN,NaN,24.0,14.0,NaN,0.0,2.0,10.0,NaN,0.0,2.0,71.0,NaN,0.0,2.0,8.3,NaN,0.0,2.0,101.0,NaN,0.0,2.0,0.7,NaN,0.0,2.0,NaN,NaN,NaN,24.0,135.0,NaN,0.0,2.0,NaN,NaN,NaN,24.0,1.8,NaN,0.0,2.0,3.6,NaN,0.0,2.0,3.1,NaN,0.0,2.0,0.8,NaN,0.0,2.0,NaN,NaN,NaN,24.0,42.2,NaN,0.0,2.0,14.0,NaN,0.0,2.0,NaN,NaN,NaN,24.0,8.5,NaN,0.0,2.0,NaN,NaN,NaN,24.0,341.0,NaN,0.0,2.0,82.0,0.0,1.0,0.0,-6.4,5.0,0.0,1.0,0.0,0.0,0.0,0.0,0.0,0.0,0.0,0.0,1.0,0.0,0.0,NaN,0.0,0.0,NaN,NaN,NaN,NaN,NaN,NaN,NaN
61.0,NaN,-4.0,0.0,94.0,NaN,1.0,0.0,36.83,NaN,0.0539999999999992,0.0,155.0,NaN,0.5,1.0,81.0,NaN,-5.0,1.0,62.0,NaN,-3.5,1.0,26.0,NaN,3.0,0.0,NaN,NaN,NaN,24.0,NaN,NaN,NaN,24.0,26.0,NaN,0.0,3.0,NaN,NaN,NaN,24.0,NaN,NaN,NaN,24.0,NaN,NaN,NaN,24.0,NaN,NaN,NaN,24.0,14.0,NaN,0.0,3.0,10.0,NaN,0.0,3.0,71.0,NaN,0.0,3.0,8.3,NaN,0.0,3.0,101.0,NaN,0.0,3.0,0.7,NaN,0.0,3.0,NaN,NaN,NaN,24.0,135.0,NaN,0.0,3.0,NaN,NaN,NaN,24.0,1.8,NaN,0.0,3.0,3.6,NaN,0.0,3.0,3.1,NaN,0.0,3.0,0.8,NaN,0.0,3.0,NaN,NaN,NaN,24.0,42.2,NaN,0.0,3.0,14.0,NaN,0.0,3.0,NaN,NaN,NaN,24.0,8.5,NaN,0.0,3.0,NaN,NaN,NaN,24.0,341.0,NaN,0.0,3.0,82.0,0.0,1.0,0.0,-6.4,6.0,0.0,1.0,0.0,0.0,0.0,0.0,0.0,0.0,0.0,0.0,1.0,0.0,0.0,NaN,0.0,0.0,NaN,NaN,NaN,NaN,NaN,NaN,NaN
58.0,NaN,-3.0,0.0,95.0,NaN,1.0,0.0,36.83,NaN,0.04499999999999934,1.0,154.0,NaN,-0.5,0.0,91.0,NaN,5.0,0.0,73.0,NaN,5.5,0.0,16.0,NaN,-10.0,0.0,NaN,NaN,NaN,24.0,NaN,NaN,NaN,24.0,26.0,NaN,0.0,4.0,NaN,NaN,NaN,24.0,NaN,NaN,NaN,24.0,NaN,NaN,NaN,24.0,NaN,NaN,NaN,24.0,14.0,NaN,0.0,4.0,10.0,NaN,0.0,4.0,71.0,NaN,0.0,4.0,8.3,NaN,0.0,4.0,101.0,NaN,0.0,4.0,0.7,NaN,0.0,4.0,NaN,NaN,NaN,24.0,135.0,NaN,0.0,4.0,NaN,NaN,NaN,24.0,1.8,NaN,0.0,4.0,3.6,NaN,0.0,4.0,3.1,NaN,0.0,4.0,0.8,NaN,0.0,4.0,NaN,NaN,NaN,24.0,42.2,NaN,0.0,4.0,14.0,NaN,0.0,4.0,NaN,NaN,NaN,24.0,8.5,NaN,0.0,4.0,NaN,NaN,NaN,24.0,341.0,NaN,0.0,4.0,82.0,0.0,1.0,0.0,-6.4,7.0,0.0,0.0,0.0,0.0,0.0,0.0,0.0,0.0,0.0,0.0,1.0,0.0,0.0,NaN,0.0,0.0,NaN,NaN,NaN,NaN,NaN,NaN,NaN
71.0,NaN,13.0,0.0,97.0,NaN,2.0,0.0,36.83,NaN,0.038571428571428,2.0,152.0,NaN,-2.0,0.0,83.0,NaN,-8.0,0.0,61.0,NaN,-12.0,0.0,23.0,NaN,7.0,0.0,NaN,NaN,NaN,24.0,NaN,NaN,NaN,24.0,26.0,NaN,0.0,5.0,NaN,NaN,NaN,24.0,NaN,NaN,NaN,24.0,NaN,NaN,NaN,24.0,NaN,NaN,NaN,24.0,14.0,NaN,0.0,5.0,10.0,NaN,0.0,5.0,71.0,NaN,0.0,5.0,8.3,NaN,0.0,5.0,101.0,NaN,0.0,5.0,0.7,NaN,0.0,5.0,NaN,NaN,NaN,24.0,135.0,NaN,0.0,5.0,NaN,NaN,NaN,24.0,1.8,NaN,0.0,5.0,3.6,NaN,0.0,5.0,3.1,NaN,0.0,5.0,0.8,NaN,0.0,5.0,NaN,NaN,NaN,24.0,42.2,NaN,0.0,5.0,14.0,NaN,0.0,5.0,NaN,NaN,NaN,24.0,8.5,NaN,0.0,5.0,NaN,NaN,NaN,24.0,341.0,NaN,0.0,5.0,82.0,0.0,1.0,0.0,-6.4,8.0,0.0,1.0,0.0,0.0,0.0,0.0,0.0,0.0,0.0,0.0,1.0,0.0,0.0,NaN,0.0,0.0,NaN,NaN,NaN,NaN,NaN,NaN,NaN
62.0,NaN,-9.0,0.0,98.0,NaN,1.0,0.0,36.83,NaN,0.0337499999999995,3.0,162.0,NaN,10.0,0.0,86.0,NaN,3.0,0.0,61.0,NaN,0.0,0.0,30.0,NaN,7.0,0.0,NaN,NaN,NaN,24.0,NaN,NaN,NaN,24.0,26.0,NaN,0.0,6.0,NaN,NaN,NaN,24.0,NaN,NaN,NaN,24.0,NaN,NaN,NaN,24.0,NaN,NaN,NaN,24.0,14.0,NaN,0.0,6.0,10.0,NaN,0.0,6.0,71.0,NaN,0.0,6.0,8.3,NaN,0.0,6.0,101.0,NaN,0.0,6.0,0.7,NaN,0.0,6.0,NaN,NaN,NaN,24.0,135.0,NaN,0.0,6.0,NaN,NaN,NaN,24.0,1.8,NaN,0.0,6.0,3.6,NaN,0.0,6.0,3.1,NaN,0.0,6.0,0.8,NaN,0.0,6.0,NaN,NaN,NaN,24.0,42.2,NaN,0.0,6.0,14.0,NaN,0.0,6.0,NaN,NaN,NaN,24.0,8.5,NaN,0.0,6.0,NaN,NaN,NaN,24.0,341.0,NaN,0.0,6.0,82.0,0.0,1.0,0.0,-6.4,9.0,0.0,1.0,0.0,0.0,0.0,0.0,0.0,0.0,0.0,0.0,1.0,0.0,0.0,NaN,0.0,0.0,NaN,NaN,NaN,NaN,NaN,NaN,NaN
64.0,NaN,2.0,0.0,97.0,NaN,-1.0,0.0,36.67,NaN,-0.03999999999999915,0.0,147.0,NaN,-15.0,0.0,87.0,NaN,1.0,0.0,72.0,NaN,11.0,0.0,28.0,NaN,-2.0,0.0,NaN,NaN,NaN,24.0,NaN,NaN,NaN,24.0,24.0,NaN,-0.2857142857142857,0.0,NaN,NaN,NaN,24.0,NaN,NaN,NaN,24.0,NaN,NaN,NaN,24.0,NaN,NaN,NaN,24.0,13.0,NaN,-0.14285714285714285,0.0,10.0,NaN,0.0,0.0,67.0,NaN,-0.5714285714285714,0.0,8.1,NaN,-0.028571428571428723,0.0,102.0,NaN,0.14285714285714285,0.0,0.7,NaN,0.0,0.0,NaN,NaN,NaN,24.0,127.0,NaN,-1.1428571428571428,0.0,NaN,NaN,NaN,24.0,1.8,NaN,0.0,0.0,3.9,NaN,0.04285714285714283,0.0,3.0,NaN,-0.0142857142857143,0.0,0.8,NaN,0.0,0.0,NaN,NaN,NaN,24.0,41.5,NaN,-0.10000000000000041,0.0,13.9,NaN,-0.014285714285714235,0.0,33.5,NaN,0.0,0.0,8.5,NaN,0.0,0.0,NaN,NaN,NaN,24.0,346.0,NaN,0.7142857142857143,0.0,82.0,0.0,1.0,0.0,-6.4,10.0,0.0,1.0,0.0,0.0,0.0,0.0,0.0,0.0,0.0,0.0,1.0,0.0,0.0,NaN,0.0,0.0,NaN,NaN,NaN,NaN,NaN,NaN,NaN
61.0,NaN,-3.0,0.0,98.0,NaN,1.0,0.0,36.67,NaN,-0.03199999999999932,1.0,134.0,NaN,-13.0,0.0,88.0,NaN,1.0,0.0,75.0,NaN,3.0,0.0,27.0,NaN,-1.0,0.0,NaN,NaN,NaN,24.0,NaN,NaN,NaN,24.0,24.0,NaN,-0.25,1.0,NaN,NaN,NaN,24.0,NaN,NaN,NaN,24.0,NaN,NaN,NaN,24.0,NaN,NaN,NaN,24.0,13.0,NaN,-0.125,1.0,10.0,NaN,0.0,1.0,67.0,NaN,-0.5,1.0,8.1,NaN,-0.025000000000000133,1.0,102.0,NaN,0.125,1.0,0.7,NaN,0.0,1.0,NaN,NaN,NaN,24.0,127.0,NaN,-1.0,1.0,NaN,NaN,NaN,24.0,1.8,NaN,0.0,1.0,3.9,NaN,0.03749999999999998,1.0,3.0,NaN,-0.012500000000000011,1.0,0.8,NaN,0.0,1.0,NaN,NaN,NaN,24.0,41.5,NaN,-0.08750000000000036,1.0,13.9,NaN,-0.012499999999999956,1.0,33.5,NaN,0.0,1.0,8.5,NaN,0.0,1.0,NaN,NaN,NaN,24.0,346.0,NaN,0.625,1.0,82.0,0.0,1.0,0.0,-6.4,11.0,0.0,1.0,0.0,0.0,0.0,0.0,0.0,0.0,0.0,0.0,1.0,0.0,0.0,NaN,0.0,0.0,NaN,NaN,NaN,NaN,NaN,NaN,NaN
63.0,NaN,2.0,0.0,96.0,NaN,-2.0,0.0,36.67,NaN,-0.0266666666666661,2.0,154.0,NaN,20.0,0.0,85.0,NaN,-3.0,0.0,65.0,NaN,-10.0,0.0,17.0,NaN,-10.0,0.0,NaN,NaN,NaN,24.0,NaN,NaN,NaN,24.0,24.0,NaN,-0.2222222222222222,2.0,NaN,NaN,NaN,24.0,NaN,NaN,NaN,24.0,NaN,NaN,NaN,24.0,NaN,NaN,NaN,24.0,13.0,NaN,-0.1111111111111111,2.0,10.0,NaN,0.0,2.0,67.0,NaN,-0.4444444444444444,2.0,8.1,NaN,-0.02222222222222234,2.0,102.0,NaN,0.1111111111111111,2.0,0.7,NaN,0.0,2.0,NaN,NaN,NaN,24.0,127.0,NaN,-0.8888888888888888,2.0,NaN,NaN,NaN,24.0,1.8,NaN,0.0,2.0,3.9,NaN,0.03333333333333331,2.0,3.0,NaN,-0.01111111111111112,2.0,0.8,NaN,0.0,2.0,NaN,NaN,NaN,24.0,41.5,NaN,-0.0777777777777781,2.0,13.9,NaN,-0.011111111111111072,2.0,33.5,NaN,0.0,2.0,8.5,NaN,0.0,2.0,NaN,NaN,NaN,24.0,346.0,NaN,0.5555555555555556,2.0,82.0,0.0,1.0,0.0,-6.4,12.0,0.0,0.0,0.0,0.0,0.0,0.0,0.0,0.0,0.0,0.0,1.0,0.0,0.0,NaN,0.0,0.0,NaN,NaN,NaN,NaN,NaN,NaN,NaN
56.0,NaN,-7.0,0.0,94.0,NaN,-2.0,0.0,36.67,NaN,-0.02285714285714237,3.0,161.0,NaN,7.0,0.0,93.0,NaN,8.0,0.0,68.0,NaN,3.0,0.0,19.0,NaN,2.0,0.0,NaN,NaN,NaN,24.0,NaN,NaN,NaN,24.0,24.0,NaN,-0.2,3.0,NaN,NaN,NaN,24.0,NaN,NaN,NaN,24.0,NaN,NaN,NaN,24.0,NaN,NaN,NaN,24.0,13.0,NaN,-0.1,3.0,10.0,NaN,0.0,3.0,67.0,NaN,-0.4,3.0,8.1,NaN,-0.020000000000000108,3.0,102.0,NaN,0.1,3.0,0.7,NaN,0.0,3.0,NaN,NaN,NaN,24.0,127.0,NaN,-0.8,3.0,NaN,NaN,NaN,24.0,1.8,NaN,0.0,3.0,3.9,NaN,0.02999999999999998,3.0,3.0,NaN,-0.010000000000000009,3.0,0.8,NaN,0.0,3.0,NaN,NaN,NaN,24.0,41.5,NaN,-0.07000000000000028,3.0,13.9,NaN,-0.009999999999999964,3.0,33.5,NaN,0.0,3.0,8.5,NaN,0.0,3.0,NaN,NaN,NaN,24.0,346.0,NaN,0.5,3.0,82.0,0.0,1.0,0.0,-6.4,13.0,0.0,0.0,0.0,0.0,0.0,0.0,0.0,0.0,0.0,0.0,1.0,0.0,0.0,NaN,0.0,0.0,NaN,NaN,NaN,NaN,NaN,NaN,NaN
56.0,NaN,-3.5,1.0,94.0,NaN,-1.0,1.0,36.67,NaN,-0.019999999999999574,4.0,161.0,NaN,3.5,1.0,93.0,NaN,4.0,1.0,68.0,NaN,1.5,1.0,19.0,NaN,1.0,1.0,NaN,NaN,NaN,24.0,NaN,NaN,NaN,24.0,24.0,NaN,-0.18181818181818182,4.0,NaN,NaN,NaN,24.0,NaN,NaN,NaN,24.0,NaN,NaN,NaN,24.0,NaN,NaN,NaN,24.0,13.0,NaN,-0.09090909090909091,4.0,10.0,NaN,0.0,4.0,67.0,NaN,-0.36363636363636365,4.0,8.1,NaN,-0.018181818181818278,4.0,102.0,NaN,0.09090909090909091,4.0,0.7,NaN,0.0,4.0,NaN,NaN,NaN,24.0,127.0,NaN,-0.7272727272727273,4.0,NaN,NaN,NaN,24.0,1.8,NaN,0.0,4.0,3.9,NaN,0.027272727272727258,4.0,3.0,NaN,-0.0090909090909091,4.0,0.8,NaN,0.0,4.0,NaN,NaN,NaN,24.0,41.5,NaN,-0.0636363636363639,4.0,13.9,NaN,-0.00909090909090906,4.0,33.5,NaN,0.0,4.0,8.5,NaN,0.0,4.0,NaN,NaN,NaN,24.0,346.0,NaN,0.45454545454545453,4.0,82.0,0.0,1.0,0.0,-6.4,14.0,0.0,0.0,0.0,0.0,0.0,0.0,0.0,0.0,0.0,0.0,1.0,0.0,0.0,NaN,0.0,0.0,NaN,NaN,NaN,NaN,NaN,NaN,NaN
