119.0,NaN,NaN,24.0,97.0,NaN,NaN,24.0,37.39,NaN,NaN,24.0,158.0,NaN,NaN,24.0,111.0,NaN,NaN,24.0,92.0,NaN,NaN,24.0,39.0,NaN,NaN,24.0,NaN,NaN,NaN,24.0,NaN,NaN,NaN,24.0,NaN,NaN,NaN,24.0,0.5,NaN,NaN,24.0,NaN,NaN,NaN,24.0,NaN,NaN,NaN,24.0,NaN,NaN,NaN,24.0,NaN,NaN,NaN,24.0,NaN,NaN,NaN,24.0,NaN,NaN,NaN,24.0,NaN,NaN,NaN,24.0,NaN,NaN,NaN,24.0,NaN,NaN,NaN,24.0,NaN,NaN,NaN,24.0,NaN,NaN,NaN,24.0,NaN,NaN,NaN,24.0,NaN,NaN,NaN,24.0,NaN,NaN,NaN,24.0,NaN,NaN,NaN,24.0,NaN,NaN,NaN,24.0,NaN,NaN,NaN,24.0,NaN,NaN,NaN,24.0,NaN,NaN,NaN,24.0,NaN,NaN,NaN,24.0,NaN,NaN,NaN,24.0,NaN,NaN,NaN,24.0,NaN,NaN,NaN,24.0,54.0,1.0,0.0,1.0,-0.95,1.0,0.0,1.0,1.0,0.0,2.0,0.0,0.0,0.0,0.0,0.0,0.0,0.0,1.0,0.0,0.0,0.0,NaN,7.0,7.0,-84.0,NaN,NaN,NaN
109.0,NaN,-10.0,0.0,93.0,NaN,-4.0,0.0,37.39,NaN,0.0,1.0,150.0,NaN,-8.0,0.0,108.0,NaN,-3.0,0.0,90.0,NaN,-2.0,0.0,26.0,NaN,-13.0,0.0,NaN,NaN,NaN,24.0,NaN,NaN,NaN,24.0,22.0,NaN,0.0,0.0,0.5,NaN,0.0,1.0,NaN,NaN,NaN,24.0,NaN,NaN,NaN,24.0,NaN,NaN,NaN,24.0,NaN,NaN,NaN,24.0,16.0,NaN,0.0,0.0,NaN,NaN,NaN,24.0,8.6,NaN,0.0,0.0,104.0,NaN,0.0,0.0,0.5,NaN,0.0,0.0,NaN,NaN,NaN,24.0,118.0,NaN,0.0,0.0,NaN,NaN,NaN,24.0,2.2,NaN,0.0,0.0,4.1,NaN,0.0,0.0,4.3,NaN,0.0,0.0,NaN,NaN,NaN,24.0,NaN,NaN,NaN,24.0,37.4,NaN,0.0,0.0,12.5,NaN,0.0,0.0,26.3,NaN,0.0,0.0,12.0,NaN,0.0,0.0,NaN,NaN,NaN,24.0,384.0,NaN,0.0,0.0,54.0,1.0,0.0,1.0,-0.95,2.0,0.0,1.0,1.0,0.0,0.0,0.0,0.0,0.0,0.0,0.0,1.0,0.0,1.0,0.0,0.0,0.0,NaN,7.0,7.0,-84.0,NaN,NaN,NaN
108.0,NaN,-1.0,0.0,98.0,NaN,5.0,0.0,37.39,NaN,0.0,2.0,153.0,NaN,3.0,0.0,112.0,NaN,4.0,0.0,93.0,NaN,3.0,0.0,27.0,NaN,1.0,0.0,NaN,NaN,NaN,24.0,NaN,NaN,NaN,24.0,22.0,NaN,0.0,1.0,0.5,NaN,0.0,2.0,NaN,NaN,NaN,24.0,NaN,NaN,NaN,24.0,NaN,NaN,NaN,24.0,NaN,NaN,NaN,24.0,16.0,NaN,0.0,1.0,NaN,NaN,NaN,24.0,8.6,NaN,0.0,1.0,104.0,NaN,0.0,1.0,0.5,NaN,0.0,1.0,NaN,NaN,NaN,24.0,118.0,NaN,0.0,1.0,NaN,NaN,NaN,24.0,2.2,NaN,0.0,1.0,4.1,NaN,0.0,1.0,4.3,NaN,0.0,1.0,NaN,NaN,NaN,24.0,NaN,NaN,NaN,24.0,37.4,NaN,0.0,1.0,12.5,NaN,0.0,1.0,26.3,NaN,0.0,1.0,12.0,NaN,0.0,1.0,NaN,NaN,NaN,24.0,384.0,NaN,0.0,1.0,54.0,1.0,0.0,1.0,-0.95,3.0,0.0,1.0,1.0,0.0,0.0,0.0,0.0,0.0,0.0,0.0,1.0,0.0,1.0,0.0,0.0,0.0,NaN,7.0,7.0,-84.0,NaN,NaN,NaN
111.0,NaN,3.0,0.0,95.0,NaN,-3.0,0.0,36.61,NaN,-0.2600000000000004,0.0,145.0,NaN,-8.0,0.0,104.0,NaN,-8.0,0.0,93.0,NaN,0.0,0.0,23.0,NaN,-4.0,0.0,NaN,NaN,NaN,24.0,NaN,NaN,NaN,24.0,22.0,NaN,0.0,2.0,0.5,NaN,0.0,0.0,NaN,NaN,NaN,24.0,NaN,NaN,NaN,24.0,NaN,NaN,NaN,24.0,NaN,NaN,NaN,24.0,16.0,NaN,0.0,2.0,NaN,NaN,NaN,24.0,8.6,NaN,0.0,2.0,104.0,NaN,0.0,2.0,0.5,NaN,0.0,2.0,NaN,NaN,NaN,24.0,118.0,NaN,0.0,2.0,NaN,NaN,NaN,24.0,2.2,NaN,0.0,2.0,4.1,NaN,0.0,2.0,4.3,NaN,0.0,2.0,NaN,NaN,NaN,24.0,NaN,NaN,NaN,24.0,37.4,NaN,0.0,2.0,12.5,NaN,0.0,2.0,26.3,NaN,0.0,2.0,12.0,NaN,0.0,2.0,NaN,NaN,NaN,24.0,384.0,NaN,0.0,2.0,54.0,1.0,0.0,1.0,-0.95,4.0,0.0,1.0,1.0,0.0,2.0,0.0,0.0,0.0,0.0,0.0,0.0,1.0,1.0,0.0,0.0,0.0,NaN,7.0,7.0,-84.0,NaN,NaN,NaN
120.0,NaN,9.0,0.0,98.0,NaN,3.0,0.0,36.61,NaN,-0.19500000000000028,1.0,147.0,NaN,2.0,0.0,107.0,NaN,3.0,0.0,92.0,NaN,-1.0,0.0,26.0,NaN,3.0,0.0,NaN,NaN,NaN,24.0,NaN,NaN,NaN,24.0,22.0,NaN,0.0,3.0,0.5,NaN,0.0,1.0,NaN,NaN,NaN,24.0,NaN,NaN,NaN,24.0,NaN,NaN,NaN,24.0,NaN,NaN,NaN,24.0,16.0,NaN,0.0,3.0,NaN,NaN,NaN,24.0,8.6,NaN,0.0,3.0,104.0,NaN,0.0,3.0,0.5,NaN,0.0,3.0,NaN,NaN,NaN,24.0,118.0,NaN,0.0,3.0,NaN,NaN,NaN,24.0,2.2,NaN,0.0,3.0,4.1,NaN,0.0,3.0,4.3,NaN,0.0,3.0,NaN,NaN,NaN,24.0,NaN,NaN,NaN,24.0,37.4,NaN,0.0,3.0,12.5,NaN,0.0,3.0,26.3,NaN,0.0,3.0,12.0,NaN,0.0,3.0,NaN,NaN,NaN,24.0,384.0,NaN,0.0,3.0,54.0,1.0,0.0,1.0,-0.95,5.0,0.0,1.0,1.0,0.0,0.0,0.0,0.0,0.0,0.0,0.0,1.0,1.0,1.0,0.0,0.0,0.0,NaN,7.0,7.0,-84.0,NaN,NaN,NaN
116.0,NaN,-4.0,0.0,96.0,NaN,-2.0,0.0,36.61,NaN,-0.15600000000000022,2.0,129.0,NaN,-18.0,0.0,95.0,NaN,-12.0,0.0,80.0,NaN,-12.0,0.0,23.0,NaN,-3.0,0.0,NaN,NaN,NaN,24.0,NaN,NaN,NaN,24.0,22.0,NaN,0.0,4.0,0.5,NaN,0.0,2.0,NaN,NaN,NaN,24.0,NaN,NaN,NaN,24.0,NaN,NaN,NaN,24.0,NaN,NaN,NaN,24.0,16.0,NaN,0.0,4.0,NaN,NaN,NaN,24.0,8.6,NaN,0.0,4.0,104.0,NaN,0.0,4.0,0.5,NaN,0.0,4.0,NaN,NaN,NaN,24.0,118.0,NaN,0.0,4.0,NaN,NaN,NaN,24.0,2.2,NaN,0.0,4.0,4.1,NaN,0.0,4.0,4.3,NaN,0.0,4.0,NaN,NaN,NaN,24.0,NaN,NaN,NaN,24.0,37.4,NaN,0.0,4.0,12.5,NaN,0.0,4.0,26.3,NaN,0.0,4.0,12.0,NaN,0.0,4.0,NaN,NaN,NaN,24.0,384.0,NaN,0.0,4.0,54.0,1.0,0.0,1.0,-0.95,6.0,0.0,1.0,1.0,0.0,0.0,0.0,0.0,0.0,0.0,0.0,1.0,1.0,1.0,0.0,0.0,0.0,NaN,7.0,7.0,-84.0,NaN,NaN,NaN
112.0,NaN,-4.0,0.0,95.0,NaN,-1.0,0.0,36.61,NaN,-0.1300000000000002,3.0,125.0,NaN,-4.0,0.0,96.0,NaN,1.0,0.0,83.0,NaN,3.0,0.0,24.0,NaN,1.0,0.0,NaN,NaN,NaN,24.0,NaN,NaN,NaN,24.0,22.0,NaN,0.0,5.0,0.5,NaN,0.0,3.0,NaN,NaN,NaN,24.0,NaN,NaN,NaN,24.0,NaN,NaN,NaN,24.0,NaN,NaN,NaN,24.0,16.0,NaN,0.0,5.0,NaN,NaN,NaN,24.0,8.6,NaN,0.0,5.0,104.0,NaN,0.0,5.0,0.5,NaN,0.0,5.0,NaN,NaN,NaN,24.0,118.0,NaN,0.0,5.0,NaN,NaN,NaN,24.0,2.2,NaN,0.0,5.0,4.1,NaN,0.0,5.0,4.3,NaN,0.0,5.0,NaN,NaN,NaN,24.0,NaN,NaN,NaN,24.0,37.4,NaN,0.0,5.0,12.5,NaN,0.0,5.0,26.3,NaN,0.0,5.0,12.0,NaN,0.0,5.0,NaN,NaN,NaN,24.0,384.0,NaN,0.0,5.0,54.0,1.0,0.0,1.0,-0.95,7.0,0.0,1.0,1.0,0.0,0.0,0.0,0.0,0.0,0.0,0.0,1.0,1.0,1.0,0.0,0.0,0.0,NaN,7.0,7.0,-84.0,NaN,NaN,NaN
121.0,NaN,9.0,0.0,96.0,NaN,1.0,0.0,37.17,NaN,0.14000000000000057,0.0,143.0,NaN,18.0,0.0,95.0,NaN,-1.0,0.0,78.0,NaN,-5.0,0.0,27.0,NaN,3.0,0.0,NaN,NaN,NaN,24.0,NaN,NaN,NaN,24.0,22.0,NaN,0.0,6.0,0.4,NaN,-0.024999999999999994,0.0,NaN,NaN,NaN,24.0,NaN,NaN,NaN,24.0,NaN,NaN,NaN,24.0,NaN,NaN,NaN,24.0,16.0,NaN,0.0,6.0,NaN,NaN,NaN,24.0,8.6,NaN,0.0,6.0,104.0,NaN,0.0,6.0,0.5,NaN,0.0,6.0,NaN,NaN,NaN,24.0,118.0,NaN,0.0,6.0,NaN,NaN,NaN,24.0,2.2,NaN,0.0,6.0,4.1,NaN,0.0,6.0,4.3,NaN,0.0,6.0,NaN,NaN,NaN,24.0,NaN,NaN,NaN,24.0,37.4,NaN,0.0,6.0,12.5,NaN,0.0,6.0,26.3,NaN,0.0,6.0,12.0,NaN,0.0,6.0,NaN,NaN,NaN,24.0,384.0,NaN,0.0,6.0,54.0,1.0,0.0,1.0,-0.95,8.0,0.0,1.0,1.0,0.0,1.0,0.0,0.0,0.0,0.0,0.0,0.0,1.0,1.0,0.0,0.0,0.0,NaN,7.0,7.0,-84.0,NaN,NaN,NaN
119.0,NaN,-2.0,0.0,95.0,NaN,-1.0,0.0,37.17,NaN,0.11200000000000046,1.0,119.0,NaN,-24.0,0.0,93.0,NaN,-2.0,0.0,80.0,NaN,2.0,0.0,25.0,NaN,-2.0,0.0,NaN,NaN,NaN,24.0,NaN,NaN,NaN,24.0,22.0,NaN,0.0,7.0,0.4,NaN,-0.019999999999999997,1.0,NaN,NaN,NaN,24.0,NaN,NaN,NaN,24.0,NaN,NaN,NaN,24.0,NaN,NaN,NaN,24.0,16.0,NaN,0.0,7.0,NaN,NaN,NaN,24.0,8.6,NaN,0.0,7.0,104.0,NaN,0.0,7.0,0.5,NaN,0.0,7.0,NaN,NaN,NaN,24.0,118.0,NaN,0.0,7.0,NaN,NaN,NaN,24.0,2.2,NaN,0.0,7.0,4.1,NaN,0.0,7.0,4.3,NaN,0.0,7.0,NaN,NaN,NaN,24.0,NaN,NaN,NaN,24.0,37.4,NaN,0.0,7.0,12.5,NaN,0.0,7.0,26.3,NaN,0.0,7.0,12.0,NaN,0.0,7.0,NaN,NaN,NaN,24.0,384.0,NaN,0.0,7.0,54.0,1.0,0.0,1.0,-0.95,9.0,0.0,1.0,1.0,0.0,0.0,0.0,0.0,0.0,0.0,0.0,1.0,1.0,1.0,0.0,0.0,0.0,NaN,7.0,7.0,-84.0,NaN,NaN,NaN
116.0,NaN,-3.0,0.0,97.0,NaN,2.0,0.0,37.17,NaN,0.09333333333333371,2.0,127.0,NaN,8.0,0.0,92.0,NaN,-1.0,0.0,80.0,NaN,0.0,0.0,28.0,NaN,3.0,0.0,NaN,NaN,NaN,24.0,NaN,NaN,NaN,24.0,22.0,NaN,0.0,8.0,0.4,NaN,-0.016666666666666663,2.0,NaN,NaN,NaN,24.0,NaN,NaN,NaN,24.0,NaN,NaN,NaN,24.0,NaN,NaN,NaN,24.0,16.0,NaN,0.0,8.0,NaN,NaN,NaN,24.0,8.6,NaN,0.0,8.0,104.0,NaN,0.0,8.0,0.5,NaN,0.0,8.0,NaN,NaN,NaN,24.0,118.0,NaN,0.0,8.0,NaN,NaN,NaN,24.0,2.2,NaN,0.0,8.0,4.1,NaN,0.0,8.0,4.3,NaN,0.0,8.0,NaN,NaN,NaN,24.0,NaN,NaN,NaN,24.0,37.4,NaN,0.0,8.0,12.5,NaN,0.0,8.0,26.3,NaN,0.0,8.0,12.0,NaN,0.0,8.0,NaN,NaN,NaN,24.0,384.0,NaN,0.0,8.0,54.0,1.0,0.0,1.0,-0.95,10.0,0.0,1.0,1.0,0.0,0.0,0.0,0.0,0.0,0.0,0.0,1.0,1.0,1.0,0.0,0.0,0.0,NaN,7.0,7.0,-84.0,NaN,NaN,NaN
117.0,NaN,1.0,0.0,94.0,NaN,-3.0,0.0,37.17,NaN,0.08000000000000032,3.0,126.0,NaN,-1.0,0.0,92.0,NaN,0.0,0.0,78.0,NaN,-2.0,0.0,27.0,NaN,-1.0,0.0,NaN,NaN,NaN,24.0,NaN,NaN,NaN,24.0,22.0,NaN,0.0,9.0,0.4,NaN,-0.014285714285714282,3.0,NaN,NaN,NaN,24.0,NaN,NaN,NaN,24.0,NaN,NaN,NaN,24.0,NaN,NaN,NaN,24.0,16.0,NaN,0.0,9.0,NaN,NaN,NaN,24.0,8.6,NaN,0.0,9.0,104.0,NaN,0.0,9.0,0.5,NaN,0.0,9.0,NaN,NaN,NaN,24.0,118.0,NaN,0.0,9.0,NaN,NaN,NaN,24.0,2.2,NaN,0.0,9.0,4.1,NaN,0.0,9.0,4.3,NaN,0.0,9.0,NaN,NaN,NaN,24.0,NaN,NaN,NaN,24.0,37.4,NaN,0.0,9.0,12.5,NaN,0.0,9.0,26.3,NaN,0.0,9.0,12.0,NaN,0.0,9.0,NaN,NaN,NaN,24.0,384.0,NaN,0.0,9.0,54.0,1.0,0.0,1.0,-0.95,11.0,0.0,1.0,1.0,0.0,0.0,0.0,0.0,0.0,0.0,0.0,1.0,1.0,1.0,0.0,0.0,0.0,NaN,7.0,7.0,-84.0,NaN,NaN,NaN
