NaN,NaN,NaN,24.0,NaN,NaN,NaN,24.0,NaN,NaN,NaN,24.0,NaN,NaN,NaN,24.0,NaN,NaN,NaN,24.0,NaN,NaN,NaN,24.0,NaN,NaN,NaN,24.0,NaN,NaN,NaN,24.0,NaN,NaN,NaN,24.0,NaN,NaN,NaN,24.0,NaN,NaN,NaN,24.0,NaN,NaN,NaN,24.0,NaN,NaN,NaN,24.0,NaN,NaN,NaN,24.0,NaN,NaN,NaN,24.0,NaN,NaN,NaN,24.0,NaN,NaN,NaN,24.0,NaN,NaN,NaN,24.0,NaN,NaN,NaN,24.0,NaN,NaN,NaN,24.0,NaN,NaN,NaN,24.0,NaN,NaN,NaN,24.0,NaN,NaN,NaN,24.0,NaN,NaN,NaN,24.0,NaN,NaN,NaN,24.0,NaN,NaN,NaN,24.0,NaN,NaN,NaN,24.0,NaN,NaN,NaN,24.0,NaN,NaN,NaN,24.0,NaN,NaN,NaN,24.0,NaN,NaN,NaN,24.0,NaN,NaN,NaN,24.0,NaN,NaN,NaN,24.0,NaN,NaN,NaN,24.0,73.0,1.0,0.0,1.0,-3.15,1.0,0.0,0.0,0.0,0.0,0.0,0.0,0.0,0.0,0.0,0.0,1.0,0.0,1.0,1.0,0.0,0.0,NaN,9.0,9.0,11.0,NaN,NaN,NaN
80.0,NaN,0.0,0.0,97.0,NaN,0.0,0.0,NaN,NaN,NaN,24.0,127.0,NaN,0.0,0.0,77.0,NaN,0.0,0.0,54.0,NaN,0.0,0.0,16.0,NaN,0.0,0.0,NaN,NaN,NaN,24.0,NaN,NaN,NaN,24.0,NaN,NaN,NaN,24.0,0.6,NaN,0.0,0.0,NaN,NaN,NaN,24.0,NaN,NaN,NaN,24.0,NaN,NaN,NaN,24.0,NaN,NaN,NaN,24.0,NaN,NaN,NaN,24.0,NaN,NaN,NaN,24.0,NaN,NaN,NaN,24.0,NaN,NaN,NaN,24.0,NaN,NaN,NaN,24.0,NaN,NaN,NaN,24.0,NaN,NaN,NaN,24.0,NaN,NaN,NaN,24.0,NaN,NaN,NaN,24.0,NaN,NaN,NaN,24.0,NaN,NaN,NaN,24.0,NaN,NaN,NaN,24.0,NaN,NaN,NaN,24.0,NaN,NaN,NaN,24.0,NaN,NaN,NaN,24.0,NaN,NaN,NaN,24.0,NaN,NaN,NaN,24.0,NaN,NaN,NaN,24.0,NaN,NaN,NaN,24.0,73.0,1.0,0.0,1.0,-3.15,2.0,0.0,0.0,0.0,0.0,2.0,0.0,0.0,0.0,0.0,0.0,0.0,0.0,1.0,1.0,0.0,0.0,NaN,9.0,9.0,11.0,NaN,NaN,NaN
88.0,NaN,8.0,0.0,97.0,NaN,0.0,0.0,36.72,NaN,0.0,0.0,123.5,NaN,-3.5,0.0,72.5,NaN,-4.5,0.0,52.0,NaN,-2.0,0.0,30.0,NaN,14.0,0.0,NaN,NaN,NaN,24.0,NaN,NaN,NaN,24.0,NaN,NaN,NaN,24.0,0.6,NaN,0.0,1.0,NaN,NaN,NaN,24.0,NaN,NaN,NaN,24.0,NaN,NaN,NaN,24.0,NaN,NaN,NaN,24.0,NaN,NaN,NaN,24.0,NaN,NaN,NaN,24.0,NaN,NaN,NaN,24.0,NaN,NaN,NaN,24.0,NaN,NaN,NaN,24.0,NaN,NaN,NaN,24.0,NaN,NaN,NaN,24.0,NaN,NaN,NaN,24.0,NaN,NaN,NaN,24.0,NaN,NaN,NaN,24.0,NaN,NaN,NaN,24.0,NaN,NaN,NaN,24.0,NaN,NaN,NaN,24.0,NaN,NaN,NaN,24.0,NaN,NaN,NaN,24.0,NaN,NaN,NaN,24.0,NaN,NaN,NaN,24.0,NaN,NaN,NaN,24.0,NaN,NaN,NaN,24.0,73.0,1.0,0.0,1.0,-3.15,3.0,0.0,1.0,0.0,0.0,0.0,0.0,0.0,0.0,0.0,0.0,0.0,0.0,1.0,1.0,0.0,0.0,NaN,9.0,9.0,11.0,NaN,NaN,NaN
91.0,NaN,3.0,0.0,94.0,NaN,-3.0,0.0,36.72,NaN,0.0,1.0,131.0,NaN,7.5,0.0,104.0,NaN,31.5,0.0,89.0,NaN,37.0,0.0,26.0,NaN,-4.0,0.0,NaN,NaN,NaN,24.0,-2.0,NaN,0.0,0.0,20.0,NaN,0.0,0.0,0.6,NaN,0.0,2.0,7.28,NaN,0.0,0.0,51.0,NaN,0.0,0.0,NaN,NaN,NaN,24.0,NaN,NaN,NaN,24.0,21.0,NaN,0.0,0.0,NaN,NaN,NaN,24.0,8.2,NaN,0.0,0.0,101.0,NaN,0.0,0.0,1.1,NaN,0.0,0.0,NaN,NaN,NaN,24.0,207.5,NaN,0.0,0.0,5.5,NaN,0.0,0.0,1.8,NaN,0.0,0.0,NaN,NaN,NaN,24.0,4.0,NaN,0.0,0.0,NaN,NaN,NaN,24.0,NaN,NaN,NaN,24.0,41.9,NaN,0.0,0.0,13.8,NaN,0.0,0.0,24.0,NaN,0.0,0.0,16.2,NaN,0.0,0.0,NaN,NaN,NaN,24.0,177.0,NaN,0.0,0.0,73.0,1.0,0.0,1.0,-3.15,4.0,0.0,1.0,1.0,1.0,0.0,0.0,0.0,0.0,1.0,0.0,1.0,0.0,1.0,1.0,0.0,0.0,NaN,9.0,9.0,11.0,NaN,NaN,NaN
107.0,NaN,16.0,0.0,95.0,NaN,1.0,0.0,36.72,NaN,0.0,2.0,112.0,NaN,-19.0,0.0,58.0,NaN,-46.0,0.0,43.0,NaN,-46.0,0.0,26.0,NaN,0.0,0.0,NaN,NaN,NaN,24.0,-2.0,NaN,0.0,1.0,20.0,NaN,0.0,1.0,0.6,NaN,0.0,0.0,7.28,NaN,0.0,1.0,51.0,NaN,0.0,1.0,NaN,NaN,NaN,24.0,NaN,NaN,NaN,24.0,21.0,NaN,0.0,1.0,NaN,NaN,NaN,24.0,8.2,NaN,0.0,1.0,101.0,NaN,0.0,1.0,1.1,NaN,0.0,1.0,NaN,NaN,NaN,24.0,207.5,NaN,0.0,1.0,5.5,NaN,0.0,1.0,1.8,NaN,0.0,1.0,NaN,NaN,NaN,24.0,4.0,NaN,0.0,1.0,NaN,NaN,NaN,24.0,NaN,NaN,NaN,24.0,41.9,NaN,0.0,1.0,13.8,NaN,0.0,1.0,24.0,NaN,0.0,1.0,16.2,NaN,0.0,1.0,NaN,NaN,NaN,24.0,177.0,NaN,0.0,1.0,73.0,1.0,0.0,1.0,-3.15,5.0,0.0,1.0,1.0,1.0,2.0,0.0,0.0,1.0,0.0,0.0,1.0,0.0,1.0,1.0,0.0,0.0,NaN,9.0,9.0,11.0,NaN,NaN,NaN
100.0,NaN,-7.0,0.0,98.0,NaN,3.0,0.0,36.72,NaN,0.0,3.0,124.0,NaN,12.0,0.0,60.0,NaN,2.0,0.0,42.0,NaN,-1.0,0.0,27.0,NaN,1.0,0.0,NaN,NaN,NaN,24.0,0.0,NaN,1.0,0.0,20.0,NaN,0.0,2.0,0.6,NaN,0.0,1.0,7.33,NaN,0.02499999999999991,0.0,49.0,NaN,-1.0,0.0,NaN,NaN,NaN,24.0,NaN,NaN,NaN,24.0,21.0,NaN,0.0,2.0,NaN,NaN,NaN,24.0,8.2,NaN,0.0,2.0,101.0,NaN,0.0,2.0,1.1,NaN,0.0,2.0,NaN,NaN,NaN,24.0,207.5,NaN,0.0,2.0,3.7,NaN,-0.8999999999999999,0.0,1.8,NaN,0.0,2.0,NaN,NaN,NaN,24.0,4.0,NaN,0.0,2.0,NaN,NaN,NaN,24.0,NaN,NaN,NaN,24.0,41.9,NaN,0.0,2.0,13.8,NaN,0.0,2.0,24.0,NaN,0.0,2.0,16.2,NaN,0.0,2.0,NaN,NaN,NaN,24.0,177.0,NaN,0.0,2.0,73.0,1.0,0.0,1.0,-3.15,6.0,0.0,1.0,1.0,1.0,0.0,0.0,0.0,1.0,1.0,0.0,1.0,1.0,1.0,1.0,0.0,0.0,NaN,9.0,9.0,11.0,NaN,NaN,NaN
93.0,NaN,-7.0,0.0,98.0,NaN,0.0,0.0,36.72,NaN,0.0,4.0,130.0,NaN,6.0,0.0,63.0,NaN,3.0,0.0,44.0,NaN,2.0,0.0,26.0,NaN,-1.0,0.0,NaN,NaN,NaN,24.0,0.0,NaN,0.6666666666666666,1.0,20.0,NaN,0.0,3.0,0.6,NaN,0.0,2.0,7.33,NaN,0.016666666666666607,1.0,49.0,NaN,-0.6666666666666666,1.0,NaN,NaN,NaN,24.0,NaN,NaN,NaN,24.0,21.0,NaN,0.0,3.0,NaN,NaN,NaN,24.0,8.2,NaN,0.0,3.0,101.0,NaN,0.0,3.0,1.1,NaN,0.0,3.0,NaN,NaN,NaN,24.0,207.5,NaN,0.0,3.0,3.7,NaN,-0.6,1.0,1.8,NaN,0.0,3.0,NaN,NaN,NaN,24.0,4.0,NaN,0.0,3.0,NaN,NaN,NaN,24.0,NaN,NaN,NaN,24.0,41.9,NaN,0.0,3.0,13.8,NaN,0.0,3.0,24.0,NaN,0.0,3.0,16.2,NaN,0.0,3.0,NaN,NaN,NaN,24.0,177.0,NaN,0.0,3.0,73.0,1.0,0.0,1.0,-3.15,7.0,0.0,1.0,1.0,1.0,0.0,0.0,0.0,1.0,0.0,0.0,1.0,1.0,1.0,1.0,0.0,0.0,NaN,9.0,9.0,11.0,NaN,NaN,NaN
98.0,NaN,5.0,0.0,97.0,NaN,-1.0,0.0,37.72,NaN,0.2,0.0,116.0,NaN,-14.0,0.0,59.0,NaN,-4.0,0.0,40.0,NaN,-4.0,0.0,28.0,NaN,2.0,0.0,NaN,NaN,NaN,24.0,0.0,NaN,0.0,0.0,24.0,NaN,1.0,0.0,0.6,NaN,0.0,3.0,7.35,NaN,0.009999999999999787,0.0,45.0,NaN,-2.0,0.0,NaN,NaN,NaN,24.0,NaN,NaN,NaN,24.0,19.0,NaN,-0.5,0.0,NaN,NaN,NaN,24.0,8.3,NaN,0.025000000000000355,0.0,107.0,NaN,1.5,0.0,1.1,NaN,0.0,0.0,NaN,NaN,NaN,24.0,120.0,NaN,-21.875,0.0,3.2,NaN,-0.25,0.0,1.7,NaN,-0.025000000000000022,0.0,1.0,NaN,0.0,0.0,3.8,NaN,-0.050000000000000044,0.0,NaN,NaN,NaN,24.0,0.26,NaN,0.0,0.0,39.2,NaN,-0.6749999999999989,0.0,13.0,NaN,-0.20000000000000018,0.0,25.5,NaN,0.375,0.0,14.0,NaN,-0.5499999999999998,0.0,NaN,NaN,NaN,24.0,159.0,NaN,-4.5,0.0,73.0,1.0,0.0,1.0,-3.15,8.0,0.0,1.0,1.0,1.0,0.0,0.0,0.0,1.0,1.0,0.0,1.0,1.0,1.0,1.0,0.0,0.0,NaN,9.0,9.0,11.0,NaN,NaN,NaN
93.0,NaN,-5.0,0.0,97.5,NaN,0.5,0.0,37.72,NaN,0.16666666666666666,1.0,132.0,NaN,16.0,0.0,67.0,NaN,8.0,0.0,47.0,NaN,7.0,0.0,28.0,NaN,0.0,0.0,NaN,NaN,NaN,24.0,0.0,NaN,0.0,1.0,24.0,NaN,0.8,1.0,0.6,NaN,0.0,0.0,7.35,NaN,0.006666666666666525,1.0,45.0,NaN,-1.3333333333333333,1.0,NaN,NaN,NaN,24.0,NaN,NaN,NaN,24.0,19.0,NaN,-0.4,1.0,NaN,NaN,NaN,24.0,8.3,NaN,0.020000000000000285,1.0,107.0,NaN,1.2,1.0,1.1,NaN,0.0,1.0,NaN,NaN,NaN,24.0,120.0,NaN,-17.5,1.0,3.2,NaN,-0.16666666666666666,1.0,1.7,NaN,-0.020000000000000018,1.0,1.0,NaN,0.0,1.0,3.8,NaN,-0.040000000000000036,1.0,NaN,NaN,NaN,24.0,0.26,NaN,0.0,1.0,39.2,NaN,-0.5399999999999991,1.0,13.0,NaN,-0.16000000000000014,1.0,25.5,NaN,0.3,1.0,14.0,NaN,-0.43999999999999984,1.0,NaN,NaN,NaN,24.0,159.0,NaN,-3.6,1.0,73.0,1.0,0.0,1.0,-3.15,9.0,0.0,1.0,1.0,1.0,2.0,0.0,0.0,0.0,0.0,0.0,0.0,1.0,1.0,1.0,0.0,0.0,NaN,9.0,9.0,11.0,NaN,NaN,NaN
98.0,NaN,5.0,0.0,97.0,NaN,-0.5,0.0,39.11,NaN,0.6950000000000003,0.0,118.0,NaN,-14.0,0.0,63.0,NaN,-4.0,0.0,46.0,NaN,-1.0,0.0,28.0,NaN,0.0,0.0,NaN,NaN,NaN,24.0,0.0,NaN,0.0,2.0,24.0,NaN,0.6666666666666666,2.0,0.6,NaN,0.0,1.0,7.35,NaN,0.004999999999999893,2.0,45.0,NaN,-1.0,2.0,NaN,NaN,NaN,24.0,NaN,NaN,NaN,24.0,19.0,NaN,-0.3333333333333333,2.0,NaN,NaN,NaN,24.0,8.3,NaN,0.016666666666666902,2.0,107.0,NaN,1.0,2.0,1.1,NaN,0.0,2.0,NaN,NaN,NaN,24.0,120.0,NaN,-14.583333333333334,2.0,3.2,NaN,-0.125,2.0,1.7,NaN,-0.01666666666666668,2.0,1.0,NaN,0.0,2.0,3.8,NaN,-0.03333333333333336,2.0,NaN,NaN,NaN,24.0,0.26,NaN,0.0,2.0,39.2,NaN,-0.4499999999999993,2.0,13.0,NaN,-0.13333333333333344,2.0,25.5,NaN,0.25,2.0,14.0,NaN,-0.36666666666666653,2.0,NaN,NaN,NaN,24.0,159.0,NaN,-3.0,2.0,73.0,1.0,0.0,1.0,-3.15,10.0,1.0,1.0,1.0,1.0,0.0,0.0,0.0,1.0,0.0,0.0,1.0,1.0,1.0,1.0,0.0,0.0,NaN,9.0,9.0,11.0,NaN,NaN,NaN
85.0,NaN,-13.0,0.0,98.0,NaN,1.0,0.0,39.11,NaN,0.46333333333333354,1.0,123.0,NaN,5.0,0.0,65.0,NaN,2.0,0.0,45.0,NaN,-1.0,0.0,24.0,NaN,-4.0,0.0,NaN,NaN,NaN,24.0,0.0,NaN,0.0,3.0,24.0,NaN,0.5714285714285714,3.0,0.6,NaN,0.0,2.0,7.35,NaN,0.003999999999999915,3.0,45.0,NaN,-0.8,3.0,NaN,NaN,NaN,24.0,NaN,NaN,NaN,24.0,19.0,NaN,-0.2857142857142857,3.0,NaN,NaN,NaN,24.0,8.3,NaN,0.014285714285714488,3.0,107.0,NaN,0.8571428571428571,3.0,1.1,NaN,0.0,3.0,NaN,NaN,NaN,24.0,120.0,NaN,-12.5,3.0,3.2,NaN,-0.1,3.0,1.7,NaN,-0.0142857142857143,3.0,1.0,NaN,0.0,3.0,3.8,NaN,-0.0285714285714286,3.0,NaN,NaN,NaN,24.0,0.26,NaN,0.0,3.0,39.2,NaN,-0.3857142857142851,3.0,13.0,NaN,-0.1142857142857144,3.0,25.5,NaN,0.21428571428571427,3.0,14.0,NaN,-0.31428571428571417,3.0,NaN,NaN,NaN,24.0,159.0,NaN,-2.5714285714285716,3.0,73.0,1.0,0.0,1.0,-3.15,11.0,1.0,1.0,0.0,1.0,0.0,0.0,0.0,1.0,0.0,0.0,1.0,1.0,1.0,1.0,0.0,0.0,NaN,9.0,9.0,11.0,NaN,NaN,NaN
79.0,NaN,-6.0,0.0,98.0,NaN,0.0,0.0,37.78,NaN,-0.6649999999999991,0.0,125.0,NaN,2.0,0.0,66.0,NaN,1.0,0.0,44.0,NaN,-1.0,0.0,28.0,NaN,4.0,0.0,NaN,NaN,NaN,24.0,0.0,NaN,0.0,4.0,24.0,NaN,0.5,4.0,0.6,NaN,0.0,3.0,7.35,NaN,0.0033333333333332624,4.0,45.0,NaN,-0.6666666666666666,4.0,NaN,NaN,NaN,24.0,NaN,NaN,NaN,24.0,19.0,NaN,-0.25,4.0,NaN,NaN,NaN,24.0,8.3,NaN,0.012500000000000178,4.0,107.0,NaN,0.75,4.0,1.1,NaN,0.0,4.0,NaN,NaN,NaN,24.0,120.0,NaN,-10.9375,4.0,3.2,NaN,-0.08333333333333333,4.0,1.7,NaN,-0.012500000000000011,4.0,1.0,NaN,0.0,4.0,3.8,NaN,-0.025000000000000022,4.0,NaN,NaN,NaN,24.0,0.26,NaN,0.0,4.0,39.2,NaN,-0.33749999999999947,4.0,13.0,NaN,-0.10000000000000009,4.0,25.5,NaN,0.1875,4.0,14.0,NaN,-0.2749999999999999,4.0,NaN,NaN,NaN,24.0,159.0,NaN,-2.25,4.0,73.0,1.0,0.0,1.0,-3.15,12.0,0.0,1.0,0.0,1.0,0.0,0.0,0.0,0.0,0.0,0.0,1.0,1.0,1.0,1.0,0.0,0.0,NaN,9.0,9.0,11.0,NaN,NaN,NaN
76.0,NaN,-3.0,0.0,97.0,NaN,-1.0,0.0,37.78,NaN,-0.44333333333333275,1.0,130.0,NaN,5.0,0.0,66.0,NaN,0.0,0.0,44.0,NaN,0.0,0.0,28.0,NaN,0.0,0.0,NaN,NaN,NaN,24.0,0.0,NaN,0.0,5.0,24.0,NaN,0.4444444444444444,5.0,0.6,NaN,0.0,4.0,7.35,NaN,0.0028571428571427964,5.0,45.0,NaN,-0.5714285714285714,5.0,NaN,NaN,NaN,24.0,NaN,NaN,NaN,24.0,19.0,NaN,-0.2222222222222222,5.0,NaN,NaN,NaN,24.0,8.3,NaN,0.01111111111111127,5.0,107.0,NaN,0.6666666666666666,5.0,1.1,NaN,0.0,5.0,NaN,NaN,NaN,24.0,120.0,NaN,-9.722222222222221,5.0,3.2,NaN,-0.07142857142857142,5.0,1.7,NaN,-0.01111111111111112,5.0,1.0,NaN,0.0,5.0,3.8,NaN,-0.02222222222222224,5.0,NaN,NaN,NaN,24.0,0.26,NaN,0.0,5.0,39.2,NaN,-0.29999999999999954,5.0,13.0,NaN,-0.08888888888888896,5.0,25.5,NaN,0.16666666666666666,5.0,14.0,NaN,-0.24444444444444435,5.0,NaN,NaN,NaN,24.0,159.0,NaN,-2.0,5.0,73.0,1.0,0.0,1.0,-3.15,13.0,0.0,1.0,0.0,1.0,0.0,0.0,0.0,0.0,0.0,0.0,1.0,1.0,1.0,1.0,0.0,0.0,NaN,9.0,9.0,11.0,NaN,NaN,NaN
