73.5,NaN,NaN,24.0,96.0,NaN,NaN,24.0,36.39,NaN,NaN,24.0,116.0,NaN,NaN,24.0,71.0,NaN,NaN,24.0,55.0,NaN,NaN,24.0,18.0,NaN,NaN,24.0,NaN,NaN,NaN,24.0,NaN,NaN,NaN,24.0,NaN,NaN,NaN,24.0,NaN,NaN,NaN,24.0,NaN,NaN,NaN,24.0,NaN,NaN,NaN,24.0,NaN,NaN,NaN,24.0,NaN,NaN,NaN,24.0,NaN,NaN,NaN,24.0,NaN,NaN,NaN,24.0,NaN,NaN,NaN,24.0,NaN,NaN,NaN,24.0,NaN,NaN,NaN,24.0,NaN,NaN,NaN,24.0,NaN,NaN,NaN,24.0,NaN,NaN,NaN,24.0,NaN,NaN,NaN,24.0,NaN,NaN,NaN,24.0,NaN,NaN,NaN,24.0,NaN,NaN,NaN,24.0,NaN,NaN,NaN,24.0,NaN,NaN,NaN,24.0,NaN,NaN,NaN,24.0,NaN,NaN,NaN,24.0,NaN,NaN,NaN,24.0,NaN,NaN,NaN,24.0,NaN,NaN,NaN,24.0,77.0,1.0,-1.0,-1.0,-3.3,1.0,0.0,0.0,0.0,0.0,0.0,0.0,0.0,0.0,0.0,0.0,1.0,0.0,0.0,NaN,0.0,0.0,NaN,NaN,NaN,NaN,NaN,NaN,NaN
72.0,NaN,-1.5,0.0,97.0,NaN,1.0,0.0,36.39,NaN,0.0,1.0,123.0,NaN,7.0,0.0,80.0,NaN,9.0,0.0,64.0,NaN,9.0,0.0,16.0,NaN,-2.0,0.0,NaN,NaN,NaN,24.0,NaN,NaN,NaN,24.0,NaN,NaN,NaN,24.0,NaN,NaN,NaN,24.0,NaN,NaN,NaN,24.0,NaN,NaN,NaN,24.0,NaN,NaN,NaN,24.0,NaN,NaN,NaN,24.0,NaN,NaN,NaN,24.0,NaN,NaN,NaN,24.0,NaN,NaN,NaN,24.0,NaN,NaN,NaN,24.0,NaN,NaN,NaN,24.0,NaN,NaN,NaN,24.0,NaN,NaN,NaN,24.0,NaN,NaN,NaN,24.0,NaN,NaN,NaN,24.0,NaN,NaN,NaN,24.0,NaN,NaN,NaN,24.0,NaN,NaN,NaN,24.0,NaN,NaN,NaN,24.0,NaN,NaN,NaN,24.0,NaN,NaN,NaN,24.0,NaN,NaN,NaN,24.0,NaN,NaN,NaN,24.0,NaN,NaN,NaN,24.0,NaN,NaN,NaN,24.0,77.0,1.0,-1.0,-1.0,-3.3,2.0,0.0,0.0,0.0,0.0,0.0,0.0,0.0,0.0,0.0,0.0,1.0,0.0,0.0,NaN,0.0,0.0,NaN,NaN,NaN,NaN,NaN,NaN,NaN
78.0,NaN,6.0,0.0,97.0,NaN,0.0,0.0,36.39,NaN,0.0,2.0,123.0,NaN,0.0,0.0,71.0,NaN,-9.0,0.0,54.0,NaN,-10.0,0.0,21.0,NaN,5.0,0.0,NaN,NaN,NaN,24.0,NaN,NaN,NaN,24.0,NaN,NaN,NaN,24.0,NaN,NaN,NaN,24.0,NaN,NaN,NaN,24.0,NaN,NaN,NaN,24.0,NaN,NaN,NaN,24.0,NaN,NaN,NaN,24.0,NaN,NaN,NaN,24.0,NaN,NaN,NaN,24.0,NaN,NaN,NaN,24.0,NaN,NaN,NaN,24.0,NaN,NaN,NaN,24.0,NaN,NaN,NaN,24.0,NaN,NaN,NaN,24.0,NaN,NaN,NaN,24.0,NaN,NaN,NaN,24.0,NaN,NaN,NaN,24.0,NaN,NaN,NaN,24.0,NaN,NaN,NaN,24.0,NaN,NaN,NaN,24.0,NaN,NaN,NaN,24.0,NaN,NaN,NaN,24.0,NaN,NaN,NaN,24.0,NaN,NaN,NaN,24.0,NaN,NaN,NaN,24.0,NaN,NaN,NaN,24.0,77.0,1.0,-1.0,-1.0,-3.3,3.0,0.0,1.0,0.0,0.0,0.0,0.0,0.0,0.0,0.0,0.0,1.0,0.0,0.0,NaN,0.0,0.0,NaN,NaN,NaN,NaN,NaN,NaN,NaN
75.0,NaN,-3.0,0.0,97.0,NaN,0.0,0.0,36.39,NaN,0.0,3.0,141.0,NaN,18.0,0.0,80.0,NaN,9.0,0.0,58.0,NaN,4.0,0.0,17.0,NaN,-4.0,0.0,NaN,NaN,NaN,24.0,NaN,NaN,NaN,24.0,NaN,NaN,NaN,24.0,NaN,NaN,NaN,24.0,NaN,NaN,NaN,24.0,NaN,NaN,NaN,24.0,NaN,NaN,NaN,24.0,NaN,NaN,NaN,24.0,NaN,NaN,NaN,24.0,NaN,NaN,NaN,24.0,NaN,NaN,NaN,24.0,NaN,NaN,NaN,24.0,NaN,NaN,NaN,24.0,NaN,NaN,NaN,24.0,NaN,NaN,NaN,24.0,NaN,NaN,NaN,24.0,NaN,NaN,NaN,24.0,NaN,NaN,NaN,24.0,NaN,NaN,NaN,24.0,NaN,NaN,NaN,24.0,NaN,NaN,NaN,24.0,NaN,NaN,NaN,24.0,NaN,NaN,NaN,24.0,NaN,NaN,NaN,24.0,NaN,NaN,NaN,24.0,NaN,NaN,NaN,24.0,NaN,NaN,NaN,24.0,77.0,1.0,-1.0,-1.0,-3.3,4.0,0.0,0.0,0.0,0.0,0.0,0.0,0.0,0.0,0.0,0.0,1.0,0.0,0.0,NaN,0.0,0.0,NaN,NaN,NaN,NaN,NaN,NaN,NaN
72.0,NaN,-3.0,0.0,100.0,NaN,3.0,0.0,36.56,NaN,0.042500000000000426,0.0,117.0,NaN,-24.0,0.0,67.0,NaN,-13.0,0.0,48.0,NaN,-10.0,0.0,16.0,NaN,-1.0,0.0,NaN,NaN,NaN,24.0,NaN,NaN,NaN,24.0,29.0,NaN,0.0,0.0,NaN,NaN,NaN,24.0,NaN,NaN,NaN,24.0,NaN,NaN,NaN,24.0,NaN,NaN,NaN,24.0,47.0,NaN,0.0,0.0,24.0,NaN,0.0,0.0,82.0,NaN,0.0,0.0,NaN,NaN,NaN,24.0,103.0,NaN,0.0,0.0,0.9,NaN,0.0,0.0,NaN,NaN,NaN,24.0,104.0,NaN,0.0,0.0,NaN,NaN,NaN,24.0,NaN,NaN,NaN,24.0,NaN,NaN,NaN,24.0,3.9,NaN,0.0,0.0,0.6,NaN,0.0,0.0,0.1,NaN,0.0,0.0,29.5,NaN,0.0,0.0,10.1,NaN,0.0,0.0,26.8,NaN,0.0,0.0,6.1,NaN,0.0,0.0,NaN,NaN,NaN,24.0,170.0,NaN,0.0,0.0,77.0,1.0,-1.0,-1.0,-3.3,5.0,0.0,0.0,0.0,0.0,0.0,0.0,0.0,0.0,0.0,0.0,1.0,0.0,0.0,NaN,0.0,0.0,NaN,NaN,NaN,NaN,NaN,NaN,NaN
74.0,NaN,2.0,0.0,96.0,NaN,-4.0,0.0,36.56,NaN,0.03400000000000034,1.0,133.0,NaN,16.0,0.0,74.0,NaN,7.0,0.0,54.0,NaN,6.0,0.0,17.0,NaN,1.0,0.0,NaN,NaN,NaN,24.0,NaN,NaN,NaN,24.0,29.0,NaN,0.0,1.0,NaN,NaN,NaN,24.0,NaN,NaN,NaN,24.0,NaN,NaN,NaN,24.0,NaN,NaN,NaN,24.0,47.0,NaN,0.0,1.0,24.0,NaN,0.0,1.0,82.0,NaN,0.0,1.0,NaN,NaN,NaN,24.0,103.0,NaN,0.0,1.0,0.9,NaN,0.0,1.0,NaN,NaN,NaN,24.0,104.0,NaN,0.0,1.0,NaN,NaN,NaN,24.0,NaN,NaN,NaN,24.0,NaN,NaN,NaN,24.0,3.9,NaN,0.0,1.0,0.6,NaN,0.0,1.0,0.1,NaN,0.0,1.0,29.5,NaN,0.0,1.0,10.1,NaN,0.0,1.0,26.8,NaN,0.0,1.0,6.1,NaN,0.0,1.0,NaN,NaN,NaN,24.0,170.0,NaN,0.0,1.0,77.0,1.0,-1.0,-1.0,-3.3,6.0,0.0,0.0,0.0,0.0,0.0,0.0,0.0,0.0,0.0,0.0,1.0,0.0,0.0,NaN,0.0,0.0,NaN,NaN,NaN,NaN,NaN,NaN,NaN
74.0,NaN,0.0,0.0,96.0,NaN,0.0,0.0,36.56,NaN,0.028333333333333616,2.0,128.0,NaN,-5.0,0.0,77.0,NaN,3.0,0.0,61.0,NaN,7.0,0.0,17.0,NaN,0.0,0.0,NaN,NaN,NaN,24.0,NaN,NaN,NaN,24.0,29.0,NaN,0.0,2.0,NaN,NaN,NaN,24.0,NaN,NaN,NaN,24.0,NaN,NaN,NaN,24.0,NaN,NaN,NaN,24.0,47.0,NaN,0.0,2.0,24.0,NaN,0.0,2.0,82.0,NaN,0.0,2.0,NaN,NaN,NaN,24.0,103.0,NaN,0.0,2.0,0.9,NaN,0.0,2.0,NaN,NaN,NaN,24.0,104.0,NaN,0.0,2.0,NaN,NaN,NaN,24.0,NaN,NaN,NaN,24.0,NaN,NaN,NaN,24.0,3.9,NaN,0.0,2.0,0.6,NaN,0.0,2.0,0.1,NaN,0.0,2.0,29.5,NaN,0.0,2.0,10.1,NaN,0.0,2.0,26.8,NaN,0.0,2.0,6.1,NaN,0.0,2.0,NaN,NaN,NaN,24.0,170.0,NaN,0.0,2.0,77.0,1.0,-1.0,-1.0,-3.3,7.0,0.0,0.0,0.0,0.0,0.0,0.0,0.0,0.0,0.0,0.0,1.0,0.0,0.0,NaN,0.0,0.0,NaN,NaN,NaN,NaN,NaN,NaN,NaN
72.0,NaN,-2.0,0.0,96.0,NaN,0.0,0.0,36.56,NaN,0.02428571428571453,3.0,137.0,NaN,9.0,0.0,81.0,NaN,4.0,0.0,59.0,NaN,-2.0,0.0,16.0,NaN,-1.0,0.0,NaN,NaN,NaN,24.0,NaN,NaN,NaN,24.0,29.0,NaN,0.0,3.0,NaN,NaN,NaN,24.0,NaN,NaN,NaN,24.0,NaN,NaN,NaN,24.0,NaN,NaN,NaN,24.0,47.0,NaN,0.0,3.0,24.0,NaN,0.0,3.0,82.0,NaN,0.0,3.0,NaN,NaN,NaN,24.0,103.0,NaN,0.0,3.0,0.9,NaN,0.0,3.0,NaN,NaN,NaN,24.0,104.0,NaN,0.0,3.0,NaN,NaN,NaN,24.0,NaN,NaN,NaN,24.0,NaN,NaN,NaN,24.0,3.9,NaN,0.0,3.0,0.6,NaN,0.0,3.0,0.1,NaN,0.0,3.0,29.5,NaN,0.0,3.0,10.1,NaN,0.0,3.0,26.8,NaN,0.0,3.0,6.1,NaN,0.0,3.0,NaN,NaN,NaN,24.0,170.0,NaN,0.0,3.0,77.0,1.0,-1.0,-1.0,-3.3,8.0,0.0,0.0,0.0,0.0,0.0,0.0,0.0,0.0,0.0,0.0,1.0,0.0,0.0,NaN,0.0,0.0,NaN,NaN,NaN,NaN,NaN,NaN,NaN
71.0,NaN,-1.0,0.0,92.0,NaN,-4.0,0.0,36.56,NaN,0.021250000000000213,4.0,118.0,NaN,-19.0,0.0,73.0,NaN,-8.0,0.0,57.0,NaN,-2.0,0.0,13.0,NaN,-3.0,0.0,NaN,NaN,NaN,24.0,NaN,NaN,NaN,24.0,29.0,NaN,0.0,4.0,NaN,NaN,NaN,24.0,NaN,NaN,NaN,24.0,NaN,NaN,NaN,24.0,NaN,NaN,NaN,24.0,47.0,NaN,0.0,4.0,24.0,NaN,0.0,4.0,82.0,NaN,0.0,4.0,NaN,NaN,NaN,24.0,103.0,NaN,0.0,4.0,0.9,NaN,0.0,4.0,NaN,NaN,NaN,24.0,104.0,NaN,0.0,4.0,NaN,NaN,NaN,24.0,NaN,NaN,NaN,24.0,NaN,NaN,NaN,24.0,3.9,NaN,0.0,4.0,0.6,NaN,0.0,4.0,0.1,NaN,0.0,4.0,29.5,NaN,0.0,4.0,10.1,NaN,0.0,4.0,26.8,NaN,0.0,4.0,6.1,NaN,0.0,4.0,NaN,NaN,NaN,24.0,170.0,NaN,0.0,4.0,77.0,1.0,-1.0,-1.0,-3.3,9.0,0.0,0.0,0.0,0.0,0.0,0.0,0.0,0.0,0.0,0.0,1.0,0.0,0.0,NaN,0.0,0.0,NaN,NaN,NaN,NaN,NaN,NaN,NaN
71.0,NaN,0.0,0.0,94.0,NaN,2.0,0.0,36.44,NaN,-0.02400000000000091,0.0,121.0,NaN,3.0,0.0,72.0,NaN,-1.0,0.0,55.0,NaN,-2.0,0.0,12.0,NaN,-1.0,0.0,NaN,NaN,NaN,24.0,NaN,NaN,NaN,24.0,29.0,NaN,0.0,5.0,NaN,NaN,NaN,24.0,NaN,NaN,NaN,24.0,NaN,NaN,NaN,24.0,NaN,NaN,NaN,24.0,47.0,NaN,0.0,5.0,24.0,NaN,0.0,5.0,82.0,NaN,0.0,5.0,NaN,NaN,NaN,24.0,103.0,NaN,0.0,5.0,0.9,NaN,0.0,5.0,NaN,NaN,NaN,24.0,104.0,NaN,0.0,5.0,NaN,NaN,NaN,24.0,NaN,NaN,NaN,24.0,NaN,NaN,NaN,24.0,3.9,NaN,0.0,5.0,0.6,NaN,0.0,5.0,0.1,NaN,0.0,5.0,29.5,NaN,0.0,5.0,10.1,NaN,0.0,5.0,26.8,NaN,0.0,5.0,6.1,NaN,0.0,5.0,NaN,NaN,NaN,24.0,170.0,NaN,0.0,5.0,77.0,1.0,-1.0,-1.0,-3.3,10.0,0.0,0.0,0.0,0.0,0.0,0.0,0.0,0.0,0.0,0.0,1.0,0.0,0.0,NaN,0.0,0.0,NaN,NaN,NaN,NaN,NaN,NaN,NaN
67.0,NaN,-4.0,0.0,97.0,NaN,3.0,0.0,36.44,NaN,-0.020000000000000757,1.0,126.0,NaN,5.0,0.0,79.0,NaN,7.0,0.0,61.0,NaN,6.0,0.0,17.0,NaN,5.0,0.0,NaN,NaN,NaN,24.0,NaN,NaN,NaN,24.0,29.0,NaN,0.0,6.0,NaN,NaN,NaN,24.0,NaN,NaN,NaN,24.0,NaN,NaN,NaN,24.0,NaN,NaN,NaN,24.0,47.0,NaN,0.0,6.0,24.0,NaN,0.0,6.0,82.0,NaN,0.0,6.0,NaN,NaN,NaN,24.0,103.0,NaN,0.0,6.0,0.9,NaN,0.0,6.0,NaN,NaN,NaN,24.0,104.0,NaN,0.0,6.0,NaN,NaN,NaN,24.0,NaN,NaN,NaN,24.0,NaN,NaN,NaN,24.0,3.9,NaN,0.0,6.0,0.6,NaN,0.0,6.0,0.1,NaN,0.0,6.0,29.5,NaN,0.0,6.0,10.1,NaN,0.0,6.0,26.8,NaN,0.0,6.0,6.1,NaN,0.0,6.0,NaN,NaN,NaN,24.0,170.0,NaN,0.0,6.0,77.0,1.0,-1.0,-1.0,-3.3,11.0,0.0,0.0,0.0,0.0,0.0,0.0,0.0,0.0,0.0,0.0,1.0,0.0,0.0,NaN,0.0,0.0,NaN,NaN,NaN,NaN,NaN,NaN,NaN
64.0,NaN,-3.0,0.0,97.0,NaN,0.0,0.0,36.44,NaN,-0.017142857142857792,2.0,117.0,NaN,-9.0,0.0,69.0,NaN,-10.0,0.0,54.0,NaN,-7.0,0.0,16.0,NaN,-1.0,0.0,NaN,NaN,NaN,24.0,NaN,NaN,NaN,24.0,29.0,NaN,0.0,7.0,NaN,NaN,NaN,24.0,NaN,NaN,NaN,24.0,NaN,NaN,NaN,24.0,NaN,NaN,NaN,24.0,47.0,NaN,0.0,7.0,24.0,NaN,0.0,7.0,82.0,NaN,0.0,7.0,NaN,NaN,NaN,24.0,103.0,NaN,0.0,7.0,0.9,NaN,0.0,7.0,NaN,NaN,NaN,24.0,104.0,NaN,0.0,7.0,NaN,NaN,NaN,24.0,NaN,NaN,NaN,24.0,NaN,NaN,NaN,24.0,3.9,NaN,0.0,7.0,0.6,NaN,0.0,7.0,0.1,NaN,0.0,7.0,29.5,NaN,0.0,7.0,10.1,NaN,0.0,7.0,26.8,NaN,0.0,7.0,6.1,NaN,0.0,7.0,NaN,NaN,NaN,24.0,170.0,NaN,0.0,7.0,77.0,1.0,-1.0,-1.0,-3.3,12.0,0.0,0.0,0.0,0.0,0.0,0.0,0.0,0.0,0.0,0.0,1.0,0.0,0.0,NaN,0.0,0.0,NaN,NaN,NaN,NaN,NaN,NaN,NaN
65.0,NaN,1.0,0.0,97.0,NaN,0.0,0.0,36.44,NaN,-0.015000000000000568,3.0,131.0,NaN,14.0,0.0,76.0,NaN,7.0,0.0,57.0,NaN,3.0,0.0,14.0,NaN,-2.0,0.0,NaN,NaN,NaN,24.0,NaN,NaN,NaN,24.0,29.0,NaN,0.0,8.0,NaN,NaN,NaN,24.0,NaN,NaN,NaN,24.0,NaN,NaN,NaN,24.0,NaN,NaN,NaN,24.0,47.0,NaN,0.0,8.0,24.0,NaN,0.0,8.0,82.0,NaN,0.0,8.0,NaN,NaN,NaN,24.0,103.0,NaN,0.0,8.0,0.9,NaN,0.0,8.0,NaN,NaN,NaN,24.0,104.0,NaN,0.0,8.0,NaN,NaN,NaN,24.0,NaN,NaN,NaN,24.0,NaN,NaN,NaN,24.0,3.9,NaN,0.0,8.0,0.6,NaN,0.0,8.0,0.1,NaN,0.0,8.0,29.5,NaN,0.0,8.0,10.1,NaN,0.0,8.0,26.8,NaN,0.0,8.0,6.1,NaN,0.0,8.0,NaN,NaN,NaN,24.0,170.0,NaN,0.0,8.0,77.0,1.0,-1.0,-1.0,-3.3,13.0,0.0,0.0,0.0,0.0,0.0,0.0,0.0,0.0,0.0,0.0,1.0,0.0,0.0,NaN,0.0,0.0,NaN,NaN,NaN,NaN,NaN,NaN,NaN
