80.0,NaN,NaN,24.0,100.0,NaN,NaN,24.0,36.4,NaN,NaN,24.0,102.0,NaN,NaN,24.0,73.5,NaN,NaN,24.0,59.0,NaN,NaN,24.0,15.0,NaN,NaN,24.0,NaN,NaN,NaN,24.0,NaN,NaN,NaN,24.0,NaN,NaN,NaN,24.0,1.0,NaN,NaN,24.0,NaN,NaN,NaN,24.0,NaN,NaN,NaN,24.0,NaN,NaN,NaN,24.0,NaN,NaN,NaN,24.0,NaN,NaN,NaN,24.0,NaN,NaN,NaN,24.0,NaN,NaN,NaN,24.0,NaN,NaN,NaN,24.0,NaN,NaN,NaN,24.0,NaN,NaN,NaN,24.0,NaN,NaN,NaN,24.0,NaN,NaN,NaN,24.0,NaN,NaN,NaN,24.0,NaN,NaN,NaN,24.0,NaN,NaN,NaN,24.0,NaN,NaN,NaN,24.0,NaN,NaN,NaN,24.0,NaN,NaN,NaN,24.0,NaN,NaN,NaN,24.0,NaN,NaN,NaN,24.0,NaN,NaN,NaN,24.0,NaN,NaN,NaN,24.0,NaN,NaN,NaN,24.0,63.0,1.0,-1.0,-1.0,-239.20166666666665,1.0,0.0,0.0,0.0,0.0,3.0,0.0,0.0,0.0,0.0,0.0,0.0,0.0,1.0,1.0,0.0,0.0,1.0,5.0,4.0,2.0,NaN,NaN,NaN
80.0,NaN,0.0,0.0,94.0,NaN,-6.0,0.0,36.4,NaN,0.0,0.0,137.0,NaN,35.0,0.0,98.0,NaN,24.5,0.0,76.0,NaN,17.0,0.0,21.0,NaN,6.0,0.0,NaN,NaN,NaN,24.0,-2.0,NaN,0.0,0.0,23.0,NaN,0.0,0.0,0.7,NaN,-0.30000000000000004,0.0,7.37,NaN,0.0,0.0,38.0,NaN,0.0,0.0,NaN,NaN,NaN,24.0,NaN,NaN,NaN,24.0,16.0,NaN,0.0,0.0,NaN,NaN,NaN,24.0,NaN,NaN,NaN,24.0,113.0,NaN,0.0,0.0,1.0,NaN,0.0,0.0,NaN,NaN,NaN,24.0,159.0,NaN,0.0,0.0,NaN,NaN,NaN,24.0,NaN,NaN,NaN,24.0,NaN,NaN,NaN,24.0,4.15,NaN,0.0,0.0,NaN,NaN,NaN,24.0,NaN,NaN,NaN,24.0,27.2,NaN,0.0,0.0,9.1,NaN,0.0,0.0,24.2,NaN,0.0,0.0,17.9,NaN,0.0,0.0,NaN,NaN,NaN,24.0,157.0,NaN,0.0,0.0,63.0,1.0,-1.0,-1.0,-239.20166666666665,2.0,0.0,1.0,0.0,1.0,3.0,0.0,0.0,0.0,0.0,0.0,0.0,1.0,1.0,1.0,0.0,0.0,1.0,5.0,4.0,2.0,NaN,NaN,NaN
80.5,NaN,0.5,0.0,94.0,NaN,-3.0,1.0,36.35,NaN,-0.04999999999999716,0.0,101.75,NaN,-35.25,0.0,72.0,NaN,-26.0,0.0,56.25,NaN,-19.75,0.0,14.5,NaN,-6.5,0.0,NaN,NaN,NaN,24.0,-2.0,NaN,0.0,1.0,23.0,NaN,0.0,1.0,0.7,NaN,-0.15000000000000002,1.0,7.37,NaN,0.0,1.0,38.0,NaN,0.0,1.0,NaN,NaN,NaN,24.0,NaN,NaN,NaN,24.0,16.0,NaN,0.0,1.0,NaN,NaN,NaN,24.0,NaN,NaN,NaN,24.0,113.0,NaN,0.0,1.0,1.0,NaN,0.0,1.0,NaN,NaN,NaN,24.0,159.0,NaN,0.0,1.0,NaN,NaN,NaN,24.0,NaN,NaN,NaN,24.0,NaN,NaN,NaN,24.0,4.15,NaN,0.0,1.0,NaN,NaN,NaN,24.0,NaN,NaN,NaN,24.0,27.2,NaN,0.0,1.0,9.1,NaN,0.0,1.0,24.2,NaN,0.0,1.0,17.9,NaN,0.0,1.0,NaN,NaN,NaN,24.0,157.0,NaN,0.0,1.0,63.0,1.0,-1.0,-1.0,-239.20166666666665,3.0,0.0,0.0,0.0,1.0,0.0,0.0,0.0,0.0,0.0,0.0,1.0,1.0,1.0,1.0,0.0,0.0,1.0,5.0,4.0,2.0,NaN,NaN,NaN
79.6666666666667,NaN,-0.8333333333333002,0.0,100.0,NaN,3.0,0.0,36.13333333333333,NaN,-0.21666666666666856,0.0,143.0,NaN,41.25,0.0,101.0,NaN,29.0,0.0,76.0,NaN,19.75,0.0,16.25,NaN,1.75,0.0,NaN,NaN,NaN,24.0,0.0,NaN,1.0,0.0,23.0,NaN,0.0,2.0,0.5,NaN,-0.09999999999999998,0.0,7.38,NaN,0.004999999999999893,0.0,40.0,NaN,1.0,0.0,NaN,NaN,NaN,24.0,NaN,NaN,NaN,24.0,16.0,NaN,0.0,2.0,NaN,NaN,NaN,24.0,NaN,NaN,NaN,24.0,113.0,NaN,0.0,2.0,1.0,NaN,0.0,2.0,NaN,NaN,NaN,24.0,158.0,NaN,-0.5,0.0,NaN,NaN,NaN,24.0,NaN,NaN,NaN,24.0,NaN,NaN,NaN,24.0,4.15,NaN,0.0,2.0,NaN,NaN,NaN,24.0,NaN,NaN,NaN,24.0,27.2,NaN,0.0,2.0,9.1,NaN,0.0,2.0,24.2,NaN,0.0,2.0,17.9,NaN,0.0,2.0,NaN,NaN,NaN,24.0,157.0,NaN,0.0,2.0,63.0,1.0,-1.0,-1.0,-239.20166666666665,4.0,0.0,0.0,0.0,1.0,2.0,0.0,0.0,0.0,0.0,0.0,0.0,1.0,1.0,1.0,0.0,0.0,1.0,5.0,4.0,2.0,NaN,NaN,NaN
80.0,NaN,0.3333333333333002,0.0,99.0,NaN,-1.0,0.0,36.0,NaN,-0.13333333333333286,0.0,85.0,NaN,-58.0,0.0,59.0,NaN,-42.0,0.0,46.0,NaN,-30.0,0.0,16.0,NaN,-0.25,0.0,NaN,NaN,NaN,24.0,0.0,NaN,0.6666666666666666,1.0,23.0,NaN,0.0,3.0,0.5,NaN,-0.06666666666666665,1.0,7.38,NaN,0.0033333333333332624,1.0,40.0,NaN,0.6666666666666666,1.0,NaN,NaN,NaN,24.0,NaN,NaN,NaN,24.0,16.0,NaN,0.0,3.0,NaN,NaN,NaN,24.0,NaN,NaN,NaN,24.0,113.0,NaN,0.0,3.0,1.0,NaN,0.0,3.0,NaN,NaN,NaN,24.0,158.0,NaN,-0.3333333333333333,1.0,NaN,NaN,NaN,24.0,NaN,NaN,NaN,24.0,NaN,NaN,NaN,24.0,4.15,NaN,0.0,3.0,NaN,NaN,NaN,24.0,NaN,NaN,NaN,24.0,27.2,NaN,0.0,3.0,9.1,NaN,0.0,3.0,24.2,NaN,0.0,3.0,17.9,NaN,0.0,3.0,NaN,NaN,NaN,24.0,157.0,NaN,0.0,3.0,63.0,1.0,-1.0,-1.0,-239.20166666666665,5.0,0.0,0.0,0.0,1.0,0.0,0.0,0.0,1.0,0.0,0.0,1.0,1.0,1.0,1.0,0.0,0.0,1.0,5.0,4.0,2.0,NaN,NaN,NaN
80.0,NaN,0.0,0.0,100.0,NaN,1.0,0.0,35.9,NaN,-0.10000000000000142,0.0,120.0,NaN,35.0,0.0,80.0,NaN,21.0,0.0,60.0,NaN,14.0,0.0,22.0,NaN,6.0,0.0,NaN,NaN,NaN,24.0,0.0,NaN,0.5,2.0,23.0,NaN,0.0,4.0,0.5,NaN,0.0,0.0,7.38,NaN,0.0024999999999999467,2.0,40.0,NaN,0.5,2.0,NaN,NaN,NaN,24.0,NaN,NaN,NaN,24.0,16.0,NaN,0.0,4.0,NaN,NaN,NaN,24.0,NaN,NaN,NaN,24.0,113.0,NaN,0.0,4.0,1.0,NaN,0.0,4.0,NaN,NaN,NaN,24.0,158.0,NaN,-0.25,2.0,NaN,NaN,NaN,24.0,NaN,NaN,NaN,24.0,NaN,NaN,NaN,24.0,4.15,NaN,0.0,4.0,0.9,NaN,0.0,0.0,0.63,NaN,0.0,0.0,23.3,NaN,-0.9749999999999996,0.0,9.1,NaN,0.0,4.0,24.2,NaN,0.0,4.0,17.9,NaN,0.0,4.0,NaN,NaN,NaN,24.0,157.0,NaN,0.0,4.0,63.0,1.0,-1.0,-1.0,-239.20166666666665,6.0,1.0,1.0,0.0,1.0,2.0,0.0,0.0,0.0,0.0,0.0,0.0,1.0,1.0,1.0,0.0,0.0,1.0,5.0,4.0,2.0,NaN,NaN,NaN
95.0,NaN,15.0,0.0,100.0,NaN,0.0,0.0,36.8,NaN,0.8999999999999986,0.0,125.0,NaN,5.0,0.0,79.0,NaN,-1.0,0.0,60.0,NaN,0.0,0.0,23.0,NaN,1.0,0.0,NaN,NaN,NaN,24.0,-3.0,NaN,-1.0,0.0,23.0,NaN,0.0,5.0,0.5,NaN,0.0,1.0,7.38,NaN,0.0,0.0,35.0,NaN,-1.6666666666666667,0.0,97.0,NaN,0.0,0.0,NaN,NaN,NaN,24.0,16.0,NaN,0.0,5.0,NaN,NaN,NaN,24.0,NaN,NaN,NaN,24.0,113.0,NaN,0.0,5.0,1.0,NaN,0.0,5.0,NaN,NaN,NaN,24.0,108.0,NaN,-16.666666666666668,0.0,2.2,NaN,0.0,0.0,NaN,NaN,NaN,24.0,NaN,NaN,NaN,24.0,3.7,NaN,-0.09000000000000004,0.0,0.9,NaN,0.0,1.0,0.63,NaN,0.0,1.0,23.3,NaN,-0.7799999999999997,1.0,9.1,NaN,0.0,5.0,24.2,NaN,0.0,5.0,17.9,NaN,0.0,5.0,NaN,NaN,NaN,24.0,157.0,NaN,0.0,5.0,63.0,1.0,-1.0,-1.0,-239.20166666666665,7.0,0.0,1.0,1.0,1.0,0.0,0.0,0.0,0.0,1.0,0.0,1.0,1.0,1.0,1.0,0.0,0.0,1.0,5.0,4.0,2.0,NaN,NaN,NaN
96.0,NaN,1.0,0.0,99.0,NaN,-1.0,0.0,37.2,NaN,0.4000000000000057,0.0,139.0,NaN,14.0,0.0,89.0,NaN,10.0,0.0,66.0,NaN,6.0,0.0,15.0,NaN,-8.0,0.0,NaN,NaN,NaN,24.0,-3.0,NaN,-0.75,1.0,23.0,NaN,0.0,6.0,0.5,NaN,0.0,2.0,7.38,NaN,0.0,1.0,35.0,NaN,-1.25,1.0,97.0,NaN,0.0,1.0,NaN,NaN,NaN,24.0,16.0,NaN,0.0,6.0,NaN,NaN,NaN,24.0,NaN,NaN,NaN,24.0,113.0,NaN,0.0,6.0,1.0,NaN,0.0,6.0,NaN,NaN,NaN,24.0,108.0,NaN,-12.5,1.0,2.2,NaN,0.0,1.0,NaN,NaN,NaN,24.0,NaN,NaN,NaN,24.0,3.7,NaN,-0.07500000000000002,1.0,0.9,NaN,0.0,2.0,0.63,NaN,0.0,2.0,23.3,NaN,-0.6499999999999998,2.0,9.1,NaN,0.0,6.0,24.2,NaN,0.0,6.0,17.9,NaN,0.0,6.0,NaN,NaN,NaN,24.0,157.0,NaN,0.0,6.0,63.0,1.0,-1.0,-1.0,-239.20166666666665,8.0,0.0,0.0,1.0,1.0,0.0,0.0,0.0,0.0,0.0,0.0,1.0,1.0,1.0,1.0,0.0,0.0,1.0,5.0,4.0,2.0,NaN,NaN,NaN
104.0,NaN,8.0,0.0,92.0,NaN,-7.0,0.0,37.3,NaN,0.09999999999999432,0.0,147.0,NaN,8.0,0.0,89.0,NaN,0.0,0.0,61.0,NaN,-5.0,0.0,15.0,NaN,0.0,0.0,NaN,NaN,NaN,24.0,-3.0,NaN,-0.6,2.0,23.0,NaN,0.0,7.0,0.5,NaN,0.0,3.0,7.38,NaN,0.0,2.0,35.0,NaN,-1.0,2.0,97.0,NaN,0.0,2.0,NaN,NaN,NaN,24.0,16.0,NaN,0.0,7.0,NaN,NaN,NaN,24.0,NaN,NaN,NaN,24.0,113.0,NaN,0.0,7.0,1.0,NaN,0.0,7.0,NaN,NaN,NaN,24.0,108.0,NaN,-10.0,2.0,2.2,NaN,0.0,2.0,NaN,NaN,NaN,24.0,NaN,NaN,NaN,24.0,3.7,NaN,-0.06428571428571431,2.0,0.9,NaN,0.0,3.0,0.63,NaN,0.0,3.0,23.3,NaN,-0.5571428571428569,3.0,9.1,NaN,0.0,7.0,24.2,NaN,0.0,7.0,17.9,NaN,0.0,7.0,NaN,NaN,NaN,24.0,157.0,NaN,0.0,7.0,63.0,1.0,-1.0,-1.0,-239.20166666666665,9.0,0.0,0.0,1.0,1.0,0.0,0.0,0.0,0.0,0.0,0.0,1.0,1.0,1.0,1.0,0.0,0.0,1.0,5.0,4.0,2.0,NaN,NaN,NaN
