120.333333333333,NaN,NaN,24.0,100.0,NaN,NaN,24.0,36.915,NaN,NaN,24.0,114.0,NaN,NaN,24.0,103.5,NaN,NaN,24.0,81.3333333333333,NaN,NaN,24.0,39.0,NaN,NaN,24.0,NaN,NaN,NaN,24.0,NaN,NaN,NaN,24.0,NaN,NaN,NaN,24.0,NaN,NaN,NaN,24.0,NaN,NaN,NaN,24.0,NaN,NaN,NaN,24.0,NaN,NaN,NaN,24.0,NaN,NaN,NaN,24.0,NaN,NaN,NaN,24.0,NaN,NaN,NaN,24.0,NaN,NaN,NaN,24.0,NaN,NaN,NaN,24.0,NaN,NaN,NaN,24.0,NaN,NaN,NaN,24.0,NaN,NaN,NaN,24.0,NaN,NaN,NaN,24.0,NaN,NaN,NaN,24.0,NaN,NaN,NaN,24.0,NaN,NaN,NaN,24.0,NaN,NaN,NaN,24.0,NaN,NaN,NaN,24.0,NaN,NaN,NaN,24.0,NaN,NaN,NaN,24.0,NaN,NaN,NaN,24.0,NaN,NaN,NaN,24.0,NaN,NaN,NaN,24.0,NaN,NaN,NaN,24.0,91.0,1.0,0.0,1.0,-3.7666666666666666,1.0,0.0,1.0,1.0,0.0,0.0,0.0,0.0,0.0,0.0,0.0,1.0,0.0,0.0,NaN,1.0,0.0,NaN,NaN,NaN,NaN,NaN,NaN,NaN
111.666666666667,NaN,-8.666666666666003,0.0,100.0,NaN,0.0,0.0,37.03,NaN,0.11500000000000199,0.0,90.0,NaN,-24.0,0.0,59.3333333333333,NaN,-44.1666666666667,0.0,52.0,NaN,-29.3333333333333,0.0,20.0,NaN,-19.0,0.0,NaN,NaN,NaN,24.0,NaN,NaN,NaN,24.0,NaN,NaN,NaN,24.0,NaN,NaN,NaN,24.0,NaN,NaN,NaN,24.0,NaN,NaN,NaN,24.0,NaN,NaN,NaN,24.0,NaN,NaN,NaN,24.0,NaN,NaN,NaN,24.0,NaN,NaN,NaN,24.0,NaN,NaN,NaN,24.0,NaN,NaN,NaN,24.0,NaN,NaN,NaN,24.0,NaN,NaN,NaN,24.0,NaN,NaN,NaN,24.0,NaN,NaN,NaN,24.0,NaN,NaN,NaN,24.0,NaN,NaN,NaN,24.0,NaN,NaN,NaN,24.0,NaN,NaN,NaN,24.0,NaN,NaN,NaN,24.0,NaN,NaN,NaN,24.0,NaN,NaN,NaN,24.0,NaN,NaN,NaN,24.0,NaN,NaN,NaN,24.0,NaN,NaN,NaN,24.0,NaN,NaN,NaN,24.0,91.0,1.0,0.0,1.0,-3.7666666666666666,2.0,0.0,0.0,1.0,0.0,0.0,0.0,0.0,1.0,0.0,0.0,1.0,0.0,0.0,NaN,1.0,0.0,NaN,NaN,NaN,NaN,NaN,NaN,NaN
112.0,NaN,0.33333333333300175,0.0,100.0,NaN,0.0,0.0,37.61,NaN,0.5799999999999983,0.0,83.3333333333333,NaN,-6.6666666666667,0.0,53.6666666666667,NaN,-5.6666666666666,0.0,43.6666666666667,NaN,-8.3333333333333,0.0,22.3333333333333,NaN,2.3333333333333,0.0,NaN,NaN,NaN,24.0,0.0,NaN,0.0,0.0,23.0,NaN,0.0,0.0,NaN,NaN,NaN,24.0,7.42,NaN,0.0,0.0,39.0,NaN,0.0,0.0,NaN,NaN,NaN,24.0,56.0,NaN,0.0,0.0,29.0,NaN,0.0,0.0,113.0,NaN,0.0,0.0,7.5,NaN,0.0,0.0,107.0,NaN,0.0,0.0,0.8,NaN,0.0,0.0,NaN,NaN,NaN,24.0,130.0,NaN,0.0,0.0,2.3,NaN,0.0,0.0,1.7,NaN,0.0,0.0,4.0,NaN,0.0,0.0,4.1,NaN,0.0,0.0,0.9,NaN,0.0,0.0,NaN,NaN,NaN,24.0,17.2,NaN,0.0,0.0,5.8,NaN,0.0,0.0,23.8,NaN,0.0,0.0,0.9,NaN,0.0,0.0,NaN,NaN,NaN,24.0,NaN,NaN,NaN,24.0,91.0,1.0,0.0,1.0,-3.7666666666666666,3.0,0.0,1.0,1.0,1.0,0.0,0.0,0.0,1.0,1.0,0.0,1.0,0.0,0.0,NaN,1.0,0.0,NaN,NaN,NaN,NaN,NaN,NaN,NaN
107.0,NaN,-5.0,0.0,100.0,NaN,0.0,0.0,37.61,NaN,0.28999999999999915,1.0,102.0,NaN,18.6666666666667,0.0,72.0,NaN,18.3333333333333,0.0,62.0,NaN,18.3333333333333,0.0,18.0,NaN,-4.3333333333333,0.0,NaN,NaN,NaN,24.0,0.0,NaN,0.0,1.0,23.0,NaN,0.0,1.0,NaN,NaN,NaN,24.0,7.42,NaN,0.0,1.0,39.0,NaN,0.0,1.0,NaN,NaN,NaN,24.0,56.0,NaN,0.0,1.0,29.0,NaN,0.0,1.0,113.0,NaN,0.0,1.0,7.5,NaN,0.0,1.0,107.0,NaN,0.0,1.0,0.8,NaN,0.0,1.0,NaN,NaN,NaN,24.0,130.0,NaN,0.0,1.0,2.3,NaN,0.0,1.0,1.7,NaN,0.0,1.0,4.0,NaN,0.0,1.0,4.1,NaN,0.0,1.0,0.9,NaN,0.0,1.0,NaN,NaN,NaN,24.0,17.2,NaN,0.0,1.0,5.8,NaN,0.0,1.0,23.8,NaN,0.0,1.0,0.9,NaN,0.0,1.0,NaN,NaN,NaN,24.0,NaN,NaN,NaN,24.0,91.0,1.0,0.0,1.0,-3.7666666666666666,4.0,0.0,0.0,1.0,1.0,0.0,0.0,0.0,0.0,0.0,0.0,1.0,0.0,0.0,NaN,1.0,0.0,NaN,NaN,NaN,NaN,NaN,NaN,NaN
111.5,NaN,4.5,0.0,99.5,NaN,-0.5,0.0,36.89,NaN,-0.35999999999999943,0.0,105.0,NaN,3.0,0.0,75.0,NaN,3.0,0.0,66.0,NaN,4.0,0.0,18.0,NaN,0.0,0.0,NaN,NaN,NaN,24.0,0.0,NaN,0.0,2.0,23.0,NaN,0.0,2.0,NaN,NaN,NaN,24.0,7.42,NaN,0.0,2.0,39.0,NaN,0.0,2.0,NaN,NaN,NaN,24.0,56.0,NaN,0.0,2.0,29.0,NaN,0.0,2.0,113.0,NaN,0.0,2.0,7.5,NaN,0.0,2.0,107.0,NaN,0.0,2.0,0.8,NaN,0.0,2.0,NaN,NaN,NaN,24.0,130.0,NaN,0.0,2.0,2.3,NaN,0.0,2.0,1.7,NaN,0.0,2.0,4.0,NaN,0.0,2.0,4.1,NaN,0.0,2.0,0.9,NaN,0.0,2.0,NaN,NaN,NaN,24.0,17.2,NaN,0.0,2.0,5.8,NaN,0.0,2.0,23.8,NaN,0.0,2.0,0.9,NaN,0.0,2.0,NaN,NaN,NaN,24.0,NaN,NaN,NaN,24.0,91.0,1.0,0.0,1.0,-3.7666666666666666,5.0,0.0,0.0,1.0,1.0,0.0,0.0,0.0,0.0,0.0,0.0,1.0,0.0,0.0,NaN,1.0,0.0,NaN,NaN,NaN,NaN,NaN,NaN,NaN
108.0,NaN,-3.5,0.0,98.5,NaN,-1.0,0.0,37.055,NaN,0.16499999999999915,0.0,104.5,NaN,-0.5,0.0,75.5,NaN,0.5,0.0,68.0,NaN,2.0,0.0,17.5,NaN,-0.5,0.0,NaN,NaN,NaN,24.0,0.0,NaN,0.0,3.0,23.0,NaN,0.0,3.0,NaN,NaN,NaN,24.0,7.42,NaN,0.0,3.0,39.0,NaN,0.0,3.0,NaN,NaN,NaN,24.0,56.0,NaN,0.0,3.0,29.0,NaN,0.0,3.0,113.0,NaN,0.0,3.0,7.5,NaN,0.0,3.0,107.0,NaN,0.0,3.0,0.8,NaN,0.0,3.0,NaN,NaN,NaN,24.0,130.0,NaN,0.0,3.0,2.3,NaN,0.0,3.0,1.7,NaN,0.0,3.0,4.0,NaN,0.0,3.0,4.1,NaN,0.0,3.0,0.9,NaN,0.0,3.0,NaN,NaN,NaN,24.0,17.2,NaN,0.0,3.0,5.8,NaN,0.0,3.0,23.8,NaN,0.0,3.0,0.9,NaN,0.0,3.0,NaN,NaN,NaN,24.0,NaN,NaN,NaN,24.0,91.0,1.0,0.0,1.0,-3.7666666666666666,6.0,0.0,0.0,1.0,1.0,0.0,0.0,0.0,0.0,0.0,0.0,1.0,0.0,0.0,NaN,1.0,0.0,NaN,NaN,NaN,NaN,NaN,NaN,NaN
97.0,NaN,-11.0,0.0,96.0,NaN,-2.5,0.0,36.94,NaN,-0.11500000000000199,0.0,102.5,NaN,-2.0,0.0,71.5,NaN,-4.0,0.0,63.0,NaN,-5.0,0.0,18.5,NaN,1.0,0.0,NaN,NaN,NaN,24.0,0.0,NaN,0.0,4.0,23.0,NaN,0.0,4.0,NaN,NaN,NaN,24.0,7.42,NaN,0.0,4.0,39.0,NaN,0.0,4.0,NaN,NaN,NaN,24.0,56.0,NaN,0.0,4.0,29.0,NaN,0.0,4.0,113.0,NaN,0.0,4.0,7.5,NaN,0.0,4.0,107.0,NaN,0.0,4.0,0.8,NaN,0.0,4.0,NaN,NaN,NaN,24.0,130.0,NaN,0.0,4.0,2.3,NaN,0.0,4.0,1.7,NaN,0.0,4.0,4.0,NaN,0.0,4.0,4.1,NaN,0.0,4.0,0.9,NaN,0.0,4.0,NaN,NaN,NaN,24.0,17.2,NaN,0.0,4.0,5.8,NaN,0.0,4.0,23.8,NaN,0.0,4.0,0.9,NaN,0.0,4.0,NaN,NaN,NaN,24.0,NaN,NaN,NaN,24.0,91.0,1.0,0.0,1.0,-3.7666666666666666,7.0,0.0,0.0,1.0,1.0,0.0,0.0,0.0,0.0,0.0,0.0,1.0,0.0,0.0,NaN,1.0,0.0,NaN,NaN,NaN,NaN,NaN,NaN,NaN
97.0,NaN,0.0,0.0,97.0,NaN,1.0,0.0,36.94,NaN,-0.057500000000000995,1.0,88.0,NaN,-14.5,0.0,68.0,NaN,-3.5,0.0,61.0,NaN,-2.0,0.0,18.0,NaN,-0.5,0.0,NaN,NaN,NaN,24.0,0.0,NaN,0.0,5.0,23.0,NaN,0.0,5.0,NaN,NaN,NaN,24.0,7.42,NaN,0.0,5.0,39.0,NaN,0.0,5.0,NaN,NaN,NaN,24.0,56.0,NaN,0.0,5.0,29.0,NaN,0.0,5.0,113.0,NaN,0.0,5.0,7.5,NaN,0.0,5.0,107.0,NaN,0.0,5.0,0.8,NaN,0.0,5.0,NaN,NaN,NaN,24.0,130.0,NaN,0.0,5.0,2.3,NaN,0.0,5.0,1.7,NaN,0.0,5.0,4.0,NaN,0.0,5.0,4.1,NaN,0.0,5.0,0.9,NaN,0.0,5.0,NaN,NaN,NaN,24.0,17.1,NaN,-0.019999999999999574,0.0,6.1,NaN,0.05999999999999996,0.0,23.8,NaN,0.0,5.0,1.6,NaN,0.14,0.0,NaN,NaN,NaN,24.0,NaN,NaN,NaN,24.0,91.0,1.0,0.0,1.0,-3.7666666666666666,8.0,0.0,0.0,1.0,1.0,0.0,0.0,0.0,1.0,0.0,0.0,1.0,0.0,0.0,NaN,1.0,0.0,NaN,NaN,NaN,NaN,NaN,NaN,NaN
101.0,NaN,4.0,0.0,98.0,NaN,1.0,0.0,36.94,NaN,-0.038333333333333997,2.0,82.0,NaN,-6.0,0.0,63.0,NaN,-5.0,0.0,58.0,NaN,-3.0,0.0,19.0,NaN,1.0,0.0,NaN,NaN,NaN,24.0,0.0,NaN,0.0,6.0,23.0,NaN,0.0,6.0,NaN,NaN,NaN,24.0,7.42,NaN,0.0,6.0,39.0,NaN,0.0,6.0,NaN,NaN,NaN,24.0,56.0,NaN,0.0,6.0,29.0,NaN,0.0,6.0,113.0,NaN,0.0,6.0,7.5,NaN,0.0,6.0,107.0,NaN,0.0,6.0,0.8,NaN,0.0,6.0,NaN,NaN,NaN,24.0,130.0,NaN,0.0,6.0,2.3,NaN,0.0,6.0,1.7,NaN,0.0,6.0,4.0,NaN,0.0,6.0,4.1,NaN,0.0,6.0,0.9,NaN,0.0,6.0,NaN,NaN,NaN,24.0,17.1,NaN,-0.016666666666666313,1.0,6.1,NaN,0.04999999999999997,1.0,23.8,NaN,0.0,6.0,1.6,NaN,0.11666666666666668,1.0,NaN,NaN,NaN,24.0,NaN,NaN,NaN,24.0,91.0,1.0,0.0,1.0,-3.7666666666666666,9.0,0.0,0.0,1.0,1.0,0.0,0.0,0.0,1.0,0.0,0.0,1.0,0.0,0.0,NaN,1.0,0.0,NaN,NaN,NaN,NaN,NaN,NaN,NaN
82.0,NaN,-19.0,0.0,93.0,NaN,-5.0,0.0,36.94,NaN,-0.028750000000000497,3.0,90.0,NaN,8.0,0.0,61.0,NaN,-2.0,0.0,52.0,NaN,-6.0,0.0,17.0,NaN,-2.0,0.0,NaN,NaN,NaN,24.0,0.0,NaN,0.0,7.0,23.0,NaN,0.0,7.0,NaN,NaN,NaN,24.0,7.42,NaN,0.0,7.0,39.0,NaN,0.0,7.0,NaN,NaN,NaN,24.0,56.0,NaN,0.0,7.0,29.0,NaN,0.0,7.0,113.0,NaN,0.0,7.0,7.5,NaN,0.0,7.0,107.0,NaN,0.0,7.0,0.8,NaN,0.0,7.0,NaN,NaN,NaN,24.0,130.0,NaN,0.0,7.0,2.3,NaN,0.0,7.0,1.7,NaN,0.0,7.0,4.0,NaN,0.0,7.0,4.1,NaN,0.0,7.0,0.9,NaN,0.0,7.0,NaN,NaN,NaN,24.0,17.1,NaN,-0.014285714285713982,2.0,6.1,NaN,0.04285714285714283,2.0,23.8,NaN,0.0,7.0,1.6,NaN,0.1,2.0,NaN,NaN,NaN,24.0,NaN,NaN,NaN,24.0,91.0,1.0,0.0,1.0,-3.7666666666666666,10.0,0.0,0.0,0.0,1.0,0.0,0.0,0.0,1.0,0.0,0.0,1.0,0.0,0.0,NaN,1.0,0.0,NaN,NaN,NaN,NaN,NaN,NaN,NaN
85.0,NaN,3.0,0.0,93.0,NaN,0.0,0.0,36.83,NaN,-0.027499999999999858,0.0,122.0,NaN,32.0,0.0,78.0,NaN,17.0,0.0,62.0,NaN,10.0,0.0,24.0,NaN,7.0,0.0,NaN,NaN,NaN,24.0,0.0,NaN,0.0,8.0,23.0,NaN,0.0,8.0,NaN,NaN,NaN,24.0,7.42,NaN,0.0,8.0,39.0,NaN,0.0,8.0,NaN,NaN,NaN,24.0,56.0,NaN,0.0,8.0,29.0,NaN,0.0,8.0,113.0,NaN,0.0,8.0,7.5,NaN,0.0,8.0,107.0,NaN,0.0,8.0,0.8,NaN,0.0,8.0,NaN,NaN,NaN,24.0,130.0,NaN,0.0,8.0,2.3,NaN,0.0,8.0,1.7,NaN,0.0,8.0,4.0,NaN,0.0,8.0,4.1,NaN,0.0,8.0,0.9,NaN,0.0,8.0,NaN,NaN,NaN,24.0,17.1,NaN,-0.012499999999999734,3.0,6.1,NaN,0.03749999999999998,3.0,23.8,NaN,0.0,8.0,1.6,NaN,0.08750000000000001,3.0,NaN,NaN,NaN,24.0,NaN,NaN,NaN,24.0,91.0,1.0,0.0,1.0,-3.7666666666666666,11.0,0.0,1.0,0.0,1.0,0.0,0.0,0.0,0.0,0.0,0.0,1.0,0.0,0.0,NaN,1.0,0.0,NaN,NaN,NaN,NaN,NaN,NaN,NaN
88.0,NaN,3.0,0.0,96.0,NaN,3.0,0.0,36.83,NaN,-0.021999999999999888,1.0,109.0,NaN,-13.0,0.0,77.0,NaN,-1.0,0.0,65.0,NaN,3.0,0.0,21.0,NaN,-3.0,0.0,NaN,NaN,NaN,24.0,0.0,NaN,0.0,9.0,23.0,NaN,0.0,9.0,NaN,NaN,NaN,24.0,7.42,NaN,0.0,9.0,39.0,NaN,0.0,9.0,NaN,NaN,NaN,24.0,56.0,NaN,0.0,9.0,29.0,NaN,0.0,9.0,113.0,NaN,0.0,9.0,7.5,NaN,0.0,9.0,107.0,NaN,0.0,9.0,0.8,NaN,0.0,9.0,NaN,NaN,NaN,24.0,130.0,NaN,0.0,9.0,2.3,NaN,0.0,9.0,1.7,NaN,0.0,9.0,4.0,NaN,0.0,9.0,4.1,NaN,0.0,9.0,0.9,NaN,0.0,9.0,NaN,NaN,NaN,24.0,17.1,NaN,-0.011111111111110874,4.0,6.1,NaN,0.03333333333333331,4.0,23.8,NaN,0.0,9.0,1.6,NaN,0.07777777777777778,4.0,NaN,NaN,NaN,24.0,NaN,NaN,NaN,24.0,91.0,1.0,0.0,1.0,-3.7666666666666666,12.0,0.0,1.0,0.0,1.0,0.0,0.0,0.0,0.0,0.0,0.0,1.0,0.0,0.0,NaN,1.0,0.0,NaN,NaN,NaN,NaN,NaN,NaN,NaN
84.0,NaN,-4.0,0.0,95.0,NaN,-1.0,0.0,36.83,NaN,-0.01833333333333324,2.0,98.0,NaN,-11.0,0.0,65.0,NaN,-12.0,0.0,54.0,NaN,-11.0,0.0,24.0,NaN,3.0,0.0,NaN,NaN,NaN,24.0,0.0,NaN,0.0,10.0,23.0,NaN,0.0,10.0,NaN,NaN,NaN,24.0,7.42,NaN,0.0,10.0,39.0,NaN,0.0,10.0,NaN,NaN,NaN,24.0,56.0,NaN,0.0,10.0,29.0,NaN,0.0,10.0,113.0,NaN,0.0,10.0,7.5,NaN,0.0,10.0,107.0,NaN,0.0,10.0,0.8,NaN,0.0,10.0,NaN,NaN,NaN,24.0,130.0,NaN,0.0,10.0,2.3,NaN,0.0,10.0,1.7,NaN,0.0,10.0,4.0,NaN,0.0,10.0,4.1,NaN,0.0,10.0,0.9,NaN,0.0,10.0,NaN,NaN,NaN,24.0,17.1,NaN,-0.009999999999999787,5.0,6.1,NaN,0.02999999999999998,5.0,23.8,NaN,0.0,10.0,1.6,NaN,0.07,5.0,NaN,NaN,NaN,24.0,NaN,NaN,NaN,24.0,91.0,1.0,0.0,1.0,-3.7666666666666666,13.0,0.0,1.0,0.0,1.0,0.0,0.0,0.0,1.0,0.0,0.0,1.0,0.0,0.0,NaN,1.0,0.0,NaN,NaN,NaN,NaN,NaN,NaN,NaN
87.0,NaN,3.0,0.0,95.0,NaN,0.0,0.0,36.33,NaN,-0.16666666666666666,0.0,99.0,NaN,1.0,0.0,63.0,NaN,-2.0,0.0,50.0,NaN,-4.0,0.0,22.0,NaN,-2.0,0.0,NaN,NaN,NaN,24.0,0.0,NaN,0.0,11.0,23.0,NaN,0.0,11.0,NaN,NaN,NaN,24.0,7.42,NaN,0.0,11.0,39.0,NaN,0.0,11.0,NaN,NaN,NaN,24.0,56.0,NaN,0.0,11.0,29.0,NaN,0.0,11.0,113.0,NaN,0.0,11.0,7.5,NaN,0.0,11.0,107.0,NaN,0.0,11.0,0.8,NaN,0.0,11.0,NaN,NaN,NaN,24.0,130.0,NaN,0.0,11.0,2.3,NaN,0.0,11.0,1.7,NaN,0.0,11.0,4.0,NaN,0.0,11.0,4.1,NaN,0.0,11.0,0.9,NaN,0.0,11.0,NaN,NaN,NaN,24.0,17.1,NaN,-0.009090909090908898,6.0,6.1,NaN,0.027272727272727258,6.0,23.8,NaN,0.0,11.0,1.6,NaN,0.06363636363636364,6.0,NaN,NaN,NaN,24.0,NaN,NaN,NaN,24.0,91.0,1.0,0.0,1.0,-3.7666666666666666,14.0,0.0,1.0,0.0,1.0,0.0,0.0,0.0,1.0,0.0,0.0,1.0,0.0,0.0,NaN,1.0,0.0,NaN,NaN,NaN,NaN,NaN,NaN,NaN
88.5,NaN,1.5,0.0,98.5,NaN,3.5,0.0,36.89,NaN,0.5600000000000023,0.0,114.0,NaN,15.0,0.0,73.0,NaN,10.0,0.0,59.0,NaN,9.0,0.0,21.0,NaN,-1.0,0.0,NaN,NaN,NaN,24.0,0.0,NaN,0.0,12.0,23.0,NaN,0.0,12.0,NaN,NaN,NaN,24.0,7.42,NaN,0.0,12.0,39.0,NaN,0.0,12.0,NaN,NaN,NaN,24.0,56.0,NaN,0.0,12.0,29.0,NaN,0.0,12.0,113.0,NaN,0.0,12.0,7.5,NaN,0.0,12.0,107.0,NaN,0.0,12.0,0.8,NaN,0.0,12.0,NaN,NaN,NaN,24.0,130.0,NaN,0.0,12.0,2.3,NaN,0.0,12.0,1.7,NaN,0.0,12.0,4.0,NaN,0.0,12.0,4.1,NaN,0.0,12.0,0.9,NaN,0.0,12.0,NaN,NaN,NaN,24.0,17.1,NaN,-0.008333333333333156,7.0,6.1,NaN,0.024999999999999984,7.0,23.8,NaN,0.0,12.0,1.6,NaN,0.05833333333333334,7.0,NaN,NaN,NaN,24.0,NaN,NaN,NaN,24.0,91.0,1.0,0.0,1.0,-3.7666666666666666,15.0,0.0,1.0,0.0,1.0,0.0,0.0,0.0,0.0,0.0,0.0,1.0,0.0,0.0,NaN,1.0,0.0,NaN,NaN,NaN,NaN,NaN,NaN,NaN
