89.0,NaN,NaN,24.0,99.0,NaN,NaN,24.0,NaN,NaN,NaN,24.0,82.0,NaN,NaN,24.0,62.0,NaN,NaN,24.0,57.0,NaN,NaN,24.0,11.0,NaN,NaN,24.0,NaN,NaN,NaN,24.0,NaN,NaN,NaN,24.0,NaN,NaN,NaN,24.0,NaN,NaN,NaN,24.0,NaN,NaN,NaN,24.0,NaN,NaN,NaN,24.0,NaN,NaN,NaN,24.0,NaN,NaN,NaN,24.0,NaN,NaN,NaN,24.0,NaN,NaN,NaN,24.0,NaN,NaN,NaN,24.0,NaN,NaN,NaN,24.0,NaN,NaN,NaN,24.0,NaN,NaN,NaN,24.0,NaN,NaN,NaN,24.0,NaN,NaN,NaN,24.0,NaN,NaN,NaN,24.0,NaN,NaN,NaN,24.0,NaN,NaN,NaN,24.0,NaN,NaN,NaN,24.0,NaN,NaN,NaN,24.0,NaN,NaN,NaN,24.0,NaN,NaN,NaN,24.0,NaN,NaN,NaN,24.0,NaN,NaN,NaN,24.0,NaN,NaN,NaN,24.0,NaN,NaN,NaN,24.0,82.0,0.0,1.0,0.0,-1.7902777777777779,1.0,0.0,0.0,0.0,0.0,0.0,0.0,0.0,1.0,0.0,0.0,1.0,0.0,1.0,1.0,0.0,0.0,3.0,5.0,4.0,3.0,NaN,NaN,NaN
85.0,NaN,-4.0,0.0,99.0,NaN,0.0,1.0,NaN,NaN,NaN,24.0,94.0,NaN,12.0,0.0,76.0,NaN,14.0,0.0,70.0,NaN,13.0,0.0,11.0,NaN,0.0,0.0,NaN,NaN,NaN,24.0,NaN,NaN,NaN,24.0,NaN,NaN,NaN,24.0,NaN,NaN,NaN,24.0,NaN,NaN,NaN,24.0,NaN,NaN,NaN,24.0,NaN,NaN,NaN,24.0,NaN,NaN,NaN,24.0,NaN,NaN,NaN,24.0,NaN,NaN,NaN,24.0,NaN,NaN,NaN,24.0,NaN,NaN,NaN,24.0,NaN,NaN,NaN,24.0,NaN,NaN,NaN,24.0,NaN,NaN,NaN,24.0,NaN,NaN,NaN,24.0,NaN,NaN,NaN,24.0,NaN,NaN,NaN,24.0,NaN,NaN,NaN,24.0,NaN,NaN,NaN,24.0,NaN,NaN,NaN,24.0,NaN,NaN,NaN,24.0,NaN,NaN,NaN,24.0,NaN,NaN,NaN,24.0,NaN,NaN,NaN,24.0,NaN,NaN,NaN,24.0,NaN,NaN,NaN,24.0,82.0,0.0,1.0,0.0,-1.7902777777777779,2.0,0.0,0.0,0.0,0.0,0.0,0.0,0.0,0.0,0.0,0.0,1.0,1.0,1.0,1.0,0.0,0.0,3.0,5.0,4.0,3.0,NaN,NaN,NaN
85.0,NaN,0.0,0.0,98.0,NaN,-0.5,0.0,NaN,NaN,NaN,24.0,96.0,NaN,2.0,0.0,66.0,NaN,-10.0,0.0,58.0,NaN,-12.0,0.0,16.0,NaN,5.0,0.0,NaN,NaN,NaN,24.0,NaN,NaN,NaN,24.0,29.0,NaN,0.0,0.0,NaN,NaN,NaN,24.0,NaN,NaN,NaN,24.0,NaN,NaN,NaN,24.0,NaN,NaN,NaN,24.0,NaN,NaN,NaN,24.0,62.0,NaN,0.0,0.0,NaN,NaN,NaN,24.0,9.3,NaN,0.0,0.0,103.0,NaN,0.0,0.0,1.6,NaN,0.0,0.0,NaN,NaN,NaN,24.0,108.0,NaN,0.0,0.0,NaN,NaN,NaN,24.0,3.1,NaN,0.0,0.0,5.4,NaN,0.0,0.0,4.6,NaN,0.0,0.0,NaN,NaN,NaN,24.0,0.01,NaN,0.0,0.0,29.7,NaN,0.0,0.0,9.0,NaN,0.0,0.0,25.1,NaN,0.0,0.0,5.7,NaN,0.0,0.0,NaN,NaN,NaN,24.0,387.0,NaN,0.0,0.0,82.0,0.0,1.0,0.0,-1.7902777777777779,3.0,0.0,0.0,0.0,0.0,0.0,0.0,0.0,0.0,0.0,1.0,1.0,1.0,1.0,1.0,0.0,0.0,3.0,5.0,4.0,3.0,NaN,NaN,NaN
84.0,NaN,-1.0,0.0,98.0,NaN,0.0,0.0,36.67,NaN,0.0,0.0,97.0,NaN,1.0,0.0,75.0,NaN,9.0,0.0,68.0,NaN,10.0,0.0,10.0,NaN,-6.0,0.0,NaN,NaN,NaN,24.0,NaN,NaN,NaN,24.0,29.0,NaN,0.0,1.0,NaN,NaN,NaN,24.0,NaN,NaN,NaN,24.0,NaN,NaN,NaN,24.0,NaN,NaN,NaN,24.0,NaN,NaN,NaN,24.0,62.0,NaN,0.0,1.0,NaN,NaN,NaN,24.0,9.3,NaN,0.0,1.0,103.0,NaN,0.0,1.0,1.6,NaN,0.0,1.0,NaN,NaN,NaN,24.0,108.0,NaN,0.0,1.0,NaN,NaN,NaN,24.0,3.1,NaN,0.0,1.0,5.4,NaN,0.0,1.0,4.6,NaN,0.0,1.0,NaN,NaN,NaN,24.0,0.01,NaN,0.0,1.0,29.7,NaN,0.0,1.0,9.0,NaN,0.0,1.0,25.1,NaN,0.0,1.0,5.7,NaN,0.0,1.0,NaN,NaN,NaN,24.0,387.0,NaN,0.0,1.0,82.0,0.0,1.0,0.0,-1.7902777777777779,4.0,0.0,0.0,0.0,0.0,0.0,0.0,0.0,0.0,0.0,0.0,1.0,1.0,1.0,1.0,0.0,0.0,3.0,5.0,4.0,3.0,NaN,NaN,NaN
83.0,NaN,-1.0,0.0,97.0,NaN,-1.0,0.0,36.67,NaN,0.0,1.0,78.0,NaN,-19.0,0.0,59.0,NaN,-16.0,0.0,53.0,NaN,-15.0,0.0,7.0,NaN,-3.0,0.0,NaN,NaN,NaN,24.0,NaN,NaN,NaN,24.0,29.0,NaN,0.0,2.0,NaN,NaN,NaN,24.0,NaN,NaN,NaN,24.0,NaN,NaN,NaN,24.0,NaN,NaN,NaN,24.0,NaN,NaN,NaN,24.0,62.0,NaN,0.0,2.0,NaN,NaN,NaN,24.0,9.3,NaN,0.0,2.0,103.0,NaN,0.0,2.0,1.6,NaN,0.0,2.0,NaN,NaN,NaN,24.0,108.0,NaN,0.0,2.0,NaN,NaN,NaN,24.0,3.1,NaN,0.0,2.0,5.4,NaN,0.0,2.0,4.6,NaN,0.0,2.0,NaN,NaN,NaN,24.0,0.01,NaN,0.0,2.0,29.7,NaN,0.0,2.0,9.0,NaN,0.0,2.0,25.1,NaN,0.0,2.0,5.7,NaN,0.0,2.0,NaN,NaN,NaN,24.0,387.0,NaN,0.0,2.0,82.0,0.0,1.0,0.0,-1.7902777777777779,5.0,0.0,0.0,0.0,0.0,0.0,0.0,0.0,1.0,0.0,0.0,1.0,1.0,1.0,1.0,0.0,0.0,3.0,5.0,4.0,3.0,NaN,NaN,NaN
86.0,NaN,3.0,0.0,99.0,NaN,2.0,0.0,36.67,NaN,0.0,2.0,87.5,NaN,9.5,0.0,65.5,NaN,6.5,0.0,58.5,NaN,5.5,0.0,9.0,NaN,2.0,0.0,NaN,NaN,NaN,24.0,NaN,NaN,NaN,24.0,29.0,NaN,0.0,3.0,NaN,NaN,NaN,24.0,NaN,NaN,NaN,24.0,NaN,NaN,NaN,24.0,NaN,NaN,NaN,24.0,NaN,NaN,NaN,24.0,62.0,NaN,0.0,3.0,NaN,NaN,NaN,24.0,9.3,NaN,0.0,3.0,103.0,NaN,0.0,3.0,1.6,NaN,0.0,3.0,NaN,NaN,NaN,24.0,108.0,NaN,0.0,3.0,NaN,NaN,NaN,24.0,3.1,NaN,0.0,3.0,5.4,NaN,0.0,3.0,4.6,NaN,0.0,3.0,NaN,NaN,NaN,24.0,0.01,NaN,0.0,3.0,29.7,NaN,0.0,3.0,9.0,NaN,0.0,3.0,25.1,NaN,0.0,3.0,5.7,NaN,0.0,3.0,NaN,NaN,NaN,24.0,387.0,NaN,0.0,3.0,82.0,0.0,1.0,0.0,-1.7902777777777779,6.0,0.0,0.0,0.0,0.0,0.0,0.0,0.0,1.0,0.0,0.0,1.0,1.0,1.0,1.0,0.0,0.0,3.0,5.0,4.0,3.0,NaN,NaN,NaN
91.8,NaN,5.799999999999997,0.0,87.6,NaN,-11.400000000000006,0.0,35.94,NaN,-0.24333333333333465,0.0,71.75,NaN,-15.75,0.0,57.25,NaN,-8.25,0.0,53.0,NaN,-5.5,0.0,20.8,NaN,11.8,0.0,NaN,NaN,NaN,24.0,NaN,NaN,NaN,24.0,29.0,NaN,0.0,4.0,NaN,NaN,NaN,24.0,NaN,NaN,NaN,24.0,NaN,NaN,NaN,24.0,NaN,NaN,NaN,24.0,NaN,NaN,NaN,24.0,62.0,NaN,0.0,4.0,NaN,NaN,NaN,24.0,9.3,NaN,0.0,4.0,103.0,NaN,0.0,4.0,1.6,NaN,0.0,4.0,NaN,NaN,NaN,24.0,108.0,NaN,0.0,4.0,NaN,NaN,NaN,24.0,3.1,NaN,0.0,4.0,5.4,NaN,0.0,4.0,4.6,NaN,0.0,4.0,NaN,NaN,NaN,24.0,0.01,NaN,0.0,4.0,29.7,NaN,0.0,4.0,9.0,NaN,0.0,4.0,25.1,NaN,0.0,4.0,5.7,NaN,0.0,4.0,NaN,NaN,NaN,24.0,387.0,NaN,0.0,4.0,82.0,0.0,1.0,0.0,-1.7902777777777779,7.0,1.0,1.0,1.0,0.0,0.0,0.0,0.0,1.0,0.0,0.0,1.0,1.0,1.0,1.0,0.0,0.0,3.0,5.0,4.0,3.0,NaN,NaN,NaN
91.75,NaN,-0.04999999999999716,0.0,91.5,NaN,3.9000000000000057,0.0,35.94,NaN,-0.182500000000001,1.0,87.3333333333333,NaN,15.5833333333333,0.0,66.6666666666667,NaN,9.4166666666667,0.0,61.0,NaN,8.0,0.0,21.0,NaN,0.1999999999999993,0.0,NaN,NaN,NaN,24.0,-1.0,NaN,0.0,0.0,29.0,NaN,0.0,5.0,0.7,NaN,0.0,0.0,7.36,NaN,0.0,0.0,43.0,NaN,0.0,0.0,NaN,NaN,NaN,24.0,NaN,NaN,NaN,24.0,62.0,NaN,0.0,5.0,NaN,NaN,NaN,24.0,9.3,NaN,0.0,5.0,103.0,NaN,0.0,5.0,1.6,NaN,0.0,5.0,NaN,NaN,NaN,24.0,108.0,NaN,0.0,5.0,3.0,NaN,0.0,0.0,3.1,NaN,0.0,5.0,5.4,NaN,0.0,5.0,4.6,NaN,0.0,5.0,NaN,NaN,NaN,24.0,0.01,NaN,0.0,5.0,29.7,NaN,0.0,5.0,9.0,NaN,0.0,5.0,25.1,NaN,0.0,5.0,5.7,NaN,0.0,5.0,NaN,NaN,NaN,24.0,387.0,NaN,0.0,5.0,82.0,0.0,1.0,0.0,-1.7902777777777779,8.0,1.0,1.0,1.0,0.0,3.0,0.0,0.0,1.0,1.0,0.0,1.0,1.0,1.0,1.0,0.0,0.0,3.0,5.0,4.0,3.0,NaN,NaN,NaN
84.3333333333333,NaN,-7.4166666666667,0.0,100.0,NaN,8.5,0.0,35.94,NaN,-0.1460000000000008,2.0,86.0,NaN,-1.3333333333333002,0.0,60.6666666666667,NaN,-6.0,0.0,54.0,NaN,-7.0,0.0,12.3333333333333,NaN,-8.6666666666667,0.0,NaN,NaN,NaN,24.0,-1.0,NaN,0.0,1.0,29.0,NaN,0.0,6.0,0.7,NaN,0.0,1.0,7.36,NaN,0.0,1.0,43.0,NaN,0.0,1.0,NaN,NaN,NaN,24.0,NaN,NaN,NaN,24.0,62.0,NaN,0.0,6.0,NaN,NaN,NaN,24.0,9.3,NaN,0.0,6.0,103.0,NaN,0.0,6.0,1.6,NaN,0.0,6.0,NaN,NaN,NaN,24.0,108.0,NaN,0.0,6.0,3.0,NaN,0.0,1.0,3.1,NaN,0.0,6.0,5.4,NaN,0.0,6.0,4.6,NaN,0.0,6.0,NaN,NaN,NaN,24.0,0.01,NaN,0.0,6.0,29.7,NaN,0.0,6.0,9.0,NaN,0.0,6.0,25.1,NaN,0.0,6.0,5.7,NaN,0.0,6.0,NaN,NaN,NaN,24.0,387.0,NaN,0.0,6.0,82.0,0.0,1.0,0.0,-1.7902777777777779,9.0,1.0,0.0,0.0,0.0,0.0,0.0,0.0,1.0,0.0,0.0,1.0,1.0,1.0,1.0,0.0,0.0,3.0,5.0,4.0,3.0,NaN,NaN,NaN
