74.0,NaN,NaN,24.0,NaN,NaN,NaN,24.0,NaN,NaN,NaN,24.0,NaN,NaN,NaN,24.0,NaN,NaN,NaN,24.0,NaN,NaN,NaN,24.0,NaN,NaN,NaN,24.0,NaN,NaN,NaN,24.0,NaN,NaN,NaN,24.0,NaN,NaN,NaN,24.0,NaN,NaN,NaN,24.0,NaN,NaN,NaN,24.0,NaN,NaN,NaN,24.0,NaN,NaN,NaN,24.0,NaN,NaN,NaN,24.0,NaN,NaN,NaN,24.0,NaN,NaN,NaN,24.0,NaN,NaN,NaN,24.0,NaN,NaN,NaN,24.0,NaN,NaN,NaN,24.0,NaN,NaN,NaN,24.0,NaN,NaN,NaN,24.0,NaN,NaN,NaN,24.0,NaN,NaN,NaN,24.0,NaN,NaN,NaN,24.0,NaN,NaN,NaN,24.0,NaN,NaN,NaN,24.0,NaN,NaN,NaN,24.0,NaN,NaN,NaN,24.0,NaN,NaN,NaN,24.0,NaN,NaN,NaN,24.0,NaN,NaN,NaN,24.0,NaN,NaN,NaN,24.0,NaN,NaN,NaN,24.0,49.0,1.0,0.0,1.0,-6.9,1.0,0.0,0.0,0.0,0.0,0.0,0.0,0.0,0.0,0.0,0.0,1.0,0.0,0.0,NaN,0.0,0.0,NaN,NaN,NaN,NaN,NaN,NaN,NaN
80.5,NaN,6.5,0.0,93.5,NaN,0.0,0.0,36.72,NaN,0.0,0.0,97.0,NaN,0.0,0.0,63.0,NaN,0.0,0.0,57.5,NaN,0.0,0.0,14.0,NaN,0.0,0.0,NaN,NaN,NaN,24.0,NaN,NaN,NaN,24.0,NaN,NaN,NaN,24.0,NaN,NaN,NaN,24.0,NaN,NaN,NaN,24.0,NaN,NaN,NaN,24.0,NaN,NaN,NaN,24.0,NaN,NaN,NaN,24.0,NaN,NaN,NaN,24.0,NaN,NaN,NaN,24.0,NaN,NaN,NaN,24.0,NaN,NaN,NaN,24.0,NaN,NaN,NaN,24.0,NaN,NaN,NaN,24.0,NaN,NaN,NaN,24.0,NaN,NaN,NaN,24.0,NaN,NaN,NaN,24.0,NaN,NaN,NaN,24.0,NaN,NaN,NaN,24.0,NaN,NaN,NaN,24.0,NaN,NaN,NaN,24.0,NaN,NaN,NaN,24.0,NaN,NaN,NaN,24.0,NaN,NaN,NaN,24.0,NaN,NaN,NaN,24.0,NaN,NaN,NaN,24.0,NaN,NaN,NaN,24.0,49.0,1.0,0.0,1.0,-6.9,2.0,0.0,0.0,0.0,0.0,0.0,0.0,0.0,1.0,0.0,0.0,1.0,0.0,0.0,NaN,0.0,0.0,NaN,NaN,NaN,NaN,NaN,NaN,NaN
64.0,NaN,-16.5,0.0,97.0,NaN,3.5,0.0,36.72,NaN,0.0,1.0,120.0,NaN,23.0,0.0,76.5,NaN,13.5,0.0,61.5,NaN,4.0,0.0,17.0,NaN,3.0,0.0,NaN,NaN,NaN,24.0,NaN,NaN,NaN,24.0,27.0,NaN,0.0,0.0,NaN,NaN,NaN,24.0,NaN,NaN,NaN,24.0,NaN,NaN,NaN,24.0,NaN,NaN,NaN,24.0,NaN,NaN,NaN,24.0,12.0,NaN,0.0,0.0,NaN,NaN,NaN,24.0,9.2,NaN,0.0,0.0,108.0,NaN,0.0,0.0,1.0,NaN,0.0,0.0,NaN,NaN,NaN,24.0,131.0,NaN,0.0,0.0,NaN,NaN,NaN,24.0,2.4,NaN,0.0,0.0,3.1,NaN,0.0,0.0,3.4,NaN,0.0,0.0,NaN,NaN,NaN,24.0,NaN,NaN,NaN,24.0,39.1,NaN,0.0,0.0,13.9,NaN,0.0,0.0,47.5,NaN,0.0,0.0,11.8,NaN,0.0,0.0,NaN,NaN,NaN,24.0,203.0,NaN,0.0,0.0,49.0,1.0,0.0,1.0,-6.9,3.0,0.0,0.0,0.0,0.0,0.0,0.0,0.0,0.0,0.0,0.0,1.0,0.0,0.0,NaN,0.0,0.0,NaN,NaN,NaN,NaN,NaN,NaN,NaN
77.0,NaN,13.0,0.0,96.0,NaN,-1.0,0.0,36.72,NaN,0.0,2.0,100.5,NaN,-19.5,0.0,68.0,NaN,-8.5,0.0,57.0,NaN,-4.5,0.0,16.0,NaN,-1.0,0.0,NaN,NaN,NaN,24.0,NaN,NaN,NaN,24.0,27.0,NaN,0.0,1.0,NaN,NaN,NaN,24.0,7.4,NaN,0.0,0.0,NaN,NaN,NaN,24.0,NaN,NaN,NaN,24.0,NaN,NaN,NaN,24.0,12.0,NaN,0.0,1.0,NaN,NaN,NaN,24.0,9.2,NaN,0.0,1.0,108.0,NaN,0.0,1.0,1.0,NaN,0.0,1.0,NaN,NaN,NaN,24.0,131.0,NaN,0.0,1.0,0.8,NaN,0.0,0.0,2.4,NaN,0.0,1.0,3.1,NaN,0.0,1.0,3.4,NaN,0.0,1.0,NaN,NaN,NaN,24.0,NaN,NaN,NaN,24.0,39.1,NaN,0.0,1.0,13.9,NaN,0.0,1.0,47.5,NaN,0.0,1.0,11.8,NaN,0.0,1.0,NaN,NaN,NaN,24.0,203.0,NaN,0.0,1.0,49.0,1.0,0.0,1.0,-6.9,4.0,0.0,0.0,0.0,0.0,0.0,0.0,0.0,0.0,0.0,0.0,1.0,0.0,0.0,NaN,0.0,0.0,NaN,NaN,NaN,NaN,NaN,NaN,NaN
66.0,NaN,-11.0,0.0,97.0,NaN,1.0,0.0,36.72,NaN,0.0,3.0,115.0,NaN,14.5,0.0,70.0,NaN,2.0,0.0,70.0,NaN,13.0,0.0,14.0,NaN,-2.0,0.0,NaN,NaN,NaN,24.0,NaN,NaN,NaN,24.0,27.0,NaN,0.0,2.0,NaN,NaN,NaN,24.0,7.4,NaN,0.0,1.0,NaN,NaN,NaN,24.0,NaN,NaN,NaN,24.0,NaN,NaN,NaN,24.0,12.0,NaN,0.0,2.0,NaN,NaN,NaN,24.0,9.2,NaN,0.0,2.0,108.0,NaN,0.0,2.0,1.0,NaN,0.0,2.0,NaN,NaN,NaN,24.0,131.0,NaN,0.0,2.0,0.8,NaN,0.0,1.0,2.4,NaN,0.0,2.0,3.1,NaN,0.0,2.0,3.4,NaN,0.0,2.0,NaN,NaN,NaN,24.0,NaN,NaN,NaN,24.0,39.1,NaN,0.0,2.0,13.9,NaN,0.0,2.0,47.5,NaN,0.0,2.0,11.8,NaN,0.0,2.0,NaN,NaN,NaN,24.0,203.0,NaN,0.0,2.0,49.0,1.0,0.0,1.0,-6.9,5.0,0.0,0.0,0.0,0.0,0.0,0.0,0.0,0.0,0.0,0.0,1.0,0.0,0.0,NaN,0.0,0.0,NaN,NaN,NaN,NaN,NaN,NaN,NaN
67.0,NaN,1.0,0.0,96.0,NaN,-1.0,0.0,36.89,NaN,0.042500000000000426,0.0,111.5,NaN,-3.5,0.0,72.5,NaN,2.5,0.0,59.5,NaN,-10.5,0.0,10.0,NaN,-4.0,0.0,NaN,NaN,NaN,24.0,NaN,NaN,NaN,24.0,27.0,NaN,0.0,3.0,NaN,NaN,NaN,24.0,7.4,NaN,0.0,2.0,NaN,NaN,NaN,24.0,NaN,NaN,NaN,24.0,NaN,NaN,NaN,24.0,12.0,NaN,0.0,3.0,NaN,NaN,NaN,24.0,9.2,NaN,0.0,3.0,108.0,NaN,0.0,3.0,1.0,NaN,0.0,3.0,NaN,NaN,NaN,24.0,131.0,NaN,0.0,3.0,0.8,NaN,0.0,2.0,2.4,NaN,0.0,3.0,3.1,NaN,0.0,3.0,3.4,NaN,0.0,3.0,NaN,NaN,NaN,24.0,NaN,NaN,NaN,24.0,39.1,NaN,0.0,3.0,13.9,NaN,0.0,3.0,47.5,NaN,0.0,3.0,11.8,NaN,0.0,3.0,NaN,NaN,NaN,24.0,203.0,NaN,0.0,3.0,49.0,1.0,0.0,1.0,-6.9,6.0,0.0,0.0,0.0,0.0,0.0,0.0,0.0,0.0,0.0,0.0,1.0,0.0,0.0,NaN,0.0,0.0,NaN,NaN,NaN,NaN,NaN,NaN,NaN
69.0,NaN,2.0,0.0,97.0,NaN,1.0,0.0,36.89,NaN,0.03400000000000034,1.0,127.0,NaN,15.5,0.0,73.0,NaN,0.5,0.0,67.0,NaN,7.5,0.0,12.0,NaN,2.0,0.0,NaN,NaN,NaN,24.0,NaN,NaN,NaN,24.0,27.0,NaN,0.0,4.0,NaN,NaN,NaN,24.0,7.4,NaN,0.0,3.0,NaN,NaN,NaN,24.0,NaN,NaN,NaN,24.0,NaN,NaN,NaN,24.0,12.0,NaN,0.0,4.0,NaN,NaN,NaN,24.0,9.2,NaN,0.0,4.0,108.0,NaN,0.0,4.0,1.0,NaN,0.0,4.0,NaN,NaN,NaN,24.0,131.0,NaN,0.0,4.0,0.8,NaN,0.0,3.0,2.4,NaN,0.0,4.0,3.1,NaN,0.0,4.0,3.4,NaN,0.0,4.0,NaN,NaN,NaN,24.0,NaN,NaN,NaN,24.0,39.1,NaN,0.0,4.0,13.9,NaN,0.0,4.0,47.5,NaN,0.0,4.0,11.8,NaN,0.0,4.0,NaN,NaN,NaN,24.0,203.0,NaN,0.0,4.0,49.0,1.0,0.0,1.0,-6.9,7.0,0.0,0.0,0.0,0.0,0.0,0.0,0.0,0.0,0.0,0.0,1.0,0.0,0.0,NaN,0.0,0.0,NaN,NaN,NaN,NaN,NaN,NaN,NaN
72.0,NaN,3.0,0.0,97.0,NaN,0.0,0.0,36.89,NaN,0.028333333333333616,2.0,120.0,NaN,-7.0,0.0,79.5,NaN,6.5,0.0,65.5,NaN,-1.5,0.0,11.0,NaN,-1.0,0.0,NaN,NaN,NaN,24.0,NaN,NaN,NaN,24.0,27.0,NaN,0.0,5.0,NaN,NaN,NaN,24.0,7.4,NaN,0.0,4.0,NaN,NaN,NaN,24.0,NaN,NaN,NaN,24.0,NaN,NaN,NaN,24.0,12.0,NaN,0.0,5.0,NaN,NaN,NaN,24.0,9.2,NaN,0.0,5.0,108.0,NaN,0.0,5.0,1.0,NaN,0.0,5.0,NaN,NaN,NaN,24.0,131.0,NaN,0.0,5.0,0.8,NaN,0.0,4.0,2.4,NaN,0.0,5.0,3.1,NaN,0.0,5.0,3.4,NaN,0.0,5.0,NaN,NaN,NaN,24.0,NaN,NaN,NaN,24.0,39.1,NaN,0.0,5.0,13.9,NaN,0.0,5.0,47.5,NaN,0.0,5.0,11.8,NaN,0.0,5.0,NaN,NaN,NaN,24.0,203.0,NaN,0.0,5.0,49.0,1.0,0.0,1.0,-6.9,8.0,0.0,0.0,0.0,0.0,0.0,0.0,0.0,0.0,0.0,0.0,1.0,0.0,0.0,NaN,0.0,0.0,NaN,NaN,NaN,NaN,NaN,NaN,NaN
72.0,NaN,0.0,0.0,99.0,NaN,2.0,0.0,36.89,NaN,0.02428571428571453,3.0,120.0,NaN,0.0,0.0,79.5,NaN,0.0,0.0,65.5,NaN,0.0,0.0,17.0,NaN,6.0,0.0,NaN,NaN,NaN,24.0,NaN,NaN,NaN,24.0,27.0,NaN,0.0,6.0,NaN,NaN,NaN,24.0,7.4,NaN,0.0,5.0,NaN,NaN,NaN,24.0,NaN,NaN,NaN,24.0,NaN,NaN,NaN,24.0,12.0,NaN,0.0,6.0,NaN,NaN,NaN,24.0,9.2,NaN,0.0,6.0,108.0,NaN,0.0,6.0,1.0,NaN,0.0,6.0,NaN,NaN,NaN,24.0,131.0,NaN,0.0,6.0,0.8,NaN,0.0,5.0,2.4,NaN,0.0,6.0,3.1,NaN,0.0,6.0,3.4,NaN,0.0,6.0,NaN,NaN,NaN,24.0,NaN,NaN,NaN,24.0,39.1,NaN,0.0,6.0,13.9,NaN,0.0,6.0,47.5,NaN,0.0,6.0,11.8,NaN,0.0,6.0,NaN,NaN,NaN,24.0,203.0,NaN,0.0,6.0,49.0,1.0,0.0,1.0,-6.9,9.0,0.0,0.0,0.0,0.0,0.0,0.0,0.0,0.0,0.0,0.0,1.0,0.0,0.0,NaN,0.0,0.0,NaN,NaN,NaN,NaN,NaN,NaN,NaN
66.0,NaN,-6.0,0.0,97.0,NaN,-2.0,0.0,37.33,NaN,0.10999999999999943,0.0,128.5,NaN,8.5,0.0,83.0,NaN,3.5,0.0,67.5,NaN,2.0,0.0,14.0,NaN,-3.0,0.0,NaN,NaN,NaN,24.0,NaN,NaN,NaN,24.0,27.0,NaN,0.0,7.0,NaN,NaN,NaN,24.0,7.4,NaN,0.0,6.0,NaN,NaN,NaN,24.0,NaN,NaN,NaN,24.0,NaN,NaN,NaN,24.0,12.0,NaN,0.0,7.0,NaN,NaN,NaN,24.0,9.2,NaN,0.0,7.0,108.0,NaN,0.0,7.0,1.0,NaN,0.0,7.0,NaN,NaN,NaN,24.0,131.0,NaN,0.0,7.0,0.8,NaN,0.0,6.0,2.4,NaN,0.0,7.0,3.1,NaN,0.0,7.0,3.4,NaN,0.0,7.0,NaN,NaN,NaN,24.0,NaN,NaN,NaN,24.0,39.1,NaN,0.0,7.0,13.9,NaN,0.0,7.0,47.5,NaN,0.0,7.0,11.8,NaN,0.0,7.0,NaN,NaN,NaN,24.0,203.0,NaN,0.0,7.0,49.0,1.0,0.0,1.0,-6.9,10.0,0.0,0.0,0.0,0.0,0.0,0.0,0.0,0.0,0.0,0.0,1.0,0.0,0.0,NaN,0.0,0.0,NaN,NaN,NaN,NaN,NaN,NaN,NaN
87.0,NaN,21.0,0.0,97.0,NaN,0.0,0.0,37.33,NaN,0.08799999999999955,1.0,111.5,NaN,-17.0,0.0,71.0,NaN,-12.0,0.0,57.0,NaN,-10.5,0.0,16.0,NaN,2.0,0.0,NaN,NaN,NaN,24.0,NaN,NaN,NaN,24.0,27.0,NaN,0.0,8.0,NaN,NaN,NaN,24.0,7.4,NaN,0.0,7.0,NaN,NaN,NaN,24.0,NaN,NaN,NaN,24.0,NaN,NaN,NaN,24.0,12.0,NaN,0.0,8.0,NaN,NaN,NaN,24.0,9.2,NaN,0.0,8.0,108.0,NaN,0.0,8.0,1.0,NaN,0.0,8.0,NaN,NaN,NaN,24.0,131.0,NaN,0.0,8.0,0.8,NaN,0.0,7.0,2.4,NaN,0.0,8.0,3.1,NaN,0.0,8.0,3.4,NaN,0.0,8.0,NaN,NaN,NaN,24.0,NaN,NaN,NaN,24.0,39.1,NaN,0.0,8.0,13.9,NaN,0.0,8.0,55.7,NaN,1.0250000000000004,0.0,11.8,NaN,0.0,8.0,NaN,NaN,NaN,24.0,203.0,NaN,0.0,8.0,49.0,1.0,0.0,1.0,-6.9,11.0,0.0,0.0,0.0,0.0,0.0,0.0,0.0,0.0,0.0,0.0,1.0,0.0,0.0,NaN,0.0,0.0,NaN,NaN,NaN,NaN,NaN,NaN,NaN
