NaN,NaN,NaN,24.0,NaN,NaN,NaN,24.0,NaN,NaN,NaN,24.0,NaN,NaN,NaN,24.0,NaN,NaN,NaN,24.0,NaN,NaN,NaN,24.0,NaN,NaN,NaN,24.0,NaN,NaN,NaN,24.0,NaN,NaN,NaN,24.0,NaN,NaN,NaN,24.0,NaN,NaN,NaN,24.0,NaN,NaN,NaN,24.0,NaN,NaN,NaN,24.0,NaN,NaN,NaN,24.0,NaN,NaN,NaN,24.0,NaN,NaN,NaN,24.0,NaN,NaN,NaN,24.0,NaN,NaN,NaN,24.0,NaN,NaN,NaN,24.0,NaN,NaN,NaN,24.0,NaN,NaN,NaN,24.0,NaN,NaN,NaN,24.0,NaN,NaN,NaN,24.0,NaN,NaN,NaN,24.0,NaN,NaN,NaN,24.0,NaN,NaN,NaN,24.0,NaN,NaN,NaN,24.0,NaN,NaN,NaN,24.0,NaN,NaN,NaN,24.0,NaN,NaN,NaN,24.0,NaN,NaN,NaN,24.0,NaN,NaN,NaN,24.0,NaN,NaN,NaN,24.0,NaN,NaN,NaN,24.0,86.0,1.0,0.0,1.0,-3.2,1.0,0.0,0.0,0.0,0.0,0.0,0.0,0.0,0.0,0.0,0.0,1.0,0.0,0.0,NaN,0.0,0.0,NaN,NaN,NaN,NaN,NaN,NaN,NaN
64.5,NaN,0.0,0.0,100.0,NaN,0.0,0.0,37.33,NaN,0.0,0.0,148.0,NaN,0.0,0.0,89.0,NaN,0.0,0.0,63.0,NaN,0.0,0.0,11.5,NaN,0.0,0.0,NaN,NaN,NaN,24.0,NaN,NaN,NaN,24.0,NaN,NaN,NaN,24.0,NaN,NaN,NaN,24.0,NaN,NaN,NaN,24.0,NaN,NaN,NaN,24.0,NaN,NaN,NaN,24.0,NaN,NaN,NaN,24.0,NaN,NaN,NaN,24.0,NaN,NaN,NaN,24.0,NaN,NaN,NaN,24.0,NaN,NaN,NaN,24.0,NaN,NaN,NaN,24.0,NaN,NaN,NaN,24.0,NaN,NaN,NaN,24.0,NaN,NaN,NaN,24.0,NaN,NaN,NaN,24.0,NaN,NaN,NaN,24.0,NaN,NaN,NaN,24.0,NaN,NaN,NaN,24.0,NaN,NaN,NaN,24.0,NaN,NaN,NaN,24.0,NaN,NaN,NaN,24.0,NaN,NaN,NaN,24.0,NaN,NaN,NaN,24.0,NaN,NaN,NaN,24.0,NaN,NaN,NaN,24.0,86.0,1.0,0.0,1.0,-3.2,2.0,0.0,0.0,0.0,0.0,0.0,0.0,0.0,0.0,0.0,0.0,1.0,0.0,0.0,NaN,0.0,0.0,NaN,NaN,NaN,NaN,NaN,NaN,NaN
66.5,NaN,2.0,0.0,94.5,NaN,-5.5,0.0,37.33,NaN,0.0,1.0,137.5,NaN,-10.5,0.0,109.0,NaN,20.0,0.0,98.0,NaN,35.0,0.0,14.5,NaN,3.0,0.0,NaN,NaN,NaN,24.0,NaN,NaN,NaN,24.0,29.0,NaN,0.0,0.0,NaN,NaN,NaN,24.0,NaN,NaN,NaN,24.0,NaN,NaN,NaN,24.0,NaN,NaN,NaN,24.0,12.0,NaN,0.0,0.0,32.0,NaN,0.0,0.0,133.0,NaN,0.0,0.0,9.0,NaN,0.0,0.0,96.0,NaN,0.0,0.0,5.2,NaN,0.0,0.0,NaN,NaN,NaN,24.0,93.0,NaN,0.0,0.0,NaN,NaN,NaN,24.0,1.8,NaN,0.0,0.0,4.2,NaN,0.0,0.0,4.3,NaN,0.0,0.0,0.4,NaN,0.0,0.0,0.06,NaN,0.0,0.0,38.8,NaN,0.0,0.0,11.8,NaN,0.0,0.0,43.0,NaN,0.0,0.0,9.9,NaN,0.0,0.0,NaN,NaN,NaN,24.0,196.0,NaN,0.0,0.0,86.0,1.0,0.0,1.0,-3.2,3.0,0.0,0.0,0.0,0.0,0.0,0.0,0.0,0.0,0.0,4.0,1.0,0.0,0.0,NaN,0.0,0.0,NaN,NaN,NaN,NaN,NaN,NaN,NaN
69.0,NaN,2.5,0.0,95.5,NaN,1.0,0.0,37.33,NaN,0.0,2.0,143.0,NaN,5.5,0.0,99.0,NaN,-10.0,0.0,84.0,NaN,-14.0,0.0,21.5,NaN,7.0,0.0,NaN,NaN,NaN,24.0,NaN,NaN,NaN,24.0,29.0,NaN,0.0,1.0,NaN,NaN,NaN,24.0,NaN,NaN,NaN,24.0,NaN,NaN,NaN,24.0,NaN,NaN,NaN,24.0,12.0,NaN,0.0,1.0,32.0,NaN,0.0,1.0,133.0,NaN,0.0,1.0,9.0,NaN,0.0,1.0,96.0,NaN,0.0,1.0,5.2,NaN,0.0,1.0,NaN,NaN,NaN,24.0,93.0,NaN,0.0,1.0,NaN,NaN,NaN,24.0,1.8,NaN,0.0,1.0,4.2,NaN,0.0,1.0,4.3,NaN,0.0,1.0,0.4,NaN,0.0,1.0,0.06,NaN,0.0,1.0,38.8,NaN,0.0,1.0,11.8,NaN,0.0,1.0,43.0,NaN,0.0,1.0,9.9,NaN,0.0,1.0,NaN,NaN,NaN,24.0,196.0,NaN,0.0,1.0,86.0,1.0,0.0,1.0,-3.2,4.0,0.0,1.0,0.0,0.0,0.0,0.0,0.0,0.0,0.0,0.0,1.0,0.0,0.0,NaN,0.0,0.0,NaN,NaN,NaN,NaN,NaN,NaN,NaN
71.0,NaN,2.0,0.0,97.0,NaN,1.5,0.0,37.33,NaN,0.0,3.0,150.0,NaN,7.0,0.0,85.0,NaN,-14.0,0.0,57.0,NaN,-27.0,0.0,20.0,NaN,-1.5,0.0,NaN,NaN,NaN,24.0,NaN,NaN,NaN,24.0,29.0,NaN,0.0,2.0,NaN,NaN,NaN,24.0,NaN,NaN,NaN,24.0,NaN,NaN,NaN,24.0,NaN,NaN,NaN,24.0,12.0,NaN,0.0,2.0,32.0,NaN,0.0,2.0,133.0,NaN,0.0,2.0,9.0,NaN,0.0,2.0,96.0,NaN,0.0,2.0,5.2,NaN,0.0,2.0,NaN,NaN,NaN,24.0,93.0,NaN,0.0,2.0,NaN,NaN,NaN,24.0,1.8,NaN,0.0,2.0,4.2,NaN,0.0,2.0,4.3,NaN,0.0,2.0,0.4,NaN,0.0,2.0,0.06,NaN,0.0,2.0,38.8,NaN,0.0,2.0,11.8,NaN,0.0,2.0,43.0,NaN,0.0,2.0,9.9,NaN,0.0,2.0,NaN,NaN,NaN,24.0,196.0,NaN,0.0,2.0,86.0,1.0,0.0,1.0,-3.2,5.0,0.0,0.0,0.0,0.0,0.0,0.0,0.0,0.0,0.0,0.0,1.0,0.0,0.0,NaN,0.0,0.0,NaN,NaN,NaN,NaN,NaN,NaN,NaN
68.0,NaN,-3.0,0.0,99.0,NaN,2.0,0.0,37.11,NaN,-0.054999999999999716,0.0,116.0,NaN,-34.0,0.0,69.0,NaN,-16.0,0.0,49.0,NaN,-8.0,0.0,19.0,NaN,-1.0,0.0,NaN,NaN,NaN,24.0,NaN,NaN,NaN,24.0,29.0,NaN,0.0,3.0,NaN,NaN,NaN,24.0,NaN,NaN,NaN,24.0,NaN,NaN,NaN,24.0,NaN,NaN,NaN,24.0,12.0,NaN,0.0,3.0,32.0,NaN,0.0,3.0,133.0,NaN,0.0,3.0,9.0,NaN,0.0,3.0,96.0,NaN,0.0,3.0,5.2,NaN,0.0,3.0,NaN,NaN,NaN,24.0,93.0,NaN,0.0,3.0,NaN,NaN,NaN,24.0,1.8,NaN,0.0,3.0,4.2,NaN,0.0,3.0,4.3,NaN,0.0,3.0,0.4,NaN,0.0,3.0,0.06,NaN,0.0,3.0,38.8,NaN,0.0,3.0,11.8,NaN,0.0,3.0,43.0,NaN,0.0,3.0,9.9,NaN,0.0,3.0,NaN,NaN,NaN,24.0,196.0,NaN,0.0,3.0,86.0,1.0,0.0,1.0,-3.2,6.0,0.0,0.0,0.0,0.0,0.0,0.0,0.0,0.0,0.0,0.0,1.0,0.0,0.0,NaN,0.0,0.0,NaN,NaN,NaN,NaN,NaN,NaN,NaN
64.0,NaN,-4.0,0.0,98.0,NaN,-1.0,0.0,37.11,NaN,-0.043999999999999775,1.0,126.0,NaN,10.0,0.0,72.0,NaN,3.0,0.0,50.0,NaN,1.0,0.0,17.0,NaN,-2.0,0.0,NaN,NaN,NaN,24.0,NaN,NaN,NaN,24.0,29.0,NaN,0.0,4.0,NaN,NaN,NaN,24.0,NaN,NaN,NaN,24.0,NaN,NaN,NaN,24.0,NaN,NaN,NaN,24.0,12.0,NaN,0.0,4.0,32.0,NaN,0.0,4.0,133.0,NaN,0.0,4.0,9.0,NaN,0.0,4.0,96.0,NaN,0.0,4.0,5.2,NaN,0.0,4.0,NaN,NaN,NaN,24.0,93.0,NaN,0.0,4.0,NaN,NaN,NaN,24.0,1.8,NaN,0.0,4.0,4.2,NaN,0.0,4.0,4.3,NaN,0.0,4.0,0.4,NaN,0.0,4.0,0.06,NaN,0.0,4.0,38.8,NaN,0.0,4.0,11.8,NaN,0.0,4.0,43.0,NaN,0.0,4.0,9.9,NaN,0.0,4.0,NaN,NaN,NaN,24.0,196.0,NaN,0.0,4.0,86.0,1.0,0.0,1.0,-3.2,7.0,0.0,0.0,0.0,0.0,0.0,0.0,0.0,0.0,0.0,0.0,1.0,0.0,0.0,NaN,0.0,0.0,NaN,NaN,NaN,NaN,NaN,NaN,NaN
62.0,NaN,-2.0,0.0,95.0,NaN,-3.0,0.0,37.11,NaN,-0.03666666666666648,2.0,144.0,NaN,18.0,0.0,83.0,NaN,11.0,0.0,58.0,NaN,8.0,0.0,21.0,NaN,4.0,0.0,NaN,NaN,NaN,24.0,NaN,NaN,NaN,24.0,29.0,NaN,0.0,5.0,NaN,NaN,NaN,24.0,NaN,NaN,NaN,24.0,NaN,NaN,NaN,24.0,NaN,NaN,NaN,24.0,12.0,NaN,0.0,5.0,32.0,NaN,0.0,5.0,133.0,NaN,0.0,5.0,9.0,NaN,0.0,5.0,96.0,NaN,0.0,5.0,5.2,NaN,0.0,5.0,NaN,NaN,NaN,24.0,93.0,NaN,0.0,5.0,NaN,NaN,NaN,24.0,1.8,NaN,0.0,5.0,4.2,NaN,0.0,5.0,4.3,NaN,0.0,5.0,0.4,NaN,0.0,5.0,0.06,NaN,0.0,5.0,38.8,NaN,0.0,5.0,11.8,NaN,0.0,5.0,43.0,NaN,0.0,5.0,9.9,NaN,0.0,5.0,NaN,NaN,NaN,24.0,196.0,NaN,0.0,5.0,86.0,1.0,0.0,1.0,-3.2,8.0,0.0,1.0,0.0,0.0,0.0,0.0,0.0,0.0,0.0,0.0,1.0,0.0,0.0,NaN,0.0,0.0,NaN,NaN,NaN,NaN,NaN,NaN,NaN
77.0,NaN,15.0,0.0,97.0,NaN,2.0,0.0,37.11,NaN,-0.031428571428571264,3.0,116.0,NaN,-28.0,0.0,90.0,NaN,7.0,0.0,77.0,NaN,19.0,0.0,19.0,NaN,-2.0,0.0,NaN,NaN,NaN,24.0,NaN,NaN,NaN,24.0,29.0,NaN,0.0,6.0,NaN,NaN,NaN,24.0,NaN,NaN,NaN,24.0,NaN,NaN,NaN,24.0,NaN,NaN,NaN,24.0,12.0,NaN,0.0,6.0,32.0,NaN,0.0,6.0,133.0,NaN,0.0,6.0,9.0,NaN,0.0,6.0,96.0,NaN,0.0,6.0,5.2,NaN,0.0,6.0,NaN,NaN,NaN,24.0,93.0,NaN,0.0,6.0,NaN,NaN,NaN,24.0,1.8,NaN,0.0,6.0,4.2,NaN,0.0,6.0,4.3,NaN,0.0,6.0,0.4,NaN,0.0,6.0,0.06,NaN,0.0,6.0,39.0,NaN,0.033333333333333805,0.0,11.7,NaN,-0.016666666666666902,0.0,43.0,NaN,0.0,6.0,9.9,NaN,0.0,6.0,NaN,NaN,NaN,24.0,196.0,NaN,0.0,6.0,86.0,1.0,0.0,1.0,-3.2,9.0,0.0,0.0,0.0,0.0,0.0,0.0,0.0,0.0,0.0,0.0,1.0,0.0,0.0,NaN,0.0,0.0,NaN,NaN,NaN,NaN,NaN,NaN,NaN
66.0,NaN,-11.0,0.0,97.0,NaN,0.0,0.0,37.17,NaN,0.015000000000000568,0.0,119.0,NaN,3.0,0.0,90.0,NaN,0.0,0.0,75.0,NaN,-2.0,0.0,21.0,NaN,2.0,0.0,NaN,NaN,NaN,24.0,NaN,NaN,NaN,24.0,29.0,NaN,0.0,7.0,NaN,NaN,NaN,24.0,NaN,NaN,NaN,24.0,NaN,NaN,NaN,24.0,NaN,NaN,NaN,24.0,12.0,NaN,0.0,7.0,32.0,NaN,0.0,7.0,133.0,NaN,0.0,7.0,9.0,NaN,0.0,7.0,96.0,NaN,0.0,7.0,5.2,NaN,0.0,7.0,NaN,NaN,NaN,24.0,93.0,NaN,0.0,7.0,NaN,NaN,NaN,24.0,1.8,NaN,0.0,7.0,4.2,NaN,0.0,7.0,4.3,NaN,0.0,7.0,0.4,NaN,0.0,7.0,0.06,NaN,0.0,7.0,39.0,NaN,0.028571428571428976,1.0,11.7,NaN,-0.014285714285714488,1.0,43.0,NaN,0.0,7.0,9.9,NaN,0.0,7.0,NaN,NaN,NaN,24.0,196.0,NaN,0.0,7.0,86.0,1.0,0.0,1.0,-3.2,10.0,0.0,1.0,0.0,0.0,0.0,0.0,0.0,0.0,0.0,0.0,1.0,0.0,0.0,NaN,0.0,0.0,NaN,NaN,NaN,NaN,NaN,NaN,NaN
64.0,NaN,-2.0,0.0,100.0,NaN,3.0,0.0,37.17,NaN,0.012000000000000455,1.0,121.0,NaN,2.0,0.0,71.0,NaN,-19.0,0.0,48.0,NaN,-27.0,0.0,18.0,NaN,-3.0,0.0,NaN,NaN,NaN,24.0,NaN,NaN,NaN,24.0,29.0,NaN,0.0,8.0,NaN,NaN,NaN,24.0,NaN,NaN,NaN,24.0,NaN,NaN,NaN,24.0,NaN,NaN,NaN,24.0,12.0,NaN,0.0,8.0,32.0,NaN,0.0,8.0,133.0,NaN,0.0,8.0,9.0,NaN,0.0,8.0,96.0,NaN,0.0,8.0,5.2,NaN,0.0,8.0,NaN,NaN,NaN,24.0,93.0,NaN,0.0,8.0,NaN,NaN,NaN,24.0,1.8,NaN,0.0,8.0,4.2,NaN,0.0,8.0,4.3,NaN,0.0,8.0,0.4,NaN,0.0,8.0,0.06,NaN,0.0,8.0,39.0,NaN,0.025000000000000355,2.0,11.7,NaN,-0.012500000000000178,2.0,43.0,NaN,0.0,8.0,9.9,NaN,0.0,8.0,NaN,NaN,NaN,24.0,196.0,NaN,0.0,8.0,86.0,1.0,0.0,1.0,-3.2,11.0,0.0,0.0,0.0,0.0,0.0,0.0,0.0,0.0,0.0,0.0,1.0,0.0,0.0,NaN,0.0,0.0,NaN,NaN,NaN,NaN,NaN,NaN,NaN
68.0,NaN,4.0,0.0,100.0,NaN,0.0,0.0,37.17,NaN,0.010000000000000378,2.0,117.0,NaN,-4.0,0.0,75.0,NaN,4.0,0.0,56.0,NaN,8.0,0.0,18.0,NaN,0.0,0.0,NaN,NaN,NaN,24.0,NaN,NaN,NaN,24.0,29.0,NaN,0.0,9.0,NaN,NaN,NaN,24.0,NaN,NaN,NaN,24.0,NaN,NaN,NaN,24.0,NaN,NaN,NaN,24.0,12.0,NaN,0.0,9.0,32.0,NaN,0.0,9.0,133.0,NaN,0.0,9.0,9.0,NaN,0.0,9.0,96.0,NaN,0.0,9.0,5.2,NaN,0.0,9.0,NaN,NaN,NaN,24.0,93.0,NaN,0.0,9.0,NaN,NaN,NaN,24.0,1.8,NaN,0.0,9.0,4.2,NaN,0.0,9.0,4.3,NaN,0.0,9.0,0.4,NaN,0.0,9.0,0.06,NaN,0.0,9.0,39.0,NaN,0.02222222222222254,3.0,11.7,NaN,-0.01111111111111127,3.0,43.0,NaN,0.0,9.0,9.9,NaN,0.0,9.0,NaN,NaN,NaN,24.0,196.0,NaN,0.0,9.0,86.0,1.0,0.0,1.0,-3.2,12.0,0.0,0.0,0.0,0.0,0.0,0.0,0.0,0.0,0.0,0.0,1.0,0.0,0.0,NaN,0.0,0.0,NaN,NaN,NaN,NaN,NaN,NaN,NaN
70.0,NaN,2.0,0.0,79.0,NaN,-21.0,0.0,37.17,NaN,0.008571428571428896,3.0,127.0,NaN,10.0,0.0,82.0,NaN,7.0,0.0,65.0,NaN,9.0,0.0,17.0,NaN,-1.0,0.0,NaN,NaN,NaN,24.0,NaN,NaN,NaN,24.0,29.0,NaN,0.0,10.0,NaN,NaN,NaN,24.0,NaN,NaN,NaN,24.0,NaN,NaN,NaN,24.0,NaN,NaN,NaN,24.0,12.0,NaN,0.0,10.0,32.0,NaN,0.0,10.0,133.0,NaN,0.0,10.0,9.0,NaN,0.0,10.0,96.0,NaN,0.0,10.0,5.2,NaN,0.0,10.0,NaN,NaN,NaN,24.0,93.0,NaN,0.0,10.0,NaN,NaN,NaN,24.0,1.8,NaN,0.0,10.0,4.2,NaN,0.0,10.0,4.3,NaN,0.0,10.0,0.4,NaN,0.0,10.0,0.06,NaN,0.0,10.0,39.0,NaN,0.020000000000000285,4.0,11.7,NaN,-0.010000000000000142,4.0,43.0,NaN,0.0,10.0,9.9,NaN,0.0,10.0,NaN,NaN,NaN,24.0,196.0,NaN,0.0,10.0,86.0,1.0,0.0,1.0,-3.2,13.0,0.0,0.0,0.0,0.0,0.0,0.0,0.0,0.0,0.0,0.0,1.0,0.0,0.0,NaN,0.0,0.0,NaN,NaN,NaN,NaN,NaN,NaN,NaN
58.0,NaN,-12.0,0.0,98.0,NaN,19.0,0.0,36.89,NaN,-0.07000000000000028,0.0,108.0,NaN,-19.0,0.0,69.0,NaN,-13.0,0.0,52.0,NaN,-13.0,0.0,18.0,NaN,1.0,0.0,NaN,NaN,NaN,24.0,NaN,NaN,NaN,24.0,29.0,NaN,0.0,11.0,NaN,NaN,NaN,24.0,NaN,NaN,NaN,24.0,NaN,NaN,NaN,24.0,NaN,NaN,NaN,24.0,12.0,NaN,0.0,11.0,32.0,NaN,0.0,11.0,133.0,NaN,0.0,11.0,9.0,NaN,0.0,11.0,96.0,NaN,0.0,11.0,5.2,NaN,0.0,11.0,NaN,NaN,NaN,24.0,93.0,NaN,0.0,11.0,NaN,NaN,NaN,24.0,1.8,NaN,0.0,11.0,4.2,NaN,0.0,11.0,4.3,NaN,0.0,11.0,0.4,NaN,0.0,11.0,0.06,NaN,0.0,11.0,39.0,NaN,0.01818181818181844,5.0,11.7,NaN,-0.00909090909090922,5.0,43.0,NaN,0.0,11.0,9.9,NaN,0.0,11.0,NaN,NaN,NaN,24.0,196.0,NaN,0.0,11.0,86.0,1.0,0.0,1.0,-3.2,14.0,0.0,0.0,0.0,0.0,0.0,0.0,0.0,0.0,0.0,0.0,1.0,0.0,0.0,NaN,0.0,0.0,NaN,NaN,NaN,NaN,NaN,NaN,NaN
59.0,NaN,1.0,0.0,98.0,NaN,0.0,0.0,36.89,NaN,-0.05600000000000023,1.0,125.0,NaN,17.0,0.0,76.0,NaN,7.0,0.0,54.0,NaN,2.0,0.0,18.0,NaN,0.0,0.0,NaN,NaN,NaN,24.0,NaN,NaN,NaN,24.0,29.0,NaN,0.0,12.0,NaN,NaN,NaN,24.0,NaN,NaN,NaN,24.0,NaN,NaN,NaN,24.0,NaN,NaN,NaN,24.0,12.0,NaN,0.0,12.0,32.0,NaN,0.0,12.0,133.0,NaN,0.0,12.0,9.0,NaN,0.0,12.0,96.0,NaN,0.0,12.0,5.2,NaN,0.0,12.0,NaN,NaN,NaN,24.0,93.0,NaN,0.0,12.0,NaN,NaN,NaN,24.0,1.8,NaN,0.0,12.0,4.2,NaN,0.0,12.0,4.3,NaN,0.0,12.0,0.4,NaN,0.0,12.0,0.06,NaN,0.0,12.0,39.0,NaN,0.016666666666666902,6.0,11.7,NaN,-0.008333333333333451,6.0,43.0,NaN,0.0,12.0,9.9,NaN,0.0,12.0,NaN,NaN,NaN,24.0,196.0,NaN,0.0,12.0,86.0,1.0,0.0,1.0,-3.2,15.0,0.0,0.0,0.0,0.0,0.0,0.0,0.0,0.0,0.0,0.0,1.0,0.0,0.0,NaN,0.0,0.0,NaN,NaN,NaN,NaN,NaN,NaN,NaN
58.0,NaN,-1.0,0.0,99.0,NaN,1.0,0.0,36.89,NaN,-0.046666666666666856,2.0,115.0,NaN,-10.0,0.0,74.0,NaN,-2.0,0.0,56.0,NaN,2.0,0.0,16.0,NaN,-2.0,0.0,NaN,NaN,NaN,24.0,NaN,NaN,NaN,24.0,29.0,NaN,0.0,13.0,NaN,NaN,NaN,24.0,NaN,NaN,NaN,24.0,NaN,NaN,NaN,24.0,NaN,NaN,NaN,24.0,12.0,NaN,0.0,13.0,32.0,NaN,0.0,13.0,133.0,NaN,0.0,13.0,9.0,NaN,0.0,13.0,96.0,NaN,0.0,13.0,5.2,NaN,0.0,13.0,NaN,NaN,NaN,24.0,93.0,NaN,0.0,13.0,NaN,NaN,NaN,24.0,1.8,NaN,0.0,13.0,4.2,NaN,0.0,13.0,4.3,NaN,0.0,13.0,0.4,NaN,0.0,13.0,0.06,NaN,0.0,13.0,39.0,NaN,0.015384615384615604,7.0,11.7,NaN,-0.007692307692307802,7.0,43.0,NaN,0.0,13.0,9.9,NaN,0.0,13.0,NaN,NaN,NaN,24.0,196.0,NaN,0.0,13.0,86.0,1.0,0.0,1.0,-3.2,16.0,0.0,0.0,0.0,0.0,0.0,0.0,0.0,0.0,0.0,0.0,1.0,0.0,0.0,NaN,0.0,0.0,NaN,NaN,NaN,NaN,NaN,NaN,NaN
