110.0,NaN,NaN,24.0,100.0,NaN,NaN,24.0,NaN,NaN,NaN,24.0,108.0,NaN,NaN,24.0,86.0,NaN,NaN,24.0,79.0,NaN,NaN,24.0,30.0,NaN,NaN,24.0,NaN,NaN,NaN,24.0,NaN,NaN,NaN,24.0,NaN,NaN,NaN,24.0,0.95,NaN,NaN,24.0,NaN,NaN,NaN,24.0,NaN,NaN,NaN,24.0,NaN,NaN,NaN,24.0,NaN,NaN,NaN,24.0,NaN,NaN,NaN,24.0,NaN,NaN,NaN,24.0,NaN,NaN,NaN,24.0,NaN,NaN,NaN,24.0,NaN,NaN,NaN,24.0,NaN,NaN,NaN,24.0,NaN,NaN,NaN,24.0,NaN,NaN,NaN,24.0,NaN,NaN,NaN,24.0,NaN,NaN,NaN,24.0,NaN,NaN,NaN,24.0,NaN,NaN,NaN,24.0,NaN,NaN,NaN,24.0,NaN,NaN,NaN,24.0,NaN,NaN,NaN,24.0,NaN,NaN,NaN,24.0,NaN,NaN,NaN,24.0,NaN,NaN,NaN,24.0,NaN,NaN,NaN,24.0,36.0,0.0,1.0,0.0,0.0,1.0,0.0,1.0,1.0,0.0,3.0,0.0,0.0,0.0,0.0,0.0,0.0,0.0,1.0,1.0,0.0,0.0,3.0,5.0,4.0,2.0,NaN,NaN,NaN
107.0,NaN,-3.0,0.0,99.5,NaN,-0.5,0.0,37.33,NaN,0.0,0.0,96.0,NaN,-12.0,0.0,78.0,NaN,-8.0,0.0,73.0,NaN,-6.0,0.0,22.0,NaN,-8.0,0.0,NaN,NaN,NaN,24.0,3.0,NaN,0.0,0.0,25.0,NaN,0.0,0.0,0.95,NaN,0.0,1.0,7.39,NaN,0.0,0.0,49.5,NaN,0.0,0.0,NaN,NaN,NaN,24.0,NaN,NaN,NaN,24.0,4.0,NaN,0.0,0.0,NaN,NaN,NaN,24.0,8.4,NaN,0.0,0.0,103.0,NaN,0.0,0.0,0.8,NaN,0.0,0.0,NaN,NaN,NaN,24.0,101.0,NaN,0.0,0.0,0.7,NaN,0.0,0.0,2.0,NaN,0.0,0.0,2.3,NaN,0.0,0.0,4.1,NaN,0.0,0.0,NaN,NaN,NaN,24.0,NaN,NaN,NaN,24.0,31.1,NaN,0.0,0.0,10.7,NaN,0.0,0.0,26.7,NaN,0.0,0.0,9.2,NaN,0.0,0.0,NaN,NaN,NaN,24.0,216.0,NaN,0.0,0.0,36.0,0.0,1.0,0.0,0.0,2.0,0.0,1.0,1.0,0.0,0.0,0.0,0.0,0.0,0.0,0.0,1.0,1.0,1.0,1.0,0.0,0.0,3.0,5.0,4.0,2.0,NaN,NaN,NaN
106.0,NaN,-1.0,0.0,100.0,NaN,0.5,0.0,37.33,NaN,0.0,1.0,106.0,NaN,10.0,0.0,83.0,NaN,5.0,0.0,76.0,NaN,3.0,0.0,24.0,NaN,2.0,0.0,NaN,NaN,NaN,24.0,3.0,NaN,0.0,1.0,25.0,NaN,0.0,1.0,0.95,NaN,0.0,2.0,7.39,NaN,0.0,1.0,49.5,NaN,0.0,1.0,NaN,NaN,NaN,24.0,NaN,NaN,NaN,24.0,4.0,NaN,0.0,1.0,NaN,NaN,NaN,24.0,8.4,NaN,0.0,1.0,103.0,NaN,0.0,1.0,0.8,NaN,0.0,1.0,NaN,NaN,NaN,24.0,101.0,NaN,0.0,1.0,0.7,NaN,0.0,1.0,2.0,NaN,0.0,1.0,2.3,NaN,0.0,1.0,4.1,NaN,0.0,1.0,NaN,NaN,NaN,24.0,NaN,NaN,NaN,24.0,31.1,NaN,0.0,1.0,10.7,NaN,0.0,1.0,26.7,NaN,0.0,1.0,9.2,NaN,0.0,1.0,NaN,NaN,NaN,24.0,216.0,NaN,0.0,1.0,36.0,0.0,1.0,0.0,0.0,3.0,0.0,1.0,1.0,0.0,0.0,0.0,0.0,0.0,0.0,0.0,1.0,1.0,1.0,1.0,0.0,0.0,3.0,5.0,4.0,2.0,NaN,NaN,NaN
100.0,NaN,-6.0,0.0,100.0,NaN,0.0,0.0,37.22,NaN,-0.054999999999999716,0.0,105.0,NaN,-1.0,0.0,79.0,NaN,-4.0,0.0,72.0,NaN,-4.0,0.0,28.0,NaN,4.0,0.0,NaN,NaN,NaN,24.0,3.0,NaN,0.0,2.0,25.0,NaN,0.0,2.0,0.95,NaN,0.0,0.0,7.39,NaN,0.0,2.0,49.5,NaN,0.0,2.0,NaN,NaN,NaN,24.0,NaN,NaN,NaN,24.0,4.0,NaN,0.0,2.0,NaN,NaN,NaN,24.0,8.4,NaN,0.0,2.0,103.0,NaN,0.0,2.0,0.8,NaN,0.0,2.0,NaN,NaN,NaN,24.0,101.0,NaN,0.0,2.0,0.7,NaN,0.0,2.0,2.0,NaN,0.0,2.0,2.3,NaN,0.0,2.0,4.1,NaN,0.0,2.0,NaN,NaN,NaN,24.0,NaN,NaN,NaN,24.0,31.1,NaN,0.0,2.0,10.7,NaN,0.0,2.0,26.7,NaN,0.0,2.0,9.2,NaN,0.0,2.0,NaN,NaN,NaN,24.0,216.0,NaN,0.0,2.0,36.0,0.0,1.0,0.0,0.0,4.0,0.0,1.0,1.0,0.0,3.0,0.0,0.0,0.0,0.0,0.0,0.0,1.0,1.0,1.0,0.0,0.0,3.0,5.0,4.0,2.0,NaN,NaN,NaN
102.0,NaN,2.0,0.0,100.0,NaN,0.0,0.0,37.22,NaN,-0.03666666666666648,1.0,98.0,NaN,-7.0,0.0,67.0,NaN,-12.0,0.0,57.0,NaN,-15.0,0.0,21.0,NaN,-7.0,0.0,NaN,NaN,NaN,24.0,3.0,NaN,0.0,3.0,25.0,NaN,0.0,3.0,0.8,NaN,-0.1499999999999999,0.0,7.39,NaN,0.0,3.0,49.5,NaN,0.0,3.0,NaN,NaN,NaN,24.0,NaN,NaN,NaN,24.0,4.0,NaN,0.0,3.0,NaN,NaN,NaN,24.0,8.4,NaN,0.0,3.0,103.0,NaN,0.0,3.0,0.8,NaN,0.0,3.0,NaN,NaN,NaN,24.0,101.0,NaN,0.0,3.0,0.7,NaN,0.0,3.0,2.0,NaN,0.0,3.0,2.3,NaN,0.0,3.0,4.1,NaN,0.0,3.0,NaN,NaN,NaN,24.0,NaN,NaN,NaN,24.0,31.1,NaN,0.0,3.0,10.7,NaN,0.0,3.0,26.7,NaN,0.0,3.0,9.2,NaN,0.0,3.0,NaN,NaN,NaN,24.0,216.0,NaN,0.0,3.0,36.0,0.0,1.0,0.0,0.0,5.0,0.0,1.0,1.0,0.0,3.0,0.0,0.0,0.0,0.0,0.0,0.0,1.0,1.0,1.0,0.0,0.0,3.0,5.0,4.0,2.0,NaN,NaN,NaN
102.0,NaN,0.0,0.0,97.0,NaN,-3.0,0.0,37.22,NaN,-0.027499999999999858,2.0,95.0,NaN,-3.0,0.0,67.0,NaN,0.0,0.0,61.0,NaN,4.0,0.0,19.0,NaN,-2.0,0.0,NaN,NaN,NaN,24.0,3.0,NaN,0.0,4.0,25.0,NaN,0.0,4.0,0.8,NaN,-0.07499999999999996,1.0,7.39,NaN,0.0,4.0,49.5,NaN,0.0,4.0,NaN,NaN,NaN,24.0,NaN,NaN,NaN,24.0,4.0,NaN,0.0,4.0,NaN,NaN,NaN,24.0,8.4,NaN,0.0,4.0,103.0,NaN,0.0,4.0,0.8,NaN,0.0,4.0,NaN,NaN,NaN,24.0,101.0,NaN,0.0,4.0,0.7,NaN,0.0,4.0,2.0,NaN,0.0,4.0,2.3,NaN,0.0,4.0,4.1,NaN,0.0,4.0,NaN,NaN,NaN,24.0,NaN,NaN,NaN,24.0,31.1,NaN,0.0,4.0,10.7,NaN,0.0,4.0,26.7,NaN,0.0,4.0,9.2,NaN,0.0,4.0,NaN,NaN,NaN,24.0,216.0,NaN,0.0,4.0,36.0,0.0,1.0,0.0,0.0,6.0,0.0,0.0,1.0,0.0,0.0,0.0,0.0,0.0,0.0,0.0,1.0,1.0,1.0,1.0,0.0,0.0,3.0,5.0,4.0,2.0,NaN,NaN,NaN
101.0,NaN,-1.0,0.0,97.0,NaN,0.0,0.0,39.11,NaN,0.6300000000000002,0.0,90.0,NaN,-5.0,0.0,67.0,NaN,0.0,0.0,61.0,NaN,0.0,0.0,26.0,NaN,7.0,0.0,NaN,NaN,NaN,24.0,3.0,NaN,0.0,5.0,25.0,NaN,0.0,5.0,0.8,NaN,-0.04999999999999997,2.0,7.39,NaN,0.0,5.0,49.5,NaN,0.0,5.0,NaN,NaN,NaN,24.0,NaN,NaN,NaN,24.0,4.0,NaN,0.0,5.0,NaN,NaN,NaN,24.0,8.4,NaN,0.0,5.0,103.0,NaN,0.0,5.0,0.8,NaN,0.0,5.0,NaN,NaN,NaN,24.0,101.0,NaN,0.0,5.0,0.7,NaN,0.0,5.0,2.0,NaN,0.0,5.0,2.3,NaN,0.0,5.0,4.1,NaN,0.0,5.0,NaN,NaN,NaN,24.0,NaN,NaN,NaN,24.0,27.8,NaN,-0.6600000000000001,0.0,9.8,NaN,-0.17999999999999972,0.0,26.7,NaN,0.0,5.0,9.2,NaN,0.0,5.0,NaN,NaN,NaN,24.0,216.0,NaN,0.0,5.0,36.0,0.0,1.0,0.0,0.0,7.0,1.0,1.0,1.0,0.0,0.0,0.0,0.0,1.0,0.0,0.0,1.0,1.0,1.0,1.0,0.0,0.0,3.0,5.0,4.0,2.0,NaN,NaN,NaN
109.0,NaN,8.0,0.0,98.0,NaN,1.0,0.0,37.61,NaN,-1.5,0.0,107.0,NaN,17.0,0.0,76.0,NaN,9.0,0.0,66.0,NaN,5.0,0.0,29.0,NaN,3.0,0.0,NaN,NaN,NaN,24.0,3.0,NaN,0.0,6.0,25.0,NaN,0.0,6.0,0.8,NaN,0.0,0.0,7.39,NaN,0.0,6.0,49.5,NaN,0.0,6.0,NaN,NaN,NaN,24.0,NaN,NaN,NaN,24.0,4.0,NaN,0.0,6.0,NaN,NaN,NaN,24.0,8.4,NaN,0.0,6.0,103.0,NaN,0.0,6.0,0.8,NaN,0.0,6.0,NaN,NaN,NaN,24.0,101.0,NaN,0.0,6.0,0.7,NaN,0.0,6.0,2.0,NaN,0.0,6.0,2.3,NaN,0.0,6.0,4.1,NaN,0.0,6.0,NaN,NaN,NaN,24.0,NaN,NaN,NaN,24.0,27.8,NaN,-0.5500000000000002,1.0,9.8,NaN,-0.14999999999999977,1.0,26.7,NaN,0.0,6.0,9.2,NaN,0.0,6.0,NaN,NaN,NaN,24.0,216.0,NaN,0.0,6.0,36.0,0.0,1.0,0.0,0.0,8.0,0.0,1.0,1.0,0.0,3.0,0.0,0.0,0.0,0.0,0.0,0.0,1.0,1.0,1.0,0.0,0.0,3.0,5.0,4.0,2.0,NaN,NaN,NaN
92.0,NaN,-17.0,0.0,98.0,NaN,0.0,0.0,37.61,NaN,-0.75,1.0,97.0,NaN,-10.0,0.0,71.0,NaN,-5.0,0.0,62.0,NaN,-4.0,0.0,22.0,NaN,-7.0,0.0,NaN,NaN,NaN,24.0,3.0,NaN,0.0,7.0,25.0,NaN,0.0,7.0,0.8,NaN,0.0,1.0,7.39,NaN,0.0,7.0,49.5,NaN,0.0,7.0,NaN,NaN,NaN,24.0,NaN,NaN,NaN,24.0,4.0,NaN,0.0,7.0,NaN,NaN,NaN,24.0,8.4,NaN,0.0,7.0,103.0,NaN,0.0,7.0,0.8,NaN,0.0,7.0,NaN,NaN,NaN,24.0,101.0,NaN,0.0,7.0,0.7,NaN,0.0,7.0,2.0,NaN,0.0,7.0,2.3,NaN,0.0,7.0,4.1,NaN,0.0,7.0,NaN,NaN,NaN,24.0,NaN,NaN,NaN,24.0,27.8,NaN,-0.47142857142857153,2.0,9.8,NaN,-0.12857142857142836,2.0,26.7,NaN,0.0,7.0,9.2,NaN,0.0,7.0,NaN,NaN,NaN,24.0,216.0,NaN,0.0,7.0,36.0,0.0,1.0,0.0,0.0,9.0,0.0,1.0,1.0,0.0,0.0,0.0,0.0,0.0,0.0,0.0,1.0,1.0,1.0,1.0,0.0,0.0,3.0,5.0,4.0,2.0,NaN,NaN,NaN
