90.5,NaN,NaN,24.0,97.0,NaN,NaN,24.0,NaN,NaN,NaN,24.0,95.0,NaN,NaN,24.0,61.0,NaN,NaN,24.0,50.0,NaN,NaN,24.0,17.5,NaN,NaN,24.0,NaN,NaN,NaN,24.0,NaN,NaN,NaN,24.0,NaN,NaN,NaN,24.0,NaN,NaN,NaN,24.0,NaN,NaN,NaN,24.0,NaN,NaN,NaN,24.0,NaN,NaN,NaN,24.0,NaN,NaN,NaN,24.0,NaN,NaN,NaN,24.0,NaN,NaN,NaN,24.0,NaN,NaN,NaN,24.0,NaN,NaN,NaN,24.0,NaN,NaN,NaN,24.0,NaN,NaN,NaN,24.0,NaN,NaN,NaN,24.0,NaN,NaN,NaN,24.0,NaN,NaN,NaN,24.0,NaN,NaN,NaN,24.0,NaN,NaN,NaN,24.0,NaN,NaN,NaN,24.0,NaN,NaN,NaN,24.0,NaN,NaN,NaN,24.0,NaN,NaN,NaN,24.0,NaN,NaN,NaN,24.0,NaN,NaN,NaN,24.0,NaN,NaN,NaN,24.0,NaN,NaN,NaN,24.0,49.0,0.0,1.0,0.0,-6.666666666666667,1.0,0.0,0.0,1.0,0.0,0.0,0.0,0.0,1.0,0.0,0.0,1.0,0.0,1.0,1.0,0.0,0.0,NaN,8.0,8.0,4.0,NaN,NaN,NaN
83.0,NaN,-7.5,0.0,98.3333333333333,NaN,1.3333333333333002,0.0,36.0,NaN,0.0,0.0,96.5,NaN,1.5,0.0,62.5,NaN,1.5,0.0,53.5,NaN,3.5,0.0,17.0,NaN,-0.5,0.0,NaN,NaN,NaN,24.0,NaN,NaN,NaN,24.0,21.0,NaN,0.0,0.0,NaN,NaN,NaN,24.0,NaN,NaN,NaN,24.0,NaN,NaN,NaN,24.0,NaN,NaN,NaN,24.0,NaN,NaN,NaN,24.0,41.0,NaN,0.0,0.0,NaN,NaN,NaN,24.0,8.2,NaN,0.0,0.0,97.0,NaN,0.0,0.0,1.2,NaN,0.0,0.0,NaN,NaN,NaN,24.0,91.0,NaN,0.0,0.0,4.0,NaN,0.0,0.0,2.0,NaN,0.0,0.0,5.1,NaN,0.0,0.0,5.9,NaN,0.0,0.0,NaN,NaN,NaN,24.0,NaN,NaN,NaN,24.0,32.9,NaN,0.0,0.0,10.6,NaN,0.0,0.0,35.5,NaN,0.0,0.0,15.6,NaN,0.0,0.0,NaN,NaN,NaN,24.0,82.0,NaN,0.0,0.0,49.0,0.0,1.0,0.0,-6.666666666666667,2.0,0.0,0.0,0.0,1.0,0.0,2.0,0.0,1.0,1.0,1.0,1.0,0.0,1.0,1.0,0.0,0.0,NaN,8.0,8.0,4.0,NaN,NaN,NaN
83.0,NaN,0.0,0.0,99.0,NaN,0.6666666666666998,0.0,36.0,NaN,0.0,1.0,103.0,NaN,6.5,0.0,68.0,NaN,5.5,0.0,56.0,NaN,2.5,0.0,16.0,NaN,-1.0,0.0,NaN,NaN,NaN,24.0,NaN,NaN,NaN,24.0,21.0,NaN,0.0,1.0,NaN,NaN,NaN,24.0,NaN,NaN,NaN,24.0,NaN,NaN,NaN,24.0,NaN,NaN,NaN,24.0,NaN,NaN,NaN,24.0,41.0,NaN,0.0,1.0,NaN,NaN,NaN,24.0,8.2,NaN,0.0,1.0,97.0,NaN,0.0,1.0,1.2,NaN,0.0,1.0,NaN,NaN,NaN,24.0,91.0,NaN,0.0,1.0,4.0,NaN,0.0,1.0,2.0,NaN,0.0,1.0,5.1,NaN,0.0,1.0,5.9,NaN,0.0,1.0,NaN,NaN,NaN,24.0,NaN,NaN,NaN,24.0,32.9,NaN,0.0,1.0,10.6,NaN,0.0,1.0,35.5,NaN,0.0,1.0,15.6,NaN,0.0,1.0,NaN,NaN,NaN,24.0,82.0,NaN,0.0,1.0,49.0,0.0,1.0,0.0,-6.666666666666667,3.0,0.0,0.0,0.0,1.0,0.0,0.0,0.0,0.0,0.0,0.0,1.0,0.0,1.0,1.0,0.0,0.0,NaN,8.0,8.0,4.0,NaN,NaN,NaN
80.0,NaN,-3.0,0.0,99.0,NaN,0.0,0.0,36.0,NaN,0.0,2.0,84.0,NaN,-19.0,0.0,51.0,NaN,-17.0,0.0,39.0,NaN,-17.0,0.0,15.0,NaN,-1.0,0.0,NaN,NaN,NaN,24.0,NaN,NaN,NaN,24.0,21.0,NaN,0.0,2.0,NaN,NaN,NaN,24.0,NaN,NaN,NaN,24.0,NaN,NaN,NaN,24.0,NaN,NaN,NaN,24.0,NaN,NaN,NaN,24.0,41.0,NaN,0.0,2.0,NaN,NaN,NaN,24.0,8.2,NaN,0.0,2.0,97.0,NaN,0.0,2.0,1.2,NaN,0.0,2.0,NaN,NaN,NaN,24.0,91.0,NaN,0.0,2.0,4.0,NaN,0.0,2.0,2.0,NaN,0.0,2.0,5.1,NaN,0.0,2.0,5.9,NaN,0.0,2.0,NaN,NaN,NaN,24.0,NaN,NaN,NaN,24.0,32.9,NaN,0.0,2.0,10.6,NaN,0.0,2.0,35.5,NaN,0.0,2.0,15.6,NaN,0.0,2.0,NaN,NaN,NaN,24.0,82.0,NaN,0.0,2.0,49.0,0.0,1.0,0.0,-6.666666666666667,4.0,0.0,0.0,0.0,1.0,0.0,0.0,0.0,1.0,0.0,0.0,1.0,0.0,1.0,1.0,0.0,0.0,NaN,8.0,8.0,4.0,NaN,NaN,NaN
85.0,NaN,5.0,0.0,96.0,NaN,-3.0,0.0,36.0,NaN,0.0,3.0,110.0,NaN,26.0,0.0,65.0,NaN,14.0,0.0,48.0,NaN,9.0,0.0,19.0,NaN,4.0,0.0,NaN,NaN,NaN,24.0,NaN,NaN,NaN,24.0,21.0,NaN,0.0,3.0,NaN,NaN,NaN,24.0,NaN,NaN,NaN,24.0,NaN,NaN,NaN,24.0,NaN,NaN,NaN,24.0,NaN,NaN,NaN,24.0,41.0,NaN,0.0,3.0,NaN,NaN,NaN,24.0,8.2,NaN,0.0,3.0,97.0,NaN,0.0,3.0,1.2,NaN,0.0,3.0,NaN,NaN,NaN,24.0,91.0,NaN,0.0,3.0,4.0,NaN,0.0,3.0,2.0,NaN,0.0,3.0,5.1,NaN,0.0,3.0,5.9,NaN,0.0,3.0,NaN,NaN,NaN,24.0,NaN,NaN,NaN,24.0,32.9,NaN,0.0,3.0,10.6,NaN,0.0,3.0,35.5,NaN,0.0,3.0,15.6,NaN,0.0,3.0,NaN,NaN,NaN,24.0,82.0,NaN,0.0,3.0,49.0,0.0,1.0,0.0,-6.666666666666667,5.0,0.0,0.0,0.0,1.0,0.0,0.0,0.0,1.0,0.0,0.0,1.0,1.0,1.0,1.0,0.0,0.0,NaN,8.0,8.0,4.0,NaN,NaN,NaN
90.0,NaN,5.0,0.0,94.0,NaN,-2.0,0.0,36.22,NaN,0.054999999999999716,0.0,105.0,NaN,-5.0,0.0,64.0,NaN,-1.0,0.0,52.0,NaN,4.0,0.0,17.0,NaN,-2.0,0.0,NaN,NaN,NaN,24.0,NaN,NaN,NaN,24.0,21.0,NaN,0.0,4.0,NaN,NaN,NaN,24.0,NaN,NaN,NaN,24.0,NaN,NaN,NaN,24.0,NaN,NaN,NaN,24.0,NaN,NaN,NaN,24.0,41.0,NaN,0.0,4.0,NaN,NaN,NaN,24.0,8.2,NaN,0.0,4.0,97.0,NaN,0.0,4.0,1.2,NaN,0.0,4.0,NaN,NaN,NaN,24.0,91.0,NaN,0.0,4.0,4.0,NaN,0.0,4.0,2.0,NaN,0.0,4.0,5.1,NaN,0.0,4.0,5.9,NaN,0.0,4.0,NaN,NaN,NaN,24.0,NaN,NaN,NaN,24.0,32.9,NaN,0.0,4.0,10.6,NaN,0.0,4.0,35.5,NaN,0.0,4.0,15.6,NaN,0.0,4.0,NaN,NaN,NaN,24.0,82.0,NaN,0.0,4.0,49.0,0.0,1.0,0.0,-6.666666666666667,6.0,0.0,0.0,0.0,1.0,0.0,0.0,0.0,1.0,0.0,0.0,1.0,1.0,1.0,1.0,0.0,0.0,NaN,8.0,8.0,4.0,NaN,NaN,NaN
94.0,NaN,4.0,0.0,94.0,NaN,0.0,0.0,36.22,NaN,0.043999999999999775,1.0,104.0,NaN,-1.0,0.0,65.0,NaN,1.0,0.0,53.0,NaN,1.0,0.0,15.0,NaN,-2.0,0.0,NaN,NaN,NaN,24.0,NaN,NaN,NaN,24.0,19.0,NaN,-0.4,0.0,NaN,NaN,NaN,24.0,NaN,NaN,NaN,24.0,NaN,NaN,NaN,24.0,NaN,NaN,NaN,24.0,45.0,NaN,0.0,0.0,41.0,NaN,0.0,0.0,230.0,NaN,0.0,0.0,8.2,NaN,0.0,0.0,101.0,NaN,0.8,0.0,1.1,NaN,-0.019999999999999973,0.0,NaN,NaN,NaN,24.0,116.0,NaN,5.0,0.0,4.0,NaN,0.0,5.0,2.0,NaN,0.0,0.0,5.3,NaN,0.040000000000000036,0.0,6.2,NaN,0.05999999999999996,0.0,4.0,NaN,0.0,0.0,NaN,NaN,NaN,24.0,31.1,NaN,-0.35999999999999943,0.0,10.3,NaN,-0.05999999999999979,0.0,34.9,NaN,-0.12000000000000029,0.0,20.5,NaN,0.9800000000000001,0.0,NaN,NaN,NaN,24.0,84.0,NaN,0.4,0.0,49.0,0.0,1.0,0.0,-6.666666666666667,7.0,0.0,0.0,1.0,1.0,0.0,2.0,2.0,1.0,0.0,0.0,1.0,1.0,1.0,1.0,0.0,0.0,NaN,8.0,8.0,4.0,NaN,NaN,NaN
97.0,NaN,3.0,0.0,92.0,NaN,-2.0,0.0,36.22,NaN,0.03666666666666648,2.0,91.0,NaN,-13.0,0.0,59.0,NaN,-6.0,0.0,45.0,NaN,-8.0,0.0,16.0,NaN,1.0,0.0,NaN,NaN,NaN,24.0,NaN,NaN,NaN,24.0,19.0,NaN,-0.3333333333333333,1.0,NaN,NaN,NaN,24.0,NaN,NaN,NaN,24.0,NaN,NaN,NaN,24.0,NaN,NaN,NaN,24.0,45.0,NaN,0.0,1.0,41.0,NaN,0.0,1.0,230.0,NaN,0.0,1.0,8.2,NaN,0.0,1.0,101.0,NaN,0.6666666666666666,1.0,1.1,NaN,-0.016666666666666646,1.0,NaN,NaN,NaN,24.0,116.0,NaN,4.166666666666667,1.0,4.0,NaN,0.0,6.0,2.0,NaN,0.0,1.0,5.3,NaN,0.03333333333333336,1.0,6.2,NaN,0.04999999999999997,1.0,4.0,NaN,0.0,1.0,NaN,NaN,NaN,24.0,31.1,NaN,-0.29999999999999954,1.0,10.3,NaN,-0.04999999999999982,1.0,34.9,NaN,-0.10000000000000024,1.0,20.5,NaN,0.8166666666666668,1.0,NaN,NaN,NaN,24.0,84.0,NaN,0.3333333333333333,1.0,49.0,0.0,1.0,0.0,-6.666666666666667,8.0,0.0,0.0,1.0,1.0,0.0,0.0,0.0,1.0,0.0,0.0,1.0,1.0,1.0,1.0,0.0,0.0,NaN,8.0,8.0,4.0,NaN,NaN,NaN
102.0,NaN,5.0,0.0,94.0,NaN,2.0,0.0,36.22,NaN,0.031428571428571264,3.0,99.0,NaN,8.0,0.0,66.0,NaN,7.0,0.0,49.0,NaN,4.0,0.0,17.0,NaN,1.0,0.0,NaN,NaN,NaN,24.0,NaN,NaN,NaN,24.0,19.0,NaN,-0.2857142857142857,2.0,NaN,NaN,NaN,24.0,NaN,NaN,NaN,24.0,NaN,NaN,NaN,24.0,NaN,NaN,NaN,24.0,45.0,NaN,0.0,2.0,41.0,NaN,0.0,2.0,230.0,NaN,0.0,2.0,8.2,NaN,0.0,2.0,101.0,NaN,0.5714285714285714,2.0,1.1,NaN,-0.014285714285714266,2.0,NaN,NaN,NaN,24.0,116.0,NaN,3.5714285714285716,2.0,4.0,NaN,0.0,7.0,2.0,NaN,0.0,2.0,5.3,NaN,0.0285714285714286,2.0,6.2,NaN,0.04285714285714283,2.0,4.0,NaN,0.0,2.0,NaN,NaN,NaN,24.0,31.1,NaN,-0.25714285714285673,2.0,10.3,NaN,-0.042857142857142705,2.0,34.9,NaN,-0.08571428571428592,2.0,20.5,NaN,0.7000000000000001,2.0,NaN,NaN,NaN,24.0,84.0,NaN,0.2857142857142857,2.0,49.0,0.0,1.0,0.0,-6.666666666666667,9.0,0.0,0.0,1.0,1.0,0.0,0.0,0.0,0.0,0.0,0.0,1.0,1.0,1.0,1.0,0.0,0.0,NaN,8.0,8.0,4.0,NaN,NaN,NaN
94.0,NaN,-8.0,0.0,95.0,NaN,1.0,0.0,36.22,NaN,0.0,0.0,101.0,NaN,2.0,0.0,67.0,NaN,1.0,0.0,51.0,NaN,2.0,0.0,18.0,NaN,1.0,0.0,NaN,NaN,NaN,24.0,NaN,NaN,NaN,24.0,19.0,NaN,-0.25,3.0,NaN,NaN,NaN,24.0,NaN,NaN,NaN,24.0,NaN,NaN,NaN,24.0,NaN,NaN,NaN,24.0,45.0,NaN,0.0,3.0,41.0,NaN,0.0,3.0,230.0,NaN,0.0,3.0,8.2,NaN,0.0,3.0,101.0,NaN,0.5,3.0,1.1,NaN,-0.012499999999999983,3.0,NaN,NaN,NaN,24.0,116.0,NaN,3.125,3.0,4.0,NaN,0.0,8.0,2.0,NaN,0.0,3.0,5.3,NaN,0.025000000000000022,3.0,6.2,NaN,0.03749999999999998,3.0,4.0,NaN,0.0,3.0,NaN,NaN,NaN,24.0,31.1,NaN,-0.22499999999999964,3.0,10.3,NaN,-0.03749999999999987,3.0,34.9,NaN,-0.07500000000000018,3.0,20.5,NaN,0.6125,3.0,NaN,NaN,NaN,24.0,84.0,NaN,0.25,3.0,49.0,0.0,1.0,0.0,-6.666666666666667,10.0,0.0,0.0,1.0,1.0,0.0,0.0,0.0,0.0,0.0,0.0,1.0,1.0,1.0,1.0,0.0,0.0,NaN,8.0,8.0,4.0,NaN,NaN,NaN
107.0,NaN,13.0,0.0,92.0,NaN,-3.0,0.0,36.22,NaN,0.0,1.0,111.0,NaN,10.0,0.0,73.0,NaN,6.0,0.0,55.0,NaN,4.0,0.0,15.0,NaN,-3.0,0.0,NaN,NaN,NaN,24.0,NaN,NaN,NaN,24.0,19.0,NaN,-0.2222222222222222,4.0,NaN,NaN,NaN,24.0,NaN,NaN,NaN,24.0,NaN,NaN,NaN,24.0,NaN,NaN,NaN,24.0,45.0,NaN,0.0,4.0,41.0,NaN,0.0,4.0,230.0,NaN,0.0,4.0,8.2,NaN,0.0,4.0,101.0,NaN,0.4444444444444444,4.0,1.1,NaN,-0.011111111111111096,4.0,NaN,NaN,NaN,24.0,116.0,NaN,2.7777777777777777,4.0,4.0,NaN,0.0,9.0,2.0,NaN,0.0,4.0,5.3,NaN,0.02222222222222224,4.0,6.2,NaN,0.03333333333333331,4.0,4.0,NaN,0.0,4.0,NaN,NaN,NaN,24.0,31.1,NaN,-0.19999999999999968,4.0,10.3,NaN,-0.033333333333333215,4.0,34.9,NaN,-0.06666666666666682,4.0,20.5,NaN,0.5444444444444445,4.0,NaN,NaN,NaN,24.0,84.0,NaN,0.2222222222222222,4.0,49.0,0.0,1.0,0.0,-6.666666666666667,11.0,0.0,0.0,1.0,1.0,0.0,0.0,0.0,0.0,0.0,0.0,1.0,1.0,1.0,1.0,0.0,0.0,NaN,8.0,8.0,4.0,NaN,NaN,NaN
109.0,NaN,2.0,0.0,94.0,NaN,2.0,0.0,36.22,NaN,0.0,2.0,109.0,NaN,-2.0,0.0,71.0,NaN,-2.0,0.0,54.0,NaN,-1.0,0.0,15.0,NaN,0.0,0.0,NaN,NaN,NaN,24.0,NaN,NaN,NaN,24.0,19.0,NaN,-0.2,5.0,NaN,NaN,NaN,24.0,NaN,NaN,NaN,24.0,NaN,NaN,NaN,24.0,NaN,NaN,NaN,24.0,45.0,NaN,0.0,5.0,41.0,NaN,0.0,5.0,230.0,NaN,0.0,5.0,8.2,NaN,0.0,5.0,101.0,NaN,0.4,5.0,1.1,NaN,-0.009999999999999986,5.0,NaN,NaN,NaN,24.0,116.0,NaN,2.5,5.0,4.0,NaN,0.0,10.0,2.0,NaN,0.0,5.0,5.3,NaN,0.020000000000000018,5.0,6.2,NaN,0.02999999999999998,5.0,4.0,NaN,0.0,5.0,NaN,NaN,NaN,24.0,31.1,NaN,-0.17999999999999972,5.0,10.3,NaN,-0.029999999999999895,5.0,34.9,NaN,-0.060000000000000143,5.0,20.5,NaN,0.49000000000000005,5.0,NaN,NaN,NaN,24.0,84.0,NaN,0.2,5.0,49.0,0.0,1.0,0.0,-6.666666666666667,12.0,0.0,0.0,1.0,1.0,0.0,0.0,0.0,0.0,0.0,0.0,1.0,1.0,1.0,1.0,0.0,0.0,NaN,8.0,8.0,4.0,NaN,NaN,NaN
