NaN,NaN,NaN,24.0,NaN,NaN,NaN,24.0,NaN,NaN,NaN,24.0,NaN,NaN,NaN,24.0,NaN,NaN,NaN,24.0,NaN,NaN,NaN,24.0,NaN,NaN,NaN,24.0,NaN,NaN,NaN,24.0,NaN,NaN,NaN,24.0,NaN,NaN,NaN,24.0,NaN,NaN,NaN,24.0,NaN,NaN,NaN,24.0,NaN,NaN,NaN,24.0,NaN,NaN,NaN,24.0,NaN,NaN,NaN,24.0,NaN,NaN,NaN,24.0,NaN,NaN,NaN,24.0,NaN,NaN,NaN,24.0,NaN,NaN,NaN,24.0,NaN,NaN,NaN,24.0,NaN,NaN,NaN,24.0,NaN,NaN,NaN,24.0,NaN,NaN,NaN,24.0,NaN,NaN,NaN,24.0,NaN,NaN,NaN,24.0,NaN,NaN,NaN,24.0,NaN,NaN,NaN,24.0,NaN,NaN,NaN,24.0,NaN,NaN,NaN,24.0,NaN,NaN,NaN,24.0,NaN,NaN,NaN,24.0,NaN,NaN,NaN,24.0,NaN,NaN,NaN,24.0,NaN,NaN,NaN,24.0,83.0,1.0,0.0,1.0,-6.683333333333334,1.0,0.0,0.0,0.0,0.0,0.0,0.0,0.0,0.0,0.0,0.0,1.0,0.0,1.0,1.0,0.0,0.0,NaN,10.0,10.0,10.0,NaN,NaN,NaN
99.5,NaN,0.0,0.0,99.5,NaN,0.0,0.0,36.775,NaN,0.0,0.0,93.6666666666667,NaN,0.0,0.0,63.3333333333333,NaN,0.0,0.0,54.6666666666667,NaN,0.0,0.0,18.25,NaN,0.0,0.0,NaN,NaN,NaN,24.0,NaN,NaN,NaN,24.0,NaN,NaN,NaN,24.0,NaN,NaN,NaN,24.0,NaN,NaN,NaN,24.0,NaN,NaN,NaN,24.0,NaN,NaN,NaN,24.0,NaN,NaN,NaN,24.0,NaN,NaN,NaN,24.0,NaN,NaN,NaN,24.0,NaN,NaN,NaN,24.0,NaN,NaN,NaN,24.0,NaN,NaN,NaN,24.0,NaN,NaN,NaN,24.0,NaN,NaN,NaN,24.0,NaN,NaN,NaN,24.0,NaN,NaN,NaN,24.0,NaN,NaN,NaN,24.0,NaN,NaN,NaN,24.0,NaN,NaN,NaN,24.0,NaN,NaN,NaN,24.0,NaN,NaN,NaN,24.0,NaN,NaN,NaN,24.0,NaN,NaN,NaN,24.0,NaN,NaN,NaN,24.0,NaN,NaN,NaN,24.0,NaN,NaN,NaN,24.0,83.0,1.0,0.0,1.0,-6.683333333333334,2.0,0.0,0.0,1.0,0.0,0.0,0.0,0.0,1.0,0.0,0.0,1.0,0.0,1.0,1.0,0.0,0.0,NaN,10.0,10.0,10.0,NaN,NaN,NaN
99.4,NaN,-0.09999999999999432,0.0,99.8,NaN,0.29999999999999716,0.0,36.775,NaN,0.0,1.0,113.555555555556,NaN,19.888888888889298,0.0,77.6666666666667,NaN,14.3333333333334,0.0,65.6666666666667,NaN,11.0,0.0,18.05,NaN,-0.1999999999999993,0.0,NaN,NaN,NaN,24.0,NaN,NaN,NaN,24.0,24.0,NaN,0.0,0.0,1.0,NaN,0.0,0.0,NaN,NaN,NaN,24.0,NaN,NaN,NaN,24.0,NaN,NaN,NaN,24.0,NaN,NaN,NaN,24.0,31.0,NaN,0.0,0.0,NaN,NaN,NaN,24.0,7.9,NaN,0.0,0.0,105.0,NaN,0.0,0.0,0.7,NaN,0.0,0.0,NaN,NaN,NaN,24.0,106.0,NaN,0.0,0.0,NaN,NaN,NaN,24.0,2.1,NaN,0.0,0.0,3.3,NaN,0.0,0.0,5.0,NaN,0.0,0.0,NaN,NaN,NaN,24.0,NaN,NaN,NaN,24.0,26.1,NaN,0.0,0.0,8.6,NaN,0.0,0.0,NaN,NaN,NaN,24.0,11.6,NaN,0.0,0.0,NaN,NaN,NaN,24.0,260.0,NaN,0.0,0.0,83.0,1.0,0.0,1.0,-6.683333333333334,3.0,0.0,0.0,1.0,0.0,3.0,0.0,0.0,0.0,0.0,0.0,0.0,0.0,1.0,1.0,0.0,0.0,NaN,10.0,10.0,10.0,NaN,NaN,NaN
82.5,NaN,-16.900000000000006,0.0,100.0,NaN,0.20000000000000284,0.0,36.775,NaN,0.0,2.0,103.833333333333,NaN,-9.722222222222996,0.0,64.0833333333333,NaN,-13.5833333333334,0.0,51.9166666666667,NaN,-13.75,0.0,16.1666666666667,NaN,-1.8833333333333009,0.0,NaN,NaN,NaN,24.0,NaN,NaN,NaN,24.0,24.0,NaN,0.0,1.0,1.0,NaN,0.0,1.0,NaN,NaN,NaN,24.0,NaN,NaN,NaN,24.0,NaN,NaN,NaN,24.0,NaN,NaN,NaN,24.0,31.0,NaN,0.0,1.0,NaN,NaN,NaN,24.0,7.9,NaN,0.0,1.0,105.0,NaN,0.0,1.0,0.7,NaN,0.0,1.0,NaN,NaN,NaN,24.0,106.0,NaN,0.0,1.0,NaN,NaN,NaN,24.0,2.1,NaN,0.0,1.0,3.3,NaN,0.0,1.0,5.0,NaN,0.0,1.0,NaN,NaN,NaN,24.0,NaN,NaN,NaN,24.0,26.1,NaN,0.0,1.0,8.6,NaN,0.0,1.0,NaN,NaN,NaN,24.0,11.6,NaN,0.0,1.0,NaN,NaN,NaN,24.0,260.0,NaN,0.0,1.0,83.0,1.0,0.0,1.0,-6.683333333333334,4.0,0.0,0.0,0.0,0.0,0.0,0.0,0.0,1.0,0.0,0.0,1.0,0.0,1.0,1.0,0.0,0.0,NaN,10.0,10.0,10.0,NaN,NaN,NaN
74.3333333333333,NaN,-8.1666666666667,0.0,100.0,NaN,0.0,0.0,37.0,NaN,0.07500000000000047,0.0,106.0,NaN,2.1666666666669983,0.0,63.3333333333333,NaN,-0.75,0.0,50.0,NaN,-1.9166666666666998,0.0,16.0,NaN,-0.16666666666669983,0.0,NaN,NaN,NaN,24.0,NaN,NaN,NaN,24.0,24.0,NaN,0.0,2.0,0.6,NaN,-0.2,0.0,NaN,NaN,NaN,24.0,NaN,NaN,NaN,24.0,NaN,NaN,NaN,24.0,NaN,NaN,NaN,24.0,31.0,NaN,0.0,2.0,NaN,NaN,NaN,24.0,7.9,NaN,0.0,2.0,105.0,NaN,0.0,2.0,0.7,NaN,0.0,2.0,NaN,NaN,NaN,24.0,106.0,NaN,0.0,2.0,NaN,NaN,NaN,24.0,2.1,NaN,0.0,2.0,3.3,NaN,0.0,2.0,5.0,NaN,0.0,2.0,NaN,NaN,NaN,24.0,NaN,NaN,NaN,24.0,26.1,NaN,0.0,2.0,8.6,NaN,0.0,2.0,NaN,NaN,NaN,24.0,11.6,NaN,0.0,2.0,NaN,NaN,NaN,24.0,260.0,NaN,0.0,2.0,83.0,1.0,0.0,1.0,-6.683333333333334,5.0,0.0,0.0,0.0,0.0,2.0,0.0,0.0,1.0,0.0,0.0,1.0,0.0,1.0,1.0,0.0,0.0,NaN,10.0,10.0,10.0,NaN,NaN,NaN
73.5,NaN,-0.8333333333333002,0.0,100.0,NaN,0.0,0.0,37.0,NaN,0.056250000000000355,1.0,105.5,NaN,-0.5,0.0,69.75,NaN,6.4166666666667,0.0,59.25,NaN,9.25,0.0,15.75,NaN,-0.25,0.0,NaN,NaN,NaN,24.0,NaN,NaN,NaN,24.0,24.0,NaN,0.0,3.0,0.6,NaN,-0.13333333333333333,1.0,NaN,NaN,NaN,24.0,NaN,NaN,NaN,24.0,NaN,NaN,NaN,24.0,NaN,NaN,NaN,24.0,31.0,NaN,0.0,3.0,NaN,NaN,NaN,24.0,7.9,NaN,0.0,3.0,105.0,NaN,0.0,3.0,0.7,NaN,0.0,3.0,NaN,NaN,NaN,24.0,106.0,NaN,0.0,3.0,NaN,NaN,NaN,24.0,2.1,NaN,0.0,3.0,3.3,NaN,0.0,3.0,5.0,NaN,0.0,3.0,NaN,NaN,NaN,24.0,NaN,NaN,NaN,24.0,26.1,NaN,0.0,3.0,8.6,NaN,0.0,3.0,NaN,NaN,NaN,24.0,11.6,NaN,0.0,3.0,NaN,NaN,NaN,24.0,260.0,NaN,0.0,3.0,83.0,1.0,0.0,1.0,-6.683333333333334,6.0,0.0,0.0,0.0,0.0,0.0,0.0,0.0,0.0,0.0,0.0,1.0,0.0,1.0,1.0,0.0,0.0,NaN,10.0,10.0,10.0,NaN,NaN,NaN
67.5,NaN,-6.0,0.0,100.0,NaN,0.0,0.0,37.0,NaN,0.04500000000000028,2.0,118.666666666667,NaN,13.166666666666998,0.0,72.0,NaN,2.25,0.0,58.0,NaN,-1.25,0.0,15.5,NaN,-0.25,0.0,NaN,NaN,NaN,24.0,2.0,NaN,0.0,0.0,23.0,NaN,-0.25,0.0,0.6,NaN,-0.1,2.0,7.43,NaN,0.0,0.0,39.0,NaN,0.0,0.0,NaN,NaN,NaN,24.0,NaN,NaN,NaN,24.0,28.0,NaN,-0.75,0.0,NaN,NaN,NaN,24.0,7.8,NaN,-0.025000000000000133,0.0,106.0,NaN,0.25,0.0,0.7,NaN,0.0,0.0,NaN,NaN,NaN,24.0,116.0,NaN,2.5,0.0,1.3,NaN,0.0,0.0,2.0,NaN,-0.025000000000000022,0.0,2.9,NaN,-0.09999999999999998,0.0,4.2,NaN,-0.19999999999999996,0.0,NaN,NaN,NaN,24.0,NaN,NaN,NaN,24.0,23.2,NaN,-0.7250000000000005,0.0,7.7,NaN,-0.22499999999999987,0.0,128.6,NaN,0.0,0.0,15.0,NaN,0.8500000000000001,0.0,NaN,NaN,NaN,24.0,265.0,NaN,1.25,0.0,83.0,1.0,0.0,1.0,-6.683333333333334,7.0,0.0,0.0,0.0,1.0,0.0,0.0,0.0,0.0,0.0,0.0,1.0,1.0,1.0,1.0,0.0,0.0,NaN,10.0,10.0,10.0,NaN,NaN,NaN
70.0,NaN,2.5,0.0,100.0,NaN,0.0,0.0,36.665,NaN,-0.11166666666666696,0.0,106.0,NaN,-12.666666666666998,0.0,68.5,NaN,-3.5,0.0,57.0,NaN,-1.0,0.0,14.0,NaN,-1.5,0.0,NaN,NaN,NaN,24.0,2.0,NaN,0.0,1.0,23.0,NaN,-0.2,1.0,0.6,NaN,-0.08,3.0,7.43,NaN,0.0,1.0,39.0,NaN,0.0,1.0,NaN,NaN,NaN,24.0,NaN,NaN,NaN,24.0,28.0,NaN,-0.6,1.0,NaN,NaN,NaN,24.0,7.8,NaN,-0.020000000000000108,1.0,106.0,NaN,0.2,1.0,0.7,NaN,0.0,1.0,NaN,NaN,NaN,24.0,116.0,NaN,2.0,1.0,1.3,NaN,0.0,1.0,2.0,NaN,-0.020000000000000018,1.0,2.9,NaN,-0.07999999999999999,1.0,4.2,NaN,-0.15999999999999998,1.0,NaN,NaN,NaN,24.0,NaN,NaN,NaN,24.0,23.2,NaN,-0.5800000000000004,1.0,7.7,NaN,-0.17999999999999988,1.0,128.6,NaN,0.0,1.0,15.0,NaN,0.68,1.0,NaN,NaN,NaN,24.0,265.0,NaN,1.0,1.0,83.0,1.0,0.0,1.0,-6.683333333333334,8.0,0.0,0.0,0.0,1.0,0.0,0.0,0.0,0.0,0.0,0.0,1.0,1.0,1.0,1.0,0.0,0.0,NaN,10.0,10.0,10.0,NaN,NaN,NaN
68.75,NaN,-1.25,0.0,100.0,NaN,0.0,0.0,36.61,NaN,-0.054999999999999716,0.0,117.5,NaN,11.5,0.0,76.0,NaN,7.5,0.0,63.5,NaN,6.5,0.0,15.75,NaN,1.75,0.0,NaN,NaN,NaN,24.0,2.0,NaN,0.0,2.0,23.0,NaN,-0.16666666666666666,2.0,0.6,NaN,0.0,0.0,7.43,NaN,0.0,2.0,39.0,NaN,0.0,2.0,NaN,NaN,NaN,24.0,NaN,NaN,NaN,24.0,28.0,NaN,-0.5,2.0,NaN,NaN,NaN,24.0,7.8,NaN,-0.016666666666666757,2.0,106.0,NaN,0.16666666666666666,2.0,0.7,NaN,0.0,2.0,NaN,NaN,NaN,24.0,116.0,NaN,1.6666666666666667,2.0,1.3,NaN,0.0,2.0,2.0,NaN,-0.01666666666666668,2.0,2.9,NaN,-0.06666666666666665,2.0,4.2,NaN,-0.1333333333333333,2.0,NaN,NaN,NaN,24.0,NaN,NaN,NaN,24.0,23.2,NaN,-0.48333333333333367,2.0,7.7,NaN,-0.1499999999999999,2.0,128.6,NaN,0.0,2.0,15.0,NaN,0.5666666666666668,2.0,NaN,NaN,NaN,24.0,265.0,NaN,0.8333333333333334,2.0,83.0,1.0,0.0,1.0,-6.683333333333334,9.0,0.0,0.0,0.0,1.0,2.0,0.0,0.0,0.0,0.0,0.0,0.0,1.0,1.0,1.0,0.0,0.0,NaN,10.0,10.0,10.0,NaN,NaN,NaN
64.0,NaN,-4.75,0.0,100.0,NaN,0.0,0.0,36.89,NaN,0.28000000000000114,0.0,110.0,NaN,-7.5,0.0,71.0,NaN,-5.0,0.0,59.0,NaN,-4.5,0.0,16.0,NaN,0.25,0.0,NaN,NaN,NaN,24.0,2.0,NaN,0.0,3.0,23.0,NaN,0.0,0.0,0.6,NaN,0.0,1.0,7.43,NaN,0.0,3.0,39.0,NaN,0.0,3.0,NaN,NaN,NaN,24.0,NaN,NaN,NaN,24.0,23.0,NaN,-1.6666666666666667,0.0,NaN,NaN,NaN,24.0,7.7,NaN,-0.033333333333333215,0.0,106.0,NaN,0.0,0.0,0.6,NaN,-0.033333333333333326,0.0,NaN,NaN,NaN,24.0,101.0,NaN,-5.0,0.0,1.3,NaN,0.0,3.0,2.0,NaN,0.0,0.0,2.8,NaN,-0.03333333333333336,0.0,4.0,NaN,-0.06666666666666672,0.0,NaN,NaN,NaN,24.0,NaN,NaN,NaN,24.0,25.4,NaN,0.7333333333333331,0.0,8.5,NaN,0.2666666666666666,0.0,26.3,NaN,-34.1,0.0,14.8,NaN,-0.06666666666666643,0.0,346.0,NaN,0.0,0.0,237.0,NaN,-9.333333333333334,0.0,83.0,1.0,0.0,1.0,-6.683333333333334,10.0,0.0,0.0,0.0,1.0,0.0,0.0,0.0,0.0,0.0,0.0,1.0,1.0,1.0,1.0,0.0,0.0,NaN,10.0,10.0,10.0,NaN,NaN,NaN
76.0,NaN,12.0,0.0,100.0,NaN,0.0,0.0,36.89,NaN,0.14000000000000057,1.0,100.0,NaN,-10.0,0.0,69.0,NaN,-2.0,0.0,62.0,NaN,3.0,0.0,16.0,NaN,0.0,0.0,NaN,NaN,NaN,24.0,2.0,NaN,0.0,4.0,23.0,NaN,0.0,1.0,0.6,NaN,0.0,2.0,7.43,NaN,0.0,4.0,39.0,NaN,0.0,4.0,NaN,NaN,NaN,24.0,NaN,NaN,NaN,24.0,23.0,NaN,-1.25,1.0,NaN,NaN,NaN,24.0,7.7,NaN,-0.02499999999999991,1.0,106.0,NaN,0.0,1.0,0.6,NaN,-0.024999999999999994,1.0,NaN,NaN,NaN,24.0,101.0,NaN,-3.75,1.0,1.3,NaN,0.0,4.0,2.0,NaN,0.0,1.0,2.8,NaN,-0.025000000000000022,1.0,4.0,NaN,-0.050000000000000044,1.0,NaN,NaN,NaN,24.0,NaN,NaN,NaN,24.0,25.4,NaN,0.5499999999999998,1.0,8.5,NaN,0.19999999999999996,1.0,26.3,NaN,-25.575,1.0,14.8,NaN,-0.04999999999999982,1.0,346.0,NaN,0.0,1.0,237.0,NaN,-7.0,1.0,83.0,1.0,0.0,1.0,-6.683333333333334,11.0,0.0,0.0,0.0,1.0,0.0,0.0,0.0,0.0,0.0,0.0,1.0,1.0,1.0,1.0,0.0,0.0,NaN,10.0,10.0,10.0,NaN,NaN,NaN
63.0,NaN,-13.0,0.0,100.0,NaN,0.0,0.0,36.89,NaN,0.09333333333333371,2.0,102.0,NaN,2.0,0.0,65.0,NaN,-4.0,0.0,53.0,NaN,-9.0,0.0,12.0,NaN,-4.0,0.0,NaN,NaN,NaN,24.0,2.0,NaN,0.0,5.0,23.0,NaN,0.0,2.0,0.6,NaN,0.0,3.0,7.43,NaN,0.0,5.0,39.0,NaN,0.0,5.0,NaN,NaN,NaN,24.0,NaN,NaN,NaN,24.0,23.0,NaN,-1.0,2.0,NaN,NaN,NaN,24.0,7.7,NaN,-0.019999999999999928,2.0,106.0,NaN,0.0,2.0,0.6,NaN,-0.019999999999999997,2.0,NaN,NaN,NaN,24.0,101.0,NaN,-3.0,2.0,1.3,NaN,0.0,5.0,2.0,NaN,0.0,2.0,2.8,NaN,-0.020000000000000018,2.0,4.0,NaN,-0.040000000000000036,2.0,NaN,NaN,NaN,24.0,NaN,NaN,NaN,24.0,25.4,NaN,0.43999999999999984,2.0,8.5,NaN,0.15999999999999998,2.0,26.3,NaN,-20.46,2.0,14.8,NaN,-0.039999999999999855,2.0,346.0,NaN,0.0,2.0,237.0,NaN,-5.6,2.0,83.0,1.0,0.0,1.0,-6.683333333333334,12.0,0.0,0.0,0.0,1.0,0.0,0.0,0.0,1.0,0.0,0.0,1.0,1.0,1.0,1.0,0.0,0.0,NaN,10.0,10.0,10.0,NaN,NaN,NaN
62.0,NaN,-1.0,0.0,100.0,NaN,0.0,0.0,36.89,NaN,0.0,0.0,111.0,NaN,9.0,0.0,67.0,NaN,2.0,0.0,53.0,NaN,0.0,0.0,16.0,NaN,4.0,0.0,NaN,NaN,NaN,24.0,2.0,NaN,0.0,6.0,23.0,NaN,0.0,3.0,0.6,NaN,0.0,4.0,7.43,NaN,0.0,6.0,39.0,NaN,0.0,6.0,NaN,NaN,NaN,24.0,NaN,NaN,NaN,24.0,23.0,NaN,-0.8333333333333334,3.0,NaN,NaN,NaN,24.0,7.7,NaN,-0.016666666666666607,3.0,106.0,NaN,0.0,3.0,0.6,NaN,-0.016666666666666663,3.0,NaN,NaN,NaN,24.0,101.0,NaN,-2.5,3.0,1.3,NaN,0.0,6.0,2.0,NaN,0.0,3.0,2.8,NaN,-0.01666666666666668,3.0,4.0,NaN,-0.03333333333333336,3.0,NaN,NaN,NaN,24.0,NaN,NaN,NaN,24.0,25.4,NaN,0.36666666666666653,3.0,8.5,NaN,0.1333333333333333,3.0,26.3,NaN,-17.05,3.0,14.8,NaN,-0.033333333333333215,3.0,346.0,NaN,0.0,3.0,237.0,NaN,-4.666666666666667,3.0,83.0,1.0,0.0,1.0,-6.683333333333334,13.0,0.0,0.0,0.0,1.0,0.0,0.0,0.0,0.0,0.0,0.0,1.0,1.0,1.0,1.0,0.0,0.0,NaN,10.0,10.0,10.0,NaN,NaN,NaN
53.0,NaN,-9.0,0.0,100.0,NaN,0.0,0.0,36.89,NaN,0.0,1.0,111.0,NaN,0.0,0.0,75.0,NaN,8.0,0.0,64.0,NaN,11.0,0.0,14.0,NaN,-2.0,0.0,NaN,NaN,NaN,24.0,2.0,NaN,0.0,7.0,23.0,NaN,0.0,4.0,0.5,NaN,-0.019999999999999997,0.0,7.43,NaN,0.0,7.0,39.0,NaN,0.0,7.0,NaN,NaN,NaN,24.0,NaN,NaN,NaN,24.0,23.0,NaN,-0.7142857142857143,4.0,NaN,NaN,NaN,24.0,7.7,NaN,-0.014285714285714235,4.0,106.0,NaN,0.0,4.0,0.6,NaN,-0.014285714285714282,4.0,NaN,NaN,NaN,24.0,101.0,NaN,-2.142857142857143,4.0,1.3,NaN,0.0,7.0,2.0,NaN,0.0,4.0,2.8,NaN,-0.0142857142857143,4.0,4.0,NaN,-0.0285714285714286,4.0,NaN,NaN,NaN,24.0,NaN,NaN,NaN,24.0,26.6,NaN,0.3000000000000007,0.0,8.5,NaN,0.11428571428571425,4.0,26.3,NaN,-14.614285714285714,4.0,14.8,NaN,-0.02857142857142847,4.0,346.0,NaN,0.0,4.0,237.0,NaN,-4.0,4.0,83.0,1.0,0.0,1.0,-6.683333333333334,14.0,0.0,0.0,0.0,1.0,2.0,0.0,0.0,0.0,0.0,0.0,0.0,1.0,1.0,1.0,0.0,0.0,NaN,10.0,10.0,10.0,NaN,NaN,NaN
