79.0,NaN,NaN,24.0,99.0,NaN,NaN,24.0,35.94,NaN,NaN,24.0,163.0,NaN,NaN,24.0,88.0,NaN,NaN,24.0,63.0,NaN,NaN,24.0,14.0,NaN,NaN,24.0,NaN,NaN,NaN,24.0,NaN,NaN,NaN,24.0,NaN,NaN,NaN,24.0,NaN,NaN,NaN,24.0,NaN,NaN,NaN,24.0,NaN,NaN,NaN,24.0,NaN,NaN,NaN,24.0,NaN,NaN,NaN,24.0,NaN,NaN,NaN,24.0,NaN,NaN,NaN,24.0,NaN,NaN,NaN,24.0,NaN,NaN,NaN,24.0,NaN,NaN,NaN,24.0,NaN,NaN,NaN,24.0,NaN,NaN,NaN,24.0,NaN,NaN,NaN,24.0,NaN,NaN,NaN,24.0,NaN,NaN,NaN,24.0,NaN,NaN,NaN,24.0,NaN,NaN,NaN,24.0,NaN,NaN,NaN,24.0,NaN,NaN,NaN,24.0,NaN,NaN,NaN,24.0,NaN,NaN,NaN,24.0,NaN,NaN,NaN,24.0,NaN,NaN,NaN,24.0,NaN,NaN,NaN,24.0,78.0,0.0,0.0,1.0,-7.483333333333333,1.0,1.0,0.0,0.0,0.0,0.0,0.0,0.0,0.0,0.0,0.0,1.0,0.0,0.0,NaN,0.0,0.0,NaN,NaN,NaN,NaN,NaN,NaN,NaN
80.0,NaN,1.0,0.0,97.0,NaN,-2.0,0.0,35.94,NaN,0.0,1.0,151.0,NaN,-12.0,0.0,77.0,NaN,-11.0,0.0,56.0,NaN,-7.0,0.0,17.0,NaN,3.0,0.0,NaN,NaN,NaN,24.0,NaN,NaN,NaN,24.0,NaN,NaN,NaN,24.0,NaN,NaN,NaN,24.0,NaN,NaN,NaN,24.0,NaN,NaN,NaN,24.0,NaN,NaN,NaN,24.0,NaN,NaN,NaN,24.0,NaN,NaN,NaN,24.0,NaN,NaN,NaN,24.0,NaN,NaN,NaN,24.0,NaN,NaN,NaN,24.0,NaN,NaN,NaN,24.0,NaN,NaN,NaN,24.0,NaN,NaN,NaN,24.0,NaN,NaN,NaN,24.0,NaN,NaN,NaN,24.0,NaN,NaN,NaN,24.0,NaN,NaN,NaN,24.0,NaN,NaN,NaN,24.0,NaN,NaN,NaN,24.0,NaN,NaN,NaN,24.0,NaN,NaN,NaN,24.0,NaN,NaN,NaN,24.0,NaN,NaN,NaN,24.0,NaN,NaN,NaN,24.0,NaN,NaN,NaN,24.0,78.0,0.0,0.0,1.0,-7.483333333333333,2.0,1.0,0.0,0.0,0.0,0.0,0.0,0.0,0.0,0.0,0.0,1.0,0.0,0.0,NaN,0.0,0.0,NaN,NaN,NaN,NaN,NaN,NaN,NaN
74.0,NaN,-6.0,0.0,97.0,NaN,0.0,0.0,35.94,NaN,0.0,2.0,153.0,NaN,2.0,0.0,86.0,NaN,9.0,0.0,63.0,NaN,7.0,0.0,21.0,NaN,4.0,0.0,NaN,NaN,NaN,24.0,NaN,NaN,NaN,24.0,19.0,NaN,0.0,0.0,NaN,NaN,NaN,24.0,NaN,NaN,NaN,24.0,NaN,NaN,NaN,24.0,NaN,NaN,NaN,24.0,22.0,NaN,0.0,0.0,25.0,NaN,0.0,0.0,58.0,NaN,0.0,0.0,9.1,NaN,0.0,0.0,108.0,NaN,0.0,0.0,0.7,NaN,0.0,0.0,NaN,NaN,NaN,24.0,109.0,NaN,0.0,0.0,NaN,NaN,NaN,24.0,1.8,NaN,0.0,0.0,3.6,NaN,0.0,0.0,4.1,NaN,0.0,0.0,0.6,NaN,0.0,0.0,NaN,NaN,NaN,24.0,27.7,NaN,0.0,0.0,9.4,NaN,0.0,0.0,22.3,NaN,0.0,0.0,5.3,NaN,0.0,0.0,NaN,NaN,NaN,24.0,159.0,NaN,0.0,0.0,78.0,0.0,0.0,1.0,-7.483333333333333,3.0,1.0,1.0,0.0,0.0,0.0,0.0,0.0,0.0,0.0,0.0,1.0,0.0,0.0,NaN,0.0,0.0,NaN,NaN,NaN,NaN,NaN,NaN,NaN
68.0,NaN,-6.0,0.0,98.0,NaN,1.0,0.0,35.94,NaN,0.0,3.0,130.0,NaN,-23.0,0.0,74.0,NaN,-12.0,0.0,55.0,NaN,-8.0,0.0,13.0,NaN,-8.0,0.0,NaN,NaN,NaN,24.0,NaN,NaN,NaN,24.0,19.0,NaN,0.0,1.0,NaN,NaN,NaN,24.0,NaN,NaN,NaN,24.0,NaN,NaN,NaN,24.0,NaN,NaN,NaN,24.0,22.0,NaN,0.0,1.0,25.0,NaN,0.0,1.0,58.0,NaN,0.0,1.0,9.1,NaN,0.0,1.0,108.0,NaN,0.0,1.0,0.7,NaN,0.0,1.0,NaN,NaN,NaN,24.0,109.0,NaN,0.0,1.0,NaN,NaN,NaN,24.0,1.8,NaN,0.0,1.0,3.6,NaN,0.0,1.0,4.1,NaN,0.0,1.0,0.6,NaN,0.0,1.0,NaN,NaN,NaN,24.0,27.7,NaN,0.0,1.0,9.4,NaN,0.0,1.0,22.3,NaN,0.0,1.0,5.3,NaN,0.0,1.0,NaN,NaN,NaN,24.0,159.0,NaN,0.0,1.0,78.0,0.0,0.0,1.0,-7.483333333333333,4.0,1.0,0.0,0.0,0.0,0.0,0.0,0.0,0.0,0.0,0.0,1.0,0.0,0.0,NaN,0.0,0.0,NaN,NaN,NaN,NaN,NaN,NaN,NaN
67.0,NaN,-1.0,0.0,97.0,NaN,-1.0,0.0,36.22,NaN,0.07000000000000028,0.0,126.0,NaN,-4.0,0.0,78.0,NaN,4.0,0.0,63.0,NaN,8.0,0.0,12.0,NaN,-1.0,0.0,NaN,NaN,NaN,24.0,NaN,NaN,NaN,24.0,19.0,NaN,0.0,2.0,NaN,NaN,NaN,24.0,NaN,NaN,NaN,24.0,NaN,NaN,NaN,24.0,NaN,NaN,NaN,24.0,22.0,NaN,0.0,2.0,25.0,NaN,0.0,2.0,58.0,NaN,0.0,2.0,9.1,NaN,0.0,2.0,108.0,NaN,0.0,2.0,0.7,NaN,0.0,2.0,NaN,NaN,NaN,24.0,109.0,NaN,0.0,2.0,NaN,NaN,NaN,24.0,1.8,NaN,0.0,2.0,3.6,NaN,0.0,2.0,4.1,NaN,0.0,2.0,0.6,NaN,0.0,2.0,NaN,NaN,NaN,24.0,27.7,NaN,0.0,2.0,9.4,NaN,0.0,2.0,22.3,NaN,0.0,2.0,5.3,NaN,0.0,2.0,NaN,NaN,NaN,24.0,159.0,NaN,0.0,2.0,78.0,0.0,0.0,1.0,-7.483333333333333,5.0,0.0,0.0,0.0,0.0,0.0,0.0,0.0,0.0,0.0,0.0,1.0,0.0,0.0,NaN,0.0,0.0,NaN,NaN,NaN,NaN,NaN,NaN,NaN
72.0,NaN,5.0,0.0,98.0,NaN,1.0,0.0,36.22,NaN,0.05600000000000023,1.0,139.0,NaN,13.0,0.0,76.0,NaN,-2.0,0.0,53.0,NaN,-10.0,0.0,15.0,NaN,3.0,0.0,NaN,NaN,NaN,24.0,NaN,NaN,NaN,24.0,19.0,NaN,0.0,3.0,NaN,NaN,NaN,24.0,NaN,NaN,NaN,24.0,NaN,NaN,NaN,24.0,NaN,NaN,NaN,24.0,22.0,NaN,0.0,3.0,25.0,NaN,0.0,3.0,58.0,NaN,0.0,3.0,9.1,NaN,0.0,3.0,108.0,NaN,0.0,3.0,0.7,NaN,0.0,3.0,NaN,NaN,NaN,24.0,109.0,NaN,0.0,3.0,NaN,NaN,NaN,24.0,1.8,NaN,0.0,3.0,3.6,NaN,0.0,3.0,4.1,NaN,0.0,3.0,0.6,NaN,0.0,3.0,NaN,NaN,NaN,24.0,27.7,NaN,0.0,3.0,9.4,NaN,0.0,3.0,22.3,NaN,0.0,3.0,5.3,NaN,0.0,3.0,NaN,NaN,NaN,24.0,159.0,NaN,0.0,3.0,78.0,0.0,0.0,1.0,-7.483333333333333,6.0,0.0,0.0,0.0,0.0,0.0,0.0,0.0,0.0,0.0,0.0,1.0,0.0,0.0,NaN,0.0,0.0,NaN,NaN,NaN,NaN,NaN,NaN,NaN
81.0,NaN,9.0,0.0,99.0,NaN,1.0,0.0,36.22,NaN,0.046666666666666856,2.0,161.0,NaN,22.0,0.0,92.0,NaN,16.0,0.0,72.0,NaN,19.0,0.0,21.0,NaN,6.0,0.0,NaN,NaN,NaN,24.0,NaN,NaN,NaN,24.0,19.0,NaN,0.0,4.0,NaN,NaN,NaN,24.0,NaN,NaN,NaN,24.0,NaN,NaN,NaN,24.0,NaN,NaN,NaN,24.0,22.0,NaN,0.0,4.0,25.0,NaN,0.0,4.0,58.0,NaN,0.0,4.0,9.1,NaN,0.0,4.0,108.0,NaN,0.0,4.0,0.7,NaN,0.0,4.0,NaN,NaN,NaN,24.0,109.0,NaN,0.0,4.0,NaN,NaN,NaN,24.0,1.8,NaN,0.0,4.0,3.6,NaN,0.0,4.0,4.1,NaN,0.0,4.0,0.6,NaN,0.0,4.0,NaN,NaN,NaN,24.0,27.7,NaN,0.0,4.0,9.4,NaN,0.0,4.0,22.3,NaN,0.0,4.0,5.3,NaN,0.0,4.0,NaN,NaN,NaN,24.0,159.0,NaN,0.0,4.0,78.0,0.0,0.0,1.0,-7.483333333333333,7.0,0.0,1.0,0.0,0.0,0.0,0.0,0.0,0.0,0.0,0.0,1.0,0.0,0.0,NaN,0.0,0.0,NaN,NaN,NaN,NaN,NaN,NaN,NaN
72.0,NaN,-9.0,0.0,98.0,NaN,-1.0,0.0,36.22,NaN,0.04000000000000016,3.0,137.0,NaN,-24.0,0.0,75.0,NaN,-17.0,0.0,55.0,NaN,-17.0,0.0,12.0,NaN,-9.0,0.0,NaN,NaN,NaN,24.0,NaN,NaN,NaN,24.0,19.0,NaN,0.0,5.0,NaN,NaN,NaN,24.0,NaN,NaN,NaN,24.0,NaN,NaN,NaN,24.0,NaN,NaN,NaN,24.0,22.0,NaN,0.0,5.0,25.0,NaN,0.0,5.0,58.0,NaN,0.0,5.0,9.1,NaN,0.0,5.0,108.0,NaN,0.0,5.0,0.7,NaN,0.0,5.0,NaN,NaN,NaN,24.0,109.0,NaN,0.0,5.0,NaN,NaN,NaN,24.0,1.8,NaN,0.0,5.0,3.6,NaN,0.0,5.0,4.1,NaN,0.0,5.0,0.6,NaN,0.0,5.0,NaN,NaN,NaN,24.0,27.7,NaN,0.0,5.0,9.4,NaN,0.0,5.0,22.3,NaN,0.0,5.0,5.3,NaN,0.0,5.0,NaN,NaN,NaN,24.0,159.0,NaN,0.0,5.0,78.0,0.0,0.0,1.0,-7.483333333333333,8.0,0.0,0.0,0.0,0.0,0.0,0.0,0.0,0.0,0.0,0.0,1.0,0.0,0.0,NaN,0.0,0.0,NaN,NaN,NaN,NaN,NaN,NaN,NaN
80.0,NaN,8.0,0.0,99.0,NaN,1.0,0.0,36.22,NaN,0.03500000000000014,4.0,144.0,NaN,7.0,0.0,78.0,NaN,3.0,0.0,57.0,NaN,2.0,0.0,18.0,NaN,6.0,0.0,NaN,NaN,NaN,24.0,NaN,NaN,NaN,24.0,19.0,NaN,0.0,6.0,NaN,NaN,NaN,24.0,NaN,NaN,NaN,24.0,NaN,NaN,NaN,24.0,NaN,NaN,NaN,24.0,22.0,NaN,0.0,6.0,25.0,NaN,0.0,6.0,58.0,NaN,0.0,6.0,9.1,NaN,0.0,6.0,108.0,NaN,0.0,6.0,0.7,NaN,0.0,6.0,NaN,NaN,NaN,24.0,109.0,NaN,0.0,6.0,NaN,NaN,NaN,24.0,1.8,NaN,0.0,6.0,3.6,NaN,0.0,6.0,4.1,NaN,0.0,6.0,0.6,NaN,0.0,6.0,NaN,NaN,NaN,24.0,27.7,NaN,0.0,6.0,9.4,NaN,0.0,6.0,22.3,NaN,0.0,6.0,5.3,NaN,0.0,6.0,NaN,NaN,NaN,24.0,159.0,NaN,0.0,6.0,78.0,0.0,0.0,1.0,-7.483333333333333,9.0,0.0,0.0,0.0,0.0,0.0,0.0,0.0,0.0,0.0,0.0,1.0,0.0,0.0,NaN,0.0,0.0,NaN,NaN,NaN,NaN,NaN,NaN,NaN
80.0,NaN,0.0,0.0,98.0,NaN,-1.0,0.0,36.06,NaN,-0.03199999999999932,0.0,141.0,NaN,-3.0,0.0,80.0,NaN,2.0,0.0,61.0,NaN,4.0,0.0,18.0,NaN,0.0,0.0,NaN,NaN,NaN,24.0,NaN,NaN,NaN,24.0,19.0,NaN,0.0,7.0,NaN,NaN,NaN,24.0,NaN,NaN,NaN,24.0,NaN,NaN,NaN,24.0,NaN,NaN,NaN,24.0,22.0,NaN,0.0,7.0,25.0,NaN,0.0,7.0,58.0,NaN,0.0,7.0,9.1,NaN,0.0,7.0,108.0,NaN,0.0,7.0,0.7,NaN,0.0,7.0,NaN,NaN,NaN,24.0,109.0,NaN,0.0,7.0,NaN,NaN,NaN,24.0,1.8,NaN,0.0,7.0,3.6,NaN,0.0,7.0,4.1,NaN,0.0,7.0,0.6,NaN,0.0,7.0,NaN,NaN,NaN,24.0,27.7,NaN,0.0,7.0,9.4,NaN,0.0,7.0,22.3,NaN,0.0,7.0,5.3,NaN,0.0,7.0,NaN,NaN,NaN,24.0,159.0,NaN,0.0,7.0,78.0,0.0,0.0,1.0,-7.483333333333333,10.0,0.0,0.0,0.0,0.0,0.0,0.0,0.0,0.0,0.0,0.0,1.0,0.0,0.0,NaN,0.0,0.0,NaN,NaN,NaN,NaN,NaN,NaN,NaN
77.0,NaN,-3.0,0.0,99.0,NaN,1.0,0.0,36.06,NaN,-0.0266666666666661,1.0,129.0,NaN,-12.0,0.0,109.0,NaN,29.0,0.0,103.0,NaN,42.0,0.0,21.0,NaN,3.0,0.0,NaN,NaN,NaN,24.0,NaN,NaN,NaN,24.0,19.0,NaN,0.0,8.0,NaN,NaN,NaN,24.0,NaN,NaN,NaN,24.0,NaN,NaN,NaN,24.0,NaN,NaN,NaN,24.0,22.0,NaN,0.0,8.0,25.0,NaN,0.0,8.0,58.0,NaN,0.0,8.0,9.1,NaN,0.0,8.0,108.0,NaN,0.0,8.0,0.7,NaN,0.0,8.0,NaN,NaN,NaN,24.0,109.0,NaN,0.0,8.0,NaN,NaN,NaN,24.0,1.8,NaN,0.0,8.0,3.6,NaN,0.0,8.0,4.1,NaN,0.0,8.0,0.6,NaN,0.0,8.0,NaN,NaN,NaN,24.0,29.7,NaN,0.25,0.0,9.4,NaN,0.0,8.0,22.3,NaN,0.0,8.0,5.3,NaN,0.0,8.0,NaN,NaN,NaN,24.0,159.0,NaN,0.0,8.0,78.0,0.0,0.0,1.0,-7.483333333333333,11.0,0.0,1.0,0.0,0.0,0.0,0.0,0.0,0.0,0.0,0.0,1.0,0.0,0.0,NaN,0.0,0.0,NaN,NaN,NaN,NaN,NaN,NaN,NaN
77.0,NaN,-1.5,1.0,99.0,NaN,0.5,1.0,36.06,NaN,-0.02285714285714237,2.0,129.0,NaN,-6.0,1.0,109.0,NaN,14.5,1.0,103.0,NaN,21.0,1.0,21.0,NaN,1.5,1.0,NaN,NaN,NaN,24.0,NaN,NaN,NaN,24.0,19.0,NaN,0.0,9.0,NaN,NaN,NaN,24.0,NaN,NaN,NaN,24.0,NaN,NaN,NaN,24.0,NaN,NaN,NaN,24.0,22.0,NaN,0.0,9.0,25.0,NaN,0.0,9.0,58.0,NaN,0.0,9.0,9.1,NaN,0.0,9.0,108.0,NaN,0.0,9.0,0.7,NaN,0.0,9.0,NaN,NaN,NaN,24.0,109.0,NaN,0.0,9.0,NaN,NaN,NaN,24.0,1.8,NaN,0.0,9.0,3.6,NaN,0.0,9.0,4.1,NaN,0.0,9.0,0.6,NaN,0.0,9.0,NaN,NaN,NaN,24.0,29.7,NaN,0.2222222222222222,1.0,9.4,NaN,0.0,9.0,22.3,NaN,0.0,9.0,5.3,NaN,0.0,9.0,NaN,NaN,NaN,24.0,159.0,NaN,0.0,9.0,78.0,0.0,0.0,1.0,-7.483333333333333,12.0,0.0,1.0,0.0,0.0,0.0,0.0,0.0,0.0,0.0,0.0,1.0,0.0,0.0,NaN,0.0,0.0,NaN,NaN,NaN,NaN,NaN,NaN,NaN
77.0,NaN,-1.0,2.0,99.0,NaN,0.3333333333333333,2.0,36.06,NaN,-0.019999999999999574,3.0,129.0,NaN,-4.0,2.0,109.0,NaN,9.666666666666666,2.0,103.0,NaN,14.0,2.0,21.0,NaN,1.0,2.0,NaN,NaN,NaN,24.0,NaN,NaN,NaN,24.0,19.0,NaN,0.0,10.0,NaN,NaN,NaN,24.0,NaN,NaN,NaN,24.0,NaN,NaN,NaN,24.0,NaN,NaN,NaN,24.0,22.0,NaN,0.0,10.0,25.0,NaN,0.0,10.0,58.0,NaN,0.0,10.0,9.1,NaN,0.0,10.0,108.0,NaN,0.0,10.0,0.7,NaN,0.0,10.0,NaN,NaN,NaN,24.0,109.0,NaN,0.0,10.0,NaN,NaN,NaN,24.0,1.8,NaN,0.0,10.0,3.6,NaN,0.0,10.0,4.1,NaN,0.0,10.0,0.6,NaN,0.0,10.0,NaN,NaN,NaN,24.0,29.7,NaN,0.2,2.0,9.4,NaN,0.0,10.0,22.3,NaN,0.0,10.0,5.3,NaN,0.0,10.0,NaN,NaN,NaN,24.0,159.0,NaN,0.0,10.0,78.0,0.0,0.0,1.0,-7.483333333333333,13.0,0.0,1.0,0.0,0.0,0.0,0.0,0.0,0.0,0.0,0.0,1.0,0.0,0.0,NaN,0.0,0.0,NaN,NaN,NaN,NaN,NaN,NaN,NaN
