NaN,NaN,NaN,24.0,NaN,NaN,NaN,24.0,NaN,NaN,NaN,24.0,NaN,NaN,NaN,24.0,NaN,NaN,NaN,24.0,NaN,NaN,NaN,24.0,NaN,NaN,NaN,24.0,NaN,NaN,NaN,24.0,NaN,NaN,NaN,24.0,NaN,NaN,NaN,24.0,NaN,NaN,NaN,24.0,NaN,NaN,NaN,24.0,NaN,NaN,NaN,24.0,NaN,NaN,NaN,24.0,NaN,NaN,NaN,24.0,NaN,NaN,NaN,24.0,NaN,NaN,NaN,24.0,NaN,NaN,NaN,24.0,NaN,NaN,NaN,24.0,NaN,NaN,NaN,24.0,NaN,NaN,NaN,24.0,NaN,NaN,NaN,24.0,NaN,NaN,NaN,24.0,NaN,NaN,NaN,24.0,NaN,NaN,NaN,24.0,NaN,NaN,NaN,24.0,NaN,NaN,NaN,24.0,NaN,NaN,NaN,24.0,NaN,NaN,NaN,24.0,NaN,NaN,NaN,24.0,NaN,NaN,NaN,24.0,NaN,NaN,NaN,24.0,NaN,NaN,NaN,24.0,NaN,NaN,NaN,24.0,85.0,0.0,-1.0,-1.0,-1.6130555555555555,1.0,0.0,0.0,0.0,0.0,0.0,0.0,0.0,0.0,0.0,0.0,1.0,0.0,0.0,0.0,0.0,0.0,NaN,NaN,NaN,35.0,NaN,NaN,NaN
45.0,NaN,0.0,0.0,89.5,NaN,0.0,0.0,36.5,NaN,0.0,0.0,127.0,NaN,0.0,0.0,68.0,NaN,0.0,0.0,48.0,NaN,0.0,0.0,19.0,NaN,0.0,0.0,NaN,NaN,NaN,24.0,NaN,NaN,NaN,24.0,NaN,NaN,NaN,24.0,NaN,NaN,NaN,24.0,NaN,NaN,NaN,24.0,NaN,NaN,NaN,24.0,NaN,NaN,NaN,24.0,NaN,NaN,NaN,24.0,NaN,NaN,NaN,24.0,NaN,NaN,NaN,24.0,NaN,NaN,NaN,24.0,NaN,NaN,NaN,24.0,NaN,NaN,NaN,24.0,NaN,NaN,NaN,24.0,NaN,NaN,NaN,24.0,NaN,NaN,NaN,24.0,NaN,NaN,NaN,24.0,NaN,NaN,NaN,24.0,NaN,NaN,NaN,24.0,NaN,NaN,NaN,24.0,NaN,NaN,NaN,24.0,NaN,NaN,NaN,24.0,NaN,NaN,NaN,24.0,NaN,NaN,NaN,24.0,NaN,NaN,NaN,24.0,NaN,NaN,NaN,24.0,NaN,NaN,NaN,24.0,85.0,0.0,-1.0,-1.0,-1.6130555555555555,2.0,0.0,0.0,0.0,0.0,0.0,0.0,0.0,0.0,0.0,0.0,1.0,0.0,0.0,0.0,0.0,0.0,NaN,NaN,NaN,35.0,NaN,NaN,NaN
45.0,NaN,0.0,0.0,95.0,NaN,5.5,0.0,36.5,NaN,0.0,1.0,114.0,NaN,-13.0,0.0,65.0,NaN,-3.0,0.0,47.0,NaN,-1.0,0.0,17.0,NaN,-2.0,0.0,NaN,NaN,NaN,24.0,NaN,NaN,NaN,24.0,23.0,NaN,0.0,0.0,NaN,NaN,NaN,24.0,NaN,NaN,NaN,24.0,NaN,NaN,NaN,24.0,NaN,NaN,NaN,24.0,NaN,NaN,NaN,24.0,56.0,NaN,0.0,0.0,NaN,NaN,NaN,24.0,8.9,NaN,0.0,0.0,103.0,NaN,0.0,0.0,1.5,NaN,0.0,0.0,NaN,NaN,NaN,24.0,211.0,NaN,0.0,0.0,NaN,NaN,NaN,24.0,2.3,NaN,0.0,0.0,4.1,NaN,0.0,0.0,3.4,NaN,0.0,0.0,NaN,NaN,NaN,24.0,0.01,NaN,0.0,0.0,NaN,NaN,NaN,24.0,NaN,NaN,NaN,24.0,NaN,NaN,NaN,24.0,NaN,NaN,NaN,24.0,NaN,NaN,NaN,24.0,NaN,NaN,NaN,24.0,85.0,0.0,-1.0,-1.0,-1.6130555555555555,3.0,0.0,0.0,0.0,0.0,0.0,0.0,0.0,1.0,0.0,1.0,1.0,0.0,0.0,0.0,0.0,0.0,NaN,NaN,NaN,35.0,NaN,NaN,NaN
33.0,NaN,-12.0,0.0,98.0,NaN,3.0,0.0,36.67,NaN,0.08500000000000085,0.0,126.0,NaN,12.0,0.0,74.0,NaN,9.0,0.0,51.0,NaN,4.0,0.0,18.0,NaN,1.0,0.0,NaN,NaN,NaN,24.0,NaN,NaN,NaN,24.0,23.0,NaN,0.0,1.0,NaN,NaN,NaN,24.0,NaN,NaN,NaN,24.0,NaN,NaN,NaN,24.0,NaN,NaN,NaN,24.0,NaN,NaN,NaN,24.0,56.0,NaN,0.0,1.0,NaN,NaN,NaN,24.0,8.9,NaN,0.0,1.0,103.0,NaN,0.0,1.0,1.5,NaN,0.0,1.0,NaN,NaN,NaN,24.0,211.0,NaN,0.0,1.0,1.2,NaN,0.0,0.0,2.3,NaN,0.0,1.0,4.1,NaN,0.0,1.0,3.4,NaN,0.0,1.0,NaN,NaN,NaN,24.0,0.01,NaN,0.0,1.0,NaN,NaN,NaN,24.0,NaN,NaN,NaN,24.0,NaN,NaN,NaN,24.0,NaN,NaN,NaN,24.0,NaN,NaN,NaN,24.0,NaN,NaN,NaN,24.0,85.0,0.0,-1.0,-1.0,-1.6130555555555555,4.0,0.0,0.0,0.0,0.0,0.0,0.0,0.0,0.0,0.0,0.0,1.0,0.0,0.0,0.0,0.0,0.0,NaN,NaN,NaN,35.0,NaN,NaN,NaN
37.0,NaN,4.0,0.0,97.0,NaN,-1.0,0.0,36.67,NaN,0.05666666666666723,1.0,113.0,NaN,-13.0,0.0,62.0,NaN,-12.0,0.0,43.0,NaN,-8.0,0.0,17.0,NaN,-1.0,0.0,NaN,NaN,NaN,24.0,NaN,NaN,NaN,24.0,23.0,NaN,0.0,2.0,NaN,NaN,NaN,24.0,NaN,NaN,NaN,24.0,NaN,NaN,NaN,24.0,NaN,NaN,NaN,24.0,NaN,NaN,NaN,24.0,56.0,NaN,0.0,2.0,NaN,NaN,NaN,24.0,8.9,NaN,0.0,2.0,103.0,NaN,0.0,2.0,1.5,NaN,0.0,2.0,NaN,NaN,NaN,24.0,211.0,NaN,0.0,2.0,1.2,NaN,0.0,1.0,2.3,NaN,0.0,2.0,4.1,NaN,0.0,2.0,3.4,NaN,0.0,2.0,NaN,NaN,NaN,24.0,0.01,NaN,0.0,2.0,NaN,NaN,NaN,24.0,NaN,NaN,NaN,24.0,NaN,NaN,NaN,24.0,NaN,NaN,NaN,24.0,NaN,NaN,NaN,24.0,NaN,NaN,NaN,24.0,85.0,0.0,-1.0,-1.0,-1.6130555555555555,5.0,0.0,0.0,0.0,0.0,0.0,0.0,0.0,1.0,0.0,0.0,1.0,0.0,0.0,0.0,0.0,0.0,NaN,NaN,NaN,35.0,NaN,NaN,NaN
33.0,NaN,-4.0,0.0,95.0,NaN,-2.0,0.0,36.67,NaN,0.042500000000000426,2.0,129.0,NaN,16.0,0.0,75.0,NaN,13.0,0.0,53.0,NaN,10.0,0.0,10.0,NaN,-7.0,0.0,NaN,NaN,NaN,24.0,NaN,NaN,NaN,24.0,23.0,NaN,0.0,3.0,NaN,NaN,NaN,24.0,NaN,NaN,NaN,24.0,NaN,NaN,NaN,24.0,NaN,NaN,NaN,24.0,NaN,NaN,NaN,24.0,56.0,NaN,0.0,3.0,NaN,NaN,NaN,24.0,8.9,NaN,0.0,3.0,103.0,NaN,0.0,3.0,1.5,NaN,0.0,3.0,NaN,NaN,NaN,24.0,211.0,NaN,0.0,3.0,1.2,NaN,0.0,2.0,2.3,NaN,0.0,3.0,4.1,NaN,0.0,3.0,3.4,NaN,0.0,3.0,NaN,NaN,NaN,24.0,0.01,NaN,0.0,3.0,NaN,NaN,NaN,24.0,NaN,NaN,NaN,24.0,NaN,NaN,NaN,24.0,NaN,NaN,NaN,24.0,NaN,NaN,NaN,24.0,NaN,NaN,NaN,24.0,85.0,0.0,-1.0,-1.0,-1.6130555555555555,6.0,0.0,0.0,0.0,0.0,0.0,0.0,0.0,0.0,0.0,0.0,1.0,0.0,0.0,0.0,0.0,0.0,NaN,NaN,NaN,35.0,NaN,NaN,NaN
39.0,NaN,6.0,0.0,96.0,NaN,1.0,0.0,36.67,NaN,0.03400000000000034,3.0,112.0,NaN,-17.0,0.0,68.0,NaN,-7.0,0.0,49.0,NaN,-4.0,0.0,19.0,NaN,9.0,0.0,NaN,NaN,NaN,24.0,NaN,NaN,NaN,24.0,23.0,NaN,0.0,4.0,NaN,NaN,NaN,24.0,NaN,NaN,NaN,24.0,NaN,NaN,NaN,24.0,NaN,NaN,NaN,24.0,NaN,NaN,NaN,24.0,56.0,NaN,0.0,4.0,NaN,NaN,NaN,24.0,8.9,NaN,0.0,4.0,103.0,NaN,0.0,4.0,1.5,NaN,0.0,4.0,NaN,NaN,NaN,24.0,211.0,NaN,0.0,4.0,1.2,NaN,0.0,3.0,2.3,NaN,0.0,4.0,4.1,NaN,0.0,4.0,3.4,NaN,0.0,4.0,NaN,NaN,NaN,24.0,0.01,NaN,0.0,4.0,NaN,NaN,NaN,24.0,NaN,NaN,NaN,24.0,NaN,NaN,NaN,24.0,NaN,NaN,NaN,24.0,NaN,NaN,NaN,24.0,NaN,NaN,NaN,24.0,85.0,0.0,-1.0,-1.0,-1.6130555555555555,7.0,0.0,0.0,0.0,0.0,0.0,0.0,0.0,0.0,0.0,0.0,1.0,0.0,0.0,0.0,0.0,0.0,NaN,NaN,NaN,35.0,NaN,NaN,NaN
42.0,NaN,3.0,0.0,96.0,NaN,0.0,0.0,36.78,NaN,0.027499999999999858,0.0,134.0,NaN,22.0,0.0,75.0,NaN,7.0,0.0,54.0,NaN,5.0,0.0,16.0,NaN,-3.0,0.0,NaN,NaN,NaN,24.0,NaN,NaN,NaN,24.0,23.0,NaN,0.0,5.0,NaN,NaN,NaN,24.0,NaN,NaN,NaN,24.0,NaN,NaN,NaN,24.0,NaN,NaN,NaN,24.0,NaN,NaN,NaN,24.0,56.0,NaN,0.0,5.0,NaN,NaN,NaN,24.0,8.9,NaN,0.0,5.0,103.0,NaN,0.0,5.0,1.5,NaN,0.0,5.0,NaN,NaN,NaN,24.0,211.0,NaN,0.0,5.0,1.2,NaN,0.0,4.0,2.3,NaN,0.0,5.0,4.1,NaN,0.0,5.0,3.4,NaN,0.0,5.0,NaN,NaN,NaN,24.0,0.01,NaN,0.0,5.0,NaN,NaN,NaN,24.0,NaN,NaN,NaN,24.0,NaN,NaN,NaN,24.0,NaN,NaN,NaN,24.0,NaN,NaN,NaN,24.0,NaN,NaN,NaN,24.0,85.0,0.0,-1.0,-1.0,-1.6130555555555555,8.0,0.0,0.0,0.0,0.0,0.0,0.0,0.0,0.0,0.0,0.0,1.0,0.0,0.0,0.0,0.0,0.0,NaN,NaN,NaN,35.0,NaN,NaN,NaN
49.0,NaN,7.0,0.0,97.0,NaN,1.0,0.0,36.78,NaN,0.021999999999999888,1.0,139.0,NaN,5.0,0.0,73.0,NaN,-2.0,0.0,48.0,NaN,-6.0,0.0,21.0,NaN,5.0,0.0,NaN,NaN,NaN,24.0,NaN,NaN,NaN,24.0,23.0,NaN,0.0,6.0,NaN,NaN,NaN,24.0,NaN,NaN,NaN,24.0,NaN,NaN,NaN,24.0,NaN,NaN,NaN,24.0,NaN,NaN,NaN,24.0,56.0,NaN,0.0,6.0,NaN,NaN,NaN,24.0,8.9,NaN,0.0,6.0,103.0,NaN,0.0,6.0,1.5,NaN,0.0,6.0,NaN,NaN,NaN,24.0,211.0,NaN,0.0,6.0,1.2,NaN,0.0,5.0,2.3,NaN,0.0,6.0,4.1,NaN,0.0,6.0,3.4,NaN,0.0,6.0,NaN,NaN,NaN,24.0,0.01,NaN,0.0,6.0,NaN,NaN,NaN,24.0,NaN,NaN,NaN,24.0,NaN,NaN,NaN,24.0,NaN,NaN,NaN,24.0,NaN,NaN,NaN,24.0,NaN,NaN,NaN,24.0,85.0,0.0,-1.0,-1.0,-1.6130555555555555,9.0,0.0,1.0,0.0,0.0,0.0,0.0,0.0,0.0,0.0,0.0,1.0,0.0,0.0,0.0,0.0,0.0,NaN,NaN,NaN,35.0,NaN,NaN,NaN
48.0,NaN,-1.0,0.0,99.0,NaN,2.0,0.0,36.78,NaN,0.01833333333333324,2.0,124.0,NaN,-15.0,0.0,70.0,NaN,-3.0,0.0,46.0,NaN,-2.0,0.0,16.0,NaN,-5.0,0.0,NaN,NaN,NaN,24.0,NaN,NaN,NaN,24.0,23.0,NaN,0.0,7.0,NaN,NaN,NaN,24.0,NaN,NaN,NaN,24.0,NaN,NaN,NaN,24.0,NaN,NaN,NaN,24.0,NaN,NaN,NaN,24.0,56.0,NaN,0.0,7.0,NaN,NaN,NaN,24.0,8.9,NaN,0.0,7.0,103.0,NaN,0.0,7.0,1.5,NaN,0.0,7.0,NaN,NaN,NaN,24.0,211.0,NaN,0.0,7.0,1.2,NaN,0.0,6.0,2.3,NaN,0.0,7.0,4.1,NaN,0.0,7.0,3.4,NaN,0.0,7.0,NaN,NaN,NaN,24.0,0.01,NaN,0.0,7.0,NaN,NaN,NaN,24.0,NaN,NaN,NaN,24.0,NaN,NaN,NaN,24.0,NaN,NaN,NaN,24.0,NaN,NaN,NaN,24.0,NaN,NaN,NaN,24.0,85.0,0.0,-1.0,-1.0,-1.6130555555555555,10.0,0.0,0.0,0.0,0.0,0.0,0.0,0.0,0.0,0.0,0.0,1.0,0.0,0.0,0.0,0.0,0.0,NaN,NaN,NaN,35.0,NaN,NaN,NaN
47.0,NaN,-1.0,0.0,97.0,NaN,-2.0,0.0,36.78,NaN,0.015714285714285632,3.0,125.0,NaN,1.0,0.0,71.0,NaN,1.0,0.0,51.0,NaN,5.0,0.0,27.0,NaN,11.0,0.0,NaN,NaN,NaN,24.0,NaN,NaN,NaN,24.0,23.0,NaN,0.0,8.0,NaN,NaN,NaN,24.0,NaN,NaN,NaN,24.0,NaN,NaN,NaN,24.0,NaN,NaN,NaN,24.0,NaN,NaN,NaN,24.0,56.0,NaN,0.0,8.0,NaN,NaN,NaN,24.0,8.9,NaN,0.0,8.0,103.0,NaN,0.0,8.0,1.5,NaN,0.0,8.0,NaN,NaN,NaN,24.0,211.0,NaN,0.0,8.0,1.2,NaN,0.0,7.0,2.3,NaN,0.0,8.0,4.1,NaN,0.0,8.0,3.4,NaN,0.0,8.0,NaN,NaN,NaN,24.0,0.01,NaN,0.0,8.0,NaN,NaN,NaN,24.0,NaN,NaN,NaN,24.0,NaN,NaN,NaN,24.0,NaN,NaN,NaN,24.0,NaN,NaN,NaN,24.0,NaN,NaN,NaN,24.0,85.0,0.0,-1.0,-1.0,-1.6130555555555555,11.0,0.0,1.0,0.0,0.0,0.0,0.0,0.0,0.0,0.0,0.0,1.0,0.0,0.0,0.0,0.0,0.0,NaN,NaN,NaN,35.0,NaN,NaN,NaN
53.0,NaN,6.0,0.0,96.0,NaN,-1.0,0.0,36.78,NaN,0.0,0.0,110.0,NaN,-15.0,0.0,60.0,NaN,-11.0,0.0,39.0,NaN,-12.0,0.0,19.0,NaN,-8.0,0.0,NaN,NaN,NaN,24.0,NaN,NaN,NaN,24.0,23.0,NaN,0.0,0.0,NaN,NaN,NaN,24.0,NaN,NaN,NaN,24.0,NaN,NaN,NaN,24.0,NaN,NaN,NaN,24.0,NaN,NaN,NaN,24.0,50.0,NaN,-0.6666666666666666,0.0,NaN,NaN,NaN,24.0,9.1,NaN,0.022222222222222143,0.0,106.0,NaN,0.3333333333333333,0.0,1.3,NaN,-0.022222222222222216,0.0,NaN,NaN,NaN,24.0,100.0,NaN,-12.333333333333334,0.0,1.2,NaN,0.0,8.0,2.3,NaN,0.0,0.0,3.9,NaN,-0.022222222222222192,0.0,4.3,NaN,0.09999999999999999,0.0,NaN,NaN,NaN,24.0,0.01,NaN,0.0,9.0,32.6,NaN,0.0,0.0,10.4,NaN,0.0,0.0,32.6,NaN,0.0,0.0,7.9,NaN,0.0,0.0,NaN,NaN,NaN,24.0,107.0,NaN,0.0,0.0,85.0,0.0,-1.0,-1.0,-1.6130555555555555,12.0,0.0,0.0,0.0,0.0,0.0,1.0,0.0,1.0,0.0,1.0,1.0,0.0,0.0,0.0,0.0,0.0,NaN,NaN,NaN,35.0,NaN,NaN,NaN
53.0,NaN,3.0,1.0,96.0,NaN,-0.5,1.0,36.78,NaN,0.0,1.0,110.0,NaN,-7.5,1.0,60.0,NaN,-5.5,1.0,39.0,NaN,-6.0,1.0,19.0,NaN,-4.0,1.0,NaN,NaN,NaN,24.0,NaN,NaN,NaN,24.0,23.0,NaN,0.0,1.0,NaN,NaN,NaN,24.0,NaN,NaN,NaN,24.0,NaN,NaN,NaN,24.0,NaN,NaN,NaN,24.0,NaN,NaN,NaN,24.0,50.0,NaN,-0.6,1.0,NaN,NaN,NaN,24.0,9.1,NaN,0.019999999999999928,1.0,106.0,NaN,0.3,1.0,1.3,NaN,-0.019999999999999997,1.0,NaN,NaN,NaN,24.0,100.0,NaN,-11.1,1.0,1.2,NaN,0.0,9.0,2.3,NaN,0.0,1.0,3.9,NaN,-0.019999999999999973,1.0,4.3,NaN,0.09,1.0,NaN,NaN,NaN,24.0,0.01,NaN,0.0,10.0,32.6,NaN,0.0,1.0,10.4,NaN,0.0,1.0,32.6,NaN,0.0,1.0,7.9,NaN,0.0,1.0,NaN,NaN,NaN,24.0,107.0,NaN,0.0,1.0,85.0,0.0,-1.0,-1.0,-1.6130555555555555,13.0,0.0,0.0,0.0,0.0,0.0,0.0,0.0,0.0,0.0,0.0,1.0,0.0,0.0,0.0,0.0,0.0,NaN,NaN,NaN,35.0,NaN,NaN,NaN
53.0,NaN,2.0,2.0,96.0,NaN,-0.3333333333333333,2.0,36.78,NaN,0.0,2.0,110.0,NaN,-5.0,2.0,60.0,NaN,-3.6666666666666665,2.0,39.0,NaN,-4.0,2.0,19.0,NaN,-2.6666666666666665,2.0,NaN,NaN,NaN,24.0,NaN,NaN,NaN,24.0,23.0,NaN,0.0,2.0,NaN,NaN,NaN,24.0,NaN,NaN,NaN,24.0,NaN,NaN,NaN,24.0,NaN,NaN,NaN,24.0,NaN,NaN,NaN,24.0,50.0,NaN,-0.5454545454545454,2.0,NaN,NaN,NaN,24.0,9.1,NaN,0.01818181818181812,2.0,106.0,NaN,0.2727272727272727,2.0,1.3,NaN,-0.018181818181818177,2.0,NaN,NaN,NaN,24.0,100.0,NaN,-10.090909090909092,2.0,1.2,NaN,0.0,10.0,2.3,NaN,0.0,2.0,3.9,NaN,-0.018181818181818157,2.0,4.3,NaN,0.0818181818181818,2.0,NaN,NaN,NaN,24.0,0.01,NaN,0.0,11.0,32.6,NaN,0.0,2.0,10.4,NaN,0.0,2.0,32.6,NaN,0.0,2.0,7.9,NaN,0.0,2.0,NaN,NaN,NaN,24.0,107.0,NaN,0.0,2.0,85.0,0.0,-1.0,-1.0,-1.6130555555555555,14.0,0.0,0.0,0.0,0.0,0.0,0.0,0.0,0.0,0.0,0.0,1.0,0.0,0.0,0.0,0.0,0.0,NaN,NaN,NaN,35.0,NaN,NaN,NaN
