84.0,NaN,NaN,24.0,97.0,NaN,NaN,24.0,36.11,NaN,NaN,24.0,156.0,NaN,NaN,24.0,97.0,NaN,NaN,24.0,75.0,NaN,NaN,24.0,14.0,NaN,NaN,24.0,NaN,NaN,NaN,24.0,NaN,NaN,NaN,24.0,NaN,NaN,NaN,24.0,NaN,NaN,NaN,24.0,NaN,NaN,NaN,24.0,NaN,NaN,NaN,24.0,NaN,NaN,NaN,24.0,NaN,NaN,NaN,24.0,NaN,NaN,NaN,24.0,NaN,NaN,NaN,24.0,NaN,NaN,NaN,24.0,NaN,NaN,NaN,24.0,NaN,NaN,NaN,24.0,NaN,NaN,NaN,24.0,NaN,NaN,NaN,24.0,NaN,NaN,NaN,24.0,NaN,NaN,NaN,24.0,NaN,NaN,NaN,24.0,NaN,NaN,NaN,24.0,NaN,NaN,NaN,24.0,NaN,NaN,NaN,24.0,NaN,NaN,NaN,24.0,NaN,NaN,NaN,24.0,NaN,NaN,NaN,24.0,NaN,NaN,NaN,24.0,NaN,NaN,NaN,24.0,NaN,NaN,NaN,24.0,88.0,1.0,0.0,1.0,-8.283333333333333,1.0,0.0,0.0,0.0,0.0,0.0,0.0,0.0,0.0,0.0,0.0,1.0,0.0,0.0,0.0,0.0,0.0,NaN,NaN,NaN,38.0,NaN,NaN,NaN
76.0,NaN,-8.0,0.0,97.0,NaN,0.0,0.0,36.11,NaN,0.0,1.0,135.0,NaN,-21.0,0.0,81.0,NaN,-16.0,0.0,63.0,NaN,-12.0,0.0,19.0,NaN,5.0,0.0,NaN,NaN,NaN,24.0,NaN,NaN,NaN,24.0,25.0,NaN,0.0,0.0,NaN,NaN,NaN,24.0,NaN,NaN,NaN,24.0,NaN,NaN,NaN,24.0,NaN,NaN,NaN,24.0,NaN,NaN,NaN,24.0,16.0,NaN,0.0,0.0,NaN,NaN,NaN,24.0,8.7,NaN,0.0,0.0,103.0,NaN,0.0,0.0,1.0,NaN,0.0,0.0,NaN,NaN,NaN,24.0,168.0,NaN,0.0,0.0,NaN,NaN,NaN,24.0,1.8,NaN,0.0,0.0,4.1,NaN,0.0,0.0,4.9,NaN,0.0,0.0,NaN,NaN,NaN,24.0,NaN,NaN,NaN,24.0,30.3,NaN,0.0,0.0,10.3,NaN,0.0,0.0,NaN,NaN,NaN,24.0,10.5,NaN,0.0,0.0,NaN,NaN,NaN,24.0,154.0,NaN,0.0,0.0,88.0,1.0,0.0,1.0,-8.283333333333333,2.0,0.0,0.0,0.0,0.0,0.0,0.0,0.0,0.0,0.0,0.0,1.0,0.0,0.0,0.0,0.0,0.0,NaN,NaN,NaN,38.0,NaN,NaN,NaN
72.0,NaN,-4.0,0.0,98.0,NaN,1.0,0.0,36.11,NaN,0.0,2.0,132.0,NaN,-3.0,0.0,73.0,NaN,-8.0,0.0,55.0,NaN,-8.0,0.0,15.0,NaN,-4.0,0.0,NaN,NaN,NaN,24.0,NaN,NaN,NaN,24.0,25.0,NaN,0.0,1.0,NaN,NaN,NaN,24.0,NaN,NaN,NaN,24.0,NaN,NaN,NaN,24.0,NaN,NaN,NaN,24.0,NaN,NaN,NaN,24.0,16.0,NaN,0.0,1.0,NaN,NaN,NaN,24.0,8.7,NaN,0.0,1.0,103.0,NaN,0.0,1.0,1.0,NaN,0.0,1.0,NaN,NaN,NaN,24.0,168.0,NaN,0.0,1.0,NaN,NaN,NaN,24.0,1.8,NaN,0.0,1.0,4.1,NaN,0.0,1.0,4.9,NaN,0.0,1.0,NaN,NaN,NaN,24.0,NaN,NaN,NaN,24.0,30.3,NaN,0.0,1.0,10.3,NaN,0.0,1.0,NaN,NaN,NaN,24.0,10.5,NaN,0.0,1.0,NaN,NaN,NaN,24.0,154.0,NaN,0.0,1.0,88.0,1.0,0.0,1.0,-8.283333333333333,3.0,0.0,0.0,0.0,0.0,0.0,0.0,0.0,0.0,0.0,0.0,1.0,0.0,0.0,0.0,0.0,0.0,NaN,NaN,NaN,38.0,NaN,NaN,NaN
102.0,NaN,30.0,0.0,96.0,NaN,-2.0,0.0,36.11,NaN,0.0,3.0,150.0,NaN,18.0,0.0,85.0,NaN,12.0,0.0,61.0,NaN,6.0,0.0,23.0,NaN,8.0,0.0,NaN,NaN,NaN,24.0,NaN,NaN,NaN,24.0,25.0,NaN,0.0,2.0,NaN,NaN,NaN,24.0,NaN,NaN,NaN,24.0,NaN,NaN,NaN,24.0,NaN,NaN,NaN,24.0,NaN,NaN,NaN,24.0,16.0,NaN,0.0,2.0,NaN,NaN,NaN,24.0,8.7,NaN,0.0,2.0,103.0,NaN,0.0,2.0,1.0,NaN,0.0,2.0,NaN,NaN,NaN,24.0,168.0,NaN,0.0,2.0,NaN,NaN,NaN,24.0,1.8,NaN,0.0,2.0,4.1,NaN,0.0,2.0,4.9,NaN,0.0,2.0,NaN,NaN,NaN,24.0,NaN,NaN,NaN,24.0,30.3,NaN,0.0,2.0,10.3,NaN,0.0,2.0,NaN,NaN,NaN,24.0,10.5,NaN,0.0,2.0,NaN,NaN,NaN,24.0,154.0,NaN,0.0,2.0,88.0,1.0,0.0,1.0,-8.283333333333333,4.0,0.0,1.0,1.0,0.0,0.0,0.0,0.0,0.0,0.0,0.0,1.0,0.0,0.0,0.0,0.0,0.0,NaN,NaN,NaN,38.0,NaN,NaN,NaN
85.0,NaN,-17.0,0.0,95.0,NaN,-1.0,0.0,36.11,NaN,0.0,4.0,131.0,NaN,-19.0,0.0,79.0,NaN,-6.0,0.0,64.0,NaN,3.0,0.0,24.0,NaN,1.0,0.0,NaN,NaN,NaN,24.0,NaN,NaN,NaN,24.0,25.0,NaN,0.0,3.0,NaN,NaN,NaN,24.0,NaN,NaN,NaN,24.0,NaN,NaN,NaN,24.0,NaN,NaN,NaN,24.0,NaN,NaN,NaN,24.0,16.0,NaN,0.0,3.0,NaN,NaN,NaN,24.0,8.7,NaN,0.0,3.0,103.0,NaN,0.0,3.0,1.0,NaN,0.0,3.0,NaN,NaN,NaN,24.0,168.0,NaN,0.0,3.0,NaN,NaN,NaN,24.0,1.8,NaN,0.0,3.0,4.1,NaN,0.0,3.0,4.9,NaN,0.0,3.0,NaN,NaN,NaN,24.0,NaN,NaN,NaN,24.0,30.3,NaN,0.0,3.0,10.3,NaN,0.0,3.0,NaN,NaN,NaN,24.0,10.5,NaN,0.0,3.0,NaN,NaN,NaN,24.0,154.0,NaN,0.0,3.0,88.0,1.0,0.0,1.0,-8.283333333333333,5.0,0.0,1.0,0.0,0.0,0.0,0.0,0.0,0.0,0.0,0.0,1.0,0.0,0.0,0.0,0.0,0.0,NaN,NaN,NaN,38.0,NaN,NaN,NaN
75.0,NaN,-10.0,0.0,97.0,NaN,2.0,0.0,36.11,NaN,0.0,5.0,119.0,NaN,-12.0,0.0,76.0,NaN,-3.0,0.0,62.0,NaN,-2.0,0.0,16.0,NaN,-8.0,0.0,NaN,NaN,NaN,24.0,NaN,NaN,NaN,24.0,25.0,NaN,0.0,4.0,NaN,NaN,NaN,24.0,NaN,NaN,NaN,24.0,NaN,NaN,NaN,24.0,NaN,NaN,NaN,24.0,NaN,NaN,NaN,24.0,16.0,NaN,0.0,4.0,NaN,NaN,NaN,24.0,8.7,NaN,0.0,4.0,103.0,NaN,0.0,4.0,1.0,NaN,0.0,4.0,NaN,NaN,NaN,24.0,168.0,NaN,0.0,4.0,NaN,NaN,NaN,24.0,1.8,NaN,0.0,4.0,4.1,NaN,0.0,4.0,4.9,NaN,0.0,4.0,NaN,NaN,NaN,24.0,NaN,NaN,NaN,24.0,30.3,NaN,0.0,4.0,10.3,NaN,0.0,4.0,NaN,NaN,NaN,24.0,10.5,NaN,0.0,4.0,NaN,NaN,NaN,24.0,154.0,NaN,0.0,4.0,88.0,1.0,0.0,1.0,-8.283333333333333,6.0,0.0,0.0,0.0,0.0,0.0,0.0,0.0,0.0,0.0,0.0,1.0,0.0,0.0,0.0,0.0,0.0,NaN,NaN,NaN,38.0,NaN,NaN,NaN
80.0,NaN,5.0,0.0,95.0,NaN,-2.0,0.0,36.72,NaN,0.10166666666666657,0.0,124.0,NaN,5.0,0.0,78.0,NaN,2.0,0.0,63.0,NaN,1.0,0.0,18.0,NaN,2.0,0.0,NaN,NaN,NaN,24.0,NaN,NaN,NaN,24.0,25.0,NaN,0.0,5.0,NaN,NaN,NaN,24.0,NaN,NaN,NaN,24.0,NaN,NaN,NaN,24.0,NaN,NaN,NaN,24.0,NaN,NaN,NaN,24.0,16.0,NaN,0.0,5.0,NaN,NaN,NaN,24.0,8.7,NaN,0.0,5.0,103.0,NaN,0.0,5.0,1.0,NaN,0.0,5.0,NaN,NaN,NaN,24.0,168.0,NaN,0.0,5.0,NaN,NaN,NaN,24.0,1.8,NaN,0.0,5.0,4.1,NaN,0.0,5.0,4.9,NaN,0.0,5.0,NaN,NaN,NaN,24.0,NaN,NaN,NaN,24.0,30.3,NaN,0.0,5.0,10.3,NaN,0.0,5.0,NaN,NaN,NaN,24.0,10.5,NaN,0.0,5.0,NaN,NaN,NaN,24.0,154.0,NaN,0.0,5.0,88.0,1.0,0.0,1.0,-8.283333333333333,7.0,0.0,0.0,0.0,0.0,0.0,0.0,0.0,0.0,0.0,0.0,1.0,0.0,0.0,0.0,0.0,0.0,NaN,NaN,NaN,38.0,NaN,NaN,NaN
83.0,NaN,3.0,0.0,94.0,NaN,-1.0,0.0,36.72,NaN,0.08714285714285706,1.0,131.0,NaN,7.0,0.0,77.0,NaN,-1.0,0.0,58.0,NaN,-5.0,0.0,16.0,NaN,-2.0,0.0,NaN,NaN,NaN,24.0,NaN,NaN,NaN,24.0,25.0,NaN,0.0,6.0,NaN,NaN,NaN,24.0,NaN,NaN,NaN,24.0,NaN,NaN,NaN,24.0,NaN,NaN,NaN,24.0,NaN,NaN,NaN,24.0,16.0,NaN,0.0,6.0,NaN,NaN,NaN,24.0,8.7,NaN,0.0,6.0,103.0,NaN,0.0,6.0,1.0,NaN,0.0,6.0,NaN,NaN,NaN,24.0,168.0,NaN,0.0,6.0,NaN,NaN,NaN,24.0,1.8,NaN,0.0,6.0,4.1,NaN,0.0,6.0,4.9,NaN,0.0,6.0,NaN,NaN,NaN,24.0,NaN,NaN,NaN,24.0,30.3,NaN,0.0,6.0,10.3,NaN,0.0,6.0,NaN,NaN,NaN,24.0,10.5,NaN,0.0,6.0,NaN,NaN,NaN,24.0,154.0,NaN,0.0,6.0,88.0,1.0,0.0,1.0,-8.283333333333333,8.0,0.0,0.0,0.0,0.0,0.0,0.0,0.0,0.0,0.0,0.0,1.0,0.0,0.0,0.0,0.0,0.0,NaN,NaN,NaN,38.0,NaN,NaN,NaN
82.0,NaN,-1.0,0.0,97.0,NaN,3.0,0.0,36.72,NaN,0.07624999999999993,2.0,133.0,NaN,2.0,0.0,75.0,NaN,-2.0,0.0,57.0,NaN,-1.0,0.0,18.0,NaN,2.0,0.0,NaN,NaN,NaN,24.0,NaN,NaN,NaN,24.0,25.0,NaN,0.0,7.0,NaN,NaN,NaN,24.0,NaN,NaN,NaN,24.0,NaN,NaN,NaN,24.0,NaN,NaN,NaN,24.0,NaN,NaN,NaN,24.0,16.0,NaN,0.0,7.0,NaN,NaN,NaN,24.0,8.7,NaN,0.0,7.0,103.0,NaN,0.0,7.0,1.0,NaN,0.0,7.0,NaN,NaN,NaN,24.0,168.0,NaN,0.0,7.0,NaN,NaN,NaN,24.0,1.8,NaN,0.0,7.0,4.1,NaN,0.0,7.0,4.9,NaN,0.0,7.0,NaN,NaN,NaN,24.0,NaN,NaN,NaN,24.0,30.3,NaN,0.0,7.0,10.3,NaN,0.0,7.0,NaN,NaN,NaN,24.0,10.5,NaN,0.0,7.0,NaN,NaN,NaN,24.0,154.0,NaN,0.0,7.0,88.0,1.0,0.0,1.0,-8.283333333333333,9.0,0.0,0.0,0.0,0.0,0.0,0.0,0.0,0.0,0.0,0.0,1.0,0.0,0.0,0.0,0.0,0.0,NaN,NaN,NaN,38.0,NaN,NaN,NaN
84.0,NaN,2.0,0.0,98.0,NaN,1.0,0.0,36.72,NaN,0.06777777777777771,3.0,131.0,NaN,-2.0,0.0,82.0,NaN,7.0,0.0,66.0,NaN,9.0,0.0,17.0,NaN,-1.0,0.0,NaN,NaN,NaN,24.0,NaN,NaN,NaN,24.0,25.0,NaN,0.0,8.0,NaN,NaN,NaN,24.0,NaN,NaN,NaN,24.0,NaN,NaN,NaN,24.0,NaN,NaN,NaN,24.0,NaN,NaN,NaN,24.0,16.0,NaN,0.0,8.0,NaN,NaN,NaN,24.0,8.7,NaN,0.0,8.0,103.0,NaN,0.0,8.0,1.0,NaN,0.0,8.0,NaN,NaN,NaN,24.0,168.0,NaN,0.0,8.0,NaN,NaN,NaN,24.0,1.8,NaN,0.0,8.0,4.1,NaN,0.0,8.0,4.9,NaN,0.0,8.0,NaN,NaN,NaN,24.0,NaN,NaN,NaN,24.0,30.3,NaN,0.0,8.0,10.3,NaN,0.0,8.0,NaN,NaN,NaN,24.0,10.5,NaN,0.0,8.0,NaN,NaN,NaN,24.0,154.0,NaN,0.0,8.0,88.0,1.0,0.0,1.0,-8.283333333333333,10.0,0.0,0.0,0.0,0.0,0.0,0.0,0.0,0.0,0.0,0.0,1.0,0.0,0.0,0.0,0.0,0.0,NaN,NaN,NaN,38.0,NaN,NaN,NaN
82.0,NaN,-2.0,0.0,96.0,NaN,-2.0,0.0,36.17,NaN,-0.1374999999999993,0.0,139.0,NaN,8.0,0.0,77.0,NaN,-5.0,0.0,56.0,NaN,-10.0,0.0,18.0,NaN,1.0,0.0,NaN,NaN,NaN,24.0,NaN,NaN,NaN,24.0,25.0,NaN,0.0,9.0,NaN,NaN,NaN,24.0,NaN,NaN,NaN,24.0,NaN,NaN,NaN,24.0,NaN,NaN,NaN,24.0,NaN,NaN,NaN,24.0,16.0,NaN,0.0,9.0,NaN,NaN,NaN,24.0,8.7,NaN,0.0,9.0,103.0,NaN,0.0,9.0,1.0,NaN,0.0,9.0,NaN,NaN,NaN,24.0,168.0,NaN,0.0,9.0,NaN,NaN,NaN,24.0,1.8,NaN,0.0,9.0,4.1,NaN,0.0,9.0,4.9,NaN,0.0,9.0,NaN,NaN,NaN,24.0,NaN,NaN,NaN,24.0,30.3,NaN,0.0,9.0,10.3,NaN,0.0,9.0,NaN,NaN,NaN,24.0,10.5,NaN,0.0,9.0,NaN,NaN,NaN,24.0,154.0,NaN,0.0,9.0,88.0,1.0,0.0,1.0,-8.283333333333333,11.0,0.0,0.0,0.0,0.0,0.0,0.0,0.0,0.0,0.0,0.0,1.0,0.0,0.0,0.0,0.0,0.0,NaN,NaN,NaN,38.0,NaN,NaN,NaN
82.0,NaN,0.0,0.0,98.0,NaN,2.0,0.0,36.17,NaN,-0.10999999999999943,1.0,127.0,NaN,-12.0,0.0,76.0,NaN,-1.0,0.0,61.0,NaN,5.0,0.0,18.0,NaN,0.0,0.0,NaN,NaN,NaN,24.0,NaN,NaN,NaN,24.0,25.0,NaN,0.0,10.0,NaN,NaN,NaN,24.0,NaN,NaN,NaN,24.0,NaN,NaN,NaN,24.0,NaN,NaN,NaN,24.0,NaN,NaN,NaN,24.0,16.0,NaN,0.0,10.0,NaN,NaN,NaN,24.0,8.7,NaN,0.0,10.0,103.0,NaN,0.0,10.0,1.0,NaN,0.0,10.0,NaN,NaN,NaN,24.0,168.0,NaN,0.0,10.0,NaN,NaN,NaN,24.0,1.8,NaN,0.0,10.0,4.1,NaN,0.0,10.0,4.9,NaN,0.0,10.0,NaN,NaN,NaN,24.0,NaN,NaN,NaN,24.0,30.3,NaN,0.0,10.0,10.3,NaN,0.0,10.0,NaN,NaN,NaN,24.0,10.5,NaN,0.0,10.0,NaN,NaN,NaN,24.0,154.0,NaN,0.0,10.0,88.0,1.0,0.0,1.0,-8.283333333333333,12.0,0.0,0.0,0.0,0.0,0.0,0.0,0.0,0.0,0.0,0.0,1.0,0.0,0.0,0.0,0.0,0.0,NaN,NaN,NaN,38.0,NaN,NaN,NaN
79.0,NaN,-3.0,0.0,97.0,NaN,-1.0,0.0,36.17,NaN,-0.09166666666666619,2.0,131.0,NaN,4.0,0.0,81.0,NaN,5.0,0.0,66.0,NaN,5.0,0.0,18.0,NaN,0.0,0.0,NaN,NaN,NaN,24.0,NaN,NaN,NaN,24.0,25.0,NaN,0.0,11.0,NaN,NaN,NaN,24.0,NaN,NaN,NaN,24.0,NaN,NaN,NaN,24.0,NaN,NaN,NaN,24.0,NaN,NaN,NaN,24.0,16.0,NaN,0.0,11.0,NaN,NaN,NaN,24.0,8.7,NaN,0.0,11.0,103.0,NaN,0.0,11.0,1.0,NaN,0.0,11.0,NaN,NaN,NaN,24.0,168.0,NaN,0.0,11.0,NaN,NaN,NaN,24.0,1.8,NaN,0.0,11.0,4.1,NaN,0.0,11.0,4.9,NaN,0.0,11.0,NaN,NaN,NaN,24.0,NaN,NaN,NaN,24.0,30.3,NaN,0.0,11.0,10.3,NaN,0.0,11.0,NaN,NaN,NaN,24.0,10.5,NaN,0.0,11.0,NaN,NaN,NaN,24.0,154.0,NaN,0.0,11.0,88.0,1.0,0.0,1.0,-8.283333333333333,13.0,0.0,0.0,0.0,0.0,0.0,0.0,0.0,0.0,0.0,0.0,1.0,0.0,0.0,0.0,0.0,0.0,NaN,NaN,NaN,38.0,NaN,NaN,NaN
79.0,NaN,0.0,0.0,98.0,NaN,1.0,0.0,36.17,NaN,-0.07857142857142817,3.0,124.0,NaN,-7.0,0.0,70.0,NaN,-11.0,0.0,53.0,NaN,-13.0,0.0,18.0,NaN,0.0,0.0,NaN,NaN,NaN,24.0,NaN,NaN,NaN,24.0,25.0,NaN,0.0,12.0,NaN,NaN,NaN,24.0,NaN,NaN,NaN,24.0,NaN,NaN,NaN,24.0,NaN,NaN,NaN,24.0,NaN,NaN,NaN,24.0,16.0,NaN,0.0,12.0,NaN,NaN,NaN,24.0,8.7,NaN,0.0,12.0,103.0,NaN,0.0,12.0,1.0,NaN,0.0,12.0,NaN,NaN,NaN,24.0,168.0,NaN,0.0,12.0,NaN,NaN,NaN,24.0,1.8,NaN,0.0,12.0,4.1,NaN,0.0,12.0,4.9,NaN,0.0,12.0,NaN,NaN,NaN,24.0,NaN,NaN,NaN,24.0,30.3,NaN,0.0,12.0,10.3,NaN,0.0,12.0,NaN,NaN,NaN,24.0,10.5,NaN,0.0,12.0,NaN,NaN,NaN,24.0,154.0,NaN,0.0,12.0,88.0,1.0,0.0,1.0,-8.283333333333333,14.0,0.0,0.0,0.0,0.0,0.0,0.0,0.0,0.0,0.0,0.0,1.0,0.0,0.0,0.0,0.0,0.0,NaN,NaN,NaN,38.0,NaN,NaN,NaN
82.0,NaN,3.0,0.0,96.0,NaN,-2.0,0.0,37.17,NaN,0.25,0.0,113.0,NaN,-11.0,0.0,68.0,NaN,-2.0,0.0,54.0,NaN,1.0,0.0,17.0,NaN,-1.0,0.0,NaN,NaN,NaN,24.0,NaN,NaN,NaN,24.0,25.0,NaN,0.0,13.0,NaN,NaN,NaN,24.0,NaN,NaN,NaN,24.0,NaN,NaN,NaN,24.0,NaN,NaN,NaN,24.0,NaN,NaN,NaN,24.0,16.0,NaN,0.0,13.0,NaN,NaN,NaN,24.0,8.7,NaN,0.0,13.0,103.0,NaN,0.0,13.0,1.0,NaN,0.0,13.0,NaN,NaN,NaN,24.0,168.0,NaN,0.0,13.0,NaN,NaN,NaN,24.0,1.8,NaN,0.0,13.0,4.1,NaN,0.0,13.0,4.9,NaN,0.0,13.0,NaN,NaN,NaN,24.0,NaN,NaN,NaN,24.0,30.3,NaN,0.0,13.0,10.3,NaN,0.0,13.0,NaN,NaN,NaN,24.0,10.5,NaN,0.0,13.0,NaN,NaN,NaN,24.0,154.0,NaN,0.0,13.0,88.0,1.0,0.0,1.0,-8.283333333333333,15.0,0.0,0.0,0.0,0.0,0.0,0.0,0.0,0.0,0.0,0.0,1.0,0.0,0.0,0.0,0.0,0.0,NaN,NaN,NaN,38.0,NaN,NaN,NaN
81.0,NaN,-1.0,0.0,97.0,NaN,1.0,0.0,37.17,NaN,0.2,1.0,125.0,NaN,12.0,0.0,73.0,NaN,5.0,0.0,56.0,NaN,2.0,0.0,16.0,NaN,-1.0,0.0,NaN,NaN,NaN,24.0,NaN,NaN,NaN,24.0,25.0,NaN,0.0,14.0,NaN,NaN,NaN,24.0,NaN,NaN,NaN,24.0,NaN,NaN,NaN,24.0,NaN,NaN,NaN,24.0,NaN,NaN,NaN,24.0,16.0,NaN,0.0,14.0,NaN,NaN,NaN,24.0,8.7,NaN,0.0,14.0,103.0,NaN,0.0,14.0,1.0,NaN,0.0,14.0,NaN,NaN,NaN,24.0,168.0,NaN,0.0,14.0,NaN,NaN,NaN,24.0,1.8,NaN,0.0,14.0,4.1,NaN,0.0,14.0,4.9,NaN,0.0,14.0,NaN,NaN,NaN,24.0,NaN,NaN,NaN,24.0,30.3,NaN,0.0,14.0,10.3,NaN,0.0,14.0,NaN,NaN,NaN,24.0,10.5,NaN,0.0,14.0,NaN,NaN,NaN,24.0,154.0,NaN,0.0,14.0,88.0,1.0,0.0,1.0,-8.283333333333333,16.0,0.0,0.0,0.0,0.0,0.0,0.0,0.0,0.0,0.0,0.0,1.0,0.0,0.0,0.0,0.0,0.0,NaN,NaN,NaN,38.0,NaN,NaN,NaN
