57.0,NaN,NaN,24.0,100.0,NaN,NaN,24.0,36.56,NaN,NaN,24.0,145.5,NaN,NaN,24.0,104.5,NaN,NaN,24.0,81.0,NaN,NaN,24.0,10.0,NaN,NaN,24.0,NaN,NaN,NaN,24.0,NaN,NaN,NaN,24.0,NaN,NaN,NaN,24.0,NaN,NaN,NaN,24.0,NaN,NaN,NaN,24.0,NaN,NaN,NaN,24.0,NaN,NaN,NaN,24.0,NaN,NaN,NaN,24.0,NaN,NaN,NaN,24.0,NaN,NaN,NaN,24.0,NaN,NaN,NaN,24.0,NaN,NaN,NaN,24.0,NaN,NaN,NaN,24.0,NaN,NaN,NaN,24.0,NaN,NaN,NaN,24.0,NaN,NaN,NaN,24.0,NaN,NaN,NaN,24.0,NaN,NaN,NaN,24.0,NaN,NaN,NaN,24.0,NaN,NaN,NaN,24.0,NaN,NaN,NaN,24.0,NaN,NaN,NaN,24.0,NaN,NaN,NaN,24.0,NaN,NaN,NaN,24.0,NaN,NaN,NaN,24.0,NaN,NaN,NaN,24.0,NaN,NaN,NaN,24.0,50.0,1.0,0.0,1.0,-19.746944444444445,1.0,0.0,0.0,0.0,0.0,0.0,0.0,0.0,0.0,0.0,0.0,1.0,0.0,0.0,0.0,0.0,0.0,NaN,NaN,NaN,-1.0,NaN,NaN,NaN
55.0,NaN,-2.0,0.0,100.0,NaN,0.0,0.0,36.56,NaN,0.0,1.0,143.0,NaN,-2.5,0.0,103.0,NaN,-1.5,0.0,80.0,NaN,-1.0,0.0,8.0,NaN,-2.0,0.0,NaN,NaN,NaN,24.0,NaN,NaN,NaN,24.0,23.0,NaN,0.0,0.0,NaN,NaN,NaN,24.0,NaN,NaN,NaN,24.0,NaN,NaN,NaN,24.0,NaN,NaN,NaN,24.0,NaN,NaN,NaN,24.0,7.0,NaN,0.0,0.0,NaN,NaN,NaN,24.0,8.5,NaN,0.0,0.0,107.0,NaN,0.0,0.0,0.7,NaN,0.0,0.0,NaN,NaN,NaN,24.0,97.0,NaN,0.0,0.0,NaN,NaN,NaN,24.0,2.0,NaN,0.0,0.0,4.3,NaN,0.0,0.0,4.2,NaN,0.0,0.0,NaN,NaN,NaN,24.0,NaN,NaN,NaN,24.0,30.2,NaN,0.0,0.0,9.7,NaN,0.0,0.0,24.9,NaN,0.0,0.0,5.7,NaN,0.0,0.0,NaN,NaN,NaN,24.0,143.0,NaN,0.0,0.0,50.0,1.0,0.0,1.0,-19.746944444444445,2.0,0.0,0.0,0.0,0.0,0.0,1.0,0.0,0.0,0.0,0.0,1.0,0.0,0.0,0.0,0.0,0.0,NaN,NaN,NaN,-1.0,NaN,NaN,NaN
64.0,NaN,9.0,0.0,100.0,NaN,0.0,0.0,36.56,NaN,0.0,2.0,148.75,NaN,5.75,0.0,96.25,NaN,-6.75,0.0,74.0,NaN,-6.0,0.0,12.6666666666667,NaN,4.6666666666667,0.0,NaN,NaN,NaN,24.0,NaN,NaN,NaN,24.0,23.0,NaN,0.0,1.0,NaN,NaN,NaN,24.0,NaN,NaN,NaN,24.0,NaN,NaN,NaN,24.0,NaN,NaN,NaN,24.0,NaN,NaN,NaN,24.0,7.0,NaN,0.0,1.0,NaN,NaN,NaN,24.0,8.5,NaN,0.0,1.0,107.0,NaN,0.0,1.0,0.7,NaN,0.0,1.0,NaN,NaN,NaN,24.0,97.0,NaN,0.0,1.0,NaN,NaN,NaN,24.0,2.0,NaN,0.0,1.0,4.3,NaN,0.0,1.0,4.2,NaN,0.0,1.0,NaN,NaN,NaN,24.0,NaN,NaN,NaN,24.0,30.2,NaN,0.0,1.0,9.7,NaN,0.0,1.0,24.9,NaN,0.0,1.0,5.7,NaN,0.0,1.0,NaN,NaN,NaN,24.0,143.0,NaN,0.0,1.0,50.0,1.0,0.0,1.0,-19.746944444444445,3.0,0.0,0.0,0.0,0.0,0.0,0.0,0.0,0.0,0.0,0.0,1.0,0.0,0.0,0.0,0.0,0.0,NaN,NaN,NaN,-1.0,NaN,NaN,NaN
63.0,NaN,-1.0,0.0,100.0,NaN,0.0,0.0,36.56,NaN,0.0,0.0,119.0,NaN,-29.75,0.0,76.0,NaN,-20.25,0.0,57.0,NaN,-17.0,0.0,12.0,NaN,-0.6666666666666998,0.0,NaN,NaN,NaN,24.0,NaN,NaN,NaN,24.0,23.0,NaN,0.0,2.0,NaN,NaN,NaN,24.0,NaN,NaN,NaN,24.0,NaN,NaN,NaN,24.0,NaN,NaN,NaN,24.0,NaN,NaN,NaN,24.0,7.0,NaN,0.0,2.0,NaN,NaN,NaN,24.0,8.5,NaN,0.0,2.0,107.0,NaN,0.0,2.0,0.7,NaN,0.0,2.0,NaN,NaN,NaN,24.0,97.0,NaN,0.0,2.0,NaN,NaN,NaN,24.0,2.0,NaN,0.0,2.0,4.3,NaN,0.0,2.0,4.2,NaN,0.0,2.0,NaN,NaN,NaN,24.0,NaN,NaN,NaN,24.0,30.2,NaN,0.0,2.0,9.7,NaN,0.0,2.0,24.9,NaN,0.0,2.0,5.7,NaN,0.0,2.0,NaN,NaN,NaN,24.0,143.0,NaN,0.0,2.0,50.0,1.0,0.0,1.0,-19.746944444444445,4.0,0.0,0.0,0.0,0.0,0.0,0.0,0.0,0.0,0.0,0.0,1.0,0.0,0.0,0.0,0.0,0.0,NaN,NaN,NaN,-1.0,NaN,NaN,NaN
59.0,NaN,-4.0,0.0,100.0,NaN,0.0,0.0,36.56,NaN,0.0,1.0,125.0,NaN,6.0,0.0,81.0,NaN,5.0,0.0,61.0,NaN,4.0,0.0,13.0,NaN,1.0,0.0,NaN,NaN,NaN,24.0,NaN,NaN,NaN,24.0,23.0,NaN,0.0,3.0,NaN,NaN,NaN,24.0,NaN,NaN,NaN,24.0,NaN,NaN,NaN,24.0,NaN,NaN,NaN,24.0,NaN,NaN,NaN,24.0,7.0,NaN,0.0,3.0,NaN,NaN,NaN,24.0,8.5,NaN,0.0,3.0,107.0,NaN,0.0,3.0,0.7,NaN,0.0,3.0,NaN,NaN,NaN,24.0,97.0,NaN,0.0,3.0,NaN,NaN,NaN,24.0,2.0,NaN,0.0,3.0,4.3,NaN,0.0,3.0,4.2,NaN,0.0,3.0,NaN,NaN,NaN,24.0,NaN,NaN,NaN,24.0,30.2,NaN,0.0,3.0,9.7,NaN,0.0,3.0,24.9,NaN,0.0,3.0,5.7,NaN,0.0,3.0,NaN,NaN,NaN,24.0,143.0,NaN,0.0,3.0,50.0,1.0,0.0,1.0,-19.746944444444445,5.0,0.0,0.0,0.0,0.0,0.0,0.0,0.0,0.0,0.0,0.0,1.0,0.0,0.0,0.0,0.0,0.0,NaN,NaN,NaN,-1.0,NaN,NaN,NaN
59.0,NaN,0.0,0.0,100.0,NaN,0.0,0.0,36.56,NaN,0.0,2.0,131.0,NaN,6.0,0.0,87.0,NaN,6.0,0.0,66.0,NaN,5.0,0.0,13.0,NaN,0.0,0.0,NaN,NaN,NaN,24.0,NaN,NaN,NaN,24.0,23.0,NaN,0.0,4.0,NaN,NaN,NaN,24.0,NaN,NaN,NaN,24.0,NaN,NaN,NaN,24.0,NaN,NaN,NaN,24.0,NaN,NaN,NaN,24.0,7.0,NaN,0.0,4.0,NaN,NaN,NaN,24.0,8.5,NaN,0.0,4.0,107.0,NaN,0.0,4.0,0.7,NaN,0.0,4.0,NaN,NaN,NaN,24.0,97.0,NaN,0.0,4.0,NaN,NaN,NaN,24.0,2.0,NaN,0.0,4.0,4.3,NaN,0.0,4.0,4.2,NaN,0.0,4.0,NaN,NaN,NaN,24.0,NaN,NaN,NaN,24.0,30.2,NaN,0.0,4.0,9.7,NaN,0.0,4.0,24.9,NaN,0.0,4.0,5.7,NaN,0.0,4.0,NaN,NaN,NaN,24.0,143.0,NaN,0.0,4.0,50.0,1.0,0.0,1.0,-19.746944444444445,6.0,0.0,0.0,0.0,0.0,0.0,0.0,0.0,0.0,0.0,0.0,1.0,0.0,0.0,0.0,0.0,0.0,NaN,NaN,NaN,-1.0,NaN,NaN,NaN
59.0,NaN,0.0,0.0,100.0,NaN,0.0,0.0,36.56,NaN,0.0,3.0,134.0,NaN,3.0,0.0,90.0,NaN,3.0,0.0,67.0,NaN,1.0,0.0,14.0,NaN,1.0,0.0,NaN,NaN,NaN,24.0,NaN,NaN,NaN,24.0,23.0,NaN,0.0,5.0,NaN,NaN,NaN,24.0,NaN,NaN,NaN,24.0,NaN,NaN,NaN,24.0,NaN,NaN,NaN,24.0,NaN,NaN,NaN,24.0,7.0,NaN,0.0,5.0,NaN,NaN,NaN,24.0,8.5,NaN,0.0,5.0,107.0,NaN,0.0,5.0,0.7,NaN,0.0,5.0,NaN,NaN,NaN,24.0,97.0,NaN,0.0,5.0,NaN,NaN,NaN,24.0,2.0,NaN,0.0,5.0,4.3,NaN,0.0,5.0,4.2,NaN,0.0,5.0,NaN,NaN,NaN,24.0,NaN,NaN,NaN,24.0,30.2,NaN,0.0,5.0,9.7,NaN,0.0,5.0,24.9,NaN,0.0,5.0,5.7,NaN,0.0,5.0,NaN,NaN,NaN,24.0,143.0,NaN,0.0,5.0,50.0,1.0,0.0,1.0,-19.746944444444445,7.0,0.0,0.0,0.0,0.0,0.0,0.0,0.0,0.0,0.0,0.0,1.0,0.0,0.0,0.0,0.0,0.0,NaN,NaN,NaN,-1.0,NaN,NaN,NaN
59.0,NaN,0.0,0.0,100.0,NaN,0.0,0.0,36.39,NaN,-0.042500000000000426,0.0,137.0,NaN,3.0,0.0,95.0,NaN,5.0,0.0,72.0,NaN,5.0,0.0,9.0,NaN,-5.0,0.0,NaN,NaN,NaN,24.0,NaN,NaN,NaN,24.0,23.0,NaN,0.0,6.0,NaN,NaN,NaN,24.0,NaN,NaN,NaN,24.0,NaN,NaN,NaN,24.0,NaN,NaN,NaN,24.0,NaN,NaN,NaN,24.0,7.0,NaN,0.0,6.0,NaN,NaN,NaN,24.0,8.5,NaN,0.0,6.0,107.0,NaN,0.0,6.0,0.7,NaN,0.0,6.0,NaN,NaN,NaN,24.0,97.0,NaN,0.0,6.0,NaN,NaN,NaN,24.0,2.0,NaN,0.0,6.0,4.3,NaN,0.0,6.0,4.2,NaN,0.0,6.0,NaN,NaN,NaN,24.0,NaN,NaN,NaN,24.0,30.2,NaN,0.0,6.0,9.7,NaN,0.0,6.0,24.9,NaN,0.0,6.0,5.7,NaN,0.0,6.0,NaN,NaN,NaN,24.0,143.0,NaN,0.0,6.0,50.0,1.0,0.0,1.0,-19.746944444444445,8.0,0.0,0.0,0.0,0.0,0.0,0.0,0.0,0.0,0.0,0.0,1.0,0.0,0.0,0.0,0.0,0.0,NaN,NaN,NaN,-1.0,NaN,NaN,NaN
61.0,NaN,2.0,0.0,100.0,NaN,0.0,0.0,36.39,NaN,-0.03400000000000034,1.0,148.0,NaN,11.0,0.0,99.0,NaN,4.0,0.0,74.0,NaN,2.0,0.0,9.0,NaN,0.0,0.0,NaN,NaN,NaN,24.0,NaN,NaN,NaN,24.0,23.0,NaN,0.0,7.0,NaN,NaN,NaN,24.0,NaN,NaN,NaN,24.0,NaN,NaN,NaN,24.0,NaN,NaN,NaN,24.0,NaN,NaN,NaN,24.0,7.0,NaN,0.0,7.0,NaN,NaN,NaN,24.0,8.5,NaN,0.0,7.0,107.0,NaN,0.0,7.0,0.7,NaN,0.0,7.0,NaN,NaN,NaN,24.0,97.0,NaN,0.0,7.0,NaN,NaN,NaN,24.0,2.0,NaN,0.0,7.0,4.3,NaN,0.0,7.0,4.2,NaN,0.0,7.0,NaN,NaN,NaN,24.0,NaN,NaN,NaN,24.0,30.2,NaN,0.0,7.0,9.7,NaN,0.0,7.0,24.9,NaN,0.0,7.0,5.7,NaN,0.0,7.0,NaN,NaN,NaN,24.0,143.0,NaN,0.0,7.0,50.0,1.0,0.0,1.0,-19.746944444444445,9.0,0.0,0.0,0.0,0.0,0.0,0.0,0.0,0.0,0.0,0.0,1.0,0.0,0.0,0.0,0.0,0.0,NaN,NaN,NaN,-1.0,NaN,NaN,NaN
61.0,NaN,0.0,0.0,100.0,NaN,0.0,0.0,36.39,NaN,-0.028333333333333616,2.0,150.0,NaN,2.0,0.0,101.0,NaN,2.0,0.0,76.0,NaN,2.0,0.0,11.0,NaN,2.0,0.0,NaN,NaN,NaN,24.0,NaN,NaN,NaN,24.0,23.0,NaN,0.0,8.0,NaN,NaN,NaN,24.0,NaN,NaN,NaN,24.0,NaN,NaN,NaN,24.0,NaN,NaN,NaN,24.0,NaN,NaN,NaN,24.0,7.0,NaN,0.0,8.0,NaN,NaN,NaN,24.0,8.5,NaN,0.0,8.0,107.0,NaN,0.0,8.0,0.7,NaN,0.0,8.0,NaN,NaN,NaN,24.0,97.0,NaN,0.0,8.0,NaN,NaN,NaN,24.0,2.0,NaN,0.0,8.0,4.3,NaN,0.0,8.0,4.2,NaN,0.0,8.0,NaN,NaN,NaN,24.0,NaN,NaN,NaN,24.0,30.2,NaN,0.0,8.0,9.7,NaN,0.0,8.0,24.9,NaN,0.0,8.0,5.7,NaN,0.0,8.0,NaN,NaN,NaN,24.0,143.0,NaN,0.0,8.0,50.0,1.0,0.0,1.0,-19.746944444444445,10.0,0.0,0.0,0.0,0.0,0.0,0.0,0.0,0.0,0.0,0.0,1.0,0.0,0.0,0.0,0.0,0.0,NaN,NaN,NaN,-1.0,NaN,NaN,NaN
67.0,NaN,6.0,0.0,98.0,NaN,-2.0,0.0,36.39,NaN,-0.02428571428571453,3.0,140.0,NaN,-10.0,0.0,93.0,NaN,-8.0,0.0,72.0,NaN,-4.0,0.0,10.0,NaN,-1.0,0.0,NaN,NaN,NaN,24.0,NaN,NaN,NaN,24.0,23.0,NaN,0.0,9.0,NaN,NaN,NaN,24.0,NaN,NaN,NaN,24.0,NaN,NaN,NaN,24.0,NaN,NaN,NaN,24.0,NaN,NaN,NaN,24.0,7.0,NaN,0.0,9.0,NaN,NaN,NaN,24.0,8.5,NaN,0.0,9.0,107.0,NaN,0.0,9.0,0.7,NaN,0.0,9.0,NaN,NaN,NaN,24.0,97.0,NaN,0.0,9.0,NaN,NaN,NaN,24.0,2.0,NaN,0.0,9.0,4.3,NaN,0.0,9.0,4.2,NaN,0.0,9.0,NaN,NaN,NaN,24.0,NaN,NaN,NaN,24.0,30.2,NaN,0.0,9.0,9.7,NaN,0.0,9.0,24.9,NaN,0.0,9.0,5.7,NaN,0.0,9.0,NaN,NaN,NaN,24.0,143.0,NaN,0.0,9.0,50.0,1.0,0.0,1.0,-19.746944444444445,11.0,0.0,0.0,0.0,0.0,0.0,0.0,0.0,0.0,0.0,0.0,1.0,0.0,0.0,0.0,0.0,0.0,NaN,NaN,NaN,-1.0,NaN,NaN,NaN
71.0,NaN,4.0,0.0,100.0,NaN,2.0,0.0,36.94,NaN,0.1374999999999993,0.0,155.0,NaN,15.0,0.0,105.0,NaN,12.0,0.0,82.0,NaN,10.0,0.0,17.0,NaN,7.0,0.0,NaN,NaN,NaN,24.0,NaN,NaN,NaN,24.0,23.0,NaN,0.0,10.0,NaN,NaN,NaN,24.0,NaN,NaN,NaN,24.0,NaN,NaN,NaN,24.0,NaN,NaN,NaN,24.0,NaN,NaN,NaN,24.0,7.0,NaN,0.0,10.0,NaN,NaN,NaN,24.0,8.5,NaN,0.0,10.0,107.0,NaN,0.0,10.0,0.7,NaN,0.0,10.0,NaN,NaN,NaN,24.0,97.0,NaN,0.0,10.0,NaN,NaN,NaN,24.0,2.0,NaN,0.0,10.0,4.3,NaN,0.0,10.0,4.2,NaN,0.0,10.0,NaN,NaN,NaN,24.0,NaN,NaN,NaN,24.0,30.2,NaN,0.0,10.0,9.7,NaN,0.0,10.0,24.9,NaN,0.0,10.0,5.7,NaN,0.0,10.0,NaN,NaN,NaN,24.0,143.0,NaN,0.0,10.0,50.0,1.0,0.0,1.0,-19.746944444444445,12.0,0.0,0.0,0.0,0.0,0.0,0.0,0.0,0.0,0.0,0.0,1.0,0.0,0.0,0.0,0.0,0.0,NaN,NaN,NaN,-1.0,NaN,NaN,NaN
64.0,NaN,-7.0,0.0,97.0,NaN,-3.0,0.0,36.94,NaN,0.10999999999999943,1.0,128.0,NaN,-27.0,0.0,85.0,NaN,-20.0,0.0,65.0,NaN,-17.0,0.0,10.0,NaN,-7.0,0.0,NaN,NaN,NaN,24.0,NaN,NaN,NaN,24.0,23.0,NaN,0.0,11.0,NaN,NaN,NaN,24.0,NaN,NaN,NaN,24.0,NaN,NaN,NaN,24.0,NaN,NaN,NaN,24.0,NaN,NaN,NaN,24.0,7.0,NaN,0.0,11.0,NaN,NaN,NaN,24.0,8.5,NaN,0.0,11.0,107.0,NaN,0.0,11.0,0.7,NaN,0.0,11.0,NaN,NaN,NaN,24.0,97.0,NaN,0.0,11.0,NaN,NaN,NaN,24.0,2.0,NaN,0.0,11.0,4.3,NaN,0.0,11.0,4.2,NaN,0.0,11.0,NaN,NaN,NaN,24.0,NaN,NaN,NaN,24.0,30.2,NaN,0.0,11.0,9.7,NaN,0.0,11.0,24.9,NaN,0.0,11.0,5.7,NaN,0.0,11.0,NaN,NaN,NaN,24.0,143.0,NaN,0.0,11.0,50.0,1.0,0.0,1.0,-19.746944444444445,13.0,0.0,0.0,0.0,0.0,0.0,0.0,0.0,0.0,0.0,0.0,1.0,0.0,0.0,0.0,0.0,0.0,NaN,NaN,NaN,-1.0,NaN,NaN,NaN
67.0,NaN,3.0,0.0,99.0,NaN,2.0,0.0,36.94,NaN,0.09166666666666619,2.0,155.0,NaN,27.0,0.0,104.0,NaN,19.0,0.0,80.0,NaN,15.0,0.0,12.0,NaN,2.0,0.0,NaN,NaN,NaN,24.0,NaN,NaN,NaN,24.0,23.0,NaN,0.0,12.0,NaN,NaN,NaN,24.0,NaN,NaN,NaN,24.0,NaN,NaN,NaN,24.0,NaN,NaN,NaN,24.0,NaN,NaN,NaN,24.0,7.0,NaN,0.0,12.0,NaN,NaN,NaN,24.0,8.5,NaN,0.0,12.0,107.0,NaN,0.0,12.0,0.7,NaN,0.0,12.0,NaN,NaN,NaN,24.0,97.0,NaN,0.0,12.0,NaN,NaN,NaN,24.0,2.0,NaN,0.0,12.0,4.3,NaN,0.0,12.0,4.2,NaN,0.0,12.0,NaN,NaN,NaN,24.0,NaN,NaN,NaN,24.0,30.2,NaN,0.0,12.0,9.7,NaN,0.0,12.0,24.9,NaN,0.0,12.0,5.7,NaN,0.0,12.0,NaN,NaN,NaN,24.0,143.0,NaN,0.0,12.0,50.0,1.0,0.0,1.0,-19.746944444444445,14.0,0.0,0.0,0.0,0.0,0.0,0.0,0.0,0.0,0.0,0.0,1.0,0.0,0.0,0.0,0.0,0.0,NaN,NaN,NaN,-1.0,NaN,NaN,NaN
67.0,NaN,0.0,0.0,97.0,NaN,-2.0,0.0,36.94,NaN,0.07857142857142817,3.0,131.0,NaN,-24.0,0.0,89.0,NaN,-15.0,0.0,73.0,NaN,-7.0,0.0,9.0,NaN,-3.0,0.0,NaN,NaN,NaN,24.0,NaN,NaN,NaN,24.0,23.0,NaN,0.0,13.0,NaN,NaN,NaN,24.0,NaN,NaN,NaN,24.0,NaN,NaN,NaN,24.0,NaN,NaN,NaN,24.0,NaN,NaN,NaN,24.0,7.0,NaN,0.0,13.0,NaN,NaN,NaN,24.0,8.5,NaN,0.0,13.0,107.0,NaN,0.0,13.0,0.7,NaN,0.0,13.0,NaN,NaN,NaN,24.0,97.0,NaN,0.0,13.0,NaN,NaN,NaN,24.0,2.0,NaN,0.0,13.0,4.3,NaN,0.0,13.0,4.2,NaN,0.0,13.0,NaN,NaN,NaN,24.0,NaN,NaN,NaN,24.0,30.2,NaN,0.0,13.0,9.7,NaN,0.0,13.0,24.9,NaN,0.0,13.0,5.7,NaN,0.0,13.0,NaN,NaN,NaN,24.0,143.0,NaN,0.0,13.0,50.0,1.0,0.0,1.0,-19.746944444444445,15.0,0.0,0.0,0.0,0.0,0.0,0.0,0.0,0.0,0.0,0.0,1.0,0.0,0.0,0.0,0.0,0.0,NaN,NaN,NaN,-1.0,NaN,NaN,NaN
67.0,NaN,0.0,0.0,96.0,NaN,-1.0,0.0,37.33,NaN,0.09750000000000014,0.0,127.0,NaN,-4.0,0.0,93.0,NaN,4.0,0.0,81.0,NaN,8.0,0.0,14.0,NaN,5.0,0.0,NaN,NaN,NaN,24.0,NaN,NaN,NaN,24.0,23.0,NaN,0.0,14.0,NaN,NaN,NaN,24.0,NaN,NaN,NaN,24.0,NaN,NaN,NaN,24.0,NaN,NaN,NaN,24.0,NaN,NaN,NaN,24.0,7.0,NaN,0.0,14.0,NaN,NaN,NaN,24.0,8.5,NaN,0.0,14.0,107.0,NaN,0.0,14.0,0.7,NaN,0.0,14.0,NaN,NaN,NaN,24.0,97.0,NaN,0.0,14.0,NaN,NaN,NaN,24.0,2.0,NaN,0.0,14.0,4.3,NaN,0.0,14.0,4.2,NaN,0.0,14.0,NaN,NaN,NaN,24.0,NaN,NaN,NaN,24.0,30.2,NaN,0.0,14.0,9.7,NaN,0.0,14.0,24.9,NaN,0.0,14.0,5.7,NaN,0.0,14.0,NaN,NaN,NaN,24.0,143.0,NaN,0.0,14.0,50.0,1.0,0.0,1.0,-19.746944444444445,16.0,0.0,0.0,0.0,0.0,0.0,0.0,0.0,0.0,0.0,0.0,1.0,0.0,0.0,0.0,0.0,0.0,NaN,NaN,NaN,-1.0,NaN,NaN,NaN
