72.0,NaN,NaN,24.0,97.0,NaN,NaN,24.0,NaN,NaN,NaN,24.0,97.0,NaN,NaN,24.0,48.0,NaN,NaN,24.0,35.0,NaN,NaN,24.0,18.0,NaN,NaN,24.0,NaN,NaN,NaN,24.0,NaN,NaN,NaN,24.0,NaN,NaN,NaN,24.0,NaN,NaN,NaN,24.0,NaN,NaN,NaN,24.0,NaN,NaN,NaN,24.0,NaN,NaN,NaN,24.0,NaN,NaN,NaN,24.0,NaN,NaN,NaN,24.0,NaN,NaN,NaN,24.0,NaN,NaN,NaN,24.0,NaN,NaN,NaN,24.0,NaN,NaN,NaN,24.0,NaN,NaN,NaN,24.0,NaN,NaN,NaN,24.0,NaN,NaN,NaN,24.0,NaN,NaN,NaN,24.0,NaN,NaN,NaN,24.0,NaN,NaN,NaN,24.0,NaN,NaN,NaN,24.0,NaN,NaN,NaN,24.0,NaN,NaN,NaN,24.0,NaN,NaN,NaN,24.0,NaN,NaN,NaN,24.0,NaN,NaN,NaN,24.0,NaN,NaN,NaN,24.0,NaN,NaN,NaN,24.0,51.0,0.0,1.0,0.0,-28.029444444444444,1.0,0.0,0.0,0.0,0.0,0.0,0.0,0.0,1.0,0.0,0.0,1.0,0.0,0.0,0.0,0.0,0.0,NaN,NaN,NaN,0.0,NaN,NaN,NaN
66.0,NaN,-6.0,0.0,98.0,NaN,1.0,0.0,36.61,NaN,0.0,0.0,93.0,NaN,-4.0,0.0,55.0,NaN,7.0,0.0,48.0,NaN,13.0,0.0,16.0,NaN,-2.0,0.0,NaN,NaN,NaN,24.0,NaN,NaN,NaN,24.0,NaN,NaN,NaN,24.0,NaN,NaN,NaN,24.0,NaN,NaN,NaN,24.0,NaN,NaN,NaN,24.0,NaN,NaN,NaN,24.0,NaN,NaN,NaN,24.0,NaN,NaN,NaN,24.0,NaN,NaN,NaN,24.0,NaN,NaN,NaN,24.0,NaN,NaN,NaN,24.0,NaN,NaN,NaN,24.0,NaN,NaN,NaN,24.0,NaN,NaN,NaN,24.0,NaN,NaN,NaN,24.0,NaN,NaN,NaN,24.0,NaN,NaN,NaN,24.0,NaN,NaN,NaN,24.0,NaN,NaN,NaN,24.0,NaN,NaN,NaN,24.0,NaN,NaN,NaN,24.0,NaN,NaN,NaN,24.0,NaN,NaN,NaN,24.0,NaN,NaN,NaN,24.0,NaN,NaN,NaN,24.0,NaN,NaN,NaN,24.0,51.0,0.0,1.0,0.0,-28.029444444444444,2.0,0.0,0.0,0.0,0.0,0.0,0.0,0.0,1.0,0.0,0.0,1.0,0.0,0.0,0.0,0.0,0.0,NaN,NaN,NaN,0.0,NaN,NaN,NaN
64.0,NaN,-2.0,0.0,93.0,NaN,-5.0,0.0,36.61,NaN,0.0,1.0,94.0,NaN,1.0,0.0,49.0,NaN,-6.0,0.0,38.0,NaN,-10.0,0.0,15.0,NaN,-1.0,0.0,NaN,NaN,NaN,24.0,NaN,NaN,NaN,24.0,NaN,NaN,NaN,24.0,NaN,NaN,NaN,24.0,NaN,NaN,NaN,24.0,NaN,NaN,NaN,24.0,NaN,NaN,NaN,24.0,NaN,NaN,NaN,24.0,NaN,NaN,NaN,24.0,NaN,NaN,NaN,24.0,NaN,NaN,NaN,24.0,NaN,NaN,NaN,24.0,NaN,NaN,NaN,24.0,NaN,NaN,NaN,24.0,NaN,NaN,NaN,24.0,NaN,NaN,NaN,24.0,NaN,NaN,NaN,24.0,NaN,NaN,NaN,24.0,NaN,NaN,NaN,24.0,NaN,NaN,NaN,24.0,NaN,NaN,NaN,24.0,NaN,NaN,NaN,24.0,NaN,NaN,NaN,24.0,NaN,NaN,NaN,24.0,NaN,NaN,NaN,24.0,NaN,NaN,NaN,24.0,NaN,NaN,NaN,24.0,51.0,0.0,1.0,0.0,-28.029444444444444,3.0,0.0,0.0,0.0,0.0,0.0,0.0,0.0,1.0,0.0,0.0,1.0,0.0,0.0,0.0,0.0,0.0,NaN,NaN,NaN,0.0,NaN,NaN,NaN
60.0,NaN,-4.0,0.0,99.0,NaN,6.0,0.0,36.61,NaN,0.0,2.0,96.0,NaN,2.0,0.0,49.0,NaN,0.0,0.0,38.0,NaN,0.0,0.0,20.0,NaN,5.0,0.0,NaN,NaN,NaN,24.0,NaN,NaN,NaN,24.0,NaN,NaN,NaN,24.0,NaN,NaN,NaN,24.0,NaN,NaN,NaN,24.0,NaN,NaN,NaN,24.0,NaN,NaN,NaN,24.0,NaN,NaN,NaN,24.0,NaN,NaN,NaN,24.0,NaN,NaN,NaN,24.0,NaN,NaN,NaN,24.0,NaN,NaN,NaN,24.0,NaN,NaN,NaN,24.0,NaN,NaN,NaN,24.0,NaN,NaN,NaN,24.0,NaN,NaN,NaN,24.0,NaN,NaN,NaN,24.0,NaN,NaN,NaN,24.0,NaN,NaN,NaN,24.0,NaN,NaN,NaN,24.0,NaN,NaN,NaN,24.0,NaN,NaN,NaN,24.0,NaN,NaN,NaN,24.0,NaN,NaN,NaN,24.0,NaN,NaN,NaN,24.0,NaN,NaN,NaN,24.0,NaN,NaN,NaN,24.0,51.0,0.0,1.0,0.0,-28.029444444444444,4.0,0.0,0.0,0.0,0.0,0.0,0.0,0.0,1.0,0.0,0.0,1.0,0.0,0.0,0.0,0.0,0.0,NaN,NaN,NaN,0.0,NaN,NaN,NaN
62.0,NaN,2.0,0.0,98.0,NaN,-1.0,0.0,36.61,NaN,0.0,3.0,94.0,NaN,-2.0,0.0,53.0,NaN,4.0,0.0,43.0,NaN,5.0,0.0,23.0,NaN,3.0,0.0,NaN,NaN,NaN,24.0,NaN,NaN,NaN,24.0,NaN,NaN,NaN,24.0,NaN,NaN,NaN,24.0,NaN,NaN,NaN,24.0,NaN,NaN,NaN,24.0,NaN,NaN,NaN,24.0,NaN,NaN,NaN,24.0,NaN,NaN,NaN,24.0,NaN,NaN,NaN,24.0,NaN,NaN,NaN,24.0,NaN,NaN,NaN,24.0,NaN,NaN,NaN,24.0,NaN,NaN,NaN,24.0,NaN,NaN,NaN,24.0,NaN,NaN,NaN,24.0,NaN,NaN,NaN,24.0,NaN,NaN,NaN,24.0,NaN,NaN,NaN,24.0,NaN,NaN,NaN,24.0,NaN,NaN,NaN,24.0,NaN,NaN,NaN,24.0,NaN,NaN,NaN,24.0,NaN,NaN,NaN,24.0,NaN,NaN,NaN,24.0,NaN,NaN,NaN,24.0,NaN,NaN,NaN,24.0,51.0,0.0,1.0,0.0,-28.029444444444444,5.0,0.0,1.0,0.0,0.0,0.0,0.0,0.0,1.0,0.0,0.0,1.0,0.0,0.0,0.0,0.0,0.0,NaN,NaN,NaN,0.0,NaN,NaN,NaN
59.0,NaN,-3.0,0.0,100.0,NaN,2.0,0.0,36.61,NaN,0.0,4.0,96.0,NaN,2.0,0.0,58.0,NaN,5.0,0.0,48.0,NaN,5.0,0.0,25.0,NaN,2.0,0.0,NaN,NaN,NaN,24.0,NaN,NaN,NaN,24.0,NaN,NaN,NaN,24.0,NaN,NaN,NaN,24.0,NaN,NaN,NaN,24.0,NaN,NaN,NaN,24.0,NaN,NaN,NaN,24.0,NaN,NaN,NaN,24.0,NaN,NaN,NaN,24.0,NaN,NaN,NaN,24.0,NaN,NaN,NaN,24.0,NaN,NaN,NaN,24.0,NaN,NaN,NaN,24.0,NaN,NaN,NaN,24.0,NaN,NaN,NaN,24.0,NaN,NaN,NaN,24.0,NaN,NaN,NaN,24.0,NaN,NaN,NaN,24.0,NaN,NaN,NaN,24.0,NaN,NaN,NaN,24.0,NaN,NaN,NaN,24.0,NaN,NaN,NaN,24.0,NaN,NaN,NaN,24.0,NaN,NaN,NaN,24.0,NaN,NaN,NaN,24.0,NaN,NaN,NaN,24.0,NaN,NaN,NaN,24.0,51.0,0.0,1.0,0.0,-28.029444444444444,6.0,0.0,1.0,0.0,0.0,0.0,0.0,0.0,1.0,0.0,0.0,1.0,0.0,0.0,0.0,0.0,0.0,NaN,NaN,NaN,0.0,NaN,NaN,NaN
73.0,NaN,14.0,0.0,74.0,NaN,-26.0,0.0,36.89,NaN,0.05600000000000023,0.0,132.0,NaN,36.0,0.0,91.0,NaN,33.0,0.0,76.0,NaN,28.0,0.0,24.0,NaN,-1.0,0.0,NaN,NaN,NaN,24.0,NaN,NaN,NaN,24.0,NaN,NaN,NaN,24.0,NaN,NaN,NaN,24.0,NaN,NaN,NaN,24.0,NaN,NaN,NaN,24.0,NaN,NaN,NaN,24.0,NaN,NaN,NaN,24.0,NaN,NaN,NaN,24.0,NaN,NaN,NaN,24.0,NaN,NaN,NaN,24.0,NaN,NaN,NaN,24.0,NaN,NaN,NaN,24.0,NaN,NaN,NaN,24.0,NaN,NaN,NaN,24.0,NaN,NaN,NaN,24.0,NaN,NaN,NaN,24.0,NaN,NaN,NaN,24.0,NaN,NaN,NaN,24.0,NaN,NaN,NaN,24.0,NaN,NaN,NaN,24.0,NaN,NaN,NaN,24.0,NaN,NaN,NaN,24.0,NaN,NaN,NaN,24.0,NaN,NaN,NaN,24.0,NaN,NaN,NaN,24.0,NaN,NaN,NaN,24.0,51.0,0.0,1.0,0.0,-28.029444444444444,7.0,0.0,1.0,0.0,0.0,0.0,0.0,0.0,0.0,0.0,0.0,1.0,0.0,0.0,0.0,0.0,0.0,NaN,NaN,NaN,0.0,NaN,NaN,NaN
81.0,NaN,8.0,0.0,74.0,NaN,-13.0,1.0,36.89,NaN,0.046666666666666856,1.0,128.0,NaN,-4.0,0.0,66.0,NaN,-25.0,0.0,54.0,NaN,-22.0,0.0,16.0,NaN,-8.0,0.0,NaN,NaN,NaN,24.0,NaN,NaN,NaN,24.0,22.0,NaN,0.0,0.0,NaN,NaN,NaN,24.0,NaN,NaN,NaN,24.0,NaN,NaN,NaN,24.0,NaN,NaN,NaN,24.0,NaN,NaN,NaN,24.0,11.0,NaN,0.0,0.0,NaN,NaN,NaN,24.0,8.3,NaN,0.0,0.0,103.0,NaN,0.0,0.0,1.1,NaN,0.0,0.0,NaN,NaN,NaN,24.0,160.0,NaN,0.0,0.0,NaN,NaN,NaN,24.0,1.8,NaN,0.0,0.0,2.8,NaN,0.0,0.0,4.2,NaN,0.0,0.0,NaN,NaN,NaN,24.0,NaN,NaN,NaN,24.0,24.4,NaN,0.0,0.0,7.5,NaN,0.0,0.0,NaN,NaN,NaN,24.0,16.6,NaN,0.0,0.0,NaN,NaN,NaN,24.0,354.0,NaN,0.0,0.0,51.0,0.0,1.0,0.0,-28.029444444444444,8.0,0.0,0.0,0.0,1.0,0.0,0.0,0.0,0.0,0.0,0.0,1.0,0.0,0.0,0.0,0.0,0.0,NaN,NaN,NaN,0.0,NaN,NaN,NaN
119.0,NaN,38.0,0.0,74.0,NaN,-8.666666666666666,2.0,36.89,NaN,0.04000000000000016,2.0,135.0,NaN,7.0,0.0,75.0,NaN,9.0,0.0,53.0,NaN,-1.0,0.0,26.0,NaN,10.0,0.0,NaN,NaN,NaN,24.0,-6.0,NaN,0.0,0.0,22.0,NaN,0.0,1.0,NaN,NaN,NaN,24.0,7.41,NaN,0.0,0.0,24.0,NaN,0.0,0.0,NaN,NaN,NaN,24.0,NaN,NaN,NaN,24.0,11.0,NaN,0.0,1.0,NaN,NaN,NaN,24.0,8.3,NaN,0.0,1.0,103.0,NaN,0.0,1.0,1.1,NaN,0.0,1.0,NaN,NaN,NaN,24.0,160.0,NaN,0.0,1.0,1.1,NaN,0.0,0.0,1.8,NaN,0.0,1.0,2.8,NaN,0.0,1.0,4.2,NaN,0.0,1.0,NaN,NaN,NaN,24.0,NaN,NaN,NaN,24.0,24.4,NaN,0.0,1.0,7.5,NaN,0.0,1.0,NaN,NaN,NaN,24.0,16.6,NaN,0.0,1.0,NaN,NaN,NaN,24.0,354.0,NaN,0.0,1.0,51.0,0.0,1.0,0.0,-28.029444444444444,9.0,0.0,1.0,1.0,1.0,0.0,0.0,0.0,0.0,0.0,0.0,1.0,0.0,0.0,0.0,0.0,0.0,NaN,NaN,NaN,0.0,NaN,NaN,NaN
76.0,NaN,-43.0,0.0,74.0,NaN,-6.5,3.0,36.89,NaN,0.03500000000000014,3.0,108.0,NaN,-27.0,0.0,62.0,NaN,-13.0,0.0,48.0,NaN,-5.0,0.0,16.0,NaN,-10.0,0.0,NaN,NaN,NaN,24.0,-6.0,NaN,0.0,1.0,22.0,NaN,0.0,2.0,NaN,NaN,NaN,24.0,7.41,NaN,0.0,1.0,24.0,NaN,0.0,1.0,NaN,NaN,NaN,24.0,NaN,NaN,NaN,24.0,11.0,NaN,0.0,2.0,NaN,NaN,NaN,24.0,8.3,NaN,0.0,2.0,103.0,NaN,0.0,2.0,1.1,NaN,0.0,2.0,NaN,NaN,NaN,24.0,160.0,NaN,0.0,2.0,1.1,NaN,0.0,1.0,1.8,NaN,0.0,2.0,2.8,NaN,0.0,2.0,4.2,NaN,0.0,2.0,NaN,NaN,NaN,24.0,NaN,NaN,NaN,24.0,24.4,NaN,0.0,2.0,7.5,NaN,0.0,2.0,NaN,NaN,NaN,24.0,16.6,NaN,0.0,2.0,NaN,NaN,NaN,24.0,354.0,NaN,0.0,2.0,51.0,0.0,1.0,0.0,-28.029444444444444,10.0,0.0,0.0,0.0,1.0,0.0,0.0,0.0,1.0,0.0,0.0,1.0,0.0,0.0,0.0,0.0,0.0,NaN,NaN,NaN,0.0,NaN,NaN,NaN
79.0,NaN,3.0,0.0,74.0,NaN,-5.2,4.0,37.06,NaN,0.042500000000000426,0.0,153.0,NaN,45.0,0.0,88.0,NaN,26.0,0.0,68.0,NaN,20.0,0.0,20.0,NaN,4.0,0.0,NaN,NaN,NaN,24.0,-6.0,NaN,0.0,2.0,22.0,NaN,0.0,3.0,NaN,NaN,NaN,24.0,7.41,NaN,0.0,2.0,24.0,NaN,0.0,2.0,NaN,NaN,NaN,24.0,NaN,NaN,NaN,24.0,11.0,NaN,0.0,3.0,NaN,NaN,NaN,24.0,8.3,NaN,0.0,3.0,103.0,NaN,0.0,3.0,1.1,NaN,0.0,3.0,NaN,NaN,NaN,24.0,160.0,NaN,0.0,3.0,1.1,NaN,0.0,2.0,1.8,NaN,0.0,3.0,2.8,NaN,0.0,3.0,4.2,NaN,0.0,3.0,NaN,NaN,NaN,24.0,NaN,NaN,NaN,24.0,24.4,NaN,0.0,3.0,7.5,NaN,0.0,3.0,NaN,NaN,NaN,24.0,16.6,NaN,0.0,3.0,NaN,NaN,NaN,24.0,354.0,NaN,0.0,3.0,51.0,0.0,1.0,0.0,-28.029444444444444,11.0,0.0,0.0,0.0,1.0,0.0,0.0,0.0,0.0,0.0,0.0,1.0,0.0,0.0,0.0,0.0,0.0,NaN,NaN,NaN,0.0,NaN,NaN,NaN
69.0,NaN,-10.0,0.0,74.0,NaN,-4.333333333333333,5.0,37.06,NaN,0.03400000000000034,1.0,140.0,NaN,-13.0,0.0,93.0,NaN,5.0,0.0,77.0,NaN,9.0,0.0,21.0,NaN,1.0,0.0,NaN,NaN,NaN,24.0,-6.0,NaN,0.0,3.0,22.0,NaN,0.0,4.0,NaN,NaN,NaN,24.0,7.41,NaN,0.0,3.0,24.0,NaN,0.0,3.0,NaN,NaN,NaN,24.0,NaN,NaN,NaN,24.0,11.0,NaN,0.0,4.0,NaN,NaN,NaN,24.0,8.3,NaN,0.0,4.0,103.0,NaN,0.0,4.0,1.1,NaN,0.0,4.0,NaN,NaN,NaN,24.0,160.0,NaN,0.0,4.0,1.1,NaN,0.0,3.0,1.8,NaN,0.0,4.0,2.8,NaN,0.0,4.0,4.2,NaN,0.0,4.0,NaN,NaN,NaN,24.0,NaN,NaN,NaN,24.0,24.4,NaN,0.0,4.0,7.5,NaN,0.0,4.0,NaN,NaN,NaN,24.0,16.6,NaN,0.0,4.0,NaN,NaN,NaN,24.0,354.0,NaN,0.0,4.0,51.0,0.0,1.0,0.0,-28.029444444444444,12.0,0.0,1.0,0.0,1.0,0.0,0.0,0.0,0.0,0.0,0.0,1.0,0.0,0.0,0.0,0.0,0.0,NaN,NaN,NaN,0.0,NaN,NaN,NaN
73.0,NaN,4.0,0.0,74.0,NaN,-3.7142857142857144,6.0,37.06,NaN,0.028333333333333616,2.0,155.0,NaN,15.0,0.0,80.0,NaN,-13.0,0.0,57.0,NaN,-20.0,0.0,22.0,NaN,1.0,0.0,NaN,NaN,NaN,24.0,-6.0,NaN,0.0,4.0,22.0,NaN,0.0,5.0,NaN,NaN,NaN,24.0,7.41,NaN,0.0,4.0,24.0,NaN,0.0,4.0,NaN,NaN,NaN,24.0,NaN,NaN,NaN,24.0,11.0,NaN,0.0,5.0,NaN,NaN,NaN,24.0,8.3,NaN,0.0,5.0,103.0,NaN,0.0,5.0,1.1,NaN,0.0,5.0,NaN,NaN,NaN,24.0,160.0,NaN,0.0,5.0,1.1,NaN,0.0,4.0,1.8,NaN,0.0,5.0,2.8,NaN,0.0,5.0,4.2,NaN,0.0,5.0,NaN,NaN,NaN,24.0,NaN,NaN,NaN,24.0,24.4,NaN,0.0,5.0,7.5,NaN,0.0,5.0,NaN,NaN,NaN,24.0,16.6,NaN,0.0,5.0,NaN,NaN,NaN,24.0,354.0,NaN,0.0,5.0,51.0,0.0,1.0,0.0,-28.029444444444444,13.0,0.0,1.0,0.0,1.0,0.0,0.0,0.0,0.0,0.0,0.0,1.0,0.0,0.0,0.0,0.0,0.0,NaN,NaN,NaN,0.0,NaN,NaN,NaN
98.0,NaN,25.0,0.0,74.0,NaN,-3.25,7.0,37.06,NaN,0.02428571428571453,3.0,155.0,NaN,7.5,1.0,80.0,NaN,-6.5,1.0,57.0,NaN,-10.0,1.0,18.0,NaN,-4.0,0.0,NaN,NaN,NaN,24.0,-6.0,NaN,0.0,5.0,22.0,NaN,0.0,6.0,NaN,NaN,NaN,24.0,7.41,NaN,0.0,5.0,24.0,NaN,0.0,5.0,NaN,NaN,NaN,24.0,NaN,NaN,NaN,24.0,11.0,NaN,0.0,6.0,NaN,NaN,NaN,24.0,8.3,NaN,0.0,6.0,103.0,NaN,0.0,6.0,1.1,NaN,0.0,6.0,NaN,NaN,NaN,24.0,160.0,NaN,0.0,6.0,1.1,NaN,0.0,5.0,1.8,NaN,0.0,6.0,2.8,NaN,0.0,6.0,4.2,NaN,0.0,6.0,NaN,NaN,NaN,24.0,NaN,NaN,NaN,24.0,24.4,NaN,0.0,6.0,7.5,NaN,0.0,6.0,NaN,NaN,NaN,24.0,16.6,NaN,0.0,6.0,NaN,NaN,NaN,24.0,354.0,NaN,0.0,6.0,51.0,0.0,1.0,0.0,-28.029444444444444,14.0,0.0,0.0,1.0,1.0,0.0,0.0,0.0,0.0,0.0,0.0,1.0,0.0,0.0,0.0,0.0,0.0,NaN,NaN,NaN,0.0,NaN,NaN,NaN
73.0,NaN,-25.0,0.0,74.0,NaN,-2.888888888888889,8.0,36.72,NaN,-0.08500000000000085,0.0,155.0,NaN,5.0,2.0,80.0,NaN,-4.333333333333333,2.0,57.0,NaN,-6.666666666666667,2.0,18.0,NaN,0.0,0.0,NaN,NaN,NaN,24.0,-6.0,NaN,0.0,6.0,22.0,NaN,0.0,7.0,NaN,NaN,NaN,24.0,7.41,NaN,0.0,6.0,24.0,NaN,0.0,6.0,NaN,NaN,NaN,24.0,NaN,NaN,NaN,24.0,11.0,NaN,0.0,7.0,NaN,NaN,NaN,24.0,8.3,NaN,0.0,7.0,103.0,NaN,0.0,7.0,1.1,NaN,0.0,7.0,NaN,NaN,NaN,24.0,160.0,NaN,0.0,7.0,1.1,NaN,0.0,6.0,1.8,NaN,0.0,7.0,2.8,NaN,0.0,7.0,4.2,NaN,0.0,7.0,NaN,NaN,NaN,24.0,NaN,NaN,NaN,24.0,24.4,NaN,0.0,7.0,7.5,NaN,0.0,7.0,NaN,NaN,NaN,24.0,16.6,NaN,0.0,7.0,NaN,NaN,NaN,24.0,354.0,NaN,0.0,7.0,51.0,0.0,1.0,0.0,-28.029444444444444,15.0,0.0,0.0,0.0,1.0,0.0,0.0,0.0,0.0,0.0,0.0,1.0,0.0,0.0,0.0,0.0,0.0,NaN,NaN,NaN,0.0,NaN,NaN,NaN
