104.5,NaN,NaN,24.0,99.5,NaN,NaN,24.0,37.28,NaN,NaN,24.0,149.0,NaN,NaN,24.0,88.0,NaN,NaN,24.0,72.0,NaN,NaN,24.0,22.0,NaN,NaN,24.0,NaN,NaN,NaN,24.0,NaN,NaN,NaN,24.0,NaN,NaN,NaN,24.0,NaN,NaN,NaN,24.0,NaN,NaN,NaN,24.0,NaN,NaN,NaN,24.0,NaN,NaN,NaN,24.0,NaN,NaN,NaN,24.0,NaN,NaN,NaN,24.0,NaN,NaN,NaN,24.0,NaN,NaN,NaN,24.0,NaN,NaN,NaN,24.0,NaN,NaN,NaN,24.0,NaN,NaN,NaN,24.0,NaN,NaN,NaN,24.0,NaN,NaN,NaN,24.0,NaN,NaN,NaN,24.0,NaN,NaN,NaN,24.0,NaN,NaN,NaN,24.0,NaN,NaN,NaN,24.0,NaN,NaN,NaN,24.0,NaN,NaN,NaN,24.0,NaN,NaN,NaN,24.0,NaN,NaN,NaN,24.0,NaN,NaN,NaN,24.0,NaN,NaN,NaN,24.0,NaN,NaN,NaN,24.0,52.0,0.0,0.0,1.0,-6.033333333333333,1.0,0.0,1.0,1.0,0.0,0.0,0.0,0.0,0.0,0.0,0.0,1.0,0.0,0.0,NaN,0.0,0.0,NaN,NaN,NaN,NaN,NaN,NaN,NaN
102.0,NaN,-2.5,0.0,98.0,NaN,-1.5,0.0,37.28,NaN,0.0,1.0,134.0,NaN,-15.0,0.0,85.0,NaN,-3.0,0.0,71.0,NaN,-1.0,0.0,23.0,NaN,1.0,0.0,NaN,NaN,NaN,24.0,NaN,NaN,NaN,24.0,NaN,NaN,NaN,24.0,NaN,NaN,NaN,24.0,NaN,NaN,NaN,24.0,NaN,NaN,NaN,24.0,NaN,NaN,NaN,24.0,NaN,NaN,NaN,24.0,NaN,NaN,NaN,24.0,NaN,NaN,NaN,24.0,NaN,NaN,NaN,24.0,NaN,NaN,NaN,24.0,NaN,NaN,NaN,24.0,NaN,NaN,NaN,24.0,NaN,NaN,NaN,24.0,NaN,NaN,NaN,24.0,NaN,NaN,NaN,24.0,NaN,NaN,NaN,24.0,NaN,NaN,NaN,24.0,NaN,NaN,NaN,24.0,NaN,NaN,NaN,24.0,NaN,NaN,NaN,24.0,NaN,NaN,NaN,24.0,NaN,NaN,NaN,24.0,NaN,NaN,NaN,24.0,NaN,NaN,NaN,24.0,NaN,NaN,NaN,24.0,52.0,0.0,0.0,1.0,-6.033333333333333,2.0,0.0,1.0,1.0,0.0,0.0,0.0,0.0,0.0,0.0,0.0,1.0,0.0,0.0,NaN,0.0,0.0,NaN,NaN,NaN,NaN,NaN,NaN,NaN
104.0,NaN,2.0,0.0,96.0,NaN,-2.0,0.0,37.28,NaN,0.0,2.0,142.0,NaN,8.0,0.0,86.0,NaN,1.0,0.0,70.0,NaN,-1.0,0.0,20.0,NaN,-3.0,0.0,NaN,NaN,NaN,24.0,NaN,NaN,NaN,24.0,NaN,NaN,NaN,24.0,NaN,NaN,NaN,24.0,NaN,NaN,NaN,24.0,NaN,NaN,NaN,24.0,NaN,NaN,NaN,24.0,NaN,NaN,NaN,24.0,NaN,NaN,NaN,24.0,NaN,NaN,NaN,24.0,NaN,NaN,NaN,24.0,NaN,NaN,NaN,24.0,NaN,NaN,NaN,24.0,NaN,NaN,NaN,24.0,NaN,NaN,NaN,24.0,NaN,NaN,NaN,24.0,NaN,NaN,NaN,24.0,NaN,NaN,NaN,24.0,NaN,NaN,NaN,24.0,NaN,NaN,NaN,24.0,NaN,NaN,NaN,24.0,NaN,NaN,NaN,24.0,NaN,NaN,NaN,24.0,NaN,NaN,NaN,24.0,NaN,NaN,NaN,24.0,NaN,NaN,NaN,24.0,NaN,NaN,NaN,24.0,52.0,0.0,0.0,1.0,-6.033333333333333,3.0,0.0,0.0,1.0,0.0,0.0,0.0,0.0,0.0,0.0,0.0,1.0,0.0,0.0,NaN,0.0,0.0,NaN,NaN,NaN,NaN,NaN,NaN,NaN
111.0,NaN,7.0,0.0,95.0,NaN,-1.0,0.0,36.89,NaN,-0.1300000000000002,0.0,137.0,NaN,-5.0,0.0,85.0,NaN,-1.0,0.0,69.0,NaN,-1.0,0.0,19.0,NaN,-1.0,0.0,NaN,NaN,NaN,24.0,NaN,NaN,NaN,24.0,NaN,NaN,NaN,24.0,NaN,NaN,NaN,24.0,NaN,NaN,NaN,24.0,NaN,NaN,NaN,24.0,NaN,NaN,NaN,24.0,NaN,NaN,NaN,24.0,NaN,NaN,NaN,24.0,NaN,NaN,NaN,24.0,NaN,NaN,NaN,24.0,NaN,NaN,NaN,24.0,NaN,NaN,NaN,24.0,NaN,NaN,NaN,24.0,NaN,NaN,NaN,24.0,NaN,NaN,NaN,24.0,NaN,NaN,NaN,24.0,NaN,NaN,NaN,24.0,NaN,NaN,NaN,24.0,NaN,NaN,NaN,24.0,NaN,NaN,NaN,24.0,NaN,NaN,NaN,24.0,NaN,NaN,NaN,24.0,NaN,NaN,NaN,24.0,NaN,NaN,NaN,24.0,NaN,NaN,NaN,24.0,NaN,NaN,NaN,24.0,52.0,0.0,0.0,1.0,-6.033333333333333,4.0,0.0,0.0,1.0,0.0,0.0,0.0,0.0,0.0,0.0,0.0,1.0,0.0,0.0,NaN,0.0,0.0,NaN,NaN,NaN,NaN,NaN,NaN,NaN
98.0,NaN,-13.0,0.0,95.0,NaN,0.0,0.0,36.89,NaN,-0.09750000000000014,1.0,128.0,NaN,-9.0,0.0,75.0,NaN,-10.0,0.0,61.0,NaN,-8.0,0.0,19.0,NaN,0.0,0.0,NaN,NaN,NaN,24.0,NaN,NaN,NaN,24.0,24.0,NaN,0.0,0.0,NaN,NaN,NaN,24.0,NaN,NaN,NaN,24.0,NaN,NaN,NaN,24.0,NaN,NaN,NaN,24.0,NaN,NaN,NaN,24.0,4.0,NaN,0.0,0.0,NaN,NaN,NaN,24.0,7.6,NaN,0.0,0.0,100.0,NaN,0.0,0.0,0.7,NaN,0.0,0.0,NaN,NaN,NaN,24.0,87.0,NaN,0.0,0.0,NaN,NaN,NaN,24.0,1.8,NaN,0.0,0.0,2.3,NaN,0.0,0.0,3.1,NaN,0.0,0.0,NaN,NaN,NaN,24.0,NaN,NaN,NaN,24.0,27.1,NaN,0.0,0.0,7.9,NaN,0.0,0.0,30.0,NaN,0.0,0.0,6.4,NaN,0.0,0.0,NaN,NaN,NaN,24.0,265.0,NaN,0.0,0.0,52.0,0.0,0.0,1.0,-6.033333333333333,5.0,0.0,0.0,1.0,0.0,0.0,0.0,0.0,0.0,0.0,0.0,1.0,0.0,0.0,NaN,0.0,0.0,NaN,NaN,NaN,NaN,NaN,NaN,NaN
122.0,NaN,24.0,0.0,96.0,NaN,1.0,0.0,36.89,NaN,-0.07800000000000011,2.0,138.0,NaN,10.0,0.0,109.0,NaN,34.0,0.0,104.0,NaN,43.0,0.0,20.0,NaN,1.0,0.0,NaN,NaN,NaN,24.0,NaN,NaN,NaN,24.0,24.0,NaN,0.0,1.0,NaN,NaN,NaN,24.0,NaN,NaN,NaN,24.0,NaN,NaN,NaN,24.0,NaN,NaN,NaN,24.0,NaN,NaN,NaN,24.0,4.0,NaN,0.0,1.0,NaN,NaN,NaN,24.0,7.6,NaN,0.0,1.0,100.0,NaN,0.0,1.0,0.7,NaN,0.0,1.0,NaN,NaN,NaN,24.0,87.0,NaN,0.0,1.0,NaN,NaN,NaN,24.0,1.8,NaN,0.0,1.0,2.3,NaN,0.0,1.0,3.1,NaN,0.0,1.0,NaN,NaN,NaN,24.0,NaN,NaN,NaN,24.0,27.1,NaN,0.0,1.0,7.9,NaN,0.0,1.0,30.0,NaN,0.0,1.0,6.4,NaN,0.0,1.0,NaN,NaN,NaN,24.0,265.0,NaN,0.0,1.0,52.0,0.0,0.0,1.0,-6.033333333333333,6.0,0.0,0.0,1.0,0.0,0.0,0.0,0.0,0.0,0.0,0.0,1.0,0.0,0.0,NaN,0.0,0.0,NaN,NaN,NaN,NaN,NaN,NaN,NaN
114.0,NaN,-8.0,0.0,98.0,NaN,2.0,0.0,36.89,NaN,-0.0650000000000001,3.0,147.0,NaN,9.0,0.0,85.0,NaN,-24.0,0.0,71.0,NaN,-33.0,0.0,26.0,NaN,6.0,0.0,NaN,NaN,NaN,24.0,NaN,NaN,NaN,24.0,24.0,NaN,0.0,2.0,NaN,NaN,NaN,24.0,NaN,NaN,NaN,24.0,NaN,NaN,NaN,24.0,NaN,NaN,NaN,24.0,NaN,NaN,NaN,24.0,4.0,NaN,0.0,2.0,NaN,NaN,NaN,24.0,7.6,NaN,0.0,2.0,100.0,NaN,0.0,2.0,0.7,NaN,0.0,2.0,NaN,NaN,NaN,24.0,87.0,NaN,0.0,2.0,NaN,NaN,NaN,24.0,1.8,NaN,0.0,2.0,2.3,NaN,0.0,2.0,3.1,NaN,0.0,2.0,NaN,NaN,NaN,24.0,NaN,NaN,NaN,24.0,27.1,NaN,0.0,2.0,7.9,NaN,0.0,2.0,30.0,NaN,0.0,2.0,6.4,NaN,0.0,2.0,NaN,NaN,NaN,24.0,265.0,NaN,0.0,2.0,52.0,0.0,0.0,1.0,-6.033333333333333,7.0,0.0,1.0,1.0,0.0,0.0,0.0,0.0,0.0,0.0,0.0,1.0,0.0,0.0,NaN,0.0,0.0,NaN,NaN,NaN,NaN,NaN,NaN,NaN
115.0,NaN,1.0,0.0,94.0,NaN,-4.0,0.0,37.22,NaN,0.08249999999999957,0.0,84.0,NaN,-63.0,0.0,74.0,NaN,-11.0,0.0,70.0,NaN,-1.0,0.0,30.0,NaN,4.0,0.0,NaN,NaN,NaN,24.0,NaN,NaN,NaN,24.0,24.0,NaN,0.0,3.0,NaN,NaN,NaN,24.0,NaN,NaN,NaN,24.0,NaN,NaN,NaN,24.0,NaN,NaN,NaN,24.0,NaN,NaN,NaN,24.0,4.0,NaN,0.0,3.0,NaN,NaN,NaN,24.0,7.6,NaN,0.0,3.0,100.0,NaN,0.0,3.0,0.7,NaN,0.0,3.0,NaN,NaN,NaN,24.0,87.0,NaN,0.0,3.0,NaN,NaN,NaN,24.0,1.8,NaN,0.0,3.0,2.3,NaN,0.0,3.0,3.1,NaN,0.0,3.0,NaN,NaN,NaN,24.0,NaN,NaN,NaN,24.0,27.1,NaN,0.0,3.0,7.9,NaN,0.0,3.0,30.0,NaN,0.0,3.0,6.4,NaN,0.0,3.0,NaN,NaN,NaN,24.0,265.0,NaN,0.0,3.0,52.0,0.0,0.0,1.0,-6.033333333333333,8.0,0.0,1.0,1.0,0.0,0.0,0.0,0.0,1.0,0.0,0.0,1.0,0.0,0.0,NaN,0.0,0.0,NaN,NaN,NaN,NaN,NaN,NaN,NaN
113.0,NaN,-2.0,0.0,96.0,NaN,2.0,0.0,37.22,NaN,0.06599999999999966,1.0,153.0,NaN,69.0,0.0,90.0,NaN,16.0,0.0,70.0,NaN,0.0,0.0,19.0,NaN,-11.0,0.0,NaN,NaN,NaN,24.0,NaN,NaN,NaN,24.0,24.0,NaN,0.0,4.0,NaN,NaN,NaN,24.0,NaN,NaN,NaN,24.0,NaN,NaN,NaN,24.0,NaN,NaN,NaN,24.0,NaN,NaN,NaN,24.0,4.0,NaN,0.0,4.0,NaN,NaN,NaN,24.0,7.6,NaN,0.0,4.0,100.0,NaN,0.0,4.0,0.7,NaN,0.0,4.0,NaN,NaN,NaN,24.0,87.0,NaN,0.0,4.0,NaN,NaN,NaN,24.0,1.8,NaN,0.0,4.0,2.3,NaN,0.0,4.0,3.1,NaN,0.0,4.0,NaN,NaN,NaN,24.0,NaN,NaN,NaN,24.0,27.1,NaN,0.0,4.0,7.9,NaN,0.0,4.0,30.0,NaN,0.0,4.0,6.4,NaN,0.0,4.0,NaN,NaN,NaN,24.0,265.0,NaN,0.0,4.0,52.0,0.0,0.0,1.0,-6.033333333333333,9.0,0.0,0.0,1.0,0.0,0.0,0.0,0.0,0.0,0.0,0.0,1.0,0.0,0.0,NaN,0.0,0.0,NaN,NaN,NaN,NaN,NaN,NaN,NaN
110.0,NaN,-3.0,0.0,95.0,NaN,-1.0,0.0,37.22,NaN,0.054999999999999716,2.0,130.0,NaN,-23.0,0.0,81.0,NaN,-9.0,0.0,66.0,NaN,-4.0,0.0,19.0,NaN,0.0,0.0,NaN,NaN,NaN,24.0,NaN,NaN,NaN,24.0,24.0,NaN,0.0,5.0,NaN,NaN,NaN,24.0,NaN,NaN,NaN,24.0,NaN,NaN,NaN,24.0,NaN,NaN,NaN,24.0,NaN,NaN,NaN,24.0,4.0,NaN,0.0,5.0,NaN,NaN,NaN,24.0,7.6,NaN,0.0,5.0,100.0,NaN,0.0,5.0,0.7,NaN,0.0,5.0,NaN,NaN,NaN,24.0,87.0,NaN,0.0,5.0,NaN,NaN,NaN,24.0,1.8,NaN,0.0,5.0,2.3,NaN,0.0,5.0,3.1,NaN,0.0,5.0,NaN,NaN,NaN,24.0,NaN,NaN,NaN,24.0,27.1,NaN,0.0,5.0,7.9,NaN,0.0,5.0,30.0,NaN,0.0,5.0,6.4,NaN,0.0,5.0,NaN,NaN,NaN,24.0,265.0,NaN,0.0,5.0,52.0,0.0,0.0,1.0,-6.033333333333333,10.0,0.0,0.0,1.0,0.0,0.0,0.0,0.0,0.0,0.0,0.0,1.0,0.0,0.0,NaN,0.0,0.0,NaN,NaN,NaN,NaN,NaN,NaN,NaN
115.0,NaN,5.0,0.0,94.0,NaN,-1.0,0.0,37.22,NaN,0.047142857142856896,3.0,155.0,NaN,25.0,0.0,92.0,NaN,11.0,0.0,69.0,NaN,3.0,0.0,21.0,NaN,2.0,0.0,NaN,NaN,NaN,24.0,NaN,NaN,NaN,24.0,24.0,NaN,0.0,6.0,NaN,NaN,NaN,24.0,NaN,NaN,NaN,24.0,NaN,NaN,NaN,24.0,NaN,NaN,NaN,24.0,NaN,NaN,NaN,24.0,4.0,NaN,0.0,6.0,NaN,NaN,NaN,24.0,7.6,NaN,0.0,6.0,100.0,NaN,0.0,6.0,0.7,NaN,0.0,6.0,NaN,NaN,NaN,24.0,87.0,NaN,0.0,6.0,NaN,NaN,NaN,24.0,1.8,NaN,0.0,6.0,2.3,NaN,0.0,6.0,3.1,NaN,0.0,6.0,NaN,NaN,NaN,24.0,NaN,NaN,NaN,24.0,27.1,NaN,0.0,6.0,7.9,NaN,0.0,6.0,30.0,NaN,0.0,6.0,6.4,NaN,0.0,6.0,NaN,NaN,NaN,24.0,265.0,NaN,0.0,6.0,52.0,0.0,0.0,1.0,-6.033333333333333,11.0,0.0,1.0,1.0,0.0,0.0,0.0,0.0,0.0,0.0,0.0,1.0,0.0,0.0,NaN,0.0,0.0,NaN,NaN,NaN,NaN,NaN,NaN,NaN
112.0,NaN,-3.0,0.0,95.0,NaN,1.0,0.0,37.28,NaN,0.015000000000000568,0.0,155.0,NaN,12.5,1.0,92.0,NaN,5.5,1.0,69.0,NaN,1.5,1.0,19.0,NaN,-2.0,0.0,NaN,NaN,NaN,24.0,NaN,NaN,NaN,24.0,24.0,NaN,0.0,7.0,NaN,NaN,NaN,24.0,NaN,NaN,NaN,24.0,NaN,NaN,NaN,24.0,NaN,NaN,NaN,24.0,NaN,NaN,NaN,24.0,4.0,NaN,0.0,7.0,NaN,NaN,NaN,24.0,7.6,NaN,0.0,7.0,100.0,NaN,0.0,7.0,0.7,NaN,0.0,7.0,NaN,NaN,NaN,24.0,87.0,NaN,0.0,7.0,NaN,NaN,NaN,24.0,1.8,NaN,0.0,7.0,2.3,NaN,0.0,7.0,3.1,NaN,0.0,7.0,NaN,NaN,NaN,24.0,NaN,NaN,NaN,24.0,27.1,NaN,0.0,7.0,7.9,NaN,0.0,7.0,30.0,NaN,0.0,7.0,6.4,NaN,0.0,7.0,NaN,NaN,NaN,24.0,265.0,NaN,0.0,7.0,52.0,0.0,0.0,1.0,-6.033333333333333,12.0,0.0,0.0,1.0,0.0,0.0,0.0,0.0,0.0,0.0,0.0,1.0,0.0,0.0,NaN,0.0,0.0,NaN,NaN,NaN,NaN,NaN,NaN,NaN
114.0,NaN,2.0,0.0,94.0,NaN,-1.0,0.0,37.28,NaN,0.012000000000000455,1.0,165.0,NaN,5.0,0.0,87.0,NaN,-2.5,0.0,71.0,NaN,1.0,0.0,26.0,NaN,7.0,0.0,NaN,NaN,NaN,24.0,NaN,NaN,NaN,24.0,24.0,NaN,0.0,8.0,NaN,NaN,NaN,24.0,NaN,NaN,NaN,24.0,NaN,NaN,NaN,24.0,NaN,NaN,NaN,24.0,NaN,NaN,NaN,24.0,4.0,NaN,0.0,8.0,NaN,NaN,NaN,24.0,7.6,NaN,0.0,8.0,100.0,NaN,0.0,8.0,0.7,NaN,0.0,8.0,NaN,NaN,NaN,24.0,87.0,NaN,0.0,8.0,NaN,NaN,NaN,24.0,1.8,NaN,0.0,8.0,2.3,NaN,0.0,8.0,3.1,NaN,0.0,8.0,NaN,NaN,NaN,24.0,NaN,NaN,NaN,24.0,27.1,NaN,0.0,8.0,7.9,NaN,0.0,8.0,30.0,NaN,0.0,8.0,6.4,NaN,0.0,8.0,NaN,NaN,NaN,24.0,265.0,NaN,0.0,8.0,52.0,0.0,0.0,1.0,-6.033333333333333,13.0,0.0,1.0,1.0,0.0,0.0,0.0,0.0,0.0,0.0,0.0,1.0,0.0,0.0,NaN,0.0,0.0,NaN,NaN,NaN,NaN,NaN,NaN,NaN
114.0,NaN,1.0,1.0,94.0,NaN,-0.5,1.0,37.28,NaN,0.010000000000000378,2.0,165.0,NaN,3.3333333333333335,1.0,87.0,NaN,-1.6666666666666667,1.0,71.0,NaN,0.6666666666666666,1.0,26.0,NaN,3.5,1.0,NaN,NaN,NaN,24.0,NaN,NaN,NaN,24.0,24.0,NaN,0.0,9.0,NaN,NaN,NaN,24.0,NaN,NaN,NaN,24.0,NaN,NaN,NaN,24.0,NaN,NaN,NaN,24.0,NaN,NaN,NaN,24.0,4.0,NaN,0.0,9.0,NaN,NaN,NaN,24.0,7.6,NaN,0.0,9.0,100.0,NaN,0.0,9.0,0.7,NaN,0.0,9.0,NaN,NaN,NaN,24.0,87.0,NaN,0.0,9.0,NaN,NaN,NaN,24.0,1.8,NaN,0.0,9.0,2.3,NaN,0.0,9.0,3.1,NaN,0.0,9.0,NaN,NaN,NaN,24.0,NaN,NaN,NaN,24.0,26.2,NaN,-0.10000000000000024,0.0,7.6,NaN,-0.03333333333333341,0.0,30.0,NaN,0.0,9.0,7.3,NaN,0.09999999999999994,0.0,NaN,NaN,NaN,24.0,261.0,NaN,-0.4444444444444444,0.0,52.0,0.0,0.0,1.0,-6.033333333333333,14.0,0.0,1.0,1.0,0.0,0.0,0.0,0.0,0.0,0.0,0.0,1.0,0.0,0.0,NaN,0.0,0.0,NaN,NaN,NaN,NaN,NaN,NaN,NaN
