97.0,NaN,NaN,24.0,100.0,NaN,NaN,24.0,39.06,NaN,NaN,24.0,106.0,NaN,NaN,24.0,90.0,NaN,NaN,24.0,84.0,NaN,NaN,24.0,14.0,NaN,NaN,24.0,NaN,NaN,NaN,24.0,NaN,NaN,NaN,24.0,NaN,NaN,NaN,24.0,NaN,NaN,NaN,24.0,NaN,NaN,NaN,24.0,NaN,NaN,NaN,24.0,NaN,NaN,NaN,24.0,NaN,NaN,NaN,24.0,NaN,NaN,NaN,24.0,NaN,NaN,NaN,24.0,NaN,NaN,NaN,24.0,NaN,NaN,NaN,24.0,NaN,NaN,NaN,24.0,NaN,NaN,NaN,24.0,NaN,NaN,NaN,24.0,NaN,NaN,NaN,24.0,NaN,NaN,NaN,24.0,NaN,NaN,NaN,24.0,NaN,NaN,NaN,24.0,NaN,NaN,NaN,24.0,NaN,NaN,NaN,24.0,NaN,NaN,NaN,24.0,NaN,NaN,NaN,24.0,NaN,NaN,NaN,24.0,NaN,NaN,NaN,24.0,NaN,NaN,NaN,24.0,NaN,NaN,NaN,24.0,69.0,1.0,1.0,0.0,-6.033333333333333,1.0,1.0,0.0,1.0,0.0,0.0,0.0,0.0,0.0,0.0,0.0,1.0,0.0,1.0,1.0,0.0,0.0,NaN,7.0,7.0,7.0,NaN,NaN,NaN
97.0,NaN,0.0,0.0,100.0,NaN,0.0,0.0,39.06,NaN,0.0,1.0,100.0,NaN,-6.0,0.0,65.0,NaN,-25.0,0.0,54.0,NaN,-30.0,0.0,16.0,NaN,2.0,0.0,NaN,NaN,NaN,24.0,NaN,NaN,NaN,24.0,NaN,NaN,NaN,24.0,NaN,NaN,NaN,24.0,NaN,NaN,NaN,24.0,NaN,NaN,NaN,24.0,NaN,NaN,NaN,24.0,NaN,NaN,NaN,24.0,NaN,NaN,NaN,24.0,NaN,NaN,NaN,24.0,NaN,NaN,NaN,24.0,NaN,NaN,NaN,24.0,NaN,NaN,NaN,24.0,NaN,NaN,NaN,24.0,NaN,NaN,NaN,24.0,NaN,NaN,NaN,24.0,NaN,NaN,NaN,24.0,NaN,NaN,NaN,24.0,NaN,NaN,NaN,24.0,NaN,NaN,NaN,24.0,NaN,NaN,NaN,24.0,NaN,NaN,NaN,24.0,NaN,NaN,NaN,24.0,NaN,NaN,NaN,24.0,NaN,NaN,NaN,24.0,NaN,NaN,NaN,24.0,NaN,NaN,NaN,24.0,69.0,1.0,1.0,0.0,-6.033333333333333,2.0,1.0,0.0,1.0,0.0,0.0,0.0,0.0,1.0,0.0,0.0,1.0,0.0,1.0,1.0,0.0,0.0,NaN,7.0,7.0,7.0,NaN,NaN,NaN
103.0,NaN,6.0,0.0,99.0,NaN,-1.0,0.0,39.06,NaN,0.0,2.0,119.0,NaN,19.0,0.0,73.0,NaN,8.0,0.0,59.0,NaN,5.0,0.0,16.0,NaN,0.0,0.0,NaN,NaN,NaN,24.0,NaN,NaN,NaN,24.0,NaN,NaN,NaN,24.0,NaN,NaN,NaN,24.0,NaN,NaN,NaN,24.0,NaN,NaN,NaN,24.0,NaN,NaN,NaN,24.0,NaN,NaN,NaN,24.0,NaN,NaN,NaN,24.0,NaN,NaN,NaN,24.0,NaN,NaN,NaN,24.0,NaN,NaN,NaN,24.0,NaN,NaN,NaN,24.0,NaN,NaN,NaN,24.0,NaN,NaN,NaN,24.0,NaN,NaN,NaN,24.0,NaN,NaN,NaN,24.0,NaN,NaN,NaN,24.0,NaN,NaN,NaN,24.0,NaN,NaN,NaN,24.0,NaN,NaN,NaN,24.0,NaN,NaN,NaN,24.0,NaN,NaN,NaN,24.0,NaN,NaN,NaN,24.0,NaN,NaN,NaN,24.0,NaN,NaN,NaN,24.0,NaN,NaN,NaN,24.0,69.0,1.0,1.0,0.0,-6.033333333333333,3.0,1.0,0.0,1.0,0.0,0.0,0.0,0.0,0.0,0.0,0.0,1.0,0.0,1.0,1.0,0.0,0.0,NaN,7.0,7.0,7.0,NaN,NaN,NaN
99.0,NaN,-4.0,0.0,95.0,NaN,-4.0,0.0,38.28,NaN,-0.2600000000000004,0.0,100.0,NaN,-19.0,0.0,69.0,NaN,-4.0,0.0,60.0,NaN,1.0,0.0,21.0,NaN,5.0,0.0,NaN,NaN,NaN,24.0,NaN,NaN,NaN,24.0,19.0,NaN,0.0,0.0,NaN,NaN,NaN,24.0,NaN,NaN,NaN,24.0,NaN,NaN,NaN,24.0,NaN,NaN,NaN,24.0,NaN,NaN,NaN,24.0,21.0,NaN,0.0,0.0,NaN,NaN,NaN,24.0,6.7,NaN,0.0,0.0,108.0,NaN,0.0,0.0,1.1,NaN,0.0,0.0,NaN,NaN,NaN,24.0,215.0,NaN,0.0,0.0,NaN,NaN,NaN,24.0,2.4,NaN,0.0,0.0,1.4,NaN,0.0,0.0,3.0,NaN,0.0,0.0,NaN,NaN,NaN,24.0,NaN,NaN,NaN,24.0,20.0,NaN,0.0,0.0,6.2,NaN,0.0,0.0,28.4,NaN,0.0,0.0,1.5,NaN,0.0,0.0,NaN,NaN,NaN,24.0,36.0,NaN,0.0,0.0,69.0,1.0,1.0,0.0,-6.033333333333333,4.0,1.0,1.0,1.0,1.0,0.0,3.0,0.0,0.0,0.0,0.0,1.0,1.0,1.0,1.0,0.0,0.0,NaN,7.0,7.0,7.0,NaN,NaN,NaN
100.0,NaN,1.0,0.0,88.0,NaN,-7.0,0.0,38.28,NaN,-0.19500000000000028,1.0,101.0,NaN,1.0,0.0,68.0,NaN,-1.0,0.0,57.0,NaN,-3.0,0.0,26.0,NaN,5.0,0.0,NaN,NaN,NaN,24.0,NaN,NaN,NaN,24.0,19.0,NaN,0.0,1.0,NaN,NaN,NaN,24.0,NaN,NaN,NaN,24.0,NaN,NaN,NaN,24.0,NaN,NaN,NaN,24.0,NaN,NaN,NaN,24.0,21.0,NaN,0.0,1.0,NaN,NaN,NaN,24.0,6.7,NaN,0.0,1.0,108.0,NaN,0.0,1.0,1.1,NaN,0.0,1.0,NaN,NaN,NaN,24.0,215.0,NaN,0.0,1.0,NaN,NaN,NaN,24.0,2.4,NaN,0.0,1.0,1.4,NaN,0.0,1.0,3.0,NaN,0.0,1.0,NaN,NaN,NaN,24.0,NaN,NaN,NaN,24.0,20.0,NaN,0.0,1.0,6.2,NaN,0.0,1.0,28.4,NaN,0.0,1.0,1.5,NaN,0.0,1.0,NaN,NaN,NaN,24.0,36.0,NaN,0.0,1.0,69.0,1.0,1.0,0.0,-6.033333333333333,5.0,1.0,1.0,1.0,1.0,0.0,0.0,0.0,0.0,0.0,0.0,1.0,1.0,1.0,1.0,0.0,0.0,NaN,7.0,7.0,7.0,NaN,NaN,NaN
95.0,NaN,-5.0,0.0,94.0,NaN,6.0,0.0,38.28,NaN,-0.15600000000000022,2.0,111.0,NaN,10.0,0.0,72.0,NaN,4.0,0.0,61.0,NaN,4.0,0.0,15.0,NaN,-11.0,0.0,NaN,NaN,NaN,24.0,NaN,NaN,NaN,24.0,19.0,NaN,0.0,2.0,NaN,NaN,NaN,24.0,NaN,NaN,NaN,24.0,NaN,NaN,NaN,24.0,NaN,NaN,NaN,24.0,NaN,NaN,NaN,24.0,21.0,NaN,0.0,2.0,NaN,NaN,NaN,24.0,6.7,NaN,0.0,2.0,108.0,NaN,0.0,2.0,1.1,NaN,0.0,2.0,NaN,NaN,NaN,24.0,215.0,NaN,0.0,2.0,NaN,NaN,NaN,24.0,2.4,NaN,0.0,2.0,1.4,NaN,0.0,2.0,3.0,NaN,0.0,2.0,NaN,NaN,NaN,24.0,NaN,NaN,NaN,24.0,20.0,NaN,0.0,2.0,6.2,NaN,0.0,2.0,28.4,NaN,0.0,2.0,1.5,NaN,0.0,2.0,NaN,NaN,NaN,24.0,36.0,NaN,0.0,2.0,69.0,1.0,1.0,0.0,-6.033333333333333,6.0,1.0,0.0,1.0,1.0,0.0,0.0,0.0,0.0,0.0,0.0,1.0,1.0,1.0,1.0,0.0,0.0,NaN,7.0,7.0,7.0,NaN,NaN,NaN
98.0,NaN,3.0,0.0,96.0,NaN,2.0,0.0,38.28,NaN,-0.1300000000000002,3.0,104.0,NaN,-7.0,0.0,72.0,NaN,0.0,0.0,62.0,NaN,1.0,0.0,24.0,NaN,9.0,0.0,NaN,NaN,NaN,24.0,NaN,NaN,NaN,24.0,19.0,NaN,0.0,3.0,NaN,NaN,NaN,24.0,NaN,NaN,NaN,24.0,NaN,NaN,NaN,24.0,NaN,NaN,NaN,24.0,NaN,NaN,NaN,24.0,21.0,NaN,0.0,3.0,NaN,NaN,NaN,24.0,6.7,NaN,0.0,3.0,108.0,NaN,0.0,3.0,1.1,NaN,0.0,3.0,NaN,NaN,NaN,24.0,215.0,NaN,0.0,3.0,NaN,NaN,NaN,24.0,2.4,NaN,0.0,3.0,1.4,NaN,0.0,3.0,3.0,NaN,0.0,3.0,NaN,NaN,NaN,24.0,NaN,NaN,NaN,24.0,20.0,NaN,0.0,3.0,6.2,NaN,0.0,3.0,28.4,NaN,0.0,3.0,1.5,NaN,0.0,3.0,NaN,NaN,NaN,24.0,36.0,NaN,0.0,3.0,69.0,1.0,1.0,0.0,-6.033333333333333,7.0,1.0,1.0,1.0,1.0,0.0,0.0,0.0,0.0,0.0,0.0,1.0,1.0,1.0,1.0,0.0,0.0,NaN,7.0,7.0,7.0,NaN,NaN,NaN
96.0,NaN,-2.0,0.0,97.0,NaN,1.0,0.0,38.17,NaN,-0.027499999999999858,0.0,102.0,NaN,-2.0,0.0,69.0,NaN,-3.0,0.0,59.0,NaN,-3.0,0.0,20.0,NaN,-4.0,0.0,NaN,NaN,NaN,24.0,NaN,NaN,NaN,24.0,19.0,NaN,0.0,4.0,NaN,NaN,NaN,24.0,NaN,NaN,NaN,24.0,NaN,NaN,NaN,24.0,NaN,NaN,NaN,24.0,NaN,NaN,NaN,24.0,21.0,NaN,0.0,4.0,NaN,NaN,NaN,24.0,6.7,NaN,0.0,4.0,108.0,NaN,0.0,4.0,1.1,NaN,0.0,4.0,NaN,NaN,NaN,24.0,215.0,NaN,0.0,4.0,NaN,NaN,NaN,24.0,2.4,NaN,0.0,4.0,1.4,NaN,0.0,4.0,3.0,NaN,0.0,4.0,NaN,NaN,NaN,24.0,NaN,NaN,NaN,24.0,20.0,NaN,0.0,4.0,6.2,NaN,0.0,4.0,28.4,NaN,0.0,4.0,1.5,NaN,0.0,4.0,NaN,NaN,NaN,24.0,36.0,NaN,0.0,4.0,69.0,1.0,1.0,0.0,-6.033333333333333,8.0,1.0,0.0,1.0,1.0,0.0,0.0,0.0,0.0,0.0,0.0,1.0,1.0,1.0,1.0,0.0,0.0,NaN,7.0,7.0,7.0,NaN,NaN,NaN
94.0,NaN,-2.0,0.0,96.0,NaN,-1.0,0.0,38.17,NaN,-0.021999999999999888,1.0,95.0,NaN,-7.0,0.0,65.0,NaN,-4.0,0.0,55.0,NaN,-4.0,0.0,17.0,NaN,-3.0,0.0,NaN,NaN,NaN,24.0,NaN,NaN,NaN,24.0,19.0,NaN,0.0,5.0,NaN,NaN,NaN,24.0,NaN,NaN,NaN,24.0,NaN,NaN,NaN,24.0,NaN,NaN,NaN,24.0,NaN,NaN,NaN,24.0,21.0,NaN,0.0,5.0,NaN,NaN,NaN,24.0,6.7,NaN,0.0,5.0,108.0,NaN,0.0,5.0,1.1,NaN,0.0,5.0,NaN,NaN,NaN,24.0,215.0,NaN,0.0,5.0,NaN,NaN,NaN,24.0,2.4,NaN,0.0,5.0,1.4,NaN,0.0,5.0,3.0,NaN,0.0,5.0,NaN,NaN,NaN,24.0,NaN,NaN,NaN,24.0,20.0,NaN,0.0,5.0,6.2,NaN,0.0,5.0,28.4,NaN,0.0,5.0,1.5,NaN,0.0,5.0,NaN,NaN,NaN,24.0,36.0,NaN,0.0,5.0,69.0,1.0,1.0,0.0,-6.033333333333333,9.0,1.0,0.0,1.0,1.0,0.0,0.0,0.0,1.0,0.0,0.0,1.0,1.0,1.0,1.0,0.0,0.0,NaN,7.0,7.0,7.0,NaN,NaN,NaN
99.0,NaN,5.0,0.0,98.0,NaN,2.0,0.0,37.83,NaN,-0.1700000000000017,0.0,102.0,NaN,7.0,0.0,60.0,NaN,-5.0,0.0,48.0,NaN,-7.0,0.0,21.0,NaN,4.0,0.0,NaN,NaN,NaN,24.0,NaN,NaN,NaN,24.0,19.0,NaN,0.0,6.0,NaN,NaN,NaN,24.0,NaN,NaN,NaN,24.0,NaN,NaN,NaN,24.0,NaN,NaN,NaN,24.0,NaN,NaN,NaN,24.0,21.0,NaN,0.0,6.0,NaN,NaN,NaN,24.0,6.7,NaN,0.0,6.0,108.0,NaN,0.0,6.0,1.1,NaN,0.0,6.0,NaN,NaN,NaN,24.0,215.0,NaN,0.0,6.0,NaN,NaN,NaN,24.0,2.4,NaN,0.0,6.0,1.4,NaN,0.0,6.0,3.0,NaN,0.0,6.0,NaN,NaN,NaN,24.0,0.04,NaN,0.0,0.0,20.0,NaN,0.0,6.0,6.2,NaN,0.0,6.0,28.4,NaN,0.0,6.0,1.5,NaN,0.0,6.0,NaN,NaN,NaN,24.0,36.0,NaN,0.0,6.0,69.0,1.0,1.0,0.0,-6.033333333333333,10.0,0.0,1.0,1.0,1.0,0.0,0.0,0.0,1.0,0.0,0.0,1.0,1.0,1.0,1.0,0.0,0.0,NaN,7.0,7.0,7.0,NaN,NaN,NaN
93.0,NaN,-6.0,0.0,97.0,NaN,-1.0,0.0,37.83,NaN,-0.11333333333333447,1.0,95.0,NaN,-7.0,0.0,66.0,NaN,6.0,0.0,58.0,NaN,10.0,0.0,15.0,NaN,-6.0,0.0,NaN,NaN,NaN,24.0,NaN,NaN,NaN,24.0,19.0,NaN,0.0,7.0,NaN,NaN,NaN,24.0,NaN,NaN,NaN,24.0,NaN,NaN,NaN,24.0,NaN,NaN,NaN,24.0,NaN,NaN,NaN,24.0,21.0,NaN,0.0,7.0,NaN,NaN,NaN,24.0,6.7,NaN,0.0,7.0,108.0,NaN,0.0,7.0,1.1,NaN,0.0,7.0,NaN,NaN,NaN,24.0,215.0,NaN,0.0,7.0,NaN,NaN,NaN,24.0,2.4,NaN,0.0,7.0,1.4,NaN,0.0,7.0,3.0,NaN,0.0,7.0,NaN,NaN,NaN,24.0,0.04,NaN,0.0,1.0,20.0,NaN,0.0,7.0,6.2,NaN,0.0,7.0,28.4,NaN,0.0,7.0,1.5,NaN,0.0,7.0,NaN,NaN,NaN,24.0,36.0,NaN,0.0,7.0,69.0,1.0,1.0,0.0,-6.033333333333333,11.0,0.0,0.0,1.0,1.0,0.0,0.0,0.0,0.0,0.0,0.0,1.0,1.0,1.0,1.0,0.0,0.0,NaN,7.0,7.0,7.0,NaN,NaN,NaN
