77.0,NaN,NaN,24.0,94.0,NaN,NaN,24.0,NaN,NaN,NaN,24.0,NaN,NaN,NaN,24.0,NaN,NaN,NaN,24.0,NaN,NaN,NaN,24.0,23.0,NaN,NaN,24.0,NaN,NaN,NaN,24.0,NaN,NaN,NaN,24.0,NaN,NaN,NaN,24.0,NaN,NaN,NaN,24.0,NaN,NaN,NaN,24.0,NaN,NaN,NaN,24.0,NaN,NaN,NaN,24.0,NaN,NaN,NaN,24.0,NaN,NaN,NaN,24.0,NaN,NaN,NaN,24.0,NaN,NaN,NaN,24.0,NaN,NaN,NaN,24.0,NaN,NaN,NaN,24.0,NaN,NaN,NaN,24.0,NaN,NaN,NaN,24.0,NaN,NaN,NaN,24.0,NaN,NaN,NaN,24.0,NaN,NaN,NaN,24.0,NaN,NaN,NaN,24.0,NaN,NaN,NaN,24.0,NaN,NaN,NaN,24.0,NaN,NaN,NaN,24.0,NaN,NaN,NaN,24.0,NaN,NaN,NaN,24.0,NaN,NaN,NaN,24.0,NaN,NaN,NaN,24.0,NaN,NaN,NaN,24.0,60.0,0.0,-1.0,-1.0,-5.098333333333334,1.0,0.0,1.0,0.0,0.0,0.0,0.0,0.0,0.0,0.0,0.0,1.0,0.0,0.0,0.0,0.0,0.0,NaN,NaN,NaN,5.0,NaN,NaN,NaN
62.3333333333333,NaN,-14.6666666666667,0.0,95.5,NaN,1.5,0.0,36.0,NaN,0.0,0.0,101.0,NaN,0.0,0.0,72.0,NaN,0.0,0.0,64.0,NaN,0.0,0.0,16.3333333333333,NaN,-6.6666666666667,0.0,NaN,NaN,NaN,24.0,NaN,NaN,NaN,24.0,NaN,NaN,NaN,24.0,NaN,NaN,NaN,24.0,NaN,NaN,NaN,24.0,NaN,NaN,NaN,24.0,NaN,NaN,NaN,24.0,NaN,NaN,NaN,24.0,NaN,NaN,NaN,24.0,NaN,NaN,NaN,24.0,NaN,NaN,NaN,24.0,NaN,NaN,NaN,24.0,NaN,NaN,NaN,24.0,NaN,NaN,NaN,24.0,NaN,NaN,NaN,24.0,NaN,NaN,NaN,24.0,NaN,NaN,NaN,24.0,NaN,NaN,NaN,24.0,NaN,NaN,NaN,24.0,NaN,NaN,NaN,24.0,NaN,NaN,NaN,24.0,NaN,NaN,NaN,24.0,NaN,NaN,NaN,24.0,NaN,NaN,NaN,24.0,NaN,NaN,NaN,24.0,NaN,NaN,NaN,24.0,NaN,NaN,NaN,24.0,60.0,0.0,-1.0,-1.0,-5.098333333333334,2.0,0.0,0.0,0.0,0.0,0.0,0.0,0.0,0.0,0.0,0.0,1.0,0.0,0.0,0.0,0.0,0.0,NaN,NaN,NaN,5.0,NaN,NaN,NaN
61.0,NaN,-1.3333333333333002,0.0,98.0,NaN,2.5,0.0,36.0,NaN,0.0,1.0,108.0,NaN,7.0,0.0,94.0,NaN,22.0,0.0,90.0,NaN,26.0,0.0,15.0,NaN,-1.3333333333333002,0.0,NaN,NaN,NaN,24.0,NaN,NaN,NaN,24.0,NaN,NaN,NaN,24.0,NaN,NaN,NaN,24.0,NaN,NaN,NaN,24.0,NaN,NaN,NaN,24.0,NaN,NaN,NaN,24.0,NaN,NaN,NaN,24.0,NaN,NaN,NaN,24.0,NaN,NaN,NaN,24.0,NaN,NaN,NaN,24.0,NaN,NaN,NaN,24.0,NaN,NaN,NaN,24.0,NaN,NaN,NaN,24.0,NaN,NaN,NaN,24.0,NaN,NaN,NaN,24.0,NaN,NaN,NaN,24.0,NaN,NaN,NaN,24.0,NaN,NaN,NaN,24.0,NaN,NaN,NaN,24.0,NaN,NaN,NaN,24.0,NaN,NaN,NaN,24.0,NaN,NaN,NaN,24.0,NaN,NaN,NaN,24.0,NaN,NaN,NaN,24.0,NaN,NaN,NaN,24.0,NaN,NaN,NaN,24.0,60.0,0.0,-1.0,-1.0,-5.098333333333334,3.0,0.0,0.0,0.0,0.0,0.0,0.0,0.0,0.0,0.0,0.0,1.0,0.0,0.0,0.0,0.0,0.0,NaN,NaN,NaN,5.0,NaN,NaN,NaN
61.0,NaN,0.0,0.0,93.0,NaN,-5.0,0.0,36.0,NaN,0.0,2.0,120.0,NaN,12.0,0.0,102.0,NaN,8.0,0.0,97.0,NaN,7.0,0.0,30.0,NaN,15.0,0.0,NaN,NaN,NaN,24.0,NaN,NaN,NaN,24.0,15.0,NaN,0.0,0.0,NaN,NaN,NaN,24.0,NaN,NaN,NaN,24.0,NaN,NaN,NaN,24.0,NaN,NaN,NaN,24.0,NaN,NaN,NaN,24.0,113.0,NaN,0.0,0.0,NaN,NaN,NaN,24.0,7.2,NaN,0.0,0.0,103.0,NaN,0.0,0.0,3.6,NaN,0.0,0.0,NaN,NaN,NaN,24.0,185.0,NaN,0.0,0.0,NaN,NaN,NaN,24.0,2.2,NaN,0.0,0.0,8.5,NaN,0.0,0.0,5.9,NaN,0.0,0.0,NaN,NaN,NaN,24.0,0.08,NaN,0.0,0.0,30.2,NaN,0.0,0.0,9.4,NaN,0.0,0.0,28.7,NaN,0.0,0.0,7.8,NaN,0.0,0.0,NaN,NaN,NaN,24.0,252.0,NaN,0.0,0.0,60.0,0.0,-1.0,-1.0,-5.098333333333334,4.0,0.0,1.0,0.0,0.0,0.0,0.0,0.0,0.0,0.0,3.0,1.0,0.0,0.0,0.0,0.0,0.0,NaN,NaN,NaN,5.0,NaN,NaN,NaN
62.0,NaN,1.0,0.0,93.0,NaN,0.0,0.0,36.0,NaN,0.0,3.0,122.0,NaN,2.0,0.0,100.0,NaN,-2.0,0.0,93.0,NaN,-4.0,0.0,17.0,NaN,-13.0,0.0,NaN,NaN,NaN,24.0,NaN,NaN,NaN,24.0,15.0,NaN,0.0,1.0,NaN,NaN,NaN,24.0,NaN,NaN,NaN,24.0,NaN,NaN,NaN,24.0,NaN,NaN,NaN,24.0,NaN,NaN,NaN,24.0,113.0,NaN,0.0,1.0,NaN,NaN,NaN,24.0,7.2,NaN,0.0,1.0,103.0,NaN,0.0,1.0,3.6,NaN,0.0,1.0,NaN,NaN,NaN,24.0,185.0,NaN,0.0,1.0,NaN,NaN,NaN,24.0,2.2,NaN,0.0,1.0,8.5,NaN,0.0,1.0,5.9,NaN,0.0,1.0,NaN,NaN,NaN,24.0,0.08,NaN,0.0,1.0,30.2,NaN,0.0,1.0,9.4,NaN,0.0,1.0,28.7,NaN,0.0,1.0,7.8,NaN,0.0,1.0,NaN,NaN,NaN,24.0,252.0,NaN,0.0,1.0,60.0,0.0,-1.0,-1.0,-5.098333333333334,5.0,0.0,0.0,0.0,0.0,0.0,0.0,0.0,0.0,0.0,0.0,1.0,0.0,0.0,0.0,0.0,0.0,NaN,NaN,NaN,5.0,NaN,NaN,NaN
66.0,NaN,4.0,0.0,94.0,NaN,1.0,0.0,36.22,NaN,0.054999999999999716,0.0,123.0,NaN,1.0,0.0,66.0,NaN,-34.0,0.0,51.0,NaN,-42.0,0.0,23.0,NaN,6.0,0.0,NaN,NaN,NaN,24.0,NaN,NaN,NaN,24.0,15.0,NaN,0.0,2.0,NaN,NaN,NaN,24.0,NaN,NaN,NaN,24.0,NaN,NaN,NaN,24.0,NaN,NaN,NaN,24.0,NaN,NaN,NaN,24.0,113.0,NaN,0.0,2.0,NaN,NaN,NaN,24.0,7.2,NaN,0.0,2.0,103.0,NaN,0.0,2.0,3.6,NaN,0.0,2.0,NaN,NaN,NaN,24.0,185.0,NaN,0.0,2.0,NaN,NaN,NaN,24.0,2.2,NaN,0.0,2.0,8.5,NaN,0.0,2.0,5.9,NaN,0.0,2.0,NaN,NaN,NaN,24.0,0.08,NaN,0.0,2.0,30.2,NaN,0.0,2.0,9.4,NaN,0.0,2.0,28.7,NaN,0.0,2.0,7.8,NaN,0.0,2.0,NaN,NaN,NaN,24.0,252.0,NaN,0.0,2.0,60.0,0.0,-1.0,-1.0,-5.098333333333334,6.0,0.0,1.0,0.0,0.0,0.0,0.0,0.0,0.0,0.0,0.0,1.0,0.0,0.0,0.0,0.0,0.0,NaN,NaN,NaN,5.0,NaN,NaN,NaN
69.0,NaN,3.0,0.0,96.0,NaN,2.0,0.0,36.22,NaN,0.043999999999999775,1.0,121.0,NaN,-2.0,0.0,62.0,NaN,-4.0,0.0,45.0,NaN,-6.0,0.0,18.0,NaN,-5.0,0.0,NaN,NaN,NaN,24.0,NaN,NaN,NaN,24.0,15.0,NaN,0.0,3.0,NaN,NaN,NaN,24.0,NaN,NaN,NaN,24.0,NaN,NaN,NaN,24.0,NaN,NaN,NaN,24.0,NaN,NaN,NaN,24.0,113.0,NaN,0.0,3.0,NaN,NaN,NaN,24.0,7.2,NaN,0.0,3.0,103.0,NaN,0.0,3.0,3.6,NaN,0.0,3.0,NaN,NaN,NaN,24.0,185.0,NaN,0.0,3.0,NaN,NaN,NaN,24.0,2.2,NaN,0.0,3.0,8.5,NaN,0.0,3.0,5.9,NaN,0.0,3.0,NaN,NaN,NaN,24.0,0.08,NaN,0.0,3.0,30.2,NaN,0.0,3.0,9.4,NaN,0.0,3.0,28.7,NaN,0.0,3.0,7.8,NaN,0.0,3.0,NaN,NaN,NaN,24.0,252.0,NaN,0.0,3.0,60.0,0.0,-1.0,-1.0,-5.098333333333334,7.0,0.0,0.0,0.0,0.0,0.0,0.0,0.0,1.0,0.0,0.0,1.0,0.0,0.0,0.0,0.0,0.0,NaN,NaN,NaN,5.0,NaN,NaN,NaN
66.0,NaN,-3.0,0.0,96.0,NaN,1.0,1.0,36.22,NaN,0.03666666666666648,2.0,126.0,NaN,5.0,0.0,71.0,NaN,9.0,0.0,54.0,NaN,9.0,0.0,17.0,NaN,-1.0,0.0,NaN,NaN,NaN,24.0,NaN,NaN,NaN,24.0,15.0,NaN,0.0,4.0,NaN,NaN,NaN,24.0,NaN,NaN,NaN,24.0,NaN,NaN,NaN,24.0,NaN,NaN,NaN,24.0,NaN,NaN,NaN,24.0,113.0,NaN,0.0,4.0,NaN,NaN,NaN,24.0,7.2,NaN,0.0,4.0,103.0,NaN,0.0,4.0,3.6,NaN,0.0,4.0,NaN,NaN,NaN,24.0,185.0,NaN,0.0,4.0,NaN,NaN,NaN,24.0,2.2,NaN,0.0,4.0,8.5,NaN,0.0,4.0,5.9,NaN,0.0,4.0,NaN,NaN,NaN,24.0,0.08,NaN,0.0,4.0,30.2,NaN,0.0,4.0,9.4,NaN,0.0,4.0,28.7,NaN,0.0,4.0,7.8,NaN,0.0,4.0,NaN,NaN,NaN,24.0,252.0,NaN,0.0,4.0,60.0,0.0,-1.0,-1.0,-5.098333333333334,8.0,0.0,0.0,0.0,0.0,0.0,0.0,0.0,0.0,0.0,0.0,1.0,0.0,0.0,0.0,0.0,0.0,NaN,NaN,NaN,5.0,NaN,NaN,NaN
67.0,NaN,1.0,0.0,98.0,NaN,1.0,0.0,36.11,NaN,-0.03666666666666648,0.0,118.0,NaN,-8.0,0.0,65.0,NaN,-6.0,0.0,46.0,NaN,-8.0,0.0,14.0,NaN,-3.0,0.0,NaN,NaN,NaN,24.0,NaN,NaN,NaN,24.0,15.0,NaN,0.0,5.0,NaN,NaN,NaN,24.0,NaN,NaN,NaN,24.0,NaN,NaN,NaN,24.0,NaN,NaN,NaN,24.0,NaN,NaN,NaN,24.0,113.0,NaN,0.0,5.0,NaN,NaN,NaN,24.0,7.2,NaN,0.0,5.0,103.0,NaN,0.0,5.0,3.6,NaN,0.0,5.0,NaN,NaN,NaN,24.0,185.0,NaN,0.0,5.0,NaN,NaN,NaN,24.0,2.2,NaN,0.0,5.0,8.5,NaN,0.0,5.0,5.9,NaN,0.0,5.0,NaN,NaN,NaN,24.0,0.08,NaN,0.0,5.0,30.2,NaN,0.0,5.0,9.4,NaN,0.0,5.0,28.7,NaN,0.0,5.0,7.8,NaN,0.0,5.0,NaN,NaN,NaN,24.0,252.0,NaN,0.0,5.0,60.0,0.0,-1.0,-1.0,-5.098333333333334,9.0,0.0,0.0,0.0,0.0,0.0,0.0,0.0,1.0,0.0,0.0,1.0,0.0,0.0,0.0,0.0,0.0,NaN,NaN,NaN,5.0,NaN,NaN,NaN
74.0,NaN,7.0,0.0,98.0,NaN,0.6666666666666666,1.0,36.11,NaN,-0.027499999999999858,1.0,120.0,NaN,2.0,0.0,69.0,NaN,4.0,0.0,54.0,NaN,8.0,0.0,14.0,NaN,0.0,0.0,NaN,NaN,NaN,24.0,NaN,NaN,NaN,24.0,15.0,NaN,0.0,6.0,NaN,NaN,NaN,24.0,NaN,NaN,NaN,24.0,NaN,NaN,NaN,24.0,NaN,NaN,NaN,24.0,NaN,NaN,NaN,24.0,113.0,NaN,0.0,6.0,NaN,NaN,NaN,24.0,7.2,NaN,0.0,6.0,103.0,NaN,0.0,6.0,3.6,NaN,0.0,6.0,NaN,NaN,NaN,24.0,185.0,NaN,0.0,6.0,NaN,NaN,NaN,24.0,2.2,NaN,0.0,6.0,8.5,NaN,0.0,6.0,5.9,NaN,0.0,6.0,NaN,NaN,NaN,24.0,0.08,NaN,0.0,6.0,30.2,NaN,0.0,6.0,9.4,NaN,0.0,6.0,28.7,NaN,0.0,6.0,7.8,NaN,0.0,6.0,NaN,NaN,NaN,24.0,252.0,NaN,0.0,6.0,60.0,0.0,-1.0,-1.0,-5.098333333333334,10.0,0.0,0.0,0.0,0.0,0.0,0.0,0.0,0.0,0.0,0.0,1.0,0.0,0.0,0.0,0.0,0.0,NaN,NaN,NaN,5.0,NaN,NaN,NaN
66.0,NaN,-8.0,0.0,98.0,NaN,0.5,2.0,36.11,NaN,-0.021999999999999888,2.0,142.0,NaN,22.0,0.0,78.0,NaN,9.0,0.0,56.0,NaN,2.0,0.0,18.0,NaN,4.0,0.0,NaN,NaN,NaN,24.0,NaN,NaN,NaN,24.0,15.0,NaN,0.0,7.0,NaN,NaN,NaN,24.0,NaN,NaN,NaN,24.0,NaN,NaN,NaN,24.0,NaN,NaN,NaN,24.0,NaN,NaN,NaN,24.0,113.0,NaN,0.0,7.0,NaN,NaN,NaN,24.0,7.2,NaN,0.0,7.0,103.0,NaN,0.0,7.0,3.6,NaN,0.0,7.0,NaN,NaN,NaN,24.0,185.0,NaN,0.0,7.0,NaN,NaN,NaN,24.0,2.2,NaN,0.0,7.0,8.5,NaN,0.0,7.0,5.9,NaN,0.0,7.0,NaN,NaN,NaN,24.0,0.08,NaN,0.0,7.0,30.2,NaN,0.0,7.0,9.4,NaN,0.0,7.0,28.7,NaN,0.0,7.0,7.8,NaN,0.0,7.0,NaN,NaN,NaN,24.0,252.0,NaN,0.0,7.0,60.0,0.0,-1.0,-1.0,-5.098333333333334,11.0,0.0,0.0,0.0,0.0,0.0,0.0,0.0,0.0,0.0,0.0,1.0,0.0,0.0,0.0,0.0,0.0,NaN,NaN,NaN,5.0,NaN,NaN,NaN
69.0,NaN,3.0,0.0,97.0,NaN,-0.3333333333333333,0.0,36.22,NaN,0.03666666666666648,0.0,142.0,NaN,0.0,0.0,78.0,NaN,0.0,0.0,57.0,NaN,1.0,0.0,18.0,NaN,0.0,0.0,NaN,NaN,NaN,24.0,NaN,NaN,NaN,24.0,15.0,NaN,0.0,8.0,NaN,NaN,NaN,24.0,NaN,NaN,NaN,24.0,NaN,NaN,NaN,24.0,NaN,NaN,NaN,24.0,NaN,NaN,NaN,24.0,113.0,NaN,0.0,8.0,NaN,NaN,NaN,24.0,7.2,NaN,0.0,8.0,103.0,NaN,0.0,8.0,3.6,NaN,0.0,8.0,NaN,NaN,NaN,24.0,185.0,NaN,0.0,8.0,NaN,NaN,NaN,24.0,2.2,NaN,0.0,8.0,8.5,NaN,0.0,8.0,5.9,NaN,0.0,8.0,NaN,NaN,NaN,24.0,0.08,NaN,0.0,8.0,30.2,NaN,0.0,8.0,9.4,NaN,0.0,8.0,28.7,NaN,0.0,8.0,7.8,NaN,0.0,8.0,NaN,NaN,NaN,24.0,252.0,NaN,0.0,8.0,60.0,0.0,-1.0,-1.0,-5.098333333333334,12.0,0.0,0.0,0.0,0.0,0.0,0.0,0.0,0.0,0.0,0.0,1.0,0.0,0.0,0.0,0.0,0.0,NaN,NaN,NaN,5.0,NaN,NaN,NaN
69.0,NaN,0.0,0.0,97.0,NaN,-0.25,1.0,36.22,NaN,0.027499999999999858,1.0,141.0,NaN,-1.0,0.0,79.0,NaN,1.0,0.0,56.0,NaN,-1.0,0.0,15.0,NaN,-3.0,0.0,NaN,NaN,NaN,24.0,NaN,NaN,NaN,24.0,15.0,NaN,0.0,9.0,NaN,NaN,NaN,24.0,NaN,NaN,NaN,24.0,NaN,NaN,NaN,24.0,NaN,NaN,NaN,24.0,NaN,NaN,NaN,24.0,113.0,NaN,0.0,9.0,NaN,NaN,NaN,24.0,7.2,NaN,0.0,9.0,103.0,NaN,0.0,9.0,3.6,NaN,0.0,9.0,NaN,NaN,NaN,24.0,185.0,NaN,0.0,9.0,NaN,NaN,NaN,24.0,2.2,NaN,0.0,9.0,8.5,NaN,0.0,9.0,5.9,NaN,0.0,9.0,NaN,NaN,NaN,24.0,0.08,NaN,0.0,9.0,30.2,NaN,0.0,9.0,9.4,NaN,0.0,9.0,28.7,NaN,0.0,9.0,7.8,NaN,0.0,9.0,NaN,NaN,NaN,24.0,252.0,NaN,0.0,9.0,60.0,0.0,-1.0,-1.0,-5.098333333333334,13.0,0.0,0.0,0.0,0.0,0.0,0.0,0.0,0.0,0.0,0.0,1.0,0.0,0.0,0.0,0.0,0.0,NaN,NaN,NaN,5.0,NaN,NaN,NaN
66.0,NaN,-3.0,0.0,97.0,NaN,-0.2,2.0,36.22,NaN,0.021999999999999888,2.0,150.0,NaN,9.0,0.0,78.0,NaN,-1.0,0.0,56.0,NaN,0.0,0.0,15.0,NaN,0.0,0.0,NaN,NaN,NaN,24.0,NaN,NaN,NaN,24.0,18.0,NaN,0.3,0.0,NaN,NaN,NaN,24.0,NaN,NaN,NaN,24.0,NaN,NaN,NaN,24.0,NaN,NaN,NaN,24.0,NaN,NaN,NaN,24.0,109.0,NaN,-0.4,0.0,NaN,NaN,NaN,24.0,7.2,NaN,0.0,10.0,104.0,NaN,0.1,0.0,3.4,NaN,-0.020000000000000018,0.0,NaN,NaN,NaN,24.0,117.0,NaN,-6.8,0.0,NaN,NaN,NaN,24.0,2.2,NaN,0.0,10.0,8.5,NaN,0.0,10.0,4.5,NaN,-0.14000000000000004,0.0,NaN,NaN,NaN,24.0,0.08,NaN,0.0,0.0,30.2,NaN,0.0,10.0,9.4,NaN,0.0,10.0,28.7,NaN,0.0,10.0,7.8,NaN,0.0,10.0,NaN,NaN,NaN,24.0,252.0,NaN,0.0,10.0,60.0,0.0,-1.0,-1.0,-5.098333333333334,14.0,0.0,0.0,0.0,0.0,0.0,0.0,0.0,0.0,0.0,2.0,1.0,0.0,0.0,0.0,0.0,0.0,NaN,NaN,NaN,5.0,NaN,NaN,NaN
66.0,NaN,-1.5,1.0,97.0,NaN,-0.16666666666666666,3.0,36.22,NaN,0.01833333333333324,3.0,150.0,NaN,4.5,1.0,78.0,NaN,-0.5,1.0,56.0,NaN,0.0,1.0,15.0,NaN,0.0,1.0,NaN,NaN,NaN,24.0,NaN,NaN,NaN,24.0,18.0,NaN,0.2727272727272727,1.0,NaN,NaN,NaN,24.0,NaN,NaN,NaN,24.0,NaN,NaN,NaN,24.0,NaN,NaN,NaN,24.0,NaN,NaN,NaN,24.0,109.0,NaN,-0.36363636363636365,1.0,NaN,NaN,NaN,24.0,7.2,NaN,0.0,11.0,104.0,NaN,0.09090909090909091,1.0,3.4,NaN,-0.0181818181818182,1.0,NaN,NaN,NaN,24.0,117.0,NaN,-6.181818181818182,1.0,NaN,NaN,NaN,24.0,2.2,NaN,0.0,11.0,8.5,NaN,0.0,11.0,4.5,NaN,-0.12727272727272732,1.0,NaN,NaN,NaN,24.0,0.08,NaN,0.0,1.0,30.2,NaN,0.0,11.0,9.4,NaN,0.0,11.0,28.7,NaN,0.0,11.0,7.8,NaN,0.0,11.0,NaN,NaN,NaN,24.0,252.0,NaN,0.0,11.0,60.0,0.0,-1.0,-1.0,-5.098333333333334,15.0,0.0,0.0,0.0,0.0,0.0,0.0,0.0,0.0,0.0,0.0,1.0,0.0,0.0,0.0,0.0,0.0,NaN,NaN,NaN,5.0,NaN,NaN,NaN
