97.0,NaN,NaN,24.0,89.0,NaN,NaN,24.0,36.5,NaN,NaN,24.0,142.0,NaN,NaN,24.0,113.0,NaN,NaN,24.0,106.0,NaN,NaN,24.0,28.0,NaN,NaN,24.0,NaN,NaN,NaN,24.0,NaN,NaN,NaN,24.0,NaN,NaN,NaN,24.0,NaN,NaN,NaN,24.0,NaN,NaN,NaN,24.0,NaN,NaN,NaN,24.0,NaN,NaN,NaN,24.0,NaN,NaN,NaN,24.0,NaN,NaN,NaN,24.0,NaN,NaN,NaN,24.0,NaN,NaN,NaN,24.0,NaN,NaN,NaN,24.0,NaN,NaN,NaN,24.0,NaN,NaN,NaN,24.0,NaN,NaN,NaN,24.0,NaN,NaN,NaN,24.0,NaN,NaN,NaN,24.0,NaN,NaN,NaN,24.0,NaN,NaN,NaN,24.0,NaN,NaN,NaN,24.0,NaN,NaN,NaN,24.0,NaN,NaN,NaN,24.0,NaN,NaN,NaN,24.0,NaN,NaN,NaN,24.0,NaN,NaN,NaN,24.0,NaN,NaN,NaN,24.0,NaN,NaN,NaN,24.0,84.0,0.0,1.0,0.0,-18.377777777777776,1.0,0.0,1.0,1.0,0.0,0.0,0.0,0.0,0.0,0.0,0.0,1.0,0.0,1.0,-2.0,0.0,0.0,3.0,5.0,4.0,12.0,NaN,NaN,NaN
94.0,NaN,-3.0,0.0,93.0,NaN,4.0,0.0,36.5,NaN,0.0,1.0,128.0,NaN,-14.0,0.0,72.0,NaN,-41.0,0.0,60.0,NaN,-46.0,0.0,31.0,NaN,3.0,0.0,NaN,NaN,NaN,24.0,NaN,NaN,NaN,24.0,NaN,NaN,NaN,24.0,NaN,NaN,NaN,24.0,NaN,NaN,NaN,24.0,NaN,NaN,NaN,24.0,NaN,NaN,NaN,24.0,NaN,NaN,NaN,24.0,NaN,NaN,NaN,24.0,NaN,NaN,NaN,24.0,NaN,NaN,NaN,24.0,NaN,NaN,NaN,24.0,NaN,NaN,NaN,24.0,NaN,NaN,NaN,24.0,NaN,NaN,NaN,24.0,NaN,NaN,NaN,24.0,NaN,NaN,NaN,24.0,NaN,NaN,NaN,24.0,NaN,NaN,NaN,24.0,NaN,NaN,NaN,24.0,NaN,NaN,NaN,24.0,NaN,NaN,NaN,24.0,NaN,NaN,NaN,24.0,NaN,NaN,NaN,24.0,NaN,NaN,NaN,24.0,NaN,NaN,NaN,24.0,NaN,NaN,NaN,24.0,84.0,0.0,1.0,0.0,-18.377777777777776,2.0,0.0,1.0,1.0,0.0,0.0,0.0,0.0,0.0,0.0,0.0,1.0,1.0,1.0,-2.0,0.0,0.0,3.0,5.0,4.0,12.0,NaN,NaN,NaN
104.0,NaN,10.0,0.0,93.0,NaN,0.0,0.0,36.5,NaN,0.0,2.0,157.0,NaN,29.0,0.0,105.0,NaN,33.0,0.0,85.0,NaN,25.0,0.0,36.0,NaN,5.0,0.0,NaN,NaN,NaN,24.0,NaN,NaN,NaN,24.0,NaN,NaN,NaN,24.0,NaN,NaN,NaN,24.0,NaN,NaN,NaN,24.0,NaN,NaN,NaN,24.0,NaN,NaN,NaN,24.0,NaN,NaN,NaN,24.0,NaN,NaN,NaN,24.0,NaN,NaN,NaN,24.0,NaN,NaN,NaN,24.0,NaN,NaN,NaN,24.0,NaN,NaN,NaN,24.0,NaN,NaN,NaN,24.0,NaN,NaN,NaN,24.0,NaN,NaN,NaN,24.0,NaN,NaN,NaN,24.0,NaN,NaN,NaN,24.0,NaN,NaN,NaN,24.0,NaN,NaN,NaN,24.0,NaN,NaN,NaN,24.0,NaN,NaN,NaN,24.0,NaN,NaN,NaN,24.0,NaN,NaN,NaN,24.0,NaN,NaN,NaN,24.0,NaN,NaN,NaN,24.0,NaN,NaN,NaN,24.0,84.0,0.0,1.0,0.0,-18.377777777777776,3.0,0.0,1.0,1.0,0.0,0.0,0.0,0.0,0.0,0.0,0.0,1.0,1.0,1.0,-2.0,0.0,0.0,3.0,5.0,4.0,12.0,NaN,NaN,NaN
100.0,NaN,-4.0,0.0,94.0,NaN,1.0,0.0,36.5,NaN,0.0,3.0,112.0,NaN,-45.0,0.0,87.0,NaN,-18.0,0.0,83.0,NaN,-2.0,0.0,26.0,NaN,-10.0,0.0,NaN,NaN,NaN,24.0,3.0,NaN,0.0,0.0,25.0,NaN,0.0,0.0,NaN,NaN,NaN,24.0,7.41,NaN,0.0,0.0,47.0,NaN,0.0,0.0,NaN,NaN,NaN,24.0,22.0,NaN,0.0,0.0,47.0,NaN,0.0,0.0,74.0,NaN,0.0,0.0,9.4,NaN,0.0,0.0,105.0,NaN,0.0,0.0,1.6,NaN,0.0,0.0,NaN,NaN,NaN,24.0,138.0,NaN,0.0,0.0,NaN,NaN,NaN,24.0,2.3,NaN,0.0,0.0,3.9,NaN,0.0,0.0,4.3,NaN,0.0,0.0,0.2,NaN,0.0,0.0,NaN,NaN,NaN,24.0,31.3,NaN,0.0,0.0,9.5,NaN,0.0,0.0,25.0,NaN,0.0,0.0,5.7,NaN,0.0,0.0,NaN,NaN,NaN,24.0,122.0,NaN,0.0,0.0,84.0,0.0,1.0,0.0,-18.377777777777776,4.0,0.0,1.0,1.0,0.0,0.0,1.0,0.0,0.0,0.0,1.0,1.0,1.0,1.0,-2.0,0.0,0.0,3.0,5.0,4.0,12.0,NaN,NaN,NaN
107.0,NaN,7.0,0.0,93.0,NaN,-1.0,0.0,36.5,NaN,0.0,4.0,76.0,NaN,-36.0,0.0,55.0,NaN,-32.0,0.0,50.0,NaN,-33.0,0.0,34.0,NaN,8.0,0.0,NaN,NaN,NaN,24.0,3.0,NaN,0.0,1.0,25.0,NaN,0.0,1.0,NaN,NaN,NaN,24.0,7.41,NaN,0.0,1.0,47.0,NaN,0.0,1.0,NaN,NaN,NaN,24.0,22.0,NaN,0.0,1.0,47.0,NaN,0.0,1.0,74.0,NaN,0.0,1.0,9.4,NaN,0.0,1.0,105.0,NaN,0.0,1.0,1.6,NaN,0.0,1.0,NaN,NaN,NaN,24.0,138.0,NaN,0.0,1.0,NaN,NaN,NaN,24.0,2.3,NaN,0.0,1.0,3.9,NaN,0.0,1.0,4.3,NaN,0.0,1.0,0.2,NaN,0.0,1.0,NaN,NaN,NaN,24.0,31.3,NaN,0.0,1.0,9.5,NaN,0.0,1.0,25.0,NaN,0.0,1.0,5.7,NaN,0.0,1.0,NaN,NaN,NaN,24.0,122.0,NaN,0.0,1.0,84.0,0.0,1.0,0.0,-18.377777777777776,5.0,0.0,1.0,1.0,0.0,0.0,0.0,0.0,1.0,0.0,0.0,1.0,1.0,1.0,-2.0,0.0,0.0,3.0,5.0,4.0,12.0,NaN,NaN,NaN
114.0,NaN,7.0,0.0,93.0,NaN,0.0,0.0,36.5,NaN,0.0,5.0,150.0,NaN,74.0,0.0,84.0,NaN,29.0,0.0,66.0,NaN,16.0,0.0,28.0,NaN,-6.0,0.0,NaN,NaN,NaN,24.0,3.0,NaN,0.0,2.0,25.0,NaN,0.0,2.0,NaN,NaN,NaN,24.0,7.41,NaN,0.0,2.0,47.0,NaN,0.0,2.0,NaN,NaN,NaN,24.0,22.0,NaN,0.0,2.0,47.0,NaN,0.0,2.0,74.0,NaN,0.0,2.0,9.4,NaN,0.0,2.0,105.0,NaN,0.0,2.0,1.6,NaN,0.0,2.0,NaN,NaN,NaN,24.0,138.0,NaN,0.0,2.0,NaN,NaN,NaN,24.0,2.3,NaN,0.0,2.0,3.9,NaN,0.0,2.0,4.3,NaN,0.0,2.0,0.2,NaN,0.0,2.0,NaN,NaN,NaN,24.0,31.3,NaN,0.0,2.0,9.5,NaN,0.0,2.0,25.0,NaN,0.0,2.0,5.7,NaN,0.0,2.0,NaN,NaN,NaN,24.0,122.0,NaN,0.0,2.0,84.0,0.0,1.0,0.0,-18.377777777777776,6.0,0.0,1.0,1.0,0.0,0.0,0.0,0.0,0.0,0.0,0.0,1.0,1.0,1.0,-2.0,0.0,0.0,3.0,5.0,4.0,12.0,NaN,NaN,NaN
109.0,NaN,-5.0,0.0,96.0,NaN,3.0,0.0,37.11,NaN,0.10166666666666657,0.0,146.0,NaN,-4.0,0.0,95.0,NaN,11.0,0.0,79.0,NaN,13.0,0.0,25.0,NaN,-3.0,0.0,NaN,NaN,NaN,24.0,3.0,NaN,0.0,3.0,25.0,NaN,0.0,3.0,NaN,NaN,NaN,24.0,7.41,NaN,0.0,3.0,47.0,NaN,0.0,3.0,NaN,NaN,NaN,24.0,22.0,NaN,0.0,3.0,47.0,NaN,0.0,3.0,74.0,NaN,0.0,3.0,9.4,NaN,0.0,3.0,105.0,NaN,0.0,3.0,1.6,NaN,0.0,3.0,NaN,NaN,NaN,24.0,138.0,NaN,0.0,3.0,NaN,NaN,NaN,24.0,2.3,NaN,0.0,3.0,3.9,NaN,0.0,3.0,4.3,NaN,0.0,3.0,0.2,NaN,0.0,3.0,NaN,NaN,NaN,24.0,31.3,NaN,0.0,3.0,9.5,NaN,0.0,3.0,25.0,NaN,0.0,3.0,5.7,NaN,0.0,3.0,NaN,NaN,NaN,24.0,122.0,NaN,0.0,3.0,84.0,0.0,1.0,0.0,-18.377777777777776,7.0,0.0,1.0,1.0,0.0,0.0,0.0,0.0,0.0,0.0,0.0,1.0,1.0,1.0,-2.0,0.0,0.0,3.0,5.0,4.0,12.0,NaN,NaN,NaN
110.0,NaN,1.0,0.0,97.0,NaN,1.0,0.0,37.11,NaN,0.08714285714285706,1.0,124.0,NaN,-22.0,0.0,112.0,NaN,17.0,0.0,108.0,NaN,29.0,0.0,28.0,NaN,3.0,0.0,NaN,NaN,NaN,24.0,3.0,NaN,0.0,4.0,25.0,NaN,0.0,4.0,NaN,NaN,NaN,24.0,7.41,NaN,0.0,4.0,47.0,NaN,0.0,4.0,NaN,NaN,NaN,24.0,22.0,NaN,0.0,4.0,47.0,NaN,0.0,4.0,74.0,NaN,0.0,4.0,9.4,NaN,0.0,4.0,105.0,NaN,0.0,4.0,1.6,NaN,0.0,4.0,NaN,NaN,NaN,24.0,138.0,NaN,0.0,4.0,NaN,NaN,NaN,24.0,2.3,NaN,0.0,4.0,3.9,NaN,0.0,4.0,4.3,NaN,0.0,4.0,0.2,NaN,0.0,4.0,NaN,NaN,NaN,24.0,31.3,NaN,0.0,4.0,9.5,NaN,0.0,4.0,25.0,NaN,0.0,4.0,5.7,NaN,0.0,4.0,NaN,NaN,NaN,24.0,122.0,NaN,0.0,4.0,84.0,0.0,1.0,0.0,-18.377777777777776,8.0,0.0,1.0,1.0,0.0,0.0,0.0,0.0,0.0,0.0,0.0,1.0,1.0,1.0,-2.0,0.0,0.0,3.0,5.0,4.0,12.0,NaN,NaN,NaN
112.0,NaN,2.0,0.0,95.0,NaN,-2.0,0.0,37.11,NaN,0.07624999999999993,2.0,126.0,NaN,2.0,0.0,98.0,NaN,-14.0,0.0,94.0,NaN,-14.0,0.0,36.0,NaN,8.0,0.0,NaN,NaN,NaN,24.0,3.0,NaN,0.0,5.0,25.0,NaN,0.0,5.0,NaN,NaN,NaN,24.0,7.41,NaN,0.0,5.0,47.0,NaN,0.0,5.0,NaN,NaN,NaN,24.0,22.0,NaN,0.0,5.0,47.0,NaN,0.0,5.0,74.0,NaN,0.0,5.0,9.4,NaN,0.0,5.0,105.0,NaN,0.0,5.0,1.6,NaN,0.0,5.0,NaN,NaN,NaN,24.0,138.0,NaN,0.0,5.0,NaN,NaN,NaN,24.0,2.3,NaN,0.0,5.0,3.9,NaN,0.0,5.0,4.3,NaN,0.0,5.0,0.2,NaN,0.0,5.0,NaN,NaN,NaN,24.0,31.3,NaN,0.0,5.0,9.5,NaN,0.0,5.0,25.0,NaN,0.0,5.0,5.7,NaN,0.0,5.0,NaN,NaN,NaN,24.0,122.0,NaN,0.0,5.0,84.0,0.0,1.0,0.0,-18.377777777777776,9.0,0.0,1.0,1.0,0.0,0.0,0.0,0.0,0.0,0.0,0.0,1.0,1.0,1.0,-2.0,0.0,0.0,3.0,5.0,4.0,12.0,NaN,NaN,NaN
