NaN,NaN,NaN,24.0,NaN,NaN,NaN,24.0,NaN,NaN,NaN,24.0,NaN,NaN,NaN,24.0,NaN,NaN,NaN,24.0,NaN,NaN,NaN,24.0,NaN,NaN,NaN,24.0,NaN,NaN,NaN,24.0,NaN,NaN,NaN,24.0,NaN,NaN,NaN,24.0,NaN,NaN,NaN,24.0,NaN,NaN,NaN,24.0,NaN,NaN,NaN,24.0,NaN,NaN,NaN,24.0,NaN,NaN,NaN,24.0,NaN,NaN,NaN,24.0,NaN,NaN,NaN,24.0,NaN,NaN,NaN,24.0,NaN,NaN,NaN,24.0,NaN,NaN,NaN,24.0,NaN,NaN,NaN,24.0,NaN,NaN,NaN,24.0,NaN,NaN,NaN,24.0,NaN,NaN,NaN,24.0,NaN,NaN,NaN,24.0,NaN,NaN,NaN,24.0,NaN,NaN,NaN,24.0,NaN,NaN,NaN,24.0,NaN,NaN,NaN,24.0,NaN,NaN,NaN,24.0,NaN,NaN,NaN,24.0,NaN,NaN,NaN,24.0,NaN,NaN,NaN,24.0,NaN,NaN,NaN,24.0,30.0,0.0,1.0,0.0,-2.216666666666667,1.0,0.0,0.0,0.0,0.0,0.0,0.0,0.0,0.0,0.0,0.0,1.0,0.0,0.0,NaN,0.0,0.0,NaN,NaN,NaN,NaN,NaN,NaN,NaN
104.0,NaN,0.0,0.0,97.5,NaN,0.0,0.0,37.0,NaN,0.0,0.0,117.0,NaN,0.0,0.0,83.0,NaN,0.0,0.0,71.0,NaN,0.0,0.0,17.0,NaN,0.0,0.0,NaN,NaN,NaN,24.0,NaN,NaN,NaN,24.0,NaN,NaN,NaN,24.0,NaN,NaN,NaN,24.0,NaN,NaN,NaN,24.0,NaN,NaN,NaN,24.0,NaN,NaN,NaN,24.0,NaN,NaN,NaN,24.0,NaN,NaN,NaN,24.0,NaN,NaN,NaN,24.0,NaN,NaN,NaN,24.0,NaN,NaN,NaN,24.0,NaN,NaN,NaN,24.0,NaN,NaN,NaN,24.0,NaN,NaN,NaN,24.0,NaN,NaN,NaN,24.0,NaN,NaN,NaN,24.0,NaN,NaN,NaN,24.0,NaN,NaN,NaN,24.0,NaN,NaN,NaN,24.0,NaN,NaN,NaN,24.0,NaN,NaN,NaN,24.0,NaN,NaN,NaN,24.0,NaN,NaN,NaN,24.0,NaN,NaN,NaN,24.0,NaN,NaN,NaN,24.0,NaN,NaN,NaN,24.0,30.0,0.0,1.0,0.0,-2.216666666666667,2.0,0.0,0.0,1.0,0.0,0.0,0.0,0.0,0.0,0.0,0.0,1.0,0.0,0.0,NaN,0.0,0.0,NaN,NaN,NaN,NaN,NaN,NaN,NaN
105.0,NaN,1.0,0.0,96.0,NaN,-1.5,0.0,37.0,NaN,0.0,1.0,121.0,NaN,4.0,0.0,91.0,NaN,8.0,0.0,81.0,NaN,10.0,0.0,37.0,NaN,20.0,0.0,NaN,NaN,NaN,24.0,NaN,NaN,NaN,24.0,NaN,NaN,NaN,24.0,NaN,NaN,NaN,24.0,NaN,NaN,NaN,24.0,NaN,NaN,NaN,24.0,NaN,NaN,NaN,24.0,NaN,NaN,NaN,24.0,NaN,NaN,NaN,24.0,NaN,NaN,NaN,24.0,NaN,NaN,NaN,24.0,NaN,NaN,NaN,24.0,NaN,NaN,NaN,24.0,NaN,NaN,NaN,24.0,NaN,NaN,NaN,24.0,NaN,NaN,NaN,24.0,NaN,NaN,NaN,24.0,NaN,NaN,NaN,24.0,NaN,NaN,NaN,24.0,NaN,NaN,NaN,24.0,NaN,NaN,NaN,24.0,NaN,NaN,NaN,24.0,NaN,NaN,NaN,24.0,NaN,NaN,NaN,24.0,NaN,NaN,NaN,24.0,NaN,NaN,NaN,24.0,NaN,NaN,NaN,24.0,30.0,0.0,1.0,0.0,-2.216666666666667,3.0,0.0,1.0,1.0,0.0,0.0,0.0,0.0,0.0,0.0,0.0,1.0,0.0,0.0,NaN,0.0,0.0,NaN,NaN,NaN,NaN,NaN,NaN,NaN
103.0,NaN,-2.0,0.0,96.0,NaN,0.0,0.0,37.0,NaN,0.0,2.0,119.0,NaN,-2.0,0.0,85.0,NaN,-6.0,0.0,78.0,NaN,-3.0,0.0,19.0,NaN,-18.0,0.0,NaN,NaN,NaN,24.0,NaN,NaN,NaN,24.0,NaN,NaN,NaN,24.0,NaN,NaN,NaN,24.0,NaN,NaN,NaN,24.0,NaN,NaN,NaN,24.0,NaN,NaN,NaN,24.0,NaN,NaN,NaN,24.0,NaN,NaN,NaN,24.0,NaN,NaN,NaN,24.0,NaN,NaN,NaN,24.0,NaN,NaN,NaN,24.0,NaN,NaN,NaN,24.0,NaN,NaN,NaN,24.0,NaN,NaN,NaN,24.0,NaN,NaN,NaN,24.0,NaN,NaN,NaN,24.0,NaN,NaN,NaN,24.0,NaN,NaN,NaN,24.0,NaN,NaN,NaN,24.0,NaN,NaN,NaN,24.0,NaN,NaN,NaN,24.0,NaN,NaN,NaN,24.0,NaN,NaN,NaN,24.0,NaN,NaN,NaN,24.0,NaN,NaN,NaN,24.0,NaN,NaN,NaN,24.0,30.0,0.0,1.0,0.0,-2.216666666666667,4.0,0.0,0.0,1.0,0.0,0.0,0.0,0.0,0.0,0.0,0.0,1.0,0.0,0.0,NaN,0.0,0.0,NaN,NaN,NaN,NaN,NaN,NaN,NaN
105.0,NaN,2.0,0.0,93.0,NaN,-3.0,0.0,37.0,NaN,0.0,3.0,116.0,NaN,-3.0,0.0,89.0,NaN,4.0,0.0,79.0,NaN,1.0,0.0,11.0,NaN,-8.0,0.0,NaN,NaN,NaN,24.0,NaN,NaN,NaN,24.0,NaN,NaN,NaN,24.0,NaN,NaN,NaN,24.0,NaN,NaN,NaN,24.0,NaN,NaN,NaN,24.0,NaN,NaN,NaN,24.0,NaN,NaN,NaN,24.0,NaN,NaN,NaN,24.0,NaN,NaN,NaN,24.0,NaN,NaN,NaN,24.0,NaN,NaN,NaN,24.0,NaN,NaN,NaN,24.0,NaN,NaN,NaN,24.0,NaN,NaN,NaN,24.0,NaN,NaN,NaN,24.0,NaN,NaN,NaN,24.0,NaN,NaN,NaN,24.0,NaN,NaN,NaN,24.0,NaN,NaN,NaN,24.0,NaN,NaN,NaN,24.0,NaN,NaN,NaN,24.0,NaN,NaN,NaN,24.0,NaN,NaN,NaN,24.0,NaN,NaN,NaN,24.0,NaN,NaN,NaN,24.0,NaN,NaN,NaN,24.0,30.0,0.0,1.0,0.0,-2.216666666666667,5.0,0.0,0.0,1.0,0.0,0.0,0.0,0.0,0.0,0.0,0.0,1.0,0.0,0.0,NaN,0.0,0.0,NaN,NaN,NaN,NaN,NaN,NaN,NaN
89.0,NaN,-16.0,0.0,91.0,NaN,-2.0,0.0,37.0,NaN,0.0,4.0,112.0,NaN,-4.0,0.0,187.0,NaN,98.0,0.0,70.0,NaN,-9.0,0.0,20.0,NaN,9.0,0.0,NaN,NaN,NaN,24.0,NaN,NaN,NaN,24.0,NaN,NaN,NaN,24.0,NaN,NaN,NaN,24.0,NaN,NaN,NaN,24.0,NaN,NaN,NaN,24.0,NaN,NaN,NaN,24.0,NaN,NaN,NaN,24.0,NaN,NaN,NaN,24.0,NaN,NaN,NaN,24.0,NaN,NaN,NaN,24.0,NaN,NaN,NaN,24.0,NaN,NaN,NaN,24.0,NaN,NaN,NaN,24.0,NaN,NaN,NaN,24.0,NaN,NaN,NaN,24.0,NaN,NaN,NaN,24.0,NaN,NaN,NaN,24.0,NaN,NaN,NaN,24.0,NaN,NaN,NaN,24.0,NaN,NaN,NaN,24.0,NaN,NaN,NaN,24.0,NaN,NaN,NaN,24.0,NaN,NaN,NaN,24.0,NaN,NaN,NaN,24.0,NaN,NaN,NaN,24.0,NaN,NaN,NaN,24.0,30.0,0.0,1.0,0.0,-2.216666666666667,6.0,0.0,0.0,0.0,0.0,0.0,0.0,0.0,0.0,0.0,0.0,1.0,0.0,0.0,NaN,0.0,0.0,NaN,NaN,NaN,NaN,NaN,NaN,NaN
86.0,NaN,-3.0,0.0,95.0,NaN,4.0,0.0,37.0,NaN,0.0,5.0,98.0,NaN,-14.0,0.0,74.0,NaN,-113.0,0.0,69.0,NaN,-1.0,0.0,17.0,NaN,-3.0,0.0,NaN,NaN,NaN,24.0,NaN,NaN,NaN,24.0,23.0,NaN,0.0,0.0,NaN,NaN,NaN,24.0,NaN,NaN,NaN,24.0,NaN,NaN,NaN,24.0,NaN,NaN,NaN,24.0,26.0,NaN,0.0,0.0,18.0,NaN,0.0,0.0,59.0,NaN,0.0,0.0,9.2,NaN,0.0,0.0,106.0,NaN,0.0,0.0,0.6,NaN,0.0,0.0,NaN,NaN,NaN,24.0,99.0,NaN,0.0,0.0,NaN,NaN,NaN,24.0,2.0,NaN,0.0,0.0,3.9,NaN,0.0,0.0,4.2,NaN,0.0,0.0,0.8,NaN,0.0,0.0,NaN,NaN,NaN,24.0,43.8,NaN,0.0,0.0,14.5,NaN,0.0,0.0,27.8,NaN,0.0,0.0,9.0,NaN,0.0,0.0,NaN,NaN,NaN,24.0,295.0,NaN,0.0,0.0,30.0,0.0,1.0,0.0,-2.216666666666667,7.0,0.0,0.0,0.0,0.0,0.0,0.0,0.0,0.0,0.0,0.0,1.0,0.0,0.0,NaN,0.0,0.0,NaN,NaN,NaN,NaN,NaN,NaN,NaN
76.0,NaN,-10.0,0.0,95.0,NaN,0.0,0.0,37.0,NaN,0.0,6.0,90.0,NaN,-8.0,0.0,61.0,NaN,-13.0,0.0,52.0,NaN,-17.0,0.0,18.0,NaN,1.0,0.0,NaN,NaN,NaN,24.0,NaN,NaN,NaN,24.0,23.0,NaN,0.0,1.0,NaN,NaN,NaN,24.0,NaN,NaN,NaN,24.0,NaN,NaN,NaN,24.0,NaN,NaN,NaN,24.0,26.0,NaN,0.0,1.0,18.0,NaN,0.0,1.0,59.0,NaN,0.0,1.0,9.2,NaN,0.0,1.0,106.0,NaN,0.0,1.0,0.6,NaN,0.0,1.0,NaN,NaN,NaN,24.0,99.0,NaN,0.0,1.0,NaN,NaN,NaN,24.0,2.0,NaN,0.0,1.0,3.9,NaN,0.0,1.0,4.2,NaN,0.0,1.0,0.8,NaN,0.0,1.0,NaN,NaN,NaN,24.0,43.8,NaN,0.0,1.0,14.5,NaN,0.0,1.0,27.8,NaN,0.0,1.0,9.0,NaN,0.0,1.0,NaN,NaN,NaN,24.0,295.0,NaN,0.0,1.0,30.0,0.0,1.0,0.0,-2.216666666666667,8.0,0.0,0.0,0.0,0.0,0.0,0.0,0.0,1.0,0.0,0.0,1.0,0.0,0.0,NaN,0.0,0.0,NaN,NaN,NaN,NaN,NaN,NaN,NaN
72.0,NaN,-4.0,0.0,93.0,NaN,-2.0,0.0,37.0,NaN,0.0,7.0,90.0,NaN,0.0,0.0,60.0,NaN,-1.0,0.0,51.0,NaN,-1.0,0.0,18.0,NaN,0.0,0.0,NaN,NaN,NaN,24.0,NaN,NaN,NaN,24.0,23.0,NaN,0.0,2.0,NaN,NaN,NaN,24.0,NaN,NaN,NaN,24.0,NaN,NaN,NaN,24.0,NaN,NaN,NaN,24.0,26.0,NaN,0.0,2.0,18.0,NaN,0.0,2.0,59.0,NaN,0.0,2.0,9.2,NaN,0.0,2.0,106.0,NaN,0.0,2.0,0.6,NaN,0.0,2.0,NaN,NaN,NaN,24.0,99.0,NaN,0.0,2.0,NaN,NaN,NaN,24.0,2.0,NaN,0.0,2.0,3.9,NaN,0.0,2.0,4.2,NaN,0.0,2.0,0.8,NaN,0.0,2.0,NaN,NaN,NaN,24.0,43.8,NaN,0.0,2.0,14.5,NaN,0.0,2.0,27.8,NaN,0.0,2.0,9.0,NaN,0.0,2.0,NaN,NaN,NaN,24.0,295.0,NaN,0.0,2.0,30.0,0.0,1.0,0.0,-2.216666666666667,9.0,0.0,0.0,0.0,0.0,0.0,0.0,0.0,1.0,0.0,0.0,1.0,0.0,0.0,NaN,0.0,0.0,NaN,NaN,NaN,NaN,NaN,NaN,NaN
70.0,NaN,-2.0,0.0,96.0,NaN,3.0,0.0,37.0,NaN,0.0,8.0,90.0,NaN,0.0,0.0,64.0,NaN,4.0,0.0,56.0,NaN,5.0,0.0,16.0,NaN,-2.0,0.0,NaN,NaN,NaN,24.0,NaN,NaN,NaN,24.0,23.0,NaN,0.0,3.0,NaN,NaN,NaN,24.0,NaN,NaN,NaN,24.0,NaN,NaN,NaN,24.0,NaN,NaN,NaN,24.0,26.0,NaN,0.0,3.0,18.0,NaN,0.0,3.0,59.0,NaN,0.0,3.0,9.2,NaN,0.0,3.0,106.0,NaN,0.0,3.0,0.6,NaN,0.0,3.0,NaN,NaN,NaN,24.0,99.0,NaN,0.0,3.0,NaN,NaN,NaN,24.0,2.0,NaN,0.0,3.0,3.9,NaN,0.0,3.0,4.2,NaN,0.0,3.0,0.8,NaN,0.0,3.0,NaN,NaN,NaN,24.0,43.8,NaN,0.0,3.0,14.5,NaN,0.0,3.0,27.8,NaN,0.0,3.0,9.0,NaN,0.0,3.0,NaN,NaN,NaN,24.0,295.0,NaN,0.0,3.0,30.0,0.0,1.0,0.0,-2.216666666666667,10.0,0.0,0.0,0.0,0.0,0.0,0.0,0.0,1.0,0.0,0.0,1.0,0.0,0.0,NaN,0.0,0.0,NaN,NaN,NaN,NaN,NaN,NaN,NaN
97.0,NaN,27.0,0.0,96.0,NaN,0.0,0.0,36.44,NaN,-0.06222222222222248,0.0,93.0,NaN,3.0,0.0,71.0,NaN,7.0,0.0,63.0,NaN,7.0,0.0,15.0,NaN,-1.0,0.0,NaN,NaN,NaN,24.0,NaN,NaN,NaN,24.0,23.0,NaN,0.0,4.0,NaN,NaN,NaN,24.0,NaN,NaN,NaN,24.0,NaN,NaN,NaN,24.0,NaN,NaN,NaN,24.0,26.0,NaN,0.0,4.0,18.0,NaN,0.0,4.0,59.0,NaN,0.0,4.0,9.2,NaN,0.0,4.0,106.0,NaN,0.0,4.0,0.6,NaN,0.0,4.0,NaN,NaN,NaN,24.0,99.0,NaN,0.0,4.0,NaN,NaN,NaN,24.0,2.0,NaN,0.0,4.0,3.9,NaN,0.0,4.0,4.2,NaN,0.0,4.0,0.8,NaN,0.0,4.0,NaN,NaN,NaN,24.0,43.8,NaN,0.0,4.0,14.5,NaN,0.0,4.0,27.8,NaN,0.0,4.0,9.0,NaN,0.0,4.0,NaN,NaN,NaN,24.0,295.0,NaN,0.0,4.0,30.0,0.0,1.0,0.0,-2.216666666666667,11.0,0.0,0.0,1.0,0.0,0.0,0.0,0.0,0.0,0.0,0.0,1.0,0.0,0.0,NaN,0.0,0.0,NaN,NaN,NaN,NaN,NaN,NaN,NaN
88.0,NaN,-9.0,0.0,94.0,NaN,-2.0,0.0,36.44,NaN,-0.05600000000000023,1.0,103.0,NaN,10.0,0.0,78.0,NaN,7.0,0.0,83.0,NaN,20.0,0.0,16.0,NaN,1.0,0.0,NaN,NaN,NaN,24.0,NaN,NaN,NaN,24.0,23.0,NaN,0.0,5.0,NaN,NaN,NaN,24.0,NaN,NaN,NaN,24.0,NaN,NaN,NaN,24.0,NaN,NaN,NaN,24.0,26.0,NaN,0.0,5.0,18.0,NaN,0.0,5.0,59.0,NaN,0.0,5.0,9.2,NaN,0.0,5.0,106.0,NaN,0.0,5.0,0.6,NaN,0.0,5.0,NaN,NaN,NaN,24.0,99.0,NaN,0.0,5.0,NaN,NaN,NaN,24.0,2.0,NaN,0.0,5.0,3.9,NaN,0.0,5.0,4.2,NaN,0.0,5.0,0.8,NaN,0.0,5.0,NaN,NaN,NaN,24.0,43.8,NaN,0.0,5.0,14.5,NaN,0.0,5.0,27.8,NaN,0.0,5.0,9.0,NaN,0.0,5.0,NaN,NaN,NaN,24.0,295.0,NaN,0.0,5.0,30.0,0.0,1.0,0.0,-2.216666666666667,12.0,0.0,0.0,0.0,0.0,0.0,0.0,0.0,0.0,0.0,0.0,1.0,0.0,0.0,NaN,0.0,0.0,NaN,NaN,NaN,NaN,NaN,NaN,NaN
90.0,NaN,2.0,0.0,95.0,NaN,1.0,0.0,36.44,NaN,-0.05090909090909112,2.0,91.0,NaN,-12.0,0.0,61.0,NaN,-17.0,0.0,52.0,NaN,-31.0,0.0,19.0,NaN,3.0,0.0,NaN,NaN,NaN,24.0,NaN,NaN,NaN,24.0,23.0,NaN,0.0,6.0,NaN,NaN,NaN,24.0,NaN,NaN,NaN,24.0,NaN,NaN,NaN,24.0,NaN,NaN,NaN,24.0,26.0,NaN,0.0,6.0,18.0,NaN,0.0,6.0,59.0,NaN,0.0,6.0,9.2,NaN,0.0,6.0,106.0,NaN,0.0,6.0,0.6,NaN,0.0,6.0,NaN,NaN,NaN,24.0,99.0,NaN,0.0,6.0,NaN,NaN,NaN,24.0,2.0,NaN,0.0,6.0,3.9,NaN,0.0,6.0,4.2,NaN,0.0,6.0,0.8,NaN,0.0,6.0,NaN,NaN,NaN,24.0,43.8,NaN,0.0,6.0,14.5,NaN,0.0,6.0,27.8,NaN,0.0,6.0,9.0,NaN,0.0,6.0,NaN,NaN,NaN,24.0,295.0,NaN,0.0,6.0,30.0,0.0,1.0,0.0,-2.216666666666667,13.0,0.0,0.0,0.0,0.0,0.0,0.0,0.0,1.0,0.0,0.0,1.0,0.0,0.0,NaN,0.0,0.0,NaN,NaN,NaN,NaN,NaN,NaN,NaN
80.0,NaN,-10.0,0.0,95.0,NaN,0.5,1.0,36.44,NaN,-0.046666666666666856,3.0,102.0,NaN,11.0,0.0,75.0,NaN,14.0,0.0,70.0,NaN,18.0,0.0,18.0,NaN,-1.0,0.0,NaN,NaN,NaN,24.0,NaN,NaN,NaN,24.0,23.0,NaN,0.0,7.0,NaN,NaN,NaN,24.0,NaN,NaN,NaN,24.0,NaN,NaN,NaN,24.0,NaN,NaN,NaN,24.0,26.0,NaN,0.0,7.0,18.0,NaN,0.0,7.0,59.0,NaN,0.0,7.0,9.2,NaN,0.0,7.0,106.0,NaN,0.0,7.0,0.6,NaN,0.0,7.0,NaN,NaN,NaN,24.0,99.0,NaN,0.0,7.0,NaN,NaN,NaN,24.0,2.0,NaN,0.0,7.0,3.9,NaN,0.0,7.0,4.2,NaN,0.0,7.0,0.8,NaN,0.0,7.0,NaN,NaN,NaN,24.0,43.8,NaN,0.0,7.0,14.5,NaN,0.0,7.0,27.8,NaN,0.0,7.0,9.0,NaN,0.0,7.0,NaN,NaN,NaN,24.0,295.0,NaN,0.0,7.0,30.0,0.0,1.0,0.0,-2.216666666666667,14.0,0.0,0.0,0.0,0.0,0.0,0.0,0.0,0.0,0.0,0.0,1.0,0.0,0.0,NaN,0.0,0.0,NaN,NaN,NaN,NaN,NaN,NaN,NaN
96.0,NaN,16.0,0.0,95.0,NaN,0.3333333333333333,2.0,36.72,NaN,0.07000000000000028,0.0,107.0,NaN,5.0,0.0,79.0,NaN,4.0,0.0,70.0,NaN,0.0,0.0,18.0,NaN,0.0,0.0,NaN,NaN,NaN,24.0,NaN,NaN,NaN,24.0,23.0,NaN,0.0,8.0,NaN,NaN,NaN,24.0,NaN,NaN,NaN,24.0,NaN,NaN,NaN,24.0,NaN,NaN,NaN,24.0,26.0,NaN,0.0,8.0,18.0,NaN,0.0,8.0,59.0,NaN,0.0,8.0,9.2,NaN,0.0,8.0,106.0,NaN,0.0,8.0,0.6,NaN,0.0,8.0,NaN,NaN,NaN,24.0,99.0,NaN,0.0,8.0,NaN,NaN,NaN,24.0,2.0,NaN,0.0,8.0,3.9,NaN,0.0,8.0,4.2,NaN,0.0,8.0,0.8,NaN,0.0,8.0,NaN,NaN,NaN,24.0,43.8,NaN,0.0,8.0,14.5,NaN,0.0,8.0,27.8,NaN,0.0,8.0,9.0,NaN,0.0,8.0,NaN,NaN,NaN,24.0,295.0,NaN,0.0,8.0,30.0,0.0,1.0,0.0,-2.216666666666667,15.0,0.0,0.0,1.0,0.0,0.0,0.0,0.0,0.0,0.0,0.0,1.0,0.0,0.0,NaN,0.0,0.0,NaN,NaN,NaN,NaN,NaN,NaN,NaN
96.0,NaN,8.0,1.0,95.0,NaN,0.25,3.0,36.72,NaN,0.05600000000000023,1.0,107.0,NaN,2.5,1.0,79.0,NaN,2.0,1.0,70.0,NaN,0.0,1.0,18.0,NaN,0.0,1.0,NaN,NaN,NaN,24.0,NaN,NaN,NaN,24.0,23.0,NaN,0.0,9.0,NaN,NaN,NaN,24.0,NaN,NaN,NaN,24.0,NaN,NaN,NaN,24.0,NaN,NaN,NaN,24.0,26.0,NaN,0.0,9.0,18.0,NaN,0.0,9.0,59.0,NaN,0.0,9.0,9.2,NaN,0.0,9.0,106.0,NaN,0.0,9.0,0.6,NaN,0.0,9.0,NaN,NaN,NaN,24.0,99.0,NaN,0.0,9.0,NaN,NaN,NaN,24.0,2.0,NaN,0.0,9.0,3.9,NaN,0.0,9.0,4.2,NaN,0.0,9.0,0.8,NaN,0.0,9.0,NaN,NaN,NaN,24.0,43.8,NaN,0.0,9.0,14.5,NaN,0.0,9.0,27.8,NaN,0.0,9.0,9.0,NaN,0.0,9.0,NaN,NaN,NaN,24.0,295.0,NaN,0.0,9.0,30.0,0.0,1.0,0.0,-2.216666666666667,16.0,0.0,0.0,1.0,0.0,0.0,0.0,0.0,0.0,0.0,0.0,1.0,0.0,0.0,NaN,0.0,0.0,NaN,NaN,NaN,NaN,NaN,NaN,NaN
