NaN,NaN,NaN,24.0,NaN,NaN,NaN,24.0,NaN,NaN,NaN,24.0,NaN,NaN,NaN,24.0,NaN,NaN,NaN,24.0,NaN,NaN,NaN,24.0,NaN,NaN,NaN,24.0,NaN,NaN,NaN,24.0,NaN,NaN,NaN,24.0,NaN,NaN,NaN,24.0,NaN,NaN,NaN,24.0,NaN,NaN,NaN,24.0,NaN,NaN,NaN,24.0,NaN,NaN,NaN,24.0,NaN,NaN,NaN,24.0,NaN,NaN,NaN,24.0,NaN,NaN,NaN,24.0,NaN,NaN,NaN,24.0,NaN,NaN,NaN,24.0,NaN,NaN,NaN,24.0,NaN,NaN,NaN,24.0,NaN,NaN,NaN,24.0,NaN,NaN,NaN,24.0,NaN,NaN,NaN,24.0,NaN,NaN,NaN,24.0,NaN,NaN,NaN,24.0,NaN,NaN,NaN,24.0,NaN,NaN,NaN,24.0,NaN,NaN,NaN,24.0,NaN,NaN,NaN,24.0,NaN,NaN,NaN,24.0,NaN,NaN,NaN,24.0,NaN,NaN,NaN,24.0,NaN,NaN,NaN,24.0,24.0,0.0,1.0,0.0,-9.366666666666667,1.0,0.0,0.0,0.0,0.0,0.0,0.0,0.0,0.0,0.0,0.0,1.0,0.0,0.0,NaN,0.0,0.0,NaN,NaN,NaN,NaN,NaN,NaN,NaN
75.0,NaN,0.0,0.0,99.0,NaN,0.0,0.0,36.78,NaN,0.0,0.0,120.0,NaN,0.0,0.0,87.0,NaN,0.0,0.0,77.0,NaN,0.0,0.0,21.0,NaN,0.0,0.0,NaN,NaN,NaN,24.0,NaN,NaN,NaN,24.0,NaN,NaN,NaN,24.0,NaN,NaN,NaN,24.0,NaN,NaN,NaN,24.0,NaN,NaN,NaN,24.0,NaN,NaN,NaN,24.0,NaN,NaN,NaN,24.0,NaN,NaN,NaN,24.0,NaN,NaN,NaN,24.0,NaN,NaN,NaN,24.0,NaN,NaN,NaN,24.0,NaN,NaN,NaN,24.0,NaN,NaN,NaN,24.0,NaN,NaN,NaN,24.0,NaN,NaN,NaN,24.0,NaN,NaN,NaN,24.0,NaN,NaN,NaN,24.0,NaN,NaN,NaN,24.0,NaN,NaN,NaN,24.0,NaN,NaN,NaN,24.0,NaN,NaN,NaN,24.0,NaN,NaN,NaN,24.0,NaN,NaN,NaN,24.0,NaN,NaN,NaN,24.0,NaN,NaN,NaN,24.0,NaN,NaN,NaN,24.0,24.0,0.0,1.0,0.0,-9.366666666666667,2.0,0.0,1.0,0.0,0.0,0.0,0.0,0.0,0.0,0.0,0.0,1.0,0.0,0.0,NaN,0.0,0.0,NaN,NaN,NaN,NaN,NaN,NaN,NaN
93.0,NaN,18.0,0.0,97.0,NaN,-2.0,0.0,36.78,NaN,0.0,1.0,112.0,NaN,-8.0,0.0,81.0,NaN,-6.0,0.0,73.0,NaN,-4.0,0.0,23.0,NaN,2.0,0.0,NaN,NaN,NaN,24.0,NaN,NaN,NaN,24.0,NaN,NaN,NaN,24.0,NaN,NaN,NaN,24.0,NaN,NaN,NaN,24.0,NaN,NaN,NaN,24.0,NaN,NaN,NaN,24.0,NaN,NaN,NaN,24.0,NaN,NaN,NaN,24.0,NaN,NaN,NaN,24.0,NaN,NaN,NaN,24.0,NaN,NaN,NaN,24.0,NaN,NaN,NaN,24.0,NaN,NaN,NaN,24.0,NaN,NaN,NaN,24.0,NaN,NaN,NaN,24.0,NaN,NaN,NaN,24.0,NaN,NaN,NaN,24.0,NaN,NaN,NaN,24.0,NaN,NaN,NaN,24.0,NaN,NaN,NaN,24.0,NaN,NaN,NaN,24.0,NaN,NaN,NaN,24.0,NaN,NaN,NaN,24.0,NaN,NaN,NaN,24.0,NaN,NaN,NaN,24.0,NaN,NaN,NaN,24.0,24.0,0.0,1.0,0.0,-9.366666666666667,3.0,0.0,1.0,1.0,0.0,0.0,0.0,0.0,0.0,0.0,0.0,1.0,0.0,0.0,NaN,0.0,0.0,NaN,NaN,NaN,NaN,NaN,NaN,NaN
73.0,NaN,-20.0,0.0,99.0,NaN,2.0,0.0,36.78,NaN,0.0,2.0,114.0,NaN,2.0,0.0,80.0,NaN,-1.0,0.0,70.0,NaN,-3.0,0.0,11.0,NaN,-12.0,0.0,NaN,NaN,NaN,24.0,NaN,NaN,NaN,24.0,NaN,NaN,NaN,24.0,NaN,NaN,NaN,24.0,NaN,NaN,NaN,24.0,NaN,NaN,NaN,24.0,NaN,NaN,NaN,24.0,NaN,NaN,NaN,24.0,NaN,NaN,NaN,24.0,NaN,NaN,NaN,24.0,NaN,NaN,NaN,24.0,NaN,NaN,NaN,24.0,NaN,NaN,NaN,24.0,NaN,NaN,NaN,24.0,NaN,NaN,NaN,24.0,NaN,NaN,NaN,24.0,NaN,NaN,NaN,24.0,NaN,NaN,NaN,24.0,NaN,NaN,NaN,24.0,NaN,NaN,NaN,24.0,NaN,NaN,NaN,24.0,NaN,NaN,NaN,24.0,NaN,NaN,NaN,24.0,NaN,NaN,NaN,24.0,NaN,NaN,NaN,24.0,NaN,NaN,NaN,24.0,NaN,NaN,NaN,24.0,24.0,0.0,1.0,0.0,-9.366666666666667,4.0,0.0,0.0,0.0,0.0,0.0,0.0,0.0,0.0,0.0,0.0,1.0,0.0,0.0,NaN,0.0,0.0,NaN,NaN,NaN,NaN,NaN,NaN,NaN
76.0,NaN,3.0,0.0,97.0,NaN,-2.0,0.0,36.78,NaN,0.0,3.0,114.0,NaN,1.0,1.0,80.0,NaN,-0.5,1.0,70.0,NaN,-1.5,1.0,11.0,NaN,0.0,0.0,NaN,NaN,NaN,24.0,-2.0,NaN,0.0,0.0,20.0,NaN,0.0,0.0,NaN,NaN,NaN,24.0,7.32,NaN,0.0,0.0,46.0,NaN,0.0,0.0,NaN,NaN,NaN,24.0,NaN,NaN,NaN,24.0,8.0,NaN,0.0,0.0,NaN,NaN,NaN,24.0,8.5,NaN,0.0,0.0,108.0,NaN,0.0,0.0,0.7,NaN,0.0,0.0,NaN,NaN,NaN,24.0,85.0,NaN,0.0,0.0,0.7,NaN,0.0,0.0,1.9,NaN,0.0,0.0,3.9,NaN,0.0,0.0,4.8,NaN,0.0,0.0,NaN,NaN,NaN,24.0,NaN,NaN,NaN,24.0,27.3,NaN,0.0,0.0,8.3,NaN,0.0,0.0,27.0,NaN,0.0,0.0,6.5,NaN,0.0,0.0,NaN,NaN,NaN,24.0,209.0,NaN,0.0,0.0,24.0,0.0,1.0,0.0,-9.366666666666667,5.0,0.0,0.0,0.0,0.0,0.0,0.0,0.0,0.0,0.0,0.0,1.0,0.0,0.0,NaN,0.0,0.0,NaN,NaN,NaN,NaN,NaN,NaN,NaN
73.0,NaN,-3.0,0.0,98.0,NaN,1.0,0.0,36.78,NaN,0.0,4.0,122.0,NaN,4.0,0.0,82.0,NaN,1.0,0.0,72.0,NaN,1.0,0.0,12.0,NaN,1.0,0.0,NaN,NaN,NaN,24.0,-2.0,NaN,0.0,1.0,20.0,NaN,0.0,1.0,NaN,NaN,NaN,24.0,7.32,NaN,0.0,1.0,46.0,NaN,0.0,1.0,NaN,NaN,NaN,24.0,NaN,NaN,NaN,24.0,8.0,NaN,0.0,1.0,NaN,NaN,NaN,24.0,8.5,NaN,0.0,1.0,108.0,NaN,0.0,1.0,0.7,NaN,0.0,1.0,NaN,NaN,NaN,24.0,85.0,NaN,0.0,1.0,0.7,NaN,0.0,1.0,1.9,NaN,0.0,1.0,3.9,NaN,0.0,1.0,4.8,NaN,0.0,1.0,NaN,NaN,NaN,24.0,NaN,NaN,NaN,24.0,27.3,NaN,0.0,1.0,8.3,NaN,0.0,1.0,27.0,NaN,0.0,1.0,6.5,NaN,0.0,1.0,NaN,NaN,NaN,24.0,209.0,NaN,0.0,1.0,24.0,0.0,1.0,0.0,-9.366666666666667,6.0,0.0,0.0,0.0,0.0,0.0,0.0,0.0,0.0,0.0,0.0,1.0,0.0,0.0,NaN,0.0,0.0,NaN,NaN,NaN,NaN,NaN,NaN,NaN
78.0,NaN,5.0,0.0,98.0,NaN,0.0,0.0,36.67,NaN,-0.021999999999999888,0.0,115.0,NaN,-7.0,0.0,74.0,NaN,-8.0,0.0,63.0,NaN,-9.0,0.0,13.0,NaN,1.0,0.0,NaN,NaN,NaN,24.0,-2.0,NaN,0.0,2.0,20.0,NaN,0.0,2.0,NaN,NaN,NaN,24.0,7.32,NaN,0.0,2.0,46.0,NaN,0.0,2.0,NaN,NaN,NaN,24.0,NaN,NaN,NaN,24.0,8.0,NaN,0.0,2.0,NaN,NaN,NaN,24.0,8.5,NaN,0.0,2.0,108.0,NaN,0.0,2.0,0.7,NaN,0.0,2.0,NaN,NaN,NaN,24.0,85.0,NaN,0.0,2.0,0.7,NaN,0.0,2.0,1.9,NaN,0.0,2.0,3.9,NaN,0.0,2.0,4.8,NaN,0.0,2.0,NaN,NaN,NaN,24.0,NaN,NaN,NaN,24.0,27.3,NaN,0.0,2.0,8.3,NaN,0.0,2.0,27.0,NaN,0.0,2.0,6.5,NaN,0.0,2.0,NaN,NaN,NaN,24.0,209.0,NaN,0.0,2.0,24.0,0.0,1.0,0.0,-9.366666666666667,7.0,0.0,0.0,0.0,0.0,0.0,0.0,0.0,0.0,0.0,0.0,1.0,0.0,0.0,NaN,0.0,0.0,NaN,NaN,NaN,NaN,NaN,NaN,NaN
68.0,NaN,-10.0,0.0,100.0,NaN,2.0,0.0,36.67,NaN,-0.01833333333333324,1.0,98.0,NaN,-17.0,0.0,64.0,NaN,-10.0,0.0,53.0,NaN,-10.0,0.0,4.0,NaN,-9.0,0.0,NaN,NaN,NaN,24.0,-2.0,NaN,0.0,3.0,20.0,NaN,0.0,3.0,NaN,NaN,NaN,24.0,7.32,NaN,0.0,3.0,46.0,NaN,0.0,3.0,NaN,NaN,NaN,24.0,NaN,NaN,NaN,24.0,8.0,NaN,0.0,3.0,NaN,NaN,NaN,24.0,8.5,NaN,0.0,3.0,108.0,NaN,0.0,3.0,0.7,NaN,0.0,3.0,NaN,NaN,NaN,24.0,85.0,NaN,0.0,3.0,0.7,NaN,0.0,3.0,1.9,NaN,0.0,3.0,3.9,NaN,0.0,3.0,4.8,NaN,0.0,3.0,NaN,NaN,NaN,24.0,NaN,NaN,NaN,24.0,27.3,NaN,0.0,3.0,8.3,NaN,0.0,3.0,27.0,NaN,0.0,3.0,6.5,NaN,0.0,3.0,NaN,NaN,NaN,24.0,209.0,NaN,0.0,3.0,24.0,0.0,1.0,0.0,-9.366666666666667,8.0,0.0,0.0,0.0,0.0,0.0,0.0,0.0,1.0,0.0,0.0,1.0,0.0,0.0,NaN,0.0,0.0,NaN,NaN,NaN,NaN,NaN,NaN,NaN
83.0,NaN,15.0,0.0,98.0,NaN,-2.0,0.0,36.67,NaN,-0.015714285714285632,2.0,104.0,NaN,6.0,0.0,81.0,NaN,17.0,0.0,75.0,NaN,22.0,0.0,14.0,NaN,10.0,0.0,NaN,NaN,NaN,24.0,-2.0,NaN,0.0,4.0,20.0,NaN,0.0,4.0,NaN,NaN,NaN,24.0,7.32,NaN,0.0,4.0,46.0,NaN,0.0,4.0,NaN,NaN,NaN,24.0,NaN,NaN,NaN,24.0,8.0,NaN,0.0,4.0,NaN,NaN,NaN,24.0,8.5,NaN,0.0,4.0,108.0,NaN,0.0,4.0,0.7,NaN,0.0,4.0,NaN,NaN,NaN,24.0,85.0,NaN,0.0,4.0,0.7,NaN,0.0,4.0,1.9,NaN,0.0,4.0,3.9,NaN,0.0,4.0,4.8,NaN,0.0,4.0,NaN,NaN,NaN,24.0,NaN,NaN,NaN,24.0,27.3,NaN,0.0,4.0,8.3,NaN,0.0,4.0,27.0,NaN,0.0,4.0,6.5,NaN,0.0,4.0,NaN,NaN,NaN,24.0,209.0,NaN,0.0,4.0,24.0,0.0,1.0,0.0,-9.366666666666667,9.0,0.0,0.0,0.0,0.0,0.0,0.0,0.0,0.0,0.0,0.0,1.0,0.0,0.0,NaN,0.0,0.0,NaN,NaN,NaN,NaN,NaN,NaN,NaN
73.0,NaN,-10.0,0.0,99.0,NaN,1.0,0.0,36.67,NaN,-0.013749999999999929,3.0,113.0,NaN,9.0,0.0,80.0,NaN,-1.0,0.0,70.0,NaN,-5.0,0.0,11.0,NaN,-3.0,0.0,NaN,NaN,NaN,24.0,-2.0,NaN,0.0,5.0,20.0,NaN,0.0,5.0,NaN,NaN,NaN,24.0,7.32,NaN,0.0,5.0,46.0,NaN,0.0,5.0,NaN,NaN,NaN,24.0,NaN,NaN,NaN,24.0,8.0,NaN,0.0,5.0,NaN,NaN,NaN,24.0,8.5,NaN,0.0,5.0,108.0,NaN,0.0,5.0,0.7,NaN,0.0,5.0,NaN,NaN,NaN,24.0,85.0,NaN,0.0,5.0,0.7,NaN,0.0,5.0,1.9,NaN,0.0,5.0,3.9,NaN,0.0,5.0,4.8,NaN,0.0,5.0,NaN,NaN,NaN,24.0,NaN,NaN,NaN,24.0,27.3,NaN,0.0,5.0,8.3,NaN,0.0,5.0,27.0,NaN,0.0,5.0,6.5,NaN,0.0,5.0,NaN,NaN,NaN,24.0,209.0,NaN,0.0,5.0,24.0,0.0,1.0,0.0,-9.366666666666667,10.0,0.0,0.0,0.0,0.0,0.0,0.0,0.0,0.0,0.0,0.0,1.0,0.0,0.0,NaN,0.0,0.0,NaN,NaN,NaN,NaN,NaN,NaN,NaN
73.0,NaN,0.0,0.0,100.0,NaN,1.0,0.0,36.67,NaN,-0.012222222222222159,4.0,113.0,NaN,4.5,1.0,80.0,NaN,-0.5,1.0,70.0,NaN,-2.5,1.0,16.0,NaN,5.0,0.0,NaN,NaN,NaN,24.0,-2.0,NaN,0.0,6.0,20.0,NaN,0.0,6.0,NaN,NaN,NaN,24.0,7.32,NaN,0.0,6.0,46.0,NaN,0.0,6.0,NaN,NaN,NaN,24.0,NaN,NaN,NaN,24.0,8.0,NaN,0.0,6.0,NaN,NaN,NaN,24.0,8.5,NaN,0.0,6.0,108.0,NaN,0.0,6.0,0.7,NaN,0.0,6.0,NaN,NaN,NaN,24.0,85.0,NaN,0.0,6.0,0.7,NaN,0.0,6.0,1.9,NaN,0.0,6.0,3.9,NaN,0.0,6.0,4.8,NaN,0.0,6.0,NaN,NaN,NaN,24.0,NaN,NaN,NaN,24.0,27.3,NaN,0.0,6.0,8.3,NaN,0.0,6.0,27.0,NaN,0.0,6.0,6.5,NaN,0.0,6.0,NaN,NaN,NaN,24.0,209.0,NaN,0.0,6.0,24.0,0.0,1.0,0.0,-9.366666666666667,11.0,0.0,0.0,0.0,0.0,0.0,0.0,0.0,0.0,0.0,0.0,1.0,0.0,0.0,NaN,0.0,0.0,NaN,NaN,NaN,NaN,NaN,NaN,NaN
78.0,NaN,5.0,0.0,100.0,NaN,0.5,1.0,36.67,NaN,-0.010999999999999944,5.0,76.0,NaN,-18.5,0.0,62.0,NaN,-9.0,0.0,58.0,NaN,-6.0,0.0,12.0,NaN,-4.0,0.0,NaN,NaN,NaN,24.0,-2.0,NaN,0.0,7.0,20.0,NaN,0.0,7.0,NaN,NaN,NaN,24.0,7.32,NaN,0.0,7.0,46.0,NaN,0.0,7.0,NaN,NaN,NaN,24.0,NaN,NaN,NaN,24.0,8.0,NaN,0.0,7.0,NaN,NaN,NaN,24.0,8.5,NaN,0.0,7.0,108.0,NaN,0.0,7.0,0.7,NaN,0.0,7.0,NaN,NaN,NaN,24.0,85.0,NaN,0.0,7.0,0.7,NaN,0.0,7.0,1.9,NaN,0.0,7.0,3.9,NaN,0.0,7.0,4.8,NaN,0.0,7.0,NaN,NaN,NaN,24.0,NaN,NaN,NaN,24.0,27.3,NaN,0.0,7.0,8.3,NaN,0.0,7.0,27.0,NaN,0.0,7.0,6.5,NaN,0.0,7.0,NaN,NaN,NaN,24.0,209.0,NaN,0.0,7.0,24.0,0.0,1.0,0.0,-9.366666666666667,12.0,0.0,0.0,0.0,0.0,0.0,0.0,0.0,1.0,0.0,0.0,1.0,0.0,0.0,NaN,0.0,0.0,NaN,NaN,NaN,NaN,NaN,NaN,NaN
78.0,NaN,2.5,1.0,100.0,NaN,0.3333333333333333,2.0,36.67,NaN,-0.009999999999999948,6.0,76.0,NaN,-12.333333333333334,1.0,62.0,NaN,-6.0,1.0,58.0,NaN,-4.0,1.0,12.0,NaN,-2.0,1.0,NaN,NaN,NaN,24.0,-2.0,NaN,0.0,8.0,20.0,NaN,0.0,8.0,NaN,NaN,NaN,24.0,7.32,NaN,0.0,8.0,46.0,NaN,0.0,8.0,NaN,NaN,NaN,24.0,NaN,NaN,NaN,24.0,8.0,NaN,0.0,8.0,NaN,NaN,NaN,24.0,8.5,NaN,0.0,8.0,108.0,NaN,0.0,8.0,0.7,NaN,0.0,8.0,NaN,NaN,NaN,24.0,85.0,NaN,0.0,8.0,0.7,NaN,0.0,8.0,1.9,NaN,0.0,8.0,3.9,NaN,0.0,8.0,4.8,NaN,0.0,8.0,NaN,NaN,NaN,24.0,NaN,NaN,NaN,24.0,27.3,NaN,0.0,8.0,8.3,NaN,0.0,8.0,27.0,NaN,0.0,8.0,6.5,NaN,0.0,8.0,NaN,NaN,NaN,24.0,209.0,NaN,0.0,8.0,24.0,0.0,1.0,0.0,-9.366666666666667,13.0,0.0,0.0,0.0,0.0,0.0,0.0,0.0,0.0,0.0,0.0,1.0,0.0,0.0,NaN,0.0,0.0,NaN,NaN,NaN,NaN,NaN,NaN,NaN
