78.0,NaN,NaN,24.0,97.0,NaN,NaN,24.0,36.78,NaN,NaN,24.0,158.0,NaN,NaN,24.0,91.0,NaN,NaN,24.0,70.0,NaN,NaN,24.0,23.0,NaN,NaN,24.0,NaN,NaN,NaN,24.0,NaN,NaN,NaN,24.0,NaN,NaN,NaN,24.0,NaN,NaN,NaN,24.0,NaN,NaN,NaN,24.0,NaN,NaN,NaN,24.0,NaN,NaN,NaN,24.0,NaN,NaN,NaN,24.0,NaN,NaN,NaN,24.0,NaN,NaN,NaN,24.0,NaN,NaN,NaN,24.0,NaN,NaN,NaN,24.0,NaN,NaN,NaN,24.0,NaN,NaN,NaN,24.0,NaN,NaN,NaN,24.0,NaN,NaN,NaN,24.0,NaN,NaN,NaN,24.0,NaN,NaN,NaN,24.0,NaN,NaN,NaN,24.0,NaN,NaN,NaN,24.0,NaN,NaN,NaN,24.0,NaN,NaN,NaN,24.0,NaN,NaN,NaN,24.0,NaN,NaN,NaN,24.0,NaN,NaN,NaN,24.0,NaN,NaN,NaN,24.0,NaN,NaN,NaN,24.0,78.0,1.0,1.0,0.0,-12.516666666666667,1.0,0.0,1.0,0.0,0.0,0.0,0.0,0.0,0.0,0.0,0.0,1.0,0.0,0.0,NaN,0.0,0.0,NaN,NaN,NaN,NaN,NaN,NaN,NaN
75.5,NaN,-2.5,0.0,97.0,NaN,0.0,0.0,36.78,NaN,0.0,1.0,175.0,NaN,17.0,0.0,89.0,NaN,-2.0,0.0,64.0,NaN,-6.0,0.0,14.0,NaN,-9.0,0.0,NaN,NaN,NaN,24.0,NaN,NaN,NaN,24.0,NaN,NaN,NaN,24.0,NaN,NaN,NaN,24.0,NaN,NaN,NaN,24.0,NaN,NaN,NaN,24.0,NaN,NaN,NaN,24.0,NaN,NaN,NaN,24.0,NaN,NaN,NaN,24.0,NaN,NaN,NaN,24.0,NaN,NaN,NaN,24.0,NaN,NaN,NaN,24.0,NaN,NaN,NaN,24.0,NaN,NaN,NaN,24.0,NaN,NaN,NaN,24.0,NaN,NaN,NaN,24.0,NaN,NaN,NaN,24.0,NaN,NaN,NaN,24.0,NaN,NaN,NaN,24.0,NaN,NaN,NaN,24.0,NaN,NaN,NaN,24.0,NaN,NaN,NaN,24.0,NaN,NaN,NaN,24.0,NaN,NaN,NaN,24.0,NaN,NaN,NaN,24.0,NaN,NaN,NaN,24.0,NaN,NaN,NaN,24.0,78.0,1.0,1.0,0.0,-12.516666666666667,2.0,0.0,0.0,0.0,0.0,0.0,0.0,0.0,0.0,0.0,0.0,1.0,0.0,0.0,NaN,0.0,0.0,NaN,NaN,NaN,NaN,NaN,NaN,NaN
71.0,NaN,-4.5,0.0,95.0,NaN,-2.0,0.0,36.78,NaN,0.0,2.0,151.0,NaN,-24.0,0.0,85.0,NaN,-4.0,0.0,59.0,NaN,-5.0,0.0,21.0,NaN,7.0,0.0,NaN,NaN,NaN,24.0,NaN,NaN,NaN,24.0,29.0,NaN,0.0,0.0,NaN,NaN,NaN,24.0,NaN,NaN,NaN,24.0,NaN,NaN,NaN,24.0,NaN,NaN,NaN,24.0,30.0,NaN,0.0,0.0,20.0,NaN,0.0,0.0,64.0,NaN,0.0,0.0,9.8,NaN,0.0,0.0,98.0,NaN,0.0,0.0,1.1,NaN,0.0,0.0,NaN,NaN,NaN,24.0,100.0,NaN,0.0,0.0,NaN,NaN,NaN,24.0,1.7,NaN,0.0,0.0,3.3,NaN,0.0,0.0,3.3,NaN,0.0,0.0,0.7,NaN,0.0,0.0,0.01,NaN,0.0,0.0,36.6,NaN,0.0,0.0,12.8,NaN,0.0,0.0,34.4,NaN,0.0,0.0,9.8,NaN,0.0,0.0,NaN,NaN,NaN,24.0,197.0,NaN,0.0,0.0,78.0,1.0,1.0,0.0,-12.516666666666667,3.0,0.0,1.0,0.0,0.0,0.0,0.0,0.0,0.0,0.0,0.0,1.0,0.0,0.0,NaN,0.0,0.0,NaN,NaN,NaN,NaN,NaN,NaN,NaN
69.0,NaN,-2.0,0.0,98.0,NaN,3.0,0.0,36.72,NaN,-0.020000000000000757,0.0,161.0,NaN,10.0,0.0,89.0,NaN,4.0,0.0,67.0,NaN,8.0,0.0,12.0,NaN,-9.0,0.0,NaN,NaN,NaN,24.0,NaN,NaN,NaN,24.0,29.0,NaN,0.0,1.0,NaN,NaN,NaN,24.0,NaN,NaN,NaN,24.0,NaN,NaN,NaN,24.0,NaN,NaN,NaN,24.0,30.0,NaN,0.0,1.0,20.0,NaN,0.0,1.0,64.0,NaN,0.0,1.0,9.8,NaN,0.0,1.0,98.0,NaN,0.0,1.0,1.1,NaN,0.0,1.0,NaN,NaN,NaN,24.0,100.0,NaN,0.0,1.0,NaN,NaN,NaN,24.0,1.7,NaN,0.0,1.0,3.3,NaN,0.0,1.0,3.3,NaN,0.0,1.0,0.7,NaN,0.0,1.0,0.01,NaN,0.0,1.0,36.6,NaN,0.0,1.0,12.8,NaN,0.0,1.0,34.4,NaN,0.0,1.0,9.8,NaN,0.0,1.0,NaN,NaN,NaN,24.0,197.0,NaN,0.0,1.0,78.0,1.0,1.0,0.0,-12.516666666666667,4.0,0.0,0.0,0.0,0.0,0.0,0.0,0.0,0.0,0.0,0.0,1.0,0.0,0.0,NaN,0.0,0.0,NaN,NaN,NaN,NaN,NaN,NaN,NaN
76.0,NaN,7.0,0.0,99.0,NaN,1.0,0.0,36.72,NaN,-0.015000000000000568,1.0,173.0,NaN,12.0,0.0,92.0,NaN,3.0,0.0,66.0,NaN,-1.0,0.0,23.0,NaN,11.0,0.0,NaN,NaN,NaN,24.0,NaN,NaN,NaN,24.0,29.0,NaN,0.0,2.0,NaN,NaN,NaN,24.0,NaN,NaN,NaN,24.0,NaN,NaN,NaN,24.0,NaN,NaN,NaN,24.0,30.0,NaN,0.0,2.0,20.0,NaN,0.0,2.0,64.0,NaN,0.0,2.0,9.8,NaN,0.0,2.0,98.0,NaN,0.0,2.0,1.1,NaN,0.0,2.0,NaN,NaN,NaN,24.0,100.0,NaN,0.0,2.0,NaN,NaN,NaN,24.0,1.7,NaN,0.0,2.0,3.3,NaN,0.0,2.0,3.3,NaN,0.0,2.0,0.7,NaN,0.0,2.0,0.01,NaN,0.0,2.0,36.6,NaN,0.0,2.0,12.8,NaN,0.0,2.0,34.4,NaN,0.0,2.0,9.8,NaN,0.0,2.0,NaN,NaN,NaN,24.0,197.0,NaN,0.0,2.0,78.0,1.0,1.0,0.0,-12.516666666666667,5.0,0.0,1.0,0.0,0.0,0.0,0.0,0.0,0.0,0.0,0.0,1.0,0.0,0.0,NaN,0.0,0.0,NaN,NaN,NaN,NaN,NaN,NaN,NaN
66.0,NaN,-10.0,0.0,97.0,NaN,-2.0,0.0,36.72,NaN,-0.012000000000000455,2.0,148.0,NaN,-25.0,0.0,85.0,NaN,-7.0,0.0,61.0,NaN,-5.0,0.0,17.0,NaN,-6.0,0.0,NaN,NaN,NaN,24.0,NaN,NaN,NaN,24.0,29.0,NaN,0.0,3.0,NaN,NaN,NaN,24.0,NaN,NaN,NaN,24.0,NaN,NaN,NaN,24.0,NaN,NaN,NaN,24.0,30.0,NaN,0.0,3.0,20.0,NaN,0.0,3.0,64.0,NaN,0.0,3.0,9.8,NaN,0.0,3.0,98.0,NaN,0.0,3.0,1.1,NaN,0.0,3.0,NaN,NaN,NaN,24.0,100.0,NaN,0.0,3.0,NaN,NaN,NaN,24.0,1.7,NaN,0.0,3.0,3.3,NaN,0.0,3.0,3.3,NaN,0.0,3.0,0.7,NaN,0.0,3.0,0.01,NaN,0.0,3.0,36.6,NaN,0.0,3.0,12.8,NaN,0.0,3.0,34.4,NaN,0.0,3.0,9.8,NaN,0.0,3.0,NaN,NaN,NaN,24.0,197.0,NaN,0.0,3.0,78.0,1.0,1.0,0.0,-12.516666666666667,6.0,0.0,0.0,0.0,0.0,0.0,0.0,0.0,0.0,0.0,0.0,1.0,0.0,0.0,NaN,0.0,0.0,NaN,NaN,NaN,NaN,NaN,NaN,NaN
74.0,NaN,8.0,0.0,98.0,NaN,1.0,0.0,36.72,NaN,-0.010000000000000378,3.0,163.0,NaN,15.0,0.0,88.0,NaN,3.0,0.0,69.0,NaN,8.0,0.0,17.0,NaN,0.0,0.0,NaN,NaN,NaN,24.0,NaN,NaN,NaN,24.0,29.0,NaN,0.0,4.0,NaN,NaN,NaN,24.0,NaN,NaN,NaN,24.0,NaN,NaN,NaN,24.0,NaN,NaN,NaN,24.0,30.0,NaN,0.0,4.0,20.0,NaN,0.0,4.0,64.0,NaN,0.0,4.0,9.8,NaN,0.0,4.0,98.0,NaN,0.0,4.0,1.1,NaN,0.0,4.0,NaN,NaN,NaN,24.0,100.0,NaN,0.0,4.0,NaN,NaN,NaN,24.0,1.7,NaN,0.0,4.0,3.3,NaN,0.0,4.0,3.3,NaN,0.0,4.0,0.7,NaN,0.0,4.0,0.01,NaN,0.0,4.0,36.6,NaN,0.0,4.0,12.8,NaN,0.0,4.0,34.4,NaN,0.0,4.0,9.8,NaN,0.0,4.0,NaN,NaN,NaN,24.0,197.0,NaN,0.0,4.0,78.0,1.0,1.0,0.0,-12.516666666666667,7.0,0.0,0.0,0.0,0.0,0.0,0.0,0.0,0.0,0.0,0.0,1.0,0.0,0.0,NaN,0.0,0.0,NaN,NaN,NaN,NaN,NaN,NaN,NaN
76.0,NaN,2.0,0.0,98.0,NaN,0.0,0.0,37.0,NaN,0.07000000000000028,0.0,157.0,NaN,-6.0,0.0,96.0,NaN,8.0,0.0,77.0,NaN,8.0,0.0,20.0,NaN,3.0,0.0,NaN,NaN,NaN,24.0,NaN,NaN,NaN,24.0,29.0,NaN,0.0,5.0,NaN,NaN,NaN,24.0,NaN,NaN,NaN,24.0,NaN,NaN,NaN,24.0,NaN,NaN,NaN,24.0,30.0,NaN,0.0,5.0,20.0,NaN,0.0,5.0,64.0,NaN,0.0,5.0,9.8,NaN,0.0,5.0,98.0,NaN,0.0,5.0,1.1,NaN,0.0,5.0,NaN,NaN,NaN,24.0,100.0,NaN,0.0,5.0,NaN,NaN,NaN,24.0,1.7,NaN,0.0,5.0,3.3,NaN,0.0,5.0,3.3,NaN,0.0,5.0,0.7,NaN,0.0,5.0,0.01,NaN,0.0,5.0,36.6,NaN,0.0,5.0,12.8,NaN,0.0,5.0,34.4,NaN,0.0,5.0,9.8,NaN,0.0,5.0,NaN,NaN,NaN,24.0,197.0,NaN,0.0,5.0,78.0,1.0,1.0,0.0,-12.516666666666667,8.0,0.0,0.0,0.0,0.0,0.0,0.0,0.0,0.0,0.0,0.0,1.0,0.0,0.0,NaN,0.0,0.0,NaN,NaN,NaN,NaN,NaN,NaN,NaN
90.0,NaN,14.0,0.0,99.0,NaN,1.0,0.0,37.0,NaN,0.05600000000000023,1.0,170.0,NaN,13.0,0.0,103.0,NaN,7.0,0.0,78.0,NaN,1.0,0.0,26.0,NaN,6.0,0.0,NaN,NaN,NaN,24.0,NaN,NaN,NaN,24.0,29.0,NaN,0.0,6.0,NaN,NaN,NaN,24.0,NaN,NaN,NaN,24.0,NaN,NaN,NaN,24.0,NaN,NaN,NaN,24.0,30.0,NaN,0.0,6.0,20.0,NaN,0.0,6.0,64.0,NaN,0.0,6.0,9.8,NaN,0.0,6.0,98.0,NaN,0.0,6.0,1.1,NaN,0.0,6.0,NaN,NaN,NaN,24.0,100.0,NaN,0.0,6.0,NaN,NaN,NaN,24.0,1.7,NaN,0.0,6.0,3.3,NaN,0.0,6.0,3.3,NaN,0.0,6.0,0.7,NaN,0.0,6.0,0.01,NaN,0.0,6.0,36.6,NaN,0.0,6.0,12.8,NaN,0.0,6.0,34.4,NaN,0.0,6.0,9.8,NaN,0.0,6.0,NaN,NaN,NaN,24.0,197.0,NaN,0.0,6.0,78.0,1.0,1.0,0.0,-12.516666666666667,9.0,0.0,1.0,0.0,0.0,0.0,0.0,0.0,0.0,0.0,0.0,1.0,0.0,0.0,NaN,0.0,0.0,NaN,NaN,NaN,NaN,NaN,NaN,NaN
69.0,NaN,-21.0,0.0,97.0,NaN,-2.0,0.0,37.0,NaN,0.046666666666666856,2.0,142.0,NaN,-28.0,0.0,126.0,NaN,23.0,0.0,121.0,NaN,43.0,0.0,16.0,NaN,-10.0,0.0,NaN,NaN,NaN,24.0,NaN,NaN,NaN,24.0,29.0,NaN,0.0,7.0,NaN,NaN,NaN,24.0,NaN,NaN,NaN,24.0,NaN,NaN,NaN,24.0,NaN,NaN,NaN,24.0,30.0,NaN,0.0,7.0,20.0,NaN,0.0,7.0,64.0,NaN,0.0,7.0,9.8,NaN,0.0,7.0,98.0,NaN,0.0,7.0,1.1,NaN,0.0,7.0,NaN,NaN,NaN,24.0,100.0,NaN,0.0,7.0,NaN,NaN,NaN,24.0,1.7,NaN,0.0,7.0,3.3,NaN,0.0,7.0,3.3,NaN,0.0,7.0,0.7,NaN,0.0,7.0,0.01,NaN,0.0,7.0,36.6,NaN,0.0,7.0,12.8,NaN,0.0,7.0,34.4,NaN,0.0,7.0,9.8,NaN,0.0,7.0,NaN,NaN,NaN,24.0,197.0,NaN,0.0,7.0,78.0,1.0,1.0,0.0,-12.516666666666667,10.0,0.0,0.0,0.0,0.0,0.0,0.0,0.0,0.0,0.0,0.0,1.0,0.0,0.0,NaN,0.0,0.0,NaN,NaN,NaN,NaN,NaN,NaN,NaN
77.0,NaN,8.0,0.0,96.0,NaN,-1.0,0.0,37.0,NaN,0.04000000000000016,3.0,161.0,NaN,19.0,0.0,95.0,NaN,-31.0,0.0,73.0,NaN,-48.0,0.0,14.0,NaN,-2.0,0.0,NaN,NaN,NaN,24.0,NaN,NaN,NaN,24.0,29.0,NaN,0.0,8.0,NaN,NaN,NaN,24.0,NaN,NaN,NaN,24.0,NaN,NaN,NaN,24.0,NaN,NaN,NaN,24.0,30.0,NaN,0.0,8.0,20.0,NaN,0.0,8.0,64.0,NaN,0.0,8.0,9.8,NaN,0.0,8.0,98.0,NaN,0.0,8.0,1.1,NaN,0.0,8.0,NaN,NaN,NaN,24.0,100.0,NaN,0.0,8.0,NaN,NaN,NaN,24.0,1.7,NaN,0.0,8.0,3.3,NaN,0.0,8.0,3.3,NaN,0.0,8.0,0.7,NaN,0.0,8.0,0.01,NaN,0.0,8.0,36.6,NaN,0.0,8.0,12.8,NaN,0.0,8.0,34.4,NaN,0.0,8.0,9.8,NaN,0.0,8.0,NaN,NaN,NaN,24.0,197.0,NaN,0.0,8.0,78.0,1.0,1.0,0.0,-12.516666666666667,11.0,0.0,0.0,0.0,0.0,0.0,0.0,0.0,0.0,0.0,0.0,1.0,0.0,0.0,NaN,0.0,0.0,NaN,NaN,NaN,NaN,NaN,NaN,NaN
72.0,NaN,-5.0,0.0,97.0,NaN,1.0,0.0,37.0,NaN,0.0,0.0,141.0,NaN,-20.0,0.0,89.0,NaN,-6.0,0.0,75.0,NaN,2.0,0.0,18.0,NaN,4.0,0.0,NaN,NaN,NaN,24.0,NaN,NaN,NaN,24.0,29.0,NaN,0.0,9.0,NaN,NaN,NaN,24.0,NaN,NaN,NaN,24.0,NaN,NaN,NaN,24.0,NaN,NaN,NaN,24.0,30.0,NaN,0.0,9.0,20.0,NaN,0.0,9.0,64.0,NaN,0.0,9.0,9.8,NaN,0.0,9.0,98.0,NaN,0.0,9.0,1.1,NaN,0.0,9.0,NaN,NaN,NaN,24.0,100.0,NaN,0.0,9.0,NaN,NaN,NaN,24.0,1.7,NaN,0.0,9.0,3.3,NaN,0.0,9.0,3.3,NaN,0.0,9.0,0.7,NaN,0.0,9.0,0.01,NaN,0.0,9.0,36.6,NaN,0.0,9.0,12.8,NaN,0.0,9.0,34.4,NaN,0.0,9.0,9.8,NaN,0.0,9.0,NaN,NaN,NaN,24.0,197.0,NaN,0.0,9.0,78.0,1.0,1.0,0.0,-12.516666666666667,12.0,0.0,0.0,0.0,0.0,0.0,0.0,0.0,0.0,0.0,0.0,1.0,0.0,0.0,NaN,0.0,0.0,NaN,NaN,NaN,NaN,NaN,NaN,NaN
69.0,NaN,-3.0,0.0,95.0,NaN,-2.0,0.0,37.0,NaN,0.0,1.0,149.0,NaN,8.0,0.0,132.0,NaN,43.0,0.0,127.0,NaN,52.0,0.0,17.0,NaN,-1.0,0.0,NaN,NaN,NaN,24.0,NaN,NaN,NaN,24.0,29.0,NaN,0.0,10.0,NaN,NaN,NaN,24.0,NaN,NaN,NaN,24.0,NaN,NaN,NaN,24.0,NaN,NaN,NaN,24.0,30.0,NaN,0.0,10.0,20.0,NaN,0.0,10.0,64.0,NaN,0.0,10.0,9.8,NaN,0.0,10.0,98.0,NaN,0.0,10.0,1.1,NaN,0.0,10.0,NaN,NaN,NaN,24.0,100.0,NaN,0.0,10.0,NaN,NaN,NaN,24.0,1.7,NaN,0.0,10.0,3.3,NaN,0.0,10.0,3.3,NaN,0.0,10.0,0.7,NaN,0.0,10.0,0.01,NaN,0.0,10.0,36.6,NaN,0.0,10.0,12.8,NaN,0.0,10.0,34.4,NaN,0.0,10.0,9.8,NaN,0.0,10.0,NaN,NaN,NaN,24.0,197.0,NaN,0.0,10.0,78.0,1.0,1.0,0.0,-12.516666666666667,13.0,0.0,0.0,0.0,0.0,0.0,0.0,0.0,0.0,0.0,0.0,1.0,0.0,0.0,NaN,0.0,0.0,NaN,NaN,NaN,NaN,NaN,NaN,NaN
82.0,NaN,13.0,0.0,91.0,NaN,-4.0,0.0,37.0,NaN,0.0,2.0,152.0,NaN,3.0,0.0,89.0,NaN,-43.0,0.0,71.0,NaN,-56.0,0.0,15.0,NaN,-2.0,0.0,NaN,NaN,NaN,24.0,NaN,NaN,NaN,24.0,29.0,NaN,0.0,11.0,NaN,NaN,NaN,24.0,NaN,NaN,NaN,24.0,NaN,NaN,NaN,24.0,NaN,NaN,NaN,24.0,30.0,NaN,0.0,11.0,20.0,NaN,0.0,11.0,64.0,NaN,0.0,11.0,9.8,NaN,0.0,11.0,98.0,NaN,0.0,11.0,1.1,NaN,0.0,11.0,NaN,NaN,NaN,24.0,100.0,NaN,0.0,11.0,NaN,NaN,NaN,24.0,1.7,NaN,0.0,11.0,3.3,NaN,0.0,11.0,3.3,NaN,0.0,11.0,0.7,NaN,0.0,11.0,0.01,NaN,0.0,11.0,36.6,NaN,0.0,11.0,12.8,NaN,0.0,11.0,34.4,NaN,0.0,11.0,9.8,NaN,0.0,11.0,NaN,NaN,NaN,24.0,197.0,NaN,0.0,11.0,78.0,1.0,1.0,0.0,-12.516666666666667,14.0,0.0,0.0,0.0,0.0,0.0,0.0,0.0,0.0,0.0,0.0,1.0,0.0,0.0,NaN,0.0,0.0,NaN,NaN,NaN,NaN,NaN,NaN,NaN
78.0,NaN,-4.0,0.0,92.0,NaN,1.0,0.0,37.0,NaN,0.0,3.0,128.0,NaN,-24.0,0.0,71.0,NaN,-18.0,0.0,54.0,NaN,-17.0,0.0,15.0,NaN,0.0,0.0,NaN,NaN,NaN,24.0,NaN,NaN,NaN,24.0,29.0,NaN,0.0,12.0,NaN,NaN,NaN,24.0,NaN,NaN,NaN,24.0,NaN,NaN,NaN,24.0,NaN,NaN,NaN,24.0,30.0,NaN,0.0,12.0,20.0,NaN,0.0,12.0,64.0,NaN,0.0,12.0,9.8,NaN,0.0,12.0,98.0,NaN,0.0,12.0,1.1,NaN,0.0,12.0,NaN,NaN,NaN,24.0,100.0,NaN,0.0,12.0,NaN,NaN,NaN,24.0,1.7,NaN,0.0,12.0,3.3,NaN,0.0,12.0,3.3,NaN,0.0,12.0,0.7,NaN,0.0,12.0,0.01,NaN,0.0,12.0,36.6,NaN,0.0,12.0,12.8,NaN,0.0,12.0,34.4,NaN,0.0,12.0,9.8,NaN,0.0,12.0,NaN,NaN,NaN,24.0,197.0,NaN,0.0,12.0,78.0,1.0,1.0,0.0,-12.516666666666667,15.0,0.0,0.0,0.0,0.0,0.0,0.0,0.0,0.0,0.0,0.0,1.0,0.0,0.0,NaN,0.0,0.0,NaN,NaN,NaN,NaN,NaN,NaN,NaN
