87.0,NaN,NaN,24.0,97.0,NaN,NaN,24.0,37.06,NaN,NaN,24.0,111.0,NaN,NaN,24.0,80.0,NaN,NaN,24.0,70.0,NaN,NaN,24.0,18.0,NaN,NaN,24.0,NaN,NaN,NaN,24.0,NaN,NaN,NaN,24.0,22.0,NaN,NaN,24.0,NaN,NaN,NaN,24.0,NaN,NaN,NaN,24.0,NaN,NaN,NaN,24.0,NaN,NaN,NaN,24.0,17.0,NaN,NaN,24.0,6.0,NaN,NaN,24.0,37.0,NaN,NaN,24.0,6.8,NaN,NaN,24.0,103.0,NaN,NaN,24.0,0.4,NaN,NaN,24.0,NaN,NaN,NaN,24.0,136.0,NaN,NaN,24.0,NaN,NaN,NaN,24.0,1.7,NaN,NaN,24.0,3.0,NaN,NaN,24.0,3.4,NaN,NaN,24.0,0.4,NaN,NaN,24.0,NaN,NaN,NaN,24.0,42.2,NaN,NaN,24.0,14.2,NaN,NaN,24.0,30.6,NaN,NaN,24.0,19.6,NaN,NaN,24.0,NaN,NaN,NaN,24.0,350.0,NaN,NaN,24.0,34.0,0.0,0.0,1.0,-10.813611111111111,1.0,0.0,0.0,0.0,1.0,0.0,0.0,0.0,0.0,0.0,0.0,1.0,0.0,1.0,0.0,0.0,0.0,NaN,230.0,230.0,-6.0,NaN,NaN,NaN
83.0,NaN,-4.0,0.0,96.0,NaN,-1.0,0.0,37.06,NaN,0.0,1.0,116.0,NaN,5.0,0.0,81.0,NaN,1.0,0.0,72.0,NaN,2.0,0.0,13.0,NaN,-5.0,0.0,NaN,NaN,NaN,24.0,NaN,NaN,NaN,24.0,22.0,NaN,0.0,1.0,NaN,NaN,NaN,24.0,NaN,NaN,NaN,24.0,NaN,NaN,NaN,24.0,NaN,NaN,NaN,24.0,17.0,NaN,0.0,1.0,6.0,NaN,0.0,1.0,37.0,NaN,0.0,1.0,6.8,NaN,0.0,1.0,103.0,NaN,0.0,1.0,0.4,NaN,0.0,1.0,NaN,NaN,NaN,24.0,136.0,NaN,0.0,1.0,1.3,NaN,0.0,0.0,1.7,NaN,0.0,1.0,3.0,NaN,0.0,1.0,3.4,NaN,0.0,1.0,0.4,NaN,0.0,1.0,NaN,NaN,NaN,24.0,42.2,NaN,0.0,1.0,14.2,NaN,0.0,1.0,30.6,NaN,0.0,1.0,19.6,NaN,0.0,1.0,NaN,NaN,NaN,24.0,350.0,NaN,0.0,1.0,34.0,0.0,0.0,1.0,-10.813611111111111,2.0,0.0,0.0,0.0,1.0,0.0,0.0,0.0,0.0,0.0,0.0,1.0,0.0,1.0,0.0,0.0,0.0,NaN,230.0,230.0,-6.0,NaN,NaN,NaN
91.0,NaN,8.0,0.0,97.0,NaN,1.0,0.0,37.06,NaN,0.0,2.0,112.0,NaN,-4.0,0.0,77.0,NaN,-4.0,0.0,65.0,NaN,-7.0,0.0,12.0,NaN,-1.0,0.0,NaN,NaN,NaN,24.0,NaN,NaN,NaN,24.0,22.0,NaN,0.0,2.0,NaN,NaN,NaN,24.0,NaN,NaN,NaN,24.0,NaN,NaN,NaN,24.0,NaN,NaN,NaN,24.0,17.0,NaN,0.0,2.0,6.0,NaN,0.0,2.0,37.0,NaN,0.0,2.0,6.8,NaN,0.0,2.0,103.0,NaN,0.0,2.0,0.4,NaN,0.0,2.0,NaN,NaN,NaN,24.0,136.0,NaN,0.0,2.0,1.3,NaN,0.0,1.0,1.7,NaN,0.0,2.0,3.0,NaN,0.0,2.0,3.4,NaN,0.0,2.0,0.4,NaN,0.0,2.0,NaN,NaN,NaN,24.0,42.2,NaN,0.0,2.0,14.2,NaN,0.0,2.0,30.6,NaN,0.0,2.0,19.6,NaN,0.0,2.0,NaN,NaN,NaN,24.0,350.0,NaN,0.0,2.0,34.0,0.0,0.0,1.0,-10.813611111111111,3.0,0.0,0.0,1.0,1.0,0.0,0.0,0.0,0.0,0.0,0.0,1.0,0.0,1.0,0.0,0.0,0.0,NaN,230.0,230.0,-6.0,NaN,NaN,NaN
93.0,NaN,2.0,0.0,96.0,NaN,-1.0,0.0,36.72,NaN,-0.11333333333333447,0.0,109.0,NaN,-3.0,0.0,75.0,NaN,-2.0,0.0,65.0,NaN,0.0,0.0,14.0,NaN,2.0,0.0,NaN,NaN,NaN,24.0,NaN,NaN,NaN,24.0,22.0,NaN,0.0,3.0,NaN,NaN,NaN,24.0,NaN,NaN,NaN,24.0,NaN,NaN,NaN,24.0,NaN,NaN,NaN,24.0,17.0,NaN,0.0,3.0,6.0,NaN,0.0,3.0,37.0,NaN,0.0,3.0,6.8,NaN,0.0,3.0,103.0,NaN,0.0,3.0,0.4,NaN,0.0,3.0,NaN,NaN,NaN,24.0,136.0,NaN,0.0,3.0,1.3,NaN,0.0,2.0,1.7,NaN,0.0,3.0,3.0,NaN,0.0,3.0,3.4,NaN,0.0,3.0,0.4,NaN,0.0,3.0,NaN,NaN,NaN,24.0,42.2,NaN,0.0,3.0,14.2,NaN,0.0,3.0,30.6,NaN,0.0,3.0,19.6,NaN,0.0,3.0,NaN,NaN,NaN,24.0,350.0,NaN,0.0,3.0,34.0,0.0,0.0,1.0,-10.813611111111111,4.0,0.0,0.0,1.0,1.0,0.0,0.0,0.0,0.0,0.0,0.0,1.0,0.0,1.0,0.0,0.0,0.0,NaN,230.0,230.0,-6.0,NaN,NaN,NaN
93.0,NaN,0.0,0.0,96.0,NaN,0.0,0.0,36.72,NaN,-0.08500000000000085,1.0,107.0,NaN,-2.0,0.0,72.0,NaN,-3.0,0.0,61.0,NaN,-4.0,0.0,13.0,NaN,-1.0,0.0,NaN,NaN,NaN,24.0,NaN,NaN,NaN,24.0,22.0,NaN,0.0,4.0,NaN,NaN,NaN,24.0,NaN,NaN,NaN,24.0,NaN,NaN,NaN,24.0,NaN,NaN,NaN,24.0,17.0,NaN,0.0,4.0,6.0,NaN,0.0,4.0,37.0,NaN,0.0,4.0,6.8,NaN,0.0,4.0,103.0,NaN,0.0,4.0,0.4,NaN,0.0,4.0,NaN,NaN,NaN,24.0,136.0,NaN,0.0,4.0,1.3,NaN,0.0,3.0,1.7,NaN,0.0,4.0,3.0,NaN,0.0,4.0,3.4,NaN,0.0,4.0,0.4,NaN,0.0,4.0,NaN,NaN,NaN,24.0,42.2,NaN,0.0,4.0,14.2,NaN,0.0,4.0,30.6,NaN,0.0,4.0,19.6,NaN,0.0,4.0,NaN,NaN,NaN,24.0,350.0,NaN,0.0,4.0,34.0,0.0,0.0,1.0,-10.813611111111111,5.0,0.0,0.0,1.0,1.0,0.0,0.0,0.0,0.0,0.0,0.0,1.0,0.0,1.0,0.0,0.0,0.0,NaN,230.0,230.0,-6.0,NaN,NaN,NaN
99.0,NaN,6.0,0.0,96.0,NaN,0.0,0.0,36.72,NaN,-0.06800000000000068,2.0,118.0,NaN,11.0,0.0,80.0,NaN,8.0,0.0,69.0,NaN,8.0,0.0,13.0,NaN,0.0,0.0,NaN,NaN,NaN,24.0,NaN,NaN,NaN,24.0,22.0,NaN,0.0,5.0,NaN,NaN,NaN,24.0,NaN,NaN,NaN,24.0,NaN,NaN,NaN,24.0,NaN,NaN,NaN,24.0,17.0,NaN,0.0,5.0,6.0,NaN,0.0,5.0,37.0,NaN,0.0,5.0,6.8,NaN,0.0,5.0,103.0,NaN,0.0,5.0,0.4,NaN,0.0,5.0,NaN,NaN,NaN,24.0,136.0,NaN,0.0,5.0,1.3,NaN,0.0,4.0,1.7,NaN,0.0,5.0,3.0,NaN,0.0,5.0,3.4,NaN,0.0,5.0,0.4,NaN,0.0,5.0,NaN,NaN,NaN,24.0,42.2,NaN,0.0,5.0,14.2,NaN,0.0,5.0,30.6,NaN,0.0,5.0,19.6,NaN,0.0,5.0,NaN,NaN,NaN,24.0,350.0,NaN,0.0,5.0,34.0,0.0,0.0,1.0,-10.813611111111111,6.0,0.0,0.0,1.0,1.0,0.0,0.0,0.0,0.0,0.0,0.0,1.0,0.0,1.0,0.0,0.0,0.0,NaN,230.0,230.0,-6.0,NaN,NaN,NaN
120.0,NaN,21.0,0.0,95.0,NaN,-1.0,0.0,37.22,NaN,0.16666666666666666,0.0,112.0,NaN,-6.0,0.0,79.0,NaN,-1.0,0.0,68.0,NaN,-1.0,0.0,20.0,NaN,7.0,0.0,NaN,NaN,NaN,24.0,NaN,NaN,NaN,24.0,22.0,NaN,0.0,6.0,NaN,NaN,NaN,24.0,NaN,NaN,NaN,24.0,NaN,NaN,NaN,24.0,NaN,NaN,NaN,24.0,17.0,NaN,0.0,6.0,6.0,NaN,0.0,6.0,37.0,NaN,0.0,6.0,6.8,NaN,0.0,6.0,103.0,NaN,0.0,6.0,0.4,NaN,0.0,6.0,NaN,NaN,NaN,24.0,136.0,NaN,0.0,6.0,1.3,NaN,0.0,5.0,1.7,NaN,0.0,6.0,3.0,NaN,0.0,6.0,3.4,NaN,0.0,6.0,0.4,NaN,0.0,6.0,NaN,NaN,NaN,24.0,42.2,NaN,0.0,6.0,14.2,NaN,0.0,6.0,30.6,NaN,0.0,6.0,19.6,NaN,0.0,6.0,NaN,NaN,NaN,24.0,350.0,NaN,0.0,6.0,34.0,0.0,0.0,1.0,-10.813611111111111,7.0,0.0,0.0,1.0,1.0,0.0,0.0,0.0,0.0,0.0,0.0,1.0,0.0,1.0,0.0,0.0,0.0,NaN,230.0,230.0,-6.0,NaN,NaN,NaN
106.0,NaN,-14.0,0.0,96.0,NaN,1.0,0.0,37.22,NaN,0.125,1.0,111.0,NaN,-1.0,0.0,81.0,NaN,2.0,0.0,71.0,NaN,3.0,0.0,12.0,NaN,-8.0,0.0,NaN,NaN,NaN,24.0,NaN,NaN,NaN,24.0,22.0,NaN,0.0,7.0,NaN,NaN,NaN,24.0,NaN,NaN,NaN,24.0,NaN,NaN,NaN,24.0,NaN,NaN,NaN,24.0,17.0,NaN,0.0,7.0,6.0,NaN,0.0,7.0,37.0,NaN,0.0,7.0,6.8,NaN,0.0,7.0,103.0,NaN,0.0,7.0,0.4,NaN,0.0,7.0,NaN,NaN,NaN,24.0,136.0,NaN,0.0,7.0,1.3,NaN,0.0,6.0,1.7,NaN,0.0,7.0,3.0,NaN,0.0,7.0,3.4,NaN,0.0,7.0,0.4,NaN,0.0,7.0,NaN,NaN,NaN,24.0,42.2,NaN,0.0,7.0,14.2,NaN,0.0,7.0,30.6,NaN,0.0,7.0,19.6,NaN,0.0,7.0,NaN,NaN,NaN,24.0,350.0,NaN,0.0,7.0,34.0,0.0,0.0,1.0,-10.813611111111111,8.0,0.0,0.0,1.0,1.0,0.0,0.0,0.0,0.0,0.0,0.0,1.0,0.0,1.0,0.0,0.0,0.0,NaN,230.0,230.0,-6.0,NaN,NaN,NaN
99.0,NaN,-7.0,0.0,97.0,NaN,1.0,0.0,37.22,NaN,0.1,2.0,114.0,NaN,3.0,0.0,80.0,NaN,-1.0,0.0,70.0,NaN,-1.0,0.0,12.0,NaN,0.0,0.0,NaN,NaN,NaN,24.0,NaN,NaN,NaN,24.0,22.0,NaN,0.0,8.0,NaN,NaN,NaN,24.0,NaN,NaN,NaN,24.0,NaN,NaN,NaN,24.0,NaN,NaN,NaN,24.0,17.0,NaN,0.0,8.0,6.0,NaN,0.0,8.0,37.0,NaN,0.0,8.0,6.8,NaN,0.0,8.0,103.0,NaN,0.0,8.0,0.4,NaN,0.0,8.0,NaN,NaN,NaN,24.0,136.0,NaN,0.0,8.0,1.3,NaN,0.0,7.0,1.7,NaN,0.0,8.0,3.0,NaN,0.0,8.0,3.4,NaN,0.0,8.0,0.4,NaN,0.0,8.0,NaN,NaN,NaN,24.0,42.2,NaN,0.0,8.0,14.2,NaN,0.0,8.0,30.6,NaN,0.0,8.0,19.6,NaN,0.0,8.0,NaN,NaN,NaN,24.0,350.0,NaN,0.0,8.0,34.0,0.0,0.0,1.0,-10.813611111111111,9.0,0.0,0.0,1.0,1.0,0.0,0.0,0.0,0.0,0.0,0.0,1.0,0.0,1.0,0.0,0.0,0.0,NaN,230.0,230.0,-6.0,NaN,NaN,NaN
99.0,NaN,0.0,0.0,97.0,NaN,0.0,0.0,37.22,NaN,0.08333333333333333,3.0,108.0,NaN,-6.0,0.0,76.0,NaN,-4.0,0.0,66.0,NaN,-4.0,0.0,11.0,NaN,-1.0,0.0,NaN,NaN,NaN,24.0,NaN,NaN,NaN,24.0,22.0,NaN,0.0,9.0,NaN,NaN,NaN,24.0,NaN,NaN,NaN,24.0,NaN,NaN,NaN,24.0,NaN,NaN,NaN,24.0,17.0,NaN,0.0,9.0,6.0,NaN,0.0,9.0,37.0,NaN,0.0,9.0,6.8,NaN,0.0,9.0,103.0,NaN,0.0,9.0,0.4,NaN,0.0,9.0,NaN,NaN,NaN,24.0,136.0,NaN,0.0,9.0,1.3,NaN,0.0,8.0,1.7,NaN,0.0,9.0,3.0,NaN,0.0,9.0,3.4,NaN,0.0,9.0,0.4,NaN,0.0,9.0,NaN,NaN,NaN,24.0,42.2,NaN,0.0,9.0,14.2,NaN,0.0,9.0,30.6,NaN,0.0,9.0,19.6,NaN,0.0,9.0,NaN,NaN,NaN,24.0,350.0,NaN,0.0,9.0,34.0,0.0,0.0,1.0,-10.813611111111111,10.0,0.0,0.0,1.0,1.0,0.0,0.0,0.0,0.0,0.0,0.0,1.0,0.0,1.0,0.0,0.0,0.0,NaN,230.0,230.0,-6.0,NaN,NaN,NaN
104.0,NaN,5.0,0.0,94.0,NaN,-3.0,0.0,37.28,NaN,0.015000000000000568,0.0,117.0,NaN,9.0,0.0,82.0,NaN,6.0,0.0,71.0,NaN,5.0,0.0,17.0,NaN,6.0,0.0,NaN,NaN,NaN,24.0,NaN,NaN,NaN,24.0,22.0,NaN,0.0,10.0,NaN,NaN,NaN,24.0,NaN,NaN,NaN,24.0,NaN,NaN,NaN,24.0,NaN,NaN,NaN,24.0,17.0,NaN,0.0,10.0,6.0,NaN,0.0,10.0,37.0,NaN,0.0,10.0,6.8,NaN,0.0,10.0,103.0,NaN,0.0,10.0,0.4,NaN,0.0,10.0,NaN,NaN,NaN,24.0,136.0,NaN,0.0,10.0,1.3,NaN,0.0,9.0,1.7,NaN,0.0,10.0,3.0,NaN,0.0,10.0,3.4,NaN,0.0,10.0,0.4,NaN,0.0,10.0,NaN,NaN,NaN,24.0,42.2,NaN,0.0,10.0,14.2,NaN,0.0,10.0,30.6,NaN,0.0,10.0,19.6,NaN,0.0,10.0,NaN,NaN,NaN,24.0,350.0,NaN,0.0,10.0,34.0,0.0,0.0,1.0,-10.813611111111111,11.0,0.0,0.0,1.0,1.0,0.0,0.0,0.0,0.0,0.0,0.0,1.0,0.0,1.0,0.0,0.0,0.0,NaN,230.0,230.0,-6.0,NaN,NaN,NaN
111.0,NaN,7.0,0.0,99.0,NaN,5.0,0.0,37.28,NaN,0.012000000000000455,1.0,136.0,NaN,19.0,0.0,96.0,NaN,14.0,0.0,83.0,NaN,12.0,0.0,34.0,NaN,17.0,0.0,NaN,NaN,NaN,24.0,NaN,NaN,NaN,24.0,22.0,NaN,0.0,11.0,NaN,NaN,NaN,24.0,NaN,NaN,NaN,24.0,NaN,NaN,NaN,24.0,NaN,NaN,NaN,24.0,17.0,NaN,0.0,11.0,6.0,NaN,0.0,11.0,37.0,NaN,0.0,11.0,6.8,NaN,0.0,11.0,103.0,NaN,0.0,11.0,0.4,NaN,0.0,11.0,NaN,NaN,NaN,24.0,136.0,NaN,0.0,11.0,1.3,NaN,0.0,10.0,1.7,NaN,0.0,11.0,3.0,NaN,0.0,11.0,3.4,NaN,0.0,11.0,0.4,NaN,0.0,11.0,NaN,NaN,NaN,24.0,42.2,NaN,0.0,11.0,14.2,NaN,0.0,11.0,30.6,NaN,0.0,11.0,19.6,NaN,0.0,11.0,NaN,NaN,NaN,24.0,350.0,NaN,0.0,11.0,34.0,0.0,0.0,1.0,-10.813611111111111,12.0,0.0,1.0,1.0,1.0,0.0,0.0,0.0,0.0,0.0,0.0,1.0,0.0,1.0,0.0,0.0,0.0,NaN,230.0,230.0,-6.0,NaN,NaN,NaN
111.0,NaN,3.5,1.0,99.0,NaN,2.5,1.0,37.28,NaN,0.010000000000000378,2.0,136.0,NaN,9.5,1.0,96.0,NaN,7.0,1.0,83.0,NaN,6.0,1.0,34.0,NaN,8.5,1.0,NaN,NaN,NaN,24.0,NaN,NaN,NaN,24.0,22.0,NaN,0.0,12.0,NaN,NaN,NaN,24.0,NaN,NaN,NaN,24.0,NaN,NaN,NaN,24.0,NaN,NaN,NaN,24.0,17.0,NaN,0.0,12.0,6.0,NaN,0.0,12.0,37.0,NaN,0.0,12.0,6.8,NaN,0.0,12.0,103.0,NaN,0.0,12.0,0.4,NaN,0.0,12.0,NaN,NaN,NaN,24.0,136.0,NaN,0.0,12.0,1.3,NaN,0.0,11.0,1.7,NaN,0.0,12.0,3.0,NaN,0.0,12.0,3.4,NaN,0.0,12.0,0.4,NaN,0.0,12.0,NaN,NaN,NaN,24.0,42.2,NaN,0.0,12.0,14.2,NaN,0.0,12.0,30.6,NaN,0.0,12.0,19.6,NaN,0.0,12.0,NaN,NaN,NaN,24.0,350.0,NaN,0.0,12.0,34.0,0.0,0.0,1.0,-10.813611111111111,13.0,0.0,1.0,1.0,1.0,0.0,0.0,0.0,0.0,0.0,0.0,1.0,0.0,1.0,0.0,0.0,0.0,NaN,230.0,230.0,-6.0,NaN,NaN,NaN
102.5,NaN,-4.25,0.0,100.0,NaN,0.5,0.0,36.61,NaN,-0.2233333333333339,0.0,129.333333333333,NaN,-3.333333333333499,0.0,94.3333333333333,NaN,-0.8333333333333499,0.0,81.6666666666667,NaN,-0.6666666666666501,0.0,14.0,NaN,-10.0,0.0,NaN,NaN,NaN,24.0,NaN,NaN,NaN,24.0,22.0,NaN,0.0,13.0,NaN,NaN,NaN,24.0,NaN,NaN,NaN,24.0,NaN,NaN,NaN,24.0,NaN,NaN,NaN,24.0,17.0,NaN,0.0,13.0,6.0,NaN,0.0,13.0,37.0,NaN,0.0,13.0,6.8,NaN,0.0,13.0,103.0,NaN,0.0,13.0,0.4,NaN,0.0,13.0,NaN,NaN,NaN,24.0,136.0,NaN,0.0,13.0,1.3,NaN,0.0,12.0,1.7,NaN,0.0,13.0,3.0,NaN,0.0,13.0,3.4,NaN,0.0,13.0,0.4,NaN,0.0,13.0,NaN,NaN,NaN,24.0,42.2,NaN,0.0,13.0,14.2,NaN,0.0,13.0,30.6,NaN,0.0,13.0,19.6,NaN,0.0,13.0,NaN,NaN,NaN,24.0,350.0,NaN,0.0,13.0,34.0,0.0,0.0,1.0,-10.813611111111111,14.0,0.0,0.0,1.0,1.0,0.0,0.0,0.0,0.0,0.0,0.0,1.0,0.0,1.0,0.0,0.0,0.0,NaN,230.0,230.0,-6.0,NaN,NaN,NaN
107.0,NaN,4.5,0.0,100.0,NaN,0.0,0.0,36.61,NaN,-0.16750000000000043,1.0,132.0,NaN,2.6666666666669983,0.0,93.0,NaN,-1.3333333333333002,0.0,77.5,NaN,-4.1666666666667,0.0,11.0,NaN,-3.0,0.0,NaN,NaN,NaN,24.0,NaN,NaN,NaN,24.0,22.0,NaN,0.0,14.0,0.4,NaN,0.0,0.0,NaN,NaN,NaN,24.0,NaN,NaN,NaN,24.0,NaN,NaN,NaN,24.0,17.0,NaN,0.0,14.0,6.0,NaN,0.0,14.0,37.0,NaN,0.0,14.0,6.8,NaN,0.0,14.0,103.0,NaN,0.0,14.0,0.4,NaN,0.0,14.0,NaN,NaN,NaN,24.0,136.0,NaN,0.0,14.0,1.3,NaN,0.0,13.0,1.7,NaN,0.0,14.0,3.0,NaN,0.0,14.0,3.4,NaN,0.0,14.0,0.4,NaN,0.0,14.0,NaN,NaN,NaN,24.0,42.2,NaN,0.0,14.0,14.2,NaN,0.0,14.0,30.6,NaN,0.0,14.0,19.6,NaN,0.0,14.0,NaN,NaN,NaN,24.0,350.0,NaN,0.0,14.0,34.0,0.0,0.0,1.0,-10.813611111111111,15.0,0.0,0.0,1.0,1.0,1.0,0.0,0.0,0.0,0.0,0.0,0.0,0.0,1.0,0.0,0.0,0.0,NaN,230.0,230.0,-6.0,NaN,NaN,NaN
114.0,NaN,7.0,0.0,100.0,NaN,0.0,0.0,36.61,NaN,-0.13400000000000034,2.0,129.0,NaN,-3.0,0.0,98.0,NaN,5.0,0.0,82.0,NaN,4.5,0.0,9.0,NaN,-2.0,0.0,NaN,NaN,NaN,24.0,NaN,NaN,NaN,24.0,25.0,NaN,0.2,0.0,0.4,NaN,0.0,1.0,NaN,NaN,NaN,24.0,NaN,NaN,NaN,24.0,NaN,NaN,NaN,24.0,24.0,NaN,0.4666666666666667,0.0,7.0,NaN,0.06666666666666667,0.0,32.0,NaN,-0.3333333333333333,0.0,5.6,NaN,-0.08000000000000002,0.0,102.0,NaN,-0.06666666666666667,0.0,0.4,NaN,0.0,0.0,NaN,NaN,NaN,24.0,147.0,NaN,0.7333333333333333,0.0,1.3,NaN,0.0,14.0,1.4,NaN,-0.020000000000000004,0.0,2.2,NaN,-0.05333333333333332,0.0,3.4,NaN,0.0,0.0,0.4,NaN,0.0,15.0,NaN,NaN,NaN,24.0,43.1,NaN,0.05999999999999991,0.0,14.3,NaN,0.006666666666666762,0.0,33.1,NaN,0.16666666666666666,0.0,26.8,NaN,0.4799999999999999,0.0,NaN,NaN,NaN,24.0,363.0,NaN,0.8666666666666667,0.0,34.0,0.0,0.0,1.0,-10.813611111111111,16.0,0.0,0.0,1.0,1.0,0.0,0.0,0.0,0.0,0.0,0.0,1.0,0.0,1.0,0.0,0.0,0.0,NaN,230.0,230.0,-6.0,NaN,NaN,NaN
