73.5,NaN,NaN,24.0,93.0,NaN,NaN,24.0,37.11,NaN,NaN,24.0,133.0,NaN,NaN,24.0,69.0,NaN,NaN,24.0,86.0,NaN,NaN,24.0,22.5,NaN,NaN,24.0,NaN,NaN,NaN,24.0,NaN,NaN,NaN,24.0,NaN,NaN,NaN,24.0,NaN,NaN,NaN,24.0,NaN,NaN,NaN,24.0,NaN,NaN,NaN,24.0,NaN,NaN,NaN,24.0,NaN,NaN,NaN,24.0,NaN,NaN,NaN,24.0,NaN,NaN,NaN,24.0,NaN,NaN,NaN,24.0,NaN,NaN,NaN,24.0,NaN,NaN,NaN,24.0,NaN,NaN,NaN,24.0,NaN,NaN,NaN,24.0,NaN,NaN,NaN,24.0,NaN,NaN,NaN,24.0,NaN,NaN,NaN,24.0,NaN,NaN,NaN,24.0,NaN,NaN,NaN,24.0,NaN,NaN,NaN,24.0,NaN,NaN,NaN,24.0,NaN,NaN,NaN,24.0,NaN,NaN,NaN,24.0,NaN,NaN,NaN,24.0,NaN,NaN,NaN,24.0,NaN,NaN,NaN,24.0,35.0,1.0,1.0,0.0,-6.05,1.0,0.0,1.0,0.0,0.0,0.0,0.0,0.0,0.0,0.0,0.0,1.0,0.0,0.0,0.0,0.0,0.0,NaN,NaN,NaN,9.0,NaN,NaN,NaN
66.0,NaN,-7.5,0.0,92.0,NaN,-1.0,0.0,37.11,NaN,0.0,1.0,133.0,NaN,0.0,0.0,91.0,NaN,22.0,0.0,77.0,NaN,-9.0,0.0,24.0,NaN,1.5,0.0,NaN,NaN,NaN,24.0,NaN,NaN,NaN,24.0,NaN,NaN,NaN,24.0,NaN,NaN,NaN,24.0,NaN,NaN,NaN,24.0,NaN,NaN,NaN,24.0,NaN,NaN,NaN,24.0,NaN,NaN,NaN,24.0,NaN,NaN,NaN,24.0,NaN,NaN,NaN,24.0,NaN,NaN,NaN,24.0,NaN,NaN,NaN,24.0,NaN,NaN,NaN,24.0,NaN,NaN,NaN,24.0,NaN,NaN,NaN,24.0,NaN,NaN,NaN,24.0,NaN,NaN,NaN,24.0,NaN,NaN,NaN,24.0,NaN,NaN,NaN,24.0,NaN,NaN,NaN,24.0,NaN,NaN,NaN,24.0,NaN,NaN,NaN,24.0,NaN,NaN,NaN,24.0,NaN,NaN,NaN,24.0,NaN,NaN,NaN,24.0,NaN,NaN,NaN,24.0,NaN,NaN,NaN,24.0,35.0,1.0,1.0,0.0,-6.05,2.0,0.0,1.0,0.0,0.0,0.0,0.0,0.0,0.0,0.0,0.0,1.0,0.0,0.0,0.0,0.0,0.0,NaN,NaN,NaN,9.0,NaN,NaN,NaN
63.0,NaN,-3.0,0.0,96.0,NaN,4.0,0.0,37.11,NaN,0.0,2.0,112.0,NaN,-21.0,0.0,73.0,NaN,-18.0,0.0,67.0,NaN,-10.0,0.0,21.0,NaN,-3.0,0.0,NaN,NaN,NaN,24.0,NaN,NaN,NaN,24.0,NaN,NaN,NaN,24.0,NaN,NaN,NaN,24.0,NaN,NaN,NaN,24.0,NaN,NaN,NaN,24.0,NaN,NaN,NaN,24.0,NaN,NaN,NaN,24.0,NaN,NaN,NaN,24.0,NaN,NaN,NaN,24.0,NaN,NaN,NaN,24.0,NaN,NaN,NaN,24.0,NaN,NaN,NaN,24.0,NaN,NaN,NaN,24.0,NaN,NaN,NaN,24.0,NaN,NaN,NaN,24.0,NaN,NaN,NaN,24.0,NaN,NaN,NaN,24.0,NaN,NaN,NaN,24.0,NaN,NaN,NaN,24.0,NaN,NaN,NaN,24.0,NaN,NaN,NaN,24.0,NaN,NaN,NaN,24.0,NaN,NaN,NaN,24.0,NaN,NaN,NaN,24.0,NaN,NaN,NaN,24.0,NaN,NaN,NaN,24.0,35.0,1.0,1.0,0.0,-6.05,3.0,0.0,1.0,0.0,0.0,0.0,0.0,0.0,0.0,0.0,0.0,1.0,0.0,0.0,0.0,0.0,0.0,NaN,NaN,NaN,9.0,NaN,NaN,NaN
65.0,NaN,2.0,0.0,97.0,NaN,1.0,0.0,37.11,NaN,0.0,3.0,132.0,NaN,20.0,0.0,98.0,NaN,25.0,0.0,91.0,NaN,24.0,0.0,21.0,NaN,0.0,0.0,NaN,NaN,NaN,24.0,NaN,NaN,NaN,24.0,NaN,NaN,NaN,24.0,NaN,NaN,NaN,24.0,NaN,NaN,NaN,24.0,NaN,NaN,NaN,24.0,NaN,NaN,NaN,24.0,NaN,NaN,NaN,24.0,NaN,NaN,NaN,24.0,NaN,NaN,NaN,24.0,NaN,NaN,NaN,24.0,NaN,NaN,NaN,24.0,NaN,NaN,NaN,24.0,NaN,NaN,NaN,24.0,NaN,NaN,NaN,24.0,NaN,NaN,NaN,24.0,NaN,NaN,NaN,24.0,NaN,NaN,NaN,24.0,NaN,NaN,NaN,24.0,NaN,NaN,NaN,24.0,NaN,NaN,NaN,24.0,NaN,NaN,NaN,24.0,NaN,NaN,NaN,24.0,NaN,NaN,NaN,24.0,NaN,NaN,NaN,24.0,NaN,NaN,NaN,24.0,NaN,NaN,NaN,24.0,35.0,1.0,1.0,0.0,-6.05,4.0,0.0,1.0,0.0,0.0,0.0,0.0,0.0,0.0,0.0,0.0,1.0,0.0,0.0,0.0,0.0,0.0,NaN,NaN,NaN,9.0,NaN,NaN,NaN
74.0,NaN,9.0,0.0,94.0,NaN,-3.0,0.0,37.11,NaN,0.0,4.0,144.0,NaN,12.0,0.0,95.0,NaN,-3.0,0.0,81.0,NaN,-10.0,0.0,31.0,NaN,10.0,0.0,NaN,NaN,NaN,24.0,NaN,NaN,NaN,24.0,NaN,NaN,NaN,24.0,NaN,NaN,NaN,24.0,NaN,NaN,NaN,24.0,NaN,NaN,NaN,24.0,NaN,NaN,NaN,24.0,NaN,NaN,NaN,24.0,NaN,NaN,NaN,24.0,NaN,NaN,NaN,24.0,NaN,NaN,NaN,24.0,NaN,NaN,NaN,24.0,NaN,NaN,NaN,24.0,NaN,NaN,NaN,24.0,NaN,NaN,NaN,24.0,NaN,NaN,NaN,24.0,NaN,NaN,NaN,24.0,NaN,NaN,NaN,24.0,NaN,NaN,NaN,24.0,NaN,NaN,NaN,24.0,NaN,NaN,NaN,24.0,NaN,NaN,NaN,24.0,NaN,NaN,NaN,24.0,NaN,NaN,NaN,24.0,NaN,NaN,NaN,24.0,NaN,NaN,NaN,24.0,NaN,NaN,NaN,24.0,35.0,1.0,1.0,0.0,-6.05,5.0,0.0,1.0,0.0,0.0,0.0,0.0,0.0,0.0,0.0,0.0,1.0,0.0,0.0,0.0,0.0,0.0,NaN,NaN,NaN,9.0,NaN,NaN,NaN
76.0,NaN,2.0,0.0,95.0,NaN,1.0,0.0,37.11,NaN,0.0,5.0,153.0,NaN,9.0,0.0,105.0,NaN,10.0,0.0,93.0,NaN,12.0,0.0,27.0,NaN,-4.0,0.0,NaN,NaN,NaN,24.0,NaN,NaN,NaN,24.0,NaN,NaN,NaN,24.0,NaN,NaN,NaN,24.0,NaN,NaN,NaN,24.0,NaN,NaN,NaN,24.0,NaN,NaN,NaN,24.0,NaN,NaN,NaN,24.0,NaN,NaN,NaN,24.0,NaN,NaN,NaN,24.0,NaN,NaN,NaN,24.0,NaN,NaN,NaN,24.0,NaN,NaN,NaN,24.0,NaN,NaN,NaN,24.0,NaN,NaN,NaN,24.0,NaN,NaN,NaN,24.0,NaN,NaN,NaN,24.0,NaN,NaN,NaN,24.0,NaN,NaN,NaN,24.0,NaN,NaN,NaN,24.0,NaN,NaN,NaN,24.0,NaN,NaN,NaN,24.0,NaN,NaN,NaN,24.0,NaN,NaN,NaN,24.0,NaN,NaN,NaN,24.0,NaN,NaN,NaN,24.0,NaN,NaN,NaN,24.0,35.0,1.0,1.0,0.0,-6.05,6.0,0.0,1.0,0.0,0.0,0.0,0.0,0.0,0.0,0.0,0.0,1.0,0.0,0.0,0.0,0.0,0.0,NaN,NaN,NaN,9.0,NaN,NaN,NaN
75.0,NaN,-1.0,0.0,93.0,NaN,-2.0,0.0,37.11,NaN,0.0,6.0,141.0,NaN,-12.0,0.0,94.0,NaN,-11.0,0.0,81.0,NaN,-12.0,0.0,28.0,NaN,1.0,0.0,NaN,NaN,NaN,24.0,NaN,NaN,NaN,24.0,NaN,NaN,NaN,24.0,NaN,NaN,NaN,24.0,NaN,NaN,NaN,24.0,NaN,NaN,NaN,24.0,NaN,NaN,NaN,24.0,27.0,NaN,0.0,0.0,NaN,NaN,NaN,24.0,NaN,NaN,NaN,24.0,NaN,NaN,NaN,24.0,NaN,NaN,NaN,24.0,NaN,NaN,NaN,24.0,NaN,NaN,NaN,24.0,NaN,NaN,NaN,24.0,NaN,NaN,NaN,24.0,NaN,NaN,NaN,24.0,NaN,NaN,NaN,24.0,NaN,NaN,NaN,24.0,NaN,NaN,NaN,24.0,0.01,NaN,0.0,0.0,33.5,NaN,0.0,0.0,11.8,NaN,0.0,0.0,NaN,NaN,NaN,24.0,14.4,NaN,0.0,0.0,NaN,NaN,NaN,24.0,270.0,NaN,0.0,0.0,35.0,1.0,1.0,0.0,-6.05,7.0,0.0,1.0,0.0,1.0,0.0,0.0,0.0,0.0,0.0,0.0,1.0,0.0,0.0,0.0,0.0,0.0,NaN,NaN,NaN,9.0,NaN,NaN,NaN
80.0,NaN,5.0,0.0,93.0,NaN,0.0,0.0,37.56,NaN,0.0642857142857147,0.0,154.0,NaN,13.0,0.0,94.0,NaN,0.0,0.0,76.0,NaN,-5.0,0.0,25.0,NaN,-3.0,0.0,NaN,NaN,NaN,24.0,NaN,NaN,NaN,24.0,NaN,NaN,NaN,24.0,NaN,NaN,NaN,24.0,NaN,NaN,NaN,24.0,NaN,NaN,NaN,24.0,NaN,NaN,NaN,24.0,27.0,NaN,0.0,1.0,NaN,NaN,NaN,24.0,NaN,NaN,NaN,24.0,NaN,NaN,NaN,24.0,NaN,NaN,NaN,24.0,NaN,NaN,NaN,24.0,NaN,NaN,NaN,24.0,NaN,NaN,NaN,24.0,NaN,NaN,NaN,24.0,NaN,NaN,NaN,24.0,NaN,NaN,NaN,24.0,NaN,NaN,NaN,24.0,NaN,NaN,NaN,24.0,0.01,NaN,0.0,1.0,33.5,NaN,0.0,1.0,11.8,NaN,0.0,1.0,NaN,NaN,NaN,24.0,14.4,NaN,0.0,1.0,NaN,NaN,NaN,24.0,270.0,NaN,0.0,1.0,35.0,1.0,1.0,0.0,-6.05,8.0,0.0,1.0,0.0,1.0,0.0,0.0,0.0,0.0,0.0,0.0,1.0,0.0,0.0,0.0,0.0,0.0,NaN,NaN,NaN,9.0,NaN,NaN,NaN
86.0,NaN,6.0,0.0,92.0,NaN,-1.0,0.0,37.56,NaN,0.056250000000000355,1.0,141.0,NaN,-13.0,0.0,96.0,NaN,2.0,0.0,85.0,NaN,9.0,0.0,24.0,NaN,-1.0,0.0,NaN,NaN,NaN,24.0,NaN,NaN,NaN,24.0,NaN,NaN,NaN,24.0,NaN,NaN,NaN,24.0,NaN,NaN,NaN,24.0,NaN,NaN,NaN,24.0,NaN,NaN,NaN,24.0,27.0,NaN,0.0,2.0,NaN,NaN,NaN,24.0,NaN,NaN,NaN,24.0,NaN,NaN,NaN,24.0,NaN,NaN,NaN,24.0,NaN,NaN,NaN,24.0,NaN,NaN,NaN,24.0,NaN,NaN,NaN,24.0,NaN,NaN,NaN,24.0,NaN,NaN,NaN,24.0,NaN,NaN,NaN,24.0,NaN,NaN,NaN,24.0,NaN,NaN,NaN,24.0,0.01,NaN,0.0,2.0,33.5,NaN,0.0,2.0,11.8,NaN,0.0,2.0,NaN,NaN,NaN,24.0,14.4,NaN,0.0,2.0,NaN,NaN,NaN,24.0,270.0,NaN,0.0,2.0,35.0,1.0,1.0,0.0,-6.05,9.0,0.0,1.0,0.0,1.0,0.0,0.0,0.0,0.0,0.0,0.0,1.0,0.0,0.0,0.0,0.0,0.0,NaN,NaN,NaN,9.0,NaN,NaN,NaN
79.0,NaN,-7.0,0.0,94.0,NaN,2.0,0.0,37.56,NaN,0.050000000000000315,2.0,144.0,NaN,3.0,0.0,91.0,NaN,-5.0,0.0,77.0,NaN,-8.0,0.0,27.0,NaN,3.0,0.0,NaN,NaN,NaN,24.0,NaN,NaN,NaN,24.0,NaN,NaN,NaN,24.0,NaN,NaN,NaN,24.0,NaN,NaN,NaN,24.0,NaN,NaN,NaN,24.0,NaN,NaN,NaN,24.0,27.0,NaN,0.0,3.0,NaN,NaN,NaN,24.0,NaN,NaN,NaN,24.0,NaN,NaN,NaN,24.0,NaN,NaN,NaN,24.0,NaN,NaN,NaN,24.0,NaN,NaN,NaN,24.0,NaN,NaN,NaN,24.0,NaN,NaN,NaN,24.0,NaN,NaN,NaN,24.0,NaN,NaN,NaN,24.0,NaN,NaN,NaN,24.0,NaN,NaN,NaN,24.0,0.01,NaN,0.0,3.0,33.5,NaN,0.0,3.0,11.8,NaN,0.0,3.0,NaN,NaN,NaN,24.0,14.4,NaN,0.0,3.0,NaN,NaN,NaN,24.0,270.0,NaN,0.0,3.0,35.0,1.0,1.0,0.0,-6.05,10.0,0.0,1.0,0.0,1.0,0.0,0.0,0.0,0.0,0.0,0.0,1.0,0.0,0.0,0.0,0.0,0.0,NaN,NaN,NaN,9.0,NaN,NaN,NaN
74.0,NaN,-5.0,0.0,94.0,NaN,0.0,0.0,37.56,NaN,0.04500000000000028,3.0,112.0,NaN,-32.0,0.0,76.0,NaN,-15.0,0.0,64.0,NaN,-13.0,0.0,20.0,NaN,-7.0,0.0,NaN,NaN,NaN,24.0,NaN,NaN,NaN,24.0,NaN,NaN,NaN,24.0,NaN,NaN,NaN,24.0,NaN,NaN,NaN,24.0,NaN,NaN,NaN,24.0,NaN,NaN,NaN,24.0,27.0,NaN,0.0,4.0,NaN,NaN,NaN,24.0,NaN,NaN,NaN,24.0,NaN,NaN,NaN,24.0,NaN,NaN,NaN,24.0,NaN,NaN,NaN,24.0,NaN,NaN,NaN,24.0,NaN,NaN,NaN,24.0,NaN,NaN,NaN,24.0,NaN,NaN,NaN,24.0,NaN,NaN,NaN,24.0,NaN,NaN,NaN,24.0,NaN,NaN,NaN,24.0,0.01,NaN,0.0,4.0,33.5,NaN,0.0,4.0,11.8,NaN,0.0,4.0,NaN,NaN,NaN,24.0,14.4,NaN,0.0,4.0,NaN,NaN,NaN,24.0,270.0,NaN,0.0,4.0,35.0,1.0,1.0,0.0,-6.05,11.0,0.0,0.0,0.0,1.0,0.0,0.0,0.0,0.0,0.0,0.0,1.0,0.0,0.0,0.0,0.0,0.0,NaN,NaN,NaN,9.0,NaN,NaN,NaN
79.0,NaN,5.0,0.0,97.0,NaN,3.0,0.0,36.22,NaN,-0.33500000000000085,0.0,121.0,NaN,9.0,0.0,80.0,NaN,4.0,0.0,67.0,NaN,3.0,0.0,21.0,NaN,1.0,0.0,NaN,NaN,NaN,24.0,NaN,NaN,NaN,24.0,NaN,NaN,NaN,24.0,NaN,NaN,NaN,24.0,NaN,NaN,NaN,24.0,NaN,NaN,NaN,24.0,NaN,NaN,NaN,24.0,27.0,NaN,0.0,5.0,NaN,NaN,NaN,24.0,NaN,NaN,NaN,24.0,NaN,NaN,NaN,24.0,NaN,NaN,NaN,24.0,NaN,NaN,NaN,24.0,NaN,NaN,NaN,24.0,NaN,NaN,NaN,24.0,NaN,NaN,NaN,24.0,NaN,NaN,NaN,24.0,NaN,NaN,NaN,24.0,NaN,NaN,NaN,24.0,NaN,NaN,NaN,24.0,0.01,NaN,0.0,5.0,33.5,NaN,0.0,5.0,11.8,NaN,0.0,5.0,NaN,NaN,NaN,24.0,14.4,NaN,0.0,5.0,NaN,NaN,NaN,24.0,270.0,NaN,0.0,5.0,35.0,1.0,1.0,0.0,-6.05,12.0,0.0,1.0,0.0,1.0,0.0,0.0,0.0,0.0,0.0,0.0,1.0,0.0,0.0,0.0,0.0,0.0,NaN,NaN,NaN,9.0,NaN,NaN,NaN
77.0,NaN,-2.0,0.0,96.0,NaN,-1.0,0.0,36.22,NaN,-0.2680000000000007,1.0,131.0,NaN,10.0,0.0,88.0,NaN,8.0,0.0,75.0,NaN,8.0,0.0,24.0,NaN,3.0,0.0,NaN,NaN,NaN,24.0,NaN,NaN,NaN,24.0,NaN,NaN,NaN,24.0,NaN,NaN,NaN,24.0,NaN,NaN,NaN,24.0,NaN,NaN,NaN,24.0,NaN,NaN,NaN,24.0,27.0,NaN,0.0,6.0,NaN,NaN,NaN,24.0,NaN,NaN,NaN,24.0,NaN,NaN,NaN,24.0,NaN,NaN,NaN,24.0,NaN,NaN,NaN,24.0,NaN,NaN,NaN,24.0,NaN,NaN,NaN,24.0,NaN,NaN,NaN,24.0,NaN,NaN,NaN,24.0,NaN,NaN,NaN,24.0,NaN,NaN,NaN,24.0,NaN,NaN,NaN,24.0,0.01,NaN,0.0,6.0,33.5,NaN,0.0,6.0,11.8,NaN,0.0,6.0,NaN,NaN,NaN,24.0,14.4,NaN,0.0,6.0,NaN,NaN,NaN,24.0,270.0,NaN,0.0,6.0,35.0,1.0,1.0,0.0,-6.05,13.0,0.0,1.0,0.0,1.0,0.0,0.0,0.0,0.0,0.0,0.0,1.0,0.0,0.0,0.0,0.0,0.0,NaN,NaN,NaN,9.0,NaN,NaN,NaN
76.0,NaN,-1.0,0.0,94.0,NaN,-2.0,0.0,36.22,NaN,-0.2233333333333339,2.0,129.0,NaN,-2.0,0.0,89.0,NaN,1.0,0.0,77.0,NaN,2.0,0.0,24.0,NaN,0.0,0.0,NaN,NaN,NaN,24.0,NaN,NaN,NaN,24.0,NaN,NaN,NaN,24.0,NaN,NaN,NaN,24.0,NaN,NaN,NaN,24.0,NaN,NaN,NaN,24.0,NaN,NaN,NaN,24.0,27.0,NaN,0.0,7.0,NaN,NaN,NaN,24.0,NaN,NaN,NaN,24.0,NaN,NaN,NaN,24.0,NaN,NaN,NaN,24.0,NaN,NaN,NaN,24.0,NaN,NaN,NaN,24.0,NaN,NaN,NaN,24.0,NaN,NaN,NaN,24.0,NaN,NaN,NaN,24.0,NaN,NaN,NaN,24.0,NaN,NaN,NaN,24.0,NaN,NaN,NaN,24.0,0.01,NaN,0.0,7.0,33.5,NaN,0.0,7.0,11.8,NaN,0.0,7.0,NaN,NaN,NaN,24.0,14.4,NaN,0.0,7.0,NaN,NaN,NaN,24.0,270.0,NaN,0.0,7.0,35.0,1.0,1.0,0.0,-6.05,14.0,0.0,1.0,0.0,1.0,0.0,0.0,0.0,0.0,0.0,0.0,1.0,0.0,0.0,0.0,0.0,0.0,NaN,NaN,NaN,9.0,NaN,NaN,NaN
70.0,NaN,-6.0,0.0,96.0,NaN,2.0,0.0,37.72,NaN,0.5,0.0,111.0,NaN,-18.0,0.0,83.0,NaN,-6.0,0.0,73.0,NaN,-4.0,0.0,19.0,NaN,-5.0,0.0,NaN,NaN,NaN,24.0,NaN,NaN,NaN,24.0,NaN,NaN,NaN,24.0,NaN,NaN,NaN,24.0,NaN,NaN,NaN,24.0,NaN,NaN,NaN,24.0,NaN,NaN,NaN,24.0,27.0,NaN,0.0,8.0,NaN,NaN,NaN,24.0,NaN,NaN,NaN,24.0,NaN,NaN,NaN,24.0,NaN,NaN,NaN,24.0,NaN,NaN,NaN,24.0,NaN,NaN,NaN,24.0,NaN,NaN,NaN,24.0,NaN,NaN,NaN,24.0,NaN,NaN,NaN,24.0,NaN,NaN,NaN,24.0,NaN,NaN,NaN,24.0,NaN,NaN,NaN,24.0,0.01,NaN,0.0,8.0,33.5,NaN,0.0,8.0,11.8,NaN,0.0,8.0,NaN,NaN,NaN,24.0,14.4,NaN,0.0,8.0,NaN,NaN,NaN,24.0,270.0,NaN,0.0,8.0,35.0,1.0,1.0,0.0,-6.05,15.0,0.0,0.0,0.0,1.0,0.0,0.0,0.0,0.0,0.0,0.0,1.0,0.0,0.0,0.0,0.0,0.0,NaN,NaN,NaN,9.0,NaN,NaN,NaN
70.0,NaN,-3.0,1.0,96.0,NaN,1.0,1.0,37.72,NaN,0.375,1.0,111.0,NaN,-9.0,1.0,83.0,NaN,-3.0,1.0,73.0,NaN,-2.0,1.0,19.0,NaN,-2.5,1.0,NaN,NaN,NaN,24.0,NaN,NaN,NaN,24.0,NaN,NaN,NaN,24.0,NaN,NaN,NaN,24.0,NaN,NaN,NaN,24.0,NaN,NaN,NaN,24.0,NaN,NaN,NaN,24.0,27.0,NaN,0.0,9.0,NaN,NaN,NaN,24.0,NaN,NaN,NaN,24.0,NaN,NaN,NaN,24.0,NaN,NaN,NaN,24.0,NaN,NaN,NaN,24.0,NaN,NaN,NaN,24.0,NaN,NaN,NaN,24.0,NaN,NaN,NaN,24.0,NaN,NaN,NaN,24.0,NaN,NaN,NaN,24.0,NaN,NaN,NaN,24.0,NaN,NaN,NaN,24.0,0.01,NaN,0.0,9.0,33.5,NaN,0.0,9.0,11.8,NaN,0.0,9.0,NaN,NaN,NaN,24.0,14.4,NaN,0.0,9.0,NaN,NaN,NaN,24.0,270.0,NaN,0.0,9.0,35.0,1.0,1.0,0.0,-6.05,16.0,0.0,0.0,0.0,1.0,0.0,0.0,0.0,0.0,0.0,0.0,1.0,0.0,0.0,0.0,0.0,0.0,NaN,NaN,NaN,9.0,NaN,NaN,NaN
