101.5,NaN,NaN,24.0,97.25,NaN,NaN,24.0,NaN,NaN,NaN,24.0,116.75,NaN,NaN,24.0,83.5,NaN,NaN,24.0,74.5,NaN,NaN,24.0,19.75,NaN,NaN,24.0,NaN,NaN,NaN,24.0,NaN,NaN,NaN,24.0,NaN,NaN,NaN,24.0,NaN,NaN,NaN,24.0,NaN,NaN,NaN,24.0,NaN,NaN,NaN,24.0,NaN,NaN,NaN,24.0,NaN,NaN,NaN,24.0,NaN,NaN,NaN,24.0,NaN,NaN,NaN,24.0,NaN,NaN,NaN,24.0,NaN,NaN,NaN,24.0,NaN,NaN,NaN,24.0,NaN,NaN,NaN,24.0,NaN,NaN,NaN,24.0,NaN,NaN,NaN,24.0,NaN,NaN,NaN,24.0,NaN,NaN,NaN,24.0,NaN,NaN,NaN,24.0,NaN,NaN,NaN,24.0,NaN,NaN,NaN,24.0,NaN,NaN,NaN,24.0,NaN,NaN,NaN,24.0,NaN,NaN,NaN,24.0,NaN,NaN,NaN,24.0,NaN,NaN,NaN,24.0,NaN,NaN,NaN,24.0,59.0,0.0,-1.0,-1.0,-4.466666666666667,1.0,0.0,0.0,1.0,0.0,0.0,0.0,0.0,0.0,0.0,0.0,1.0,0.0,0.0,NaN,0.0,0.0,NaN,NaN,NaN,NaN,NaN,NaN,NaN
92.6666666666667,NaN,-8.8333333333333,0.0,94.0,NaN,-3.25,0.0,NaN,NaN,NaN,24.0,110.0,NaN,-6.75,0.0,80.6666666666667,NaN,-2.8333333333333,0.0,72.0,NaN,-2.5,0.0,14.3333333333333,NaN,-5.4166666666667,0.0,NaN,NaN,NaN,24.0,NaN,NaN,NaN,24.0,NaN,NaN,NaN,24.0,NaN,NaN,NaN,24.0,NaN,NaN,NaN,24.0,NaN,NaN,NaN,24.0,NaN,NaN,NaN,24.0,NaN,NaN,NaN,24.0,NaN,NaN,NaN,24.0,NaN,NaN,NaN,24.0,NaN,NaN,NaN,24.0,NaN,NaN,NaN,24.0,NaN,NaN,NaN,24.0,NaN,NaN,NaN,24.0,NaN,NaN,NaN,24.0,NaN,NaN,NaN,24.0,NaN,NaN,NaN,24.0,NaN,NaN,NaN,24.0,NaN,NaN,NaN,24.0,NaN,NaN,NaN,24.0,NaN,NaN,NaN,24.0,NaN,NaN,NaN,24.0,NaN,NaN,NaN,24.0,NaN,NaN,NaN,24.0,NaN,NaN,NaN,24.0,NaN,NaN,NaN,24.0,NaN,NaN,NaN,24.0,59.0,0.0,-1.0,-1.0,-4.466666666666667,2.0,0.0,0.0,1.0,0.0,0.0,0.0,0.0,0.0,0.0,0.0,1.0,0.0,0.0,NaN,0.0,0.0,NaN,NaN,NaN,NaN,NaN,NaN,NaN
88.0,NaN,-4.6666666666667,0.0,97.0,NaN,3.0,0.0,36.72,NaN,0.0,0.0,107.0,NaN,-3.0,0.0,77.0,NaN,-3.6666666666667,0.0,71.0,NaN,-1.0,0.0,12.0,NaN,-2.3333333333333,0.0,NaN,NaN,NaN,24.0,NaN,NaN,NaN,24.0,NaN,NaN,NaN,24.0,NaN,NaN,NaN,24.0,NaN,NaN,NaN,24.0,NaN,NaN,NaN,24.0,NaN,NaN,NaN,24.0,NaN,NaN,NaN,24.0,NaN,NaN,NaN,24.0,NaN,NaN,NaN,24.0,NaN,NaN,NaN,24.0,NaN,NaN,NaN,24.0,NaN,NaN,NaN,24.0,NaN,NaN,NaN,24.0,NaN,NaN,NaN,24.0,NaN,NaN,NaN,24.0,NaN,NaN,NaN,24.0,NaN,NaN,NaN,24.0,NaN,NaN,NaN,24.0,NaN,NaN,NaN,24.0,NaN,NaN,NaN,24.0,NaN,NaN,NaN,24.0,NaN,NaN,NaN,24.0,NaN,NaN,NaN,24.0,NaN,NaN,NaN,24.0,NaN,NaN,NaN,24.0,NaN,NaN,NaN,24.0,59.0,0.0,-1.0,-1.0,-4.466666666666667,3.0,0.0,0.0,0.0,0.0,0.0,0.0,0.0,0.0,0.0,0.0,1.0,0.0,0.0,NaN,0.0,0.0,NaN,NaN,NaN,NaN,NaN,NaN,NaN
88.0,NaN,0.0,0.0,94.0,NaN,-3.0,0.0,36.72,NaN,0.0,1.0,101.0,NaN,-6.0,0.0,76.0,NaN,-1.0,0.0,67.0,NaN,-4.0,0.0,13.0,NaN,1.0,0.0,NaN,NaN,NaN,24.0,NaN,NaN,NaN,24.0,NaN,NaN,NaN,24.0,NaN,NaN,NaN,24.0,NaN,NaN,NaN,24.0,NaN,NaN,NaN,24.0,NaN,NaN,NaN,24.0,NaN,NaN,NaN,24.0,NaN,NaN,NaN,24.0,NaN,NaN,NaN,24.0,NaN,NaN,NaN,24.0,NaN,NaN,NaN,24.0,NaN,NaN,NaN,24.0,NaN,NaN,NaN,24.0,NaN,NaN,NaN,24.0,NaN,NaN,NaN,24.0,NaN,NaN,NaN,24.0,NaN,NaN,NaN,24.0,NaN,NaN,NaN,24.0,NaN,NaN,NaN,24.0,NaN,NaN,NaN,24.0,NaN,NaN,NaN,24.0,NaN,NaN,NaN,24.0,NaN,NaN,NaN,24.0,NaN,NaN,NaN,24.0,NaN,NaN,NaN,24.0,NaN,NaN,NaN,24.0,59.0,0.0,-1.0,-1.0,-4.466666666666667,4.0,0.0,0.0,0.0,0.0,0.0,0.0,0.0,0.0,0.0,0.0,1.0,0.0,0.0,NaN,0.0,0.0,NaN,NaN,NaN,NaN,NaN,NaN,NaN
94.0,NaN,6.0,0.0,96.0,NaN,2.0,0.0,36.72,NaN,0.0,2.0,111.0,NaN,10.0,0.0,77.0,NaN,1.0,0.0,69.0,NaN,2.0,0.0,14.0,NaN,1.0,0.0,NaN,NaN,NaN,24.0,NaN,NaN,NaN,24.0,NaN,NaN,NaN,24.0,NaN,NaN,NaN,24.0,NaN,NaN,NaN,24.0,NaN,NaN,NaN,24.0,NaN,NaN,NaN,24.0,NaN,NaN,NaN,24.0,NaN,NaN,NaN,24.0,NaN,NaN,NaN,24.0,NaN,NaN,NaN,24.0,NaN,NaN,NaN,24.0,NaN,NaN,NaN,24.0,NaN,NaN,NaN,24.0,NaN,NaN,NaN,24.0,NaN,NaN,NaN,24.0,NaN,NaN,NaN,24.0,NaN,NaN,NaN,24.0,NaN,NaN,NaN,24.0,NaN,NaN,NaN,24.0,NaN,NaN,NaN,24.0,NaN,NaN,NaN,24.0,NaN,NaN,NaN,24.0,NaN,NaN,NaN,24.0,NaN,NaN,NaN,24.0,NaN,NaN,NaN,24.0,NaN,NaN,NaN,24.0,59.0,0.0,-1.0,-1.0,-4.466666666666667,5.0,0.0,0.0,1.0,0.0,0.0,0.0,0.0,0.0,0.0,0.0,1.0,0.0,0.0,NaN,0.0,0.0,NaN,NaN,NaN,NaN,NaN,NaN,NaN
84.0,NaN,-10.0,0.0,96.0,NaN,0.0,0.0,36.72,NaN,0.0,3.0,104.0,NaN,-7.0,0.0,73.0,NaN,-4.0,0.0,63.0,NaN,-6.0,0.0,13.0,NaN,-1.0,0.0,NaN,NaN,NaN,24.0,NaN,NaN,NaN,24.0,25.0,NaN,0.0,0.0,NaN,NaN,NaN,24.0,NaN,NaN,NaN,24.0,NaN,NaN,NaN,24.0,NaN,NaN,NaN,24.0,NaN,NaN,NaN,24.0,14.0,NaN,0.0,0.0,NaN,NaN,NaN,24.0,9.2,NaN,0.0,0.0,103.0,NaN,0.0,0.0,1.1,NaN,0.0,0.0,NaN,NaN,NaN,24.0,113.0,NaN,0.0,0.0,NaN,NaN,NaN,24.0,2.3,NaN,0.0,0.0,4.1,NaN,0.0,0.0,4.2,NaN,0.0,0.0,NaN,NaN,NaN,24.0,0.01,NaN,0.0,0.0,37.6,NaN,0.0,0.0,12.8,NaN,0.0,0.0,23.0,NaN,0.0,0.0,9.3,NaN,0.0,0.0,NaN,NaN,NaN,24.0,250.0,NaN,0.0,0.0,59.0,0.0,-1.0,-1.0,-4.466666666666667,6.0,0.0,0.0,0.0,0.0,0.0,0.0,0.0,0.0,0.0,0.0,1.0,0.0,0.0,NaN,0.0,0.0,NaN,NaN,NaN,NaN,NaN,NaN,NaN
82.0,NaN,-2.0,0.0,98.0,NaN,2.0,0.0,37.06,NaN,0.08500000000000085,0.0,109.0,NaN,5.0,0.0,81.0,NaN,8.0,0.0,73.0,NaN,10.0,0.0,17.0,NaN,4.0,0.0,NaN,NaN,NaN,24.0,NaN,NaN,NaN,24.0,25.0,NaN,0.0,1.0,NaN,NaN,NaN,24.0,7.51,NaN,0.0,0.0,NaN,NaN,NaN,24.0,NaN,NaN,NaN,24.0,NaN,NaN,NaN,24.0,14.0,NaN,0.0,1.0,NaN,NaN,NaN,24.0,9.2,NaN,0.0,1.0,103.0,NaN,0.0,1.0,1.1,NaN,0.0,1.0,NaN,NaN,NaN,24.0,113.0,NaN,0.0,1.0,2.5,NaN,0.0,0.0,2.3,NaN,0.0,1.0,4.1,NaN,0.0,1.0,4.2,NaN,0.0,1.0,NaN,NaN,NaN,24.0,0.01,NaN,0.0,1.0,37.6,NaN,0.0,1.0,12.8,NaN,0.0,1.0,23.0,NaN,0.0,1.0,9.3,NaN,0.0,1.0,NaN,NaN,NaN,24.0,250.0,NaN,0.0,1.0,59.0,0.0,-1.0,-1.0,-4.466666666666667,7.0,0.0,0.0,0.0,0.0,0.0,0.0,0.0,0.0,1.0,0.0,1.0,0.0,0.0,NaN,0.0,0.0,NaN,NaN,NaN,NaN,NaN,NaN,NaN
103.0,NaN,21.0,0.0,96.0,NaN,-2.0,0.0,37.06,NaN,0.06800000000000068,1.0,125.0,NaN,16.0,0.0,89.0,NaN,8.0,0.0,75.0,NaN,2.0,0.0,26.0,NaN,9.0,0.0,NaN,NaN,NaN,24.0,NaN,NaN,NaN,24.0,25.0,NaN,0.0,2.0,NaN,NaN,NaN,24.0,7.51,NaN,0.0,1.0,NaN,NaN,NaN,24.0,NaN,NaN,NaN,24.0,NaN,NaN,NaN,24.0,14.0,NaN,0.0,2.0,NaN,NaN,NaN,24.0,9.2,NaN,0.0,2.0,103.0,NaN,0.0,2.0,1.1,NaN,0.0,2.0,NaN,NaN,NaN,24.0,113.0,NaN,0.0,2.0,2.5,NaN,0.0,1.0,2.3,NaN,0.0,2.0,4.1,NaN,0.0,2.0,4.2,NaN,0.0,2.0,NaN,NaN,NaN,24.0,0.01,NaN,0.0,2.0,37.6,NaN,0.0,2.0,12.8,NaN,0.0,2.0,23.0,NaN,0.0,2.0,9.3,NaN,0.0,2.0,NaN,NaN,NaN,24.0,250.0,NaN,0.0,2.0,59.0,0.0,-1.0,-1.0,-4.466666666666667,8.0,0.0,1.0,1.0,0.0,0.0,0.0,0.0,0.0,0.0,0.0,1.0,0.0,0.0,NaN,0.0,0.0,NaN,NaN,NaN,NaN,NaN,NaN,NaN
87.0,NaN,-16.0,0.0,94.0,NaN,-2.0,0.0,37.06,NaN,0.05666666666666723,2.0,96.0,NaN,-29.0,0.0,67.0,NaN,-22.0,0.0,57.0,NaN,-18.0,0.0,24.0,NaN,-2.0,0.0,NaN,NaN,NaN,24.0,NaN,NaN,NaN,24.0,25.0,NaN,0.0,3.0,NaN,NaN,NaN,24.0,7.51,NaN,0.0,2.0,NaN,NaN,NaN,24.0,NaN,NaN,NaN,24.0,NaN,NaN,NaN,24.0,14.0,NaN,0.0,3.0,NaN,NaN,NaN,24.0,9.2,NaN,0.0,3.0,103.0,NaN,0.0,3.0,1.1,NaN,0.0,3.0,NaN,NaN,NaN,24.0,113.0,NaN,0.0,3.0,2.5,NaN,0.0,2.0,2.3,NaN,0.0,3.0,4.1,NaN,0.0,3.0,4.2,NaN,0.0,3.0,NaN,NaN,NaN,24.0,0.01,NaN,0.0,3.0,37.6,NaN,0.0,3.0,12.8,NaN,0.0,3.0,23.0,NaN,0.0,3.0,9.3,NaN,0.0,3.0,NaN,NaN,NaN,24.0,250.0,NaN,0.0,3.0,59.0,0.0,-1.0,-1.0,-4.466666666666667,9.0,0.0,1.0,0.0,0.0,0.0,0.0,0.0,0.0,0.0,0.0,1.0,0.0,0.0,NaN,0.0,0.0,NaN,NaN,NaN,NaN,NaN,NaN,NaN
87.0,NaN,0.0,0.0,95.0,NaN,1.0,0.0,37.06,NaN,0.04857142857142906,3.0,99.0,NaN,3.0,0.0,67.0,NaN,0.0,0.0,58.0,NaN,1.0,0.0,21.0,NaN,-3.0,0.0,NaN,NaN,NaN,24.0,NaN,NaN,NaN,24.0,25.0,NaN,0.0,4.0,NaN,NaN,NaN,24.0,7.51,NaN,0.0,3.0,NaN,NaN,NaN,24.0,NaN,NaN,NaN,24.0,NaN,NaN,NaN,24.0,14.0,NaN,0.0,4.0,NaN,NaN,NaN,24.0,9.2,NaN,0.0,4.0,103.0,NaN,0.0,4.0,1.1,NaN,0.0,4.0,NaN,NaN,NaN,24.0,113.0,NaN,0.0,4.0,2.5,NaN,0.0,3.0,2.3,NaN,0.0,4.0,4.1,NaN,0.0,4.0,4.2,NaN,0.0,4.0,NaN,NaN,NaN,24.0,0.01,NaN,0.0,4.0,37.6,NaN,0.0,4.0,12.8,NaN,0.0,4.0,23.0,NaN,0.0,4.0,9.3,NaN,0.0,4.0,NaN,NaN,NaN,24.0,250.0,NaN,0.0,4.0,59.0,0.0,-1.0,-1.0,-4.466666666666667,10.0,0.0,1.0,0.0,0.0,0.0,0.0,0.0,0.0,0.0,0.0,1.0,0.0,0.0,NaN,0.0,0.0,NaN,NaN,NaN,NaN,NaN,NaN,NaN
89.0,NaN,2.0,0.0,96.0,NaN,1.0,0.0,36.44,NaN,-0.15500000000000114,0.0,130.0,NaN,31.0,0.0,95.0,NaN,28.0,0.0,83.0,NaN,25.0,0.0,14.0,NaN,-7.0,0.0,NaN,NaN,NaN,24.0,NaN,NaN,NaN,24.0,25.0,NaN,0.0,5.0,NaN,NaN,NaN,24.0,7.51,NaN,0.0,4.0,NaN,NaN,NaN,24.0,NaN,NaN,NaN,24.0,NaN,NaN,NaN,24.0,14.0,NaN,0.0,5.0,NaN,NaN,NaN,24.0,9.2,NaN,0.0,5.0,103.0,NaN,0.0,5.0,1.1,NaN,0.0,5.0,NaN,NaN,NaN,24.0,113.0,NaN,0.0,5.0,2.5,NaN,0.0,4.0,2.3,NaN,0.0,5.0,4.1,NaN,0.0,5.0,4.2,NaN,0.0,5.0,NaN,NaN,NaN,24.0,0.01,NaN,0.0,5.0,37.6,NaN,0.0,5.0,12.8,NaN,0.0,5.0,23.0,NaN,0.0,5.0,9.3,NaN,0.0,5.0,NaN,NaN,NaN,24.0,250.0,NaN,0.0,5.0,59.0,0.0,-1.0,-1.0,-4.466666666666667,11.0,0.0,0.0,0.0,0.0,0.0,0.0,0.0,0.0,0.0,0.0,1.0,0.0,0.0,NaN,0.0,0.0,NaN,NaN,NaN,NaN,NaN,NaN,NaN
78.0,NaN,-11.0,0.0,97.0,NaN,1.0,0.0,36.44,NaN,-0.12400000000000092,1.0,115.0,NaN,-15.0,0.0,86.0,NaN,-9.0,0.0,75.0,NaN,-8.0,0.0,15.0,NaN,1.0,0.0,NaN,NaN,NaN,24.0,NaN,NaN,NaN,24.0,25.0,NaN,0.0,6.0,NaN,NaN,NaN,24.0,7.51,NaN,0.0,5.0,NaN,NaN,NaN,24.0,NaN,NaN,NaN,24.0,NaN,NaN,NaN,24.0,14.0,NaN,0.0,6.0,NaN,NaN,NaN,24.0,9.2,NaN,0.0,6.0,103.0,NaN,0.0,6.0,1.1,NaN,0.0,6.0,NaN,NaN,NaN,24.0,113.0,NaN,0.0,6.0,2.5,NaN,0.0,5.0,2.3,NaN,0.0,6.0,4.1,NaN,0.0,6.0,4.2,NaN,0.0,6.0,NaN,NaN,NaN,24.0,0.01,NaN,0.0,6.0,37.6,NaN,0.0,6.0,12.8,NaN,0.0,6.0,23.0,NaN,0.0,6.0,9.3,NaN,0.0,6.0,NaN,NaN,NaN,24.0,250.0,NaN,0.0,6.0,59.0,0.0,-1.0,-1.0,-4.466666666666667,12.0,0.0,0.0,0.0,0.0,0.0,0.0,0.0,0.0,0.0,0.0,1.0,0.0,0.0,NaN,0.0,0.0,NaN,NaN,NaN,NaN,NaN,NaN,NaN
69.0,NaN,-9.0,0.0,97.0,NaN,0.0,0.0,36.44,NaN,-0.1033333333333341,2.0,110.0,NaN,-5.0,0.0,84.0,NaN,-2.0,0.0,76.0,NaN,1.0,0.0,20.0,NaN,5.0,0.0,NaN,NaN,NaN,24.0,NaN,NaN,NaN,24.0,25.0,NaN,0.0,7.0,NaN,NaN,NaN,24.0,7.51,NaN,0.0,6.0,NaN,NaN,NaN,24.0,NaN,NaN,NaN,24.0,NaN,NaN,NaN,24.0,14.0,NaN,0.0,7.0,NaN,NaN,NaN,24.0,9.2,NaN,0.0,7.0,103.0,NaN,0.0,7.0,1.1,NaN,0.0,7.0,NaN,NaN,NaN,24.0,113.0,NaN,0.0,7.0,2.5,NaN,0.0,6.0,2.3,NaN,0.0,7.0,4.1,NaN,0.0,7.0,4.2,NaN,0.0,7.0,NaN,NaN,NaN,24.0,0.01,NaN,0.0,7.0,37.6,NaN,0.0,7.0,12.8,NaN,0.0,7.0,23.0,NaN,0.0,7.0,9.3,NaN,0.0,7.0,NaN,NaN,NaN,24.0,250.0,NaN,0.0,7.0,59.0,0.0,-1.0,-1.0,-4.466666666666667,13.0,0.0,0.0,0.0,0.0,0.0,0.0,0.0,0.0,0.0,0.0,1.0,0.0,0.0,NaN,0.0,0.0,NaN,NaN,NaN,NaN,NaN,NaN,NaN
72.0,NaN,3.0,0.0,94.0,NaN,-3.0,0.0,36.44,NaN,-0.08857142857142922,3.0,109.0,NaN,-1.0,0.0,81.0,NaN,-3.0,0.0,72.0,NaN,-4.0,0.0,14.0,NaN,-6.0,0.0,NaN,NaN,NaN,24.0,NaN,NaN,NaN,24.0,25.0,NaN,0.0,8.0,NaN,NaN,NaN,24.0,7.51,NaN,0.0,7.0,NaN,NaN,NaN,24.0,NaN,NaN,NaN,24.0,NaN,NaN,NaN,24.0,14.0,NaN,0.0,8.0,NaN,NaN,NaN,24.0,9.2,NaN,0.0,8.0,103.0,NaN,0.0,8.0,1.1,NaN,0.0,8.0,NaN,NaN,NaN,24.0,113.0,NaN,0.0,8.0,2.5,NaN,0.0,7.0,2.3,NaN,0.0,8.0,4.1,NaN,0.0,8.0,4.2,NaN,0.0,8.0,NaN,NaN,NaN,24.0,0.01,NaN,0.0,8.0,37.6,NaN,0.0,8.0,12.8,NaN,0.0,8.0,23.0,NaN,0.0,8.0,9.3,NaN,0.0,8.0,NaN,NaN,NaN,24.0,250.0,NaN,0.0,8.0,59.0,0.0,-1.0,-1.0,-4.466666666666667,14.0,0.0,0.0,0.0,0.0,0.0,0.0,0.0,0.0,0.0,0.0,1.0,0.0,0.0,NaN,0.0,0.0,NaN,NaN,NaN,NaN,NaN,NaN,NaN
