92.0,NaN,NaN,24.0,99.0,NaN,NaN,24.0,36.83,NaN,NaN,24.0,142.0,NaN,NaN,24.0,88.0,NaN,NaN,24.0,72.0,NaN,NaN,24.0,14.0,NaN,NaN,24.0,NaN,NaN,NaN,24.0,NaN,NaN,NaN,24.0,NaN,NaN,NaN,24.0,NaN,NaN,NaN,24.0,NaN,NaN,NaN,24.0,NaN,NaN,NaN,24.0,NaN,NaN,NaN,24.0,NaN,NaN,NaN,24.0,NaN,NaN,NaN,24.0,NaN,NaN,NaN,24.0,NaN,NaN,NaN,24.0,NaN,NaN,NaN,24.0,NaN,NaN,NaN,24.0,NaN,NaN,NaN,24.0,NaN,NaN,NaN,24.0,NaN,NaN,NaN,24.0,NaN,NaN,NaN,24.0,NaN,NaN,NaN,24.0,NaN,NaN,NaN,24.0,NaN,NaN,NaN,24.0,NaN,NaN,NaN,24.0,NaN,NaN,NaN,24.0,NaN,NaN,NaN,24.0,NaN,NaN,NaN,24.0,NaN,NaN,NaN,24.0,NaN,NaN,NaN,24.0,NaN,NaN,NaN,24.0,69.0,1.0,0.0,1.0,-3.9166666666666665,1.0,0.0,0.0,1.0,0.0,0.0,0.0,0.0,0.0,0.0,0.0,1.0,0.0,0.0,NaN,0.0,0.0,NaN,NaN,NaN,NaN,NaN,NaN,NaN
90.0,NaN,-2.0,0.0,98.0,NaN,-1.0,0.0,36.83,NaN,0.0,1.0,137.0,NaN,-5.0,0.0,92.0,NaN,4.0,0.0,76.0,NaN,4.0,0.0,12.0,NaN,-2.0,0.0,NaN,NaN,NaN,24.0,NaN,NaN,NaN,24.0,NaN,NaN,NaN,24.0,NaN,NaN,NaN,24.0,NaN,NaN,NaN,24.0,NaN,NaN,NaN,24.0,NaN,NaN,NaN,24.0,NaN,NaN,NaN,24.0,NaN,NaN,NaN,24.0,NaN,NaN,NaN,24.0,NaN,NaN,NaN,24.0,NaN,NaN,NaN,24.0,NaN,NaN,NaN,24.0,NaN,NaN,NaN,24.0,NaN,NaN,NaN,24.0,NaN,NaN,NaN,24.0,NaN,NaN,NaN,24.0,NaN,NaN,NaN,24.0,NaN,NaN,NaN,24.0,NaN,NaN,NaN,24.0,NaN,NaN,NaN,24.0,NaN,NaN,NaN,24.0,NaN,NaN,NaN,24.0,NaN,NaN,NaN,24.0,NaN,NaN,NaN,24.0,NaN,NaN,NaN,24.0,NaN,NaN,NaN,24.0,69.0,1.0,0.0,1.0,-3.9166666666666665,2.0,0.0,0.0,0.0,0.0,0.0,0.0,0.0,0.0,0.0,0.0,1.0,0.0,0.0,NaN,0.0,0.0,NaN,NaN,NaN,NaN,NaN,NaN,NaN
91.0,NaN,1.0,0.0,97.0,NaN,-1.0,0.0,36.78,NaN,-0.02499999999999858,0.0,131.0,NaN,-6.0,0.0,82.0,NaN,-10.0,0.0,69.0,NaN,-7.0,0.0,17.0,NaN,5.0,0.0,NaN,NaN,NaN,24.0,NaN,NaN,NaN,24.0,27.0,NaN,0.0,0.0,NaN,NaN,NaN,24.0,NaN,NaN,NaN,24.0,NaN,NaN,NaN,24.0,NaN,NaN,NaN,24.0,NaN,NaN,NaN,24.0,65.0,NaN,0.0,0.0,NaN,NaN,NaN,24.0,8.3,NaN,0.0,0.0,107.0,NaN,0.0,0.0,2.8,NaN,0.0,0.0,NaN,NaN,NaN,24.0,194.0,NaN,0.0,0.0,NaN,NaN,NaN,24.0,1.6,NaN,0.0,0.0,4.3,NaN,0.0,0.0,3.8,NaN,0.0,0.0,NaN,NaN,NaN,24.0,NaN,NaN,NaN,24.0,25.2,NaN,0.0,0.0,8.1,NaN,0.0,0.0,35.8,NaN,0.0,0.0,5.8,NaN,0.0,0.0,NaN,NaN,NaN,24.0,38.0,NaN,0.0,0.0,69.0,1.0,0.0,1.0,-3.9166666666666665,3.0,0.0,0.0,1.0,0.0,0.0,3.0,0.0,0.0,0.0,2.0,1.0,0.0,0.0,NaN,0.0,0.0,NaN,NaN,NaN,NaN,NaN,NaN,NaN
90.0,NaN,-1.0,0.0,99.0,NaN,2.0,0.0,36.78,NaN,-0.01666666666666572,1.0,131.0,NaN,0.0,0.0,83.0,NaN,1.0,0.0,71.0,NaN,2.0,0.0,15.0,NaN,-2.0,0.0,NaN,NaN,NaN,24.0,NaN,NaN,NaN,24.0,27.0,NaN,0.0,1.0,NaN,NaN,NaN,24.0,NaN,NaN,NaN,24.0,NaN,NaN,NaN,24.0,NaN,NaN,NaN,24.0,NaN,NaN,NaN,24.0,65.0,NaN,0.0,1.0,NaN,NaN,NaN,24.0,8.3,NaN,0.0,1.0,107.0,NaN,0.0,1.0,2.8,NaN,0.0,1.0,NaN,NaN,NaN,24.0,194.0,NaN,0.0,1.0,NaN,NaN,NaN,24.0,1.6,NaN,0.0,1.0,4.3,NaN,0.0,1.0,3.8,NaN,0.0,1.0,NaN,NaN,NaN,24.0,NaN,NaN,NaN,24.0,25.2,NaN,0.0,1.0,8.1,NaN,0.0,1.0,35.8,NaN,0.0,1.0,5.8,NaN,0.0,1.0,NaN,NaN,NaN,24.0,38.0,NaN,0.0,1.0,69.0,1.0,0.0,1.0,-3.9166666666666665,4.0,0.0,0.0,0.0,0.0,0.0,0.0,0.0,0.0,0.0,0.0,1.0,0.0,0.0,NaN,0.0,0.0,NaN,NaN,NaN,NaN,NaN,NaN,NaN
91.0,NaN,1.0,0.0,97.0,NaN,-2.0,0.0,36.78,NaN,-0.01249999999999929,2.0,127.0,NaN,-4.0,0.0,76.0,NaN,-7.0,0.0,63.0,NaN,-8.0,0.0,16.0,NaN,1.0,0.0,NaN,NaN,NaN,24.0,NaN,NaN,NaN,24.0,27.0,NaN,0.0,2.0,NaN,NaN,NaN,24.0,NaN,NaN,NaN,24.0,NaN,NaN,NaN,24.0,NaN,NaN,NaN,24.0,NaN,NaN,NaN,24.0,65.0,NaN,0.0,2.0,NaN,NaN,NaN,24.0,8.3,NaN,0.0,2.0,107.0,NaN,0.0,2.0,2.8,NaN,0.0,2.0,NaN,NaN,NaN,24.0,194.0,NaN,0.0,2.0,NaN,NaN,NaN,24.0,1.6,NaN,0.0,2.0,4.3,NaN,0.0,2.0,3.8,NaN,0.0,2.0,NaN,NaN,NaN,24.0,NaN,NaN,NaN,24.0,25.2,NaN,0.0,2.0,8.1,NaN,0.0,2.0,35.8,NaN,0.0,2.0,5.8,NaN,0.0,2.0,NaN,NaN,NaN,24.0,38.0,NaN,0.0,2.0,69.0,1.0,0.0,1.0,-3.9166666666666665,5.0,0.0,0.0,1.0,0.0,0.0,0.0,0.0,0.0,0.0,0.0,1.0,0.0,0.0,NaN,0.0,0.0,NaN,NaN,NaN,NaN,NaN,NaN,NaN
94.0,NaN,3.0,0.0,98.0,NaN,1.0,0.0,36.78,NaN,-0.009999999999999431,3.0,127.0,NaN,-2.0,1.0,76.0,NaN,-3.5,1.0,63.0,NaN,-4.0,1.0,11.0,NaN,-5.0,0.0,NaN,NaN,NaN,24.0,NaN,NaN,NaN,24.0,27.0,NaN,0.0,3.0,NaN,NaN,NaN,24.0,NaN,NaN,NaN,24.0,NaN,NaN,NaN,24.0,NaN,NaN,NaN,24.0,NaN,NaN,NaN,24.0,65.0,NaN,0.0,3.0,NaN,NaN,NaN,24.0,8.3,NaN,0.0,3.0,107.0,NaN,0.0,3.0,2.8,NaN,0.0,3.0,NaN,NaN,NaN,24.0,194.0,NaN,0.0,3.0,NaN,NaN,NaN,24.0,1.6,NaN,0.0,3.0,4.3,NaN,0.0,3.0,3.8,NaN,0.0,3.0,NaN,NaN,NaN,24.0,NaN,NaN,NaN,24.0,25.2,NaN,0.0,3.0,8.1,NaN,0.0,3.0,35.8,NaN,0.0,3.0,5.8,NaN,0.0,3.0,NaN,NaN,NaN,24.0,38.0,NaN,0.0,3.0,69.0,1.0,0.0,1.0,-3.9166666666666665,6.0,0.0,0.0,1.0,0.0,0.0,0.0,0.0,0.0,0.0,0.0,1.0,0.0,0.0,NaN,0.0,0.0,NaN,NaN,NaN,NaN,NaN,NaN,NaN
93.0,NaN,-1.0,0.0,99.0,NaN,1.0,0.0,36.83,NaN,0.01249999999999929,0.0,133.0,NaN,3.0,0.0,80.0,NaN,2.0,0.0,64.0,NaN,0.5,0.0,28.0,NaN,17.0,0.0,NaN,NaN,NaN,24.0,NaN,NaN,NaN,24.0,27.0,NaN,0.0,4.0,NaN,NaN,NaN,24.0,NaN,NaN,NaN,24.0,NaN,NaN,NaN,24.0,NaN,NaN,NaN,24.0,NaN,NaN,NaN,24.0,65.0,NaN,0.0,4.0,NaN,NaN,NaN,24.0,8.3,NaN,0.0,4.0,107.0,NaN,0.0,4.0,2.8,NaN,0.0,4.0,NaN,NaN,NaN,24.0,194.0,NaN,0.0,4.0,NaN,NaN,NaN,24.0,1.6,NaN,0.0,4.0,4.3,NaN,0.0,4.0,3.8,NaN,0.0,4.0,NaN,NaN,NaN,24.0,NaN,NaN,NaN,24.0,25.2,NaN,0.0,4.0,8.1,NaN,0.0,4.0,35.8,NaN,0.0,4.0,5.8,NaN,0.0,4.0,NaN,NaN,NaN,24.0,38.0,NaN,0.0,4.0,69.0,1.0,0.0,1.0,-3.9166666666666665,7.0,0.0,1.0,1.0,0.0,0.0,0.0,0.0,0.0,0.0,0.0,1.0,0.0,0.0,NaN,0.0,0.0,NaN,NaN,NaN,NaN,NaN,NaN,NaN
88.0,NaN,-5.0,0.0,98.0,NaN,-1.0,0.0,36.83,NaN,0.009999999999999431,1.0,133.0,NaN,0.0,0.0,83.0,NaN,3.0,0.0,69.0,NaN,5.0,0.0,18.0,NaN,-10.0,0.0,NaN,NaN,NaN,24.0,NaN,NaN,NaN,24.0,27.0,NaN,0.0,5.0,NaN,NaN,NaN,24.0,NaN,NaN,NaN,24.0,NaN,NaN,NaN,24.0,NaN,NaN,NaN,24.0,NaN,NaN,NaN,24.0,65.0,NaN,0.0,5.0,NaN,NaN,NaN,24.0,8.3,NaN,0.0,5.0,107.0,NaN,0.0,5.0,2.8,NaN,0.0,5.0,NaN,NaN,NaN,24.0,194.0,NaN,0.0,5.0,NaN,NaN,NaN,24.0,1.6,NaN,0.0,5.0,4.3,NaN,0.0,5.0,3.8,NaN,0.0,5.0,NaN,NaN,NaN,24.0,NaN,NaN,NaN,24.0,25.2,NaN,0.0,5.0,8.1,NaN,0.0,5.0,35.8,NaN,0.0,5.0,5.8,NaN,0.0,5.0,NaN,NaN,NaN,24.0,38.0,NaN,0.0,5.0,69.0,1.0,0.0,1.0,-3.9166666666666665,8.0,0.0,0.0,0.0,0.0,0.0,0.0,0.0,0.0,0.0,0.0,1.0,0.0,0.0,NaN,0.0,0.0,NaN,NaN,NaN,NaN,NaN,NaN,NaN
90.0,NaN,2.0,0.0,96.0,NaN,-2.0,0.0,36.83,NaN,0.00833333333333286,2.0,129.0,NaN,-4.0,0.0,79.0,NaN,-4.0,0.0,63.0,NaN,-6.0,0.0,13.0,NaN,-5.0,0.0,NaN,NaN,NaN,24.0,NaN,NaN,NaN,24.0,27.0,NaN,0.0,6.0,NaN,NaN,NaN,24.0,NaN,NaN,NaN,24.0,NaN,NaN,NaN,24.0,NaN,NaN,NaN,24.0,NaN,NaN,NaN,24.0,65.0,NaN,0.0,6.0,NaN,NaN,NaN,24.0,8.3,NaN,0.0,6.0,107.0,NaN,0.0,6.0,2.8,NaN,0.0,6.0,NaN,NaN,NaN,24.0,194.0,NaN,0.0,6.0,NaN,NaN,NaN,24.0,1.6,NaN,0.0,6.0,4.3,NaN,0.0,6.0,3.8,NaN,0.0,6.0,NaN,NaN,NaN,24.0,NaN,NaN,NaN,24.0,25.2,NaN,0.0,6.0,8.1,NaN,0.0,6.0,35.8,NaN,0.0,6.0,5.8,NaN,0.0,6.0,NaN,NaN,NaN,24.0,38.0,NaN,0.0,6.0,69.0,1.0,0.0,1.0,-3.9166666666666665,9.0,0.0,0.0,0.0,0.0,0.0,0.0,0.0,0.0,0.0,0.0,1.0,0.0,0.0,NaN,0.0,0.0,NaN,NaN,NaN,NaN,NaN,NaN,NaN
94.0,NaN,4.0,0.0,97.0,NaN,1.0,0.0,36.83,NaN,0.007142857142856737,3.0,130.0,NaN,1.0,0.0,87.0,NaN,8.0,0.0,71.0,NaN,8.0,0.0,34.0,NaN,21.0,0.0,NaN,NaN,NaN,24.0,NaN,NaN,NaN,24.0,27.0,NaN,0.0,7.0,NaN,NaN,NaN,24.0,NaN,NaN,NaN,24.0,NaN,NaN,NaN,24.0,NaN,NaN,NaN,24.0,NaN,NaN,NaN,24.0,65.0,NaN,0.0,7.0,NaN,NaN,NaN,24.0,8.3,NaN,0.0,7.0,107.0,NaN,0.0,7.0,2.8,NaN,0.0,7.0,NaN,NaN,NaN,24.0,194.0,NaN,0.0,7.0,NaN,NaN,NaN,24.0,1.6,NaN,0.0,7.0,4.3,NaN,0.0,7.0,3.8,NaN,0.0,7.0,NaN,NaN,NaN,24.0,NaN,NaN,NaN,24.0,25.2,NaN,0.0,7.0,8.1,NaN,0.0,7.0,35.8,NaN,0.0,7.0,5.8,NaN,0.0,7.0,NaN,NaN,NaN,24.0,38.0,NaN,0.0,7.0,69.0,1.0,0.0,1.0,-3.9166666666666665,10.0,0.0,1.0,1.0,0.0,0.0,0.0,0.0,0.0,0.0,0.0,1.0,0.0,0.0,NaN,0.0,0.0,NaN,NaN,NaN,NaN,NaN,NaN,NaN
89.0,NaN,-5.0,0.0,99.0,NaN,2.0,0.0,36.72,NaN,-0.027499999999999858,0.0,147.0,NaN,17.0,0.0,93.0,NaN,6.0,0.0,73.0,NaN,2.0,0.0,20.0,NaN,-14.0,0.0,NaN,NaN,NaN,24.0,NaN,NaN,NaN,24.0,27.0,NaN,0.0,8.0,NaN,NaN,NaN,24.0,NaN,NaN,NaN,24.0,NaN,NaN,NaN,24.0,NaN,NaN,NaN,24.0,NaN,NaN,NaN,24.0,65.0,NaN,0.0,8.0,NaN,NaN,NaN,24.0,8.3,NaN,0.0,8.0,107.0,NaN,0.0,8.0,2.8,NaN,0.0,8.0,NaN,NaN,NaN,24.0,194.0,NaN,0.0,8.0,NaN,NaN,NaN,24.0,1.6,NaN,0.0,8.0,4.3,NaN,0.0,8.0,3.8,NaN,0.0,8.0,NaN,NaN,NaN,24.0,NaN,NaN,NaN,24.0,25.2,NaN,0.0,8.0,8.1,NaN,0.0,8.0,35.8,NaN,0.0,8.0,5.8,NaN,0.0,8.0,NaN,NaN,NaN,24.0,38.0,NaN,0.0,8.0,69.0,1.0,0.0,1.0,-3.9166666666666665,11.0,0.0,0.0,0.0,0.0,0.0,0.0,0.0,0.0,0.0,0.0,1.0,0.0,0.0,NaN,0.0,0.0,NaN,NaN,NaN,NaN,NaN,NaN,NaN
