99.0,NaN,NaN,24.0,94.0,NaN,NaN,24.0,37.61,NaN,NaN,24.0,161.0,NaN,NaN,24.0,101.0,NaN,NaN,24.0,79.0,NaN,NaN,24.0,21.5,NaN,NaN,24.0,NaN,NaN,NaN,24.0,NaN,NaN,NaN,24.0,NaN,NaN,NaN,24.0,NaN,NaN,NaN,24.0,NaN,NaN,NaN,24.0,NaN,NaN,NaN,24.0,NaN,NaN,NaN,24.0,NaN,NaN,NaN,24.0,NaN,NaN,NaN,24.0,NaN,NaN,NaN,24.0,NaN,NaN,NaN,24.0,NaN,NaN,NaN,24.0,NaN,NaN,NaN,24.0,NaN,NaN,NaN,24.0,NaN,NaN,NaN,24.0,NaN,NaN,NaN,24.0,NaN,NaN,NaN,24.0,NaN,NaN,NaN,24.0,NaN,NaN,NaN,24.0,NaN,NaN,NaN,24.0,NaN,NaN,NaN,24.0,NaN,NaN,NaN,24.0,NaN,NaN,NaN,24.0,NaN,NaN,NaN,24.0,NaN,NaN,NaN,24.0,NaN,NaN,NaN,24.0,NaN,NaN,NaN,24.0,67.0,1.0,1.0,0.0,-4.783333333333333,1.0,0.0,1.0,1.0,0.0,0.0,0.0,0.0,0.0,0.0,0.0,1.0,0.0,1.0,1.0,0.0,0.0,NaN,8.0,8.0,8.0,NaN,NaN,NaN
96.0,NaN,-3.0,0.0,95.0,NaN,1.0,0.0,37.61,NaN,0.0,1.0,129.0,NaN,-32.0,0.0,88.0,NaN,-13.0,0.0,70.0,NaN,-9.0,0.0,25.0,NaN,3.5,0.0,NaN,NaN,NaN,24.0,-7.0,NaN,0.0,0.0,NaN,NaN,NaN,24.0,NaN,NaN,NaN,24.0,7.38,NaN,0.0,0.0,26.0,NaN,0.0,0.0,NaN,NaN,NaN,24.0,NaN,NaN,NaN,24.0,NaN,NaN,NaN,24.0,NaN,NaN,NaN,24.0,NaN,NaN,NaN,24.0,NaN,NaN,NaN,24.0,NaN,NaN,NaN,24.0,NaN,NaN,NaN,24.0,NaN,NaN,NaN,24.0,1.1,NaN,0.0,0.0,NaN,NaN,NaN,24.0,NaN,NaN,NaN,24.0,NaN,NaN,NaN,24.0,NaN,NaN,NaN,24.0,NaN,NaN,NaN,24.0,NaN,NaN,NaN,24.0,NaN,NaN,NaN,24.0,NaN,NaN,NaN,24.0,NaN,NaN,NaN,24.0,NaN,NaN,NaN,24.0,NaN,NaN,NaN,24.0,67.0,1.0,1.0,0.0,-4.783333333333333,2.0,0.0,1.0,1.0,0.0,0.0,0.0,0.0,0.0,0.0,0.0,1.0,0.0,1.0,1.0,0.0,0.0,NaN,8.0,8.0,8.0,NaN,NaN,NaN
95.0,NaN,-1.0,0.0,92.0,NaN,-3.0,0.0,37.61,NaN,0.0,2.0,97.0,NaN,-32.0,0.0,70.0,NaN,-18.0,0.0,59.0,NaN,-11.0,0.0,23.0,NaN,-2.0,0.0,NaN,NaN,NaN,24.0,-7.0,NaN,0.0,1.0,17.0,NaN,0.0,0.0,NaN,NaN,NaN,24.0,7.38,NaN,0.0,1.0,26.0,NaN,0.0,1.0,NaN,NaN,NaN,24.0,31.0,NaN,0.0,0.0,54.0,NaN,0.0,0.0,41.0,NaN,0.0,0.0,8.0,NaN,0.0,0.0,110.0,NaN,0.0,0.0,2.4,NaN,0.0,0.0,NaN,NaN,NaN,24.0,101.0,NaN,0.0,0.0,1.1,NaN,0.0,1.0,1.5,NaN,0.0,0.0,2.9,NaN,0.0,0.0,4.3,NaN,0.0,0.0,0.1,NaN,0.0,0.0,0.01,NaN,0.0,0.0,25.0,NaN,0.0,0.0,8.5,NaN,0.0,0.0,32.0,NaN,0.0,0.0,6.5,NaN,0.0,0.0,NaN,NaN,NaN,24.0,257.0,NaN,0.0,0.0,67.0,1.0,1.0,0.0,-4.783333333333333,3.0,0.0,1.0,1.0,0.0,0.0,0.0,0.0,0.0,0.0,2.0,1.0,0.0,1.0,1.0,0.0,0.0,NaN,8.0,8.0,8.0,NaN,NaN,NaN
89.0,NaN,-6.0,0.0,97.0,NaN,5.0,0.0,36.89,NaN,-0.23999999999999963,0.0,141.0,NaN,44.0,0.0,85.0,NaN,15.0,0.0,76.0,NaN,17.0,0.0,24.0,NaN,1.0,0.0,NaN,NaN,NaN,24.0,-7.0,NaN,0.0,2.0,17.0,NaN,0.0,1.0,0.4,NaN,0.0,0.0,7.38,NaN,0.0,2.0,26.0,NaN,0.0,2.0,NaN,NaN,NaN,24.0,31.0,NaN,0.0,1.0,54.0,NaN,0.0,1.0,41.0,NaN,0.0,1.0,8.0,NaN,0.0,1.0,110.0,NaN,0.0,1.0,2.4,NaN,0.0,1.0,NaN,NaN,NaN,24.0,101.0,NaN,0.0,1.0,1.1,NaN,0.0,2.0,1.5,NaN,0.0,1.0,2.9,NaN,0.0,1.0,4.3,NaN,0.0,1.0,0.1,NaN,0.0,1.0,0.01,NaN,0.0,1.0,25.0,NaN,0.0,1.0,8.5,NaN,0.0,1.0,32.0,NaN,0.0,1.0,6.5,NaN,0.0,1.0,NaN,NaN,NaN,24.0,257.0,NaN,0.0,1.0,67.0,1.0,1.0,0.0,-4.783333333333333,4.0,0.0,1.0,0.0,0.0,1.0,0.0,0.0,0.0,0.0,0.0,0.0,0.0,1.0,1.0,0.0,0.0,NaN,8.0,8.0,8.0,NaN,NaN,NaN
103.0,NaN,14.0,0.0,96.0,NaN,-1.0,0.0,36.89,NaN,-0.17999999999999972,1.0,141.0,NaN,22.0,1.0,85.0,NaN,7.5,1.0,76.0,NaN,8.5,1.0,28.0,NaN,4.0,0.0,NaN,NaN,NaN,24.0,-8.0,NaN,-0.3333333333333333,0.0,17.0,NaN,0.0,2.0,0.4,NaN,0.0,1.0,7.36,NaN,-0.006666666666666525,0.0,27.0,NaN,0.3333333333333333,0.0,NaN,NaN,NaN,24.0,31.0,NaN,0.0,2.0,54.0,NaN,0.0,2.0,41.0,NaN,0.0,2.0,8.0,NaN,0.0,2.0,110.0,NaN,0.0,2.0,2.4,NaN,0.0,2.0,NaN,NaN,NaN,24.0,101.0,NaN,0.0,2.0,1.7,NaN,0.19999999999999996,0.0,1.5,NaN,0.0,2.0,2.9,NaN,0.0,2.0,4.3,NaN,0.0,2.0,0.1,NaN,0.0,2.0,0.01,NaN,0.0,2.0,25.0,NaN,0.0,2.0,8.5,NaN,0.0,2.0,32.0,NaN,0.0,2.0,6.5,NaN,0.0,2.0,NaN,NaN,NaN,24.0,257.0,NaN,0.0,2.0,67.0,1.0,1.0,0.0,-4.783333333333333,5.0,0.0,1.0,1.0,0.0,0.0,0.0,0.0,0.0,0.0,0.0,1.0,1.0,1.0,1.0,0.0,0.0,NaN,8.0,8.0,8.0,NaN,NaN,NaN
93.0,NaN,-10.0,0.0,89.0,NaN,-7.0,0.0,36.89,NaN,-0.14399999999999977,2.0,133.0,NaN,-4.0,0.0,94.0,NaN,4.5,0.0,82.0,NaN,3.0,0.0,21.0,NaN,-7.0,0.0,NaN,NaN,NaN,24.0,-8.0,NaN,-0.25,1.0,17.0,NaN,0.0,3.0,0.4,NaN,0.0,2.0,7.36,NaN,-0.004999999999999893,1.0,27.0,NaN,0.25,1.0,NaN,NaN,NaN,24.0,31.0,NaN,0.0,3.0,54.0,NaN,0.0,3.0,41.0,NaN,0.0,3.0,8.0,NaN,0.0,3.0,110.0,NaN,0.0,3.0,2.4,NaN,0.0,3.0,NaN,NaN,NaN,24.0,101.0,NaN,0.0,3.0,1.7,NaN,0.14999999999999997,1.0,1.5,NaN,0.0,3.0,2.9,NaN,0.0,3.0,4.3,NaN,0.0,3.0,0.1,NaN,0.0,3.0,0.01,NaN,0.0,3.0,25.0,NaN,0.0,3.0,8.5,NaN,0.0,3.0,32.0,NaN,0.0,3.0,6.5,NaN,0.0,3.0,NaN,NaN,NaN,24.0,257.0,NaN,0.0,3.0,67.0,1.0,1.0,0.0,-4.783333333333333,6.0,0.0,1.0,1.0,0.0,0.0,0.0,0.0,0.0,0.0,0.0,1.0,1.0,1.0,1.0,0.0,0.0,NaN,8.0,8.0,8.0,NaN,NaN,NaN
88.0,NaN,-5.0,0.0,92.0,NaN,3.0,0.0,36.89,NaN,0.0,0.0,140.0,NaN,7.0,0.0,90.0,NaN,-4.0,0.0,75.0,NaN,-7.0,0.0,18.0,NaN,-3.0,0.0,NaN,NaN,NaN,24.0,-8.0,NaN,-0.2,2.0,17.0,NaN,0.0,4.0,0.4,NaN,0.0,3.0,7.36,NaN,-0.003999999999999915,2.0,27.0,NaN,0.2,2.0,NaN,NaN,NaN,24.0,31.0,NaN,0.0,4.0,54.0,NaN,0.0,4.0,41.0,NaN,0.0,4.0,8.0,NaN,0.0,4.0,110.0,NaN,0.0,4.0,2.4,NaN,0.0,4.0,NaN,NaN,NaN,24.0,101.0,NaN,0.0,4.0,1.7,NaN,0.11999999999999997,2.0,1.5,NaN,0.0,4.0,2.9,NaN,0.0,4.0,4.3,NaN,0.0,4.0,0.1,NaN,0.0,4.0,0.01,NaN,0.0,4.0,25.0,NaN,0.0,4.0,8.5,NaN,0.0,4.0,32.0,NaN,0.0,4.0,6.5,NaN,0.0,4.0,NaN,NaN,NaN,24.0,257.0,NaN,0.0,4.0,67.0,1.0,1.0,0.0,-4.783333333333333,7.0,0.0,0.0,0.0,0.0,0.0,0.0,0.0,0.0,0.0,0.0,1.0,1.0,1.0,1.0,0.0,0.0,NaN,8.0,8.0,8.0,NaN,NaN,NaN
89.0,NaN,1.0,0.0,95.0,NaN,3.0,0.0,36.89,NaN,0.0,1.0,133.0,NaN,-7.0,0.0,91.0,NaN,1.0,0.0,77.0,NaN,2.0,0.0,23.0,NaN,5.0,0.0,NaN,NaN,NaN,24.0,-8.0,NaN,-0.16666666666666666,3.0,17.0,NaN,0.0,5.0,0.4,NaN,0.0,4.0,7.36,NaN,-0.0033333333333332624,3.0,27.0,NaN,0.16666666666666666,3.0,NaN,NaN,NaN,24.0,31.0,NaN,0.0,5.0,54.0,NaN,0.0,5.0,41.0,NaN,0.0,5.0,8.0,NaN,0.0,5.0,110.0,NaN,0.0,5.0,2.4,NaN,0.0,5.0,NaN,NaN,NaN,24.0,101.0,NaN,0.0,5.0,1.7,NaN,0.09999999999999998,3.0,1.5,NaN,0.0,5.0,2.9,NaN,0.0,5.0,4.3,NaN,0.0,5.0,0.1,NaN,0.0,5.0,0.01,NaN,0.0,5.0,25.0,NaN,0.0,5.0,8.5,NaN,0.0,5.0,32.0,NaN,0.0,5.0,6.5,NaN,0.0,5.0,NaN,NaN,NaN,24.0,257.0,NaN,0.0,5.0,67.0,1.0,1.0,0.0,-4.783333333333333,8.0,0.0,1.0,0.0,0.0,0.0,0.0,0.0,0.0,0.0,0.0,1.0,1.0,1.0,1.0,0.0,0.0,NaN,8.0,8.0,8.0,NaN,NaN,NaN
93.0,NaN,4.0,0.0,94.0,NaN,-1.0,0.0,36.89,NaN,0.0,2.0,147.0,NaN,14.0,0.0,90.0,NaN,-1.0,0.0,75.0,NaN,-2.0,0.0,22.0,NaN,-1.0,0.0,NaN,NaN,NaN,24.0,-8.0,NaN,-0.14285714285714285,4.0,17.0,NaN,0.0,6.0,0.4,NaN,0.0,5.0,7.36,NaN,-0.0028571428571427964,4.0,27.0,NaN,0.14285714285714285,4.0,NaN,NaN,NaN,24.0,31.0,NaN,0.0,6.0,54.0,NaN,0.0,6.0,41.0,NaN,0.0,6.0,8.0,NaN,0.0,6.0,110.0,NaN,0.0,6.0,2.4,NaN,0.0,6.0,NaN,NaN,NaN,24.0,101.0,NaN,0.0,6.0,1.7,NaN,0.0857142857142857,4.0,1.5,NaN,0.0,6.0,2.9,NaN,0.0,6.0,4.3,NaN,0.0,6.0,0.1,NaN,0.0,6.0,0.01,NaN,0.0,6.0,25.0,NaN,0.0,6.0,8.5,NaN,0.0,6.0,32.0,NaN,0.0,6.0,6.5,NaN,0.0,6.0,NaN,NaN,NaN,24.0,257.0,NaN,0.0,6.0,67.0,1.0,1.0,0.0,-4.783333333333333,9.0,0.0,1.0,1.0,0.0,0.0,0.0,0.0,0.0,0.0,0.0,1.0,1.0,1.0,1.0,0.0,0.0,NaN,8.0,8.0,8.0,NaN,NaN,NaN
89.0,NaN,-4.0,0.0,93.0,NaN,-1.0,0.0,36.89,NaN,0.0,3.0,142.0,NaN,-5.0,0.0,85.0,NaN,-5.0,0.0,67.0,NaN,-8.0,0.0,21.0,NaN,-1.0,0.0,NaN,NaN,NaN,24.0,-8.0,NaN,-0.125,5.0,17.0,NaN,0.0,7.0,0.4,NaN,0.0,6.0,7.36,NaN,-0.0024999999999999467,5.0,27.0,NaN,0.125,5.0,NaN,NaN,NaN,24.0,31.0,NaN,0.0,7.0,54.0,NaN,0.0,7.0,41.0,NaN,0.0,7.0,8.0,NaN,0.0,7.0,110.0,NaN,0.0,7.0,2.4,NaN,0.0,7.0,NaN,NaN,NaN,24.0,101.0,NaN,0.0,7.0,1.7,NaN,0.07499999999999998,5.0,1.5,NaN,0.0,7.0,2.9,NaN,0.0,7.0,4.3,NaN,0.0,7.0,0.1,NaN,0.0,7.0,0.01,NaN,0.0,7.0,25.0,NaN,0.0,7.0,8.5,NaN,0.0,7.0,32.0,NaN,0.0,7.0,6.5,NaN,0.0,7.0,NaN,NaN,NaN,24.0,257.0,NaN,0.0,7.0,67.0,1.0,1.0,0.0,-4.783333333333333,10.0,0.0,1.0,0.0,0.0,0.0,0.0,0.0,0.0,0.0,0.0,1.0,1.0,1.0,1.0,0.0,0.0,NaN,8.0,8.0,8.0,NaN,NaN,NaN
105.0,NaN,16.0,0.0,92.0,NaN,-1.0,0.0,37.17,NaN,0.07000000000000028,0.0,121.0,NaN,-21.0,0.0,83.0,NaN,-2.0,0.0,78.0,NaN,11.0,0.0,25.0,NaN,4.0,0.0,NaN,NaN,NaN,24.0,-8.0,NaN,-0.1111111111111111,6.0,17.0,NaN,0.0,8.0,0.4,NaN,0.0,7.0,7.36,NaN,-0.002222222222222175,6.0,27.0,NaN,0.1111111111111111,6.0,NaN,NaN,NaN,24.0,31.0,NaN,0.0,8.0,54.0,NaN,0.0,8.0,41.0,NaN,0.0,8.0,8.0,NaN,0.0,8.0,110.0,NaN,0.0,8.0,2.4,NaN,0.0,8.0,NaN,NaN,NaN,24.0,101.0,NaN,0.0,8.0,1.7,NaN,0.06666666666666665,6.0,1.5,NaN,0.0,8.0,2.9,NaN,0.0,8.0,4.3,NaN,0.0,8.0,0.1,NaN,0.0,8.0,0.02,NaN,0.00125,0.0,25.0,NaN,0.0,8.0,8.5,NaN,0.0,8.0,32.0,NaN,0.0,8.0,6.5,NaN,0.0,8.0,NaN,NaN,NaN,24.0,257.0,NaN,0.0,8.0,67.0,1.0,1.0,0.0,-4.783333333333333,11.0,0.0,1.0,1.0,0.0,0.0,0.0,0.0,0.0,0.0,0.0,1.0,1.0,1.0,1.0,0.0,0.0,NaN,8.0,8.0,8.0,NaN,NaN,NaN
95.0,NaN,-10.0,0.0,97.0,NaN,5.0,0.0,37.17,NaN,0.05600000000000023,1.0,124.0,NaN,3.0,0.0,106.0,NaN,23.0,0.0,101.0,NaN,23.0,0.0,19.0,NaN,-6.0,0.0,NaN,NaN,NaN,24.0,-8.0,NaN,-0.1,7.0,17.0,NaN,0.0,9.0,0.4,NaN,0.0,8.0,7.36,NaN,-0.0019999999999999575,7.0,27.0,NaN,0.1,7.0,NaN,NaN,NaN,24.0,31.0,NaN,0.0,9.0,54.0,NaN,0.0,9.0,41.0,NaN,0.0,9.0,8.0,NaN,0.0,9.0,110.0,NaN,0.0,9.0,2.4,NaN,0.0,9.0,NaN,NaN,NaN,24.0,101.0,NaN,0.0,9.0,1.7,NaN,0.059999999999999984,7.0,1.5,NaN,0.0,9.0,2.9,NaN,0.0,9.0,4.3,NaN,0.0,9.0,0.1,NaN,0.0,9.0,0.02,NaN,0.0011111111111111111,1.0,25.0,NaN,0.0,9.0,8.5,NaN,0.0,9.0,32.0,NaN,0.0,9.0,6.5,NaN,0.0,9.0,NaN,NaN,NaN,24.0,257.0,NaN,0.0,9.0,67.0,1.0,1.0,0.0,-4.783333333333333,12.0,0.0,0.0,1.0,0.0,0.0,0.0,0.0,0.0,0.0,0.0,1.0,1.0,1.0,1.0,0.0,0.0,NaN,8.0,8.0,8.0,NaN,NaN,NaN
