NaN,NaN,NaN,24.0,NaN,NaN,NaN,24.0,NaN,NaN,NaN,24.0,NaN,NaN,NaN,24.0,NaN,NaN,NaN,24.0,NaN,NaN,NaN,24.0,NaN,NaN,NaN,24.0,NaN,NaN,NaN,24.0,NaN,NaN,NaN,24.0,NaN,NaN,NaN,24.0,NaN,NaN,NaN,24.0,NaN,NaN,NaN,24.0,NaN,NaN,NaN,24.0,NaN,NaN,NaN,24.0,NaN,NaN,NaN,24.0,NaN,NaN,NaN,24.0,NaN,NaN,NaN,24.0,NaN,NaN,NaN,24.0,NaN,NaN,NaN,24.0,NaN,NaN,NaN,24.0,NaN,NaN,NaN,24.0,NaN,NaN,NaN,24.0,NaN,NaN,NaN,24.0,NaN,NaN,NaN,24.0,NaN,NaN,NaN,24.0,NaN,NaN,NaN,24.0,NaN,NaN,NaN,24.0,NaN,NaN,NaN,24.0,NaN,NaN,NaN,24.0,NaN,NaN,NaN,24.0,NaN,NaN,NaN,24.0,NaN,NaN,NaN,24.0,NaN,NaN,NaN,24.0,NaN,NaN,NaN,24.0,54.0,0.0,1.0,0.0,-3.3666666666666667,1.0,0.0,0.0,0.0,0.0,0.0,0.0,0.0,0.0,0.0,0.0,1.0,0.0,0.0,0.0,0.0,0.0,NaN,NaN,NaN,3.0,NaN,NaN,NaN
86.0,NaN,0.0,0.0,100.0,NaN,0.0,0.0,37.78,NaN,0.0,0.0,148.0,NaN,0.0,0.0,104.0,NaN,0.0,0.0,91.0,NaN,0.0,0.0,25.5,NaN,0.0,0.0,NaN,NaN,NaN,24.0,NaN,NaN,NaN,24.0,22.0,NaN,0.0,0.0,0.8,NaN,0.0,0.0,NaN,NaN,NaN,24.0,NaN,NaN,NaN,24.0,NaN,NaN,NaN,24.0,NaN,NaN,NaN,24.0,33.0,NaN,0.0,0.0,NaN,NaN,NaN,24.0,8.3,NaN,0.0,0.0,108.0,NaN,0.0,0.0,1.1,NaN,0.0,0.0,NaN,NaN,NaN,24.0,117.0,NaN,0.0,0.0,NaN,NaN,NaN,24.0,1.7,NaN,0.0,0.0,4.5,NaN,0.0,0.0,3.4,NaN,0.0,0.0,NaN,NaN,NaN,24.0,1.7,NaN,0.0,0.0,28.6,NaN,0.0,0.0,9.7,NaN,0.0,0.0,29.8,NaN,0.0,0.0,12.1,NaN,0.0,0.0,NaN,NaN,NaN,24.0,236.0,NaN,0.0,0.0,54.0,0.0,1.0,0.0,-3.3666666666666667,2.0,0.0,1.0,0.0,1.0,3.0,0.0,0.0,0.0,0.0,0.0,0.0,0.0,0.0,0.0,0.0,0.0,NaN,NaN,NaN,3.0,NaN,NaN,NaN
86.0,NaN,0.0,0.0,100.0,NaN,0.0,0.0,37.78,NaN,0.0,1.0,141.0,NaN,-7.0,0.0,92.75,NaN,-11.25,0.0,77.75,NaN,-13.25,0.0,26.5,NaN,1.0,0.0,NaN,NaN,NaN,24.0,NaN,NaN,NaN,24.0,22.0,NaN,0.0,1.0,0.8,NaN,0.0,0.0,NaN,NaN,NaN,24.0,NaN,NaN,NaN,24.0,NaN,NaN,NaN,24.0,NaN,NaN,NaN,24.0,33.0,NaN,0.0,1.0,NaN,NaN,NaN,24.0,8.3,NaN,0.0,1.0,108.0,NaN,0.0,1.0,1.1,NaN,0.0,1.0,NaN,NaN,NaN,24.0,117.0,NaN,0.0,1.0,NaN,NaN,NaN,24.0,1.7,NaN,0.0,1.0,4.5,NaN,0.0,1.0,3.4,NaN,0.0,1.0,NaN,NaN,NaN,24.0,1.7,NaN,0.0,1.0,28.6,NaN,0.0,1.0,9.7,NaN,0.0,1.0,29.8,NaN,0.0,1.0,12.1,NaN,0.0,1.0,NaN,NaN,NaN,24.0,236.0,NaN,0.0,1.0,54.0,0.0,1.0,0.0,-3.3666666666666667,3.0,0.0,1.0,0.0,1.0,3.0,0.0,0.0,0.0,0.0,0.0,0.0,0.0,0.0,0.0,0.0,0.0,NaN,NaN,NaN,3.0,NaN,NaN,NaN
80.25,NaN,-5.75,0.0,100.0,NaN,0.0,0.0,37.78,NaN,0.0,2.0,128.25,NaN,-12.75,0.0,83.5,NaN,-9.25,0.0,69.0,NaN,-8.75,0.0,26.5,NaN,0.0,0.0,NaN,NaN,NaN,24.0,NaN,NaN,NaN,24.0,22.0,NaN,0.0,2.0,0.8,NaN,0.0,0.0,NaN,NaN,NaN,24.0,NaN,NaN,NaN,24.0,NaN,NaN,NaN,24.0,NaN,NaN,NaN,24.0,33.0,NaN,0.0,2.0,NaN,NaN,NaN,24.0,8.3,NaN,0.0,2.0,108.0,NaN,0.0,2.0,1.1,NaN,0.0,2.0,NaN,NaN,NaN,24.0,117.0,NaN,0.0,2.0,NaN,NaN,NaN,24.0,1.7,NaN,0.0,2.0,4.5,NaN,0.0,2.0,3.4,NaN,0.0,2.0,NaN,NaN,NaN,24.0,1.7,NaN,0.0,2.0,28.6,NaN,0.0,2.0,9.7,NaN,0.0,2.0,29.8,NaN,0.0,2.0,12.1,NaN,0.0,2.0,NaN,NaN,NaN,24.0,236.0,NaN,0.0,2.0,54.0,0.0,1.0,0.0,-3.3666666666666667,4.0,0.0,1.0,0.0,1.0,3.0,0.0,0.0,0.0,0.0,0.0,0.0,0.0,0.0,0.0,0.0,0.0,NaN,NaN,NaN,3.0,NaN,NaN,NaN
78.5,NaN,-1.75,0.0,100.0,NaN,0.0,0.0,38.56,NaN,0.2600000000000004,0.0,120.0,NaN,-8.25,0.0,79.5,NaN,-4.0,0.0,66.75,NaN,-2.25,0.0,23.0,NaN,-3.5,0.0,NaN,NaN,NaN,24.0,-2.0,NaN,0.0,0.0,22.0,NaN,0.0,3.0,0.6,NaN,-0.20000000000000007,0.0,7.41,NaN,0.0,0.0,32.0,NaN,0.0,0.0,NaN,NaN,NaN,24.0,NaN,NaN,NaN,24.0,33.0,NaN,0.0,3.0,NaN,NaN,NaN,24.0,8.3,NaN,0.0,3.0,108.0,NaN,0.0,3.0,1.1,NaN,0.0,3.0,NaN,NaN,NaN,24.0,117.0,NaN,0.0,3.0,NaN,NaN,NaN,24.0,1.7,NaN,0.0,3.0,4.5,NaN,0.0,3.0,3.4,NaN,0.0,3.0,NaN,NaN,NaN,24.0,1.7,NaN,0.0,3.0,28.6,NaN,0.0,3.0,9.7,NaN,0.0,3.0,29.8,NaN,0.0,3.0,12.1,NaN,0.0,3.0,NaN,NaN,NaN,24.0,236.0,NaN,0.0,3.0,54.0,0.0,1.0,0.0,-3.3666666666666667,5.0,1.0,1.0,0.0,1.0,2.0,0.0,0.0,0.0,0.0,0.0,0.0,0.0,0.0,0.0,0.0,0.0,NaN,NaN,NaN,3.0,NaN,NaN,NaN
76.0,NaN,-2.5,0.0,100.0,NaN,0.0,0.0,38.56,NaN,0.19500000000000028,1.0,122.0,NaN,2.0,0.0,77.75,NaN,-1.75,0.0,63.75,NaN,-3.0,0.0,22.5,NaN,-0.5,0.0,NaN,NaN,NaN,24.0,-2.0,NaN,0.0,1.0,22.0,NaN,0.0,4.0,0.6,NaN,0.0,0.0,7.41,NaN,0.0,1.0,32.0,NaN,0.0,1.0,NaN,NaN,NaN,24.0,NaN,NaN,NaN,24.0,33.0,NaN,0.0,4.0,NaN,NaN,NaN,24.0,8.3,NaN,0.0,4.0,108.0,NaN,0.0,4.0,1.1,NaN,0.0,4.0,NaN,NaN,NaN,24.0,117.0,NaN,0.0,4.0,NaN,NaN,NaN,24.0,1.7,NaN,0.0,4.0,4.5,NaN,0.0,4.0,3.4,NaN,0.0,4.0,NaN,NaN,NaN,24.0,1.7,NaN,0.0,4.0,28.6,NaN,0.0,4.0,9.7,NaN,0.0,4.0,29.8,NaN,0.0,4.0,12.1,NaN,0.0,4.0,NaN,NaN,NaN,24.0,236.0,NaN,0.0,4.0,54.0,0.0,1.0,0.0,-3.3666666666666667,6.0,1.0,1.0,0.0,1.0,2.0,0.0,0.0,0.0,0.0,0.0,0.0,0.0,0.0,0.0,0.0,0.0,NaN,NaN,NaN,3.0,NaN,NaN,NaN
77.0,NaN,1.0,0.0,100.0,NaN,0.0,0.0,38.56,NaN,0.15600000000000022,2.0,133.666666666667,NaN,11.666666666666998,0.0,83.0,NaN,5.25,0.0,66.6666666666667,NaN,2.9166666666667,0.0,20.6666666666667,NaN,-1.8333333333333002,0.0,NaN,NaN,NaN,24.0,-2.0,NaN,0.0,2.0,22.0,NaN,0.0,5.0,0.6,NaN,0.0,1.0,7.41,NaN,0.0,2.0,32.0,NaN,0.0,2.0,NaN,NaN,NaN,24.0,NaN,NaN,NaN,24.0,33.0,NaN,0.0,5.0,NaN,NaN,NaN,24.0,8.3,NaN,0.0,5.0,108.0,NaN,0.0,5.0,1.1,NaN,0.0,5.0,NaN,NaN,NaN,24.0,117.0,NaN,0.0,5.0,NaN,NaN,NaN,24.0,1.7,NaN,0.0,5.0,4.5,NaN,0.0,5.0,3.4,NaN,0.0,5.0,NaN,NaN,NaN,24.0,1.7,NaN,0.0,5.0,28.6,NaN,0.0,5.0,9.7,NaN,0.0,5.0,29.8,NaN,0.0,5.0,12.1,NaN,0.0,5.0,NaN,NaN,NaN,24.0,236.0,NaN,0.0,5.0,54.0,0.0,1.0,0.0,-3.3666666666666667,7.0,1.0,1.0,0.0,1.0,0.0,0.0,0.0,0.0,0.0,0.0,1.0,0.0,0.0,0.0,0.0,0.0,NaN,NaN,NaN,3.0,NaN,NaN,NaN
72.5,NaN,-4.5,0.0,99.25,NaN,-0.75,0.0,38.56,NaN,0.1300000000000002,3.0,105.75,NaN,-27.916666666667,0.0,69.75,NaN,-13.25,0.0,58.75,NaN,-7.9166666666667,0.0,23.0,NaN,2.3333333333333,0.0,NaN,NaN,NaN,24.0,-2.0,NaN,0.0,3.0,22.0,NaN,0.0,6.0,0.6,NaN,0.0,0.0,7.41,NaN,0.0,3.0,32.0,NaN,0.0,3.0,NaN,NaN,NaN,24.0,NaN,NaN,NaN,24.0,33.0,NaN,0.0,6.0,NaN,NaN,NaN,24.0,8.3,NaN,0.0,6.0,108.0,NaN,0.0,6.0,1.1,NaN,0.0,6.0,NaN,NaN,NaN,24.0,117.0,NaN,0.0,6.0,NaN,NaN,NaN,24.0,1.7,NaN,0.0,6.0,4.5,NaN,0.0,6.0,3.4,NaN,0.0,6.0,NaN,NaN,NaN,24.0,1.7,NaN,0.0,6.0,28.6,NaN,0.0,6.0,9.7,NaN,0.0,6.0,29.8,NaN,0.0,6.0,12.1,NaN,0.0,6.0,NaN,NaN,NaN,24.0,236.0,NaN,0.0,6.0,54.0,0.0,1.0,0.0,-3.3666666666666667,8.0,1.0,1.0,0.0,1.0,2.0,0.0,0.0,0.0,0.0,0.0,0.0,0.0,0.0,0.0,0.0,0.0,NaN,NaN,NaN,3.0,NaN,NaN,NaN
71.75,NaN,-0.75,0.0,99.5,NaN,0.25,0.0,38.0,NaN,-0.14000000000000057,0.0,110.0,NaN,4.25,0.0,69.75,NaN,0.0,0.0,58.75,NaN,0.0,0.0,21.5,NaN,-1.5,0.0,NaN,NaN,NaN,24.0,-2.0,NaN,0.0,4.0,22.0,NaN,0.0,7.0,0.6,NaN,0.0,1.0,7.41,NaN,0.0,4.0,32.0,NaN,0.0,4.0,NaN,NaN,NaN,24.0,NaN,NaN,NaN,24.0,33.0,NaN,0.0,7.0,NaN,NaN,NaN,24.0,8.3,NaN,0.0,7.0,108.0,NaN,0.0,7.0,1.1,NaN,0.0,7.0,NaN,NaN,NaN,24.0,117.0,NaN,0.0,7.0,NaN,NaN,NaN,24.0,1.7,NaN,0.0,7.0,4.5,NaN,0.0,7.0,3.4,NaN,0.0,7.0,NaN,NaN,NaN,24.0,2.89,NaN,0.17,0.0,26.3,NaN,-0.3285714285714287,0.0,8.7,NaN,-0.14285714285714285,0.0,92.1,NaN,8.9,0.0,16.3,NaN,0.6000000000000002,0.0,NaN,NaN,NaN,24.0,275.0,NaN,5.571428571428571,0.0,54.0,0.0,1.0,0.0,-3.3666666666666667,9.0,0.0,1.0,0.0,1.0,0.0,0.0,0.0,0.0,0.0,0.0,1.0,0.0,0.0,0.0,0.0,0.0,NaN,NaN,NaN,3.0,NaN,NaN,NaN
70.0,NaN,-1.75,0.0,100.0,NaN,0.5,0.0,38.0,NaN,-0.11200000000000046,1.0,105.25,NaN,-4.75,0.0,69.5,NaN,-0.25,0.0,60.0,NaN,1.25,0.0,23.25,NaN,1.75,0.0,NaN,NaN,NaN,24.0,-2.0,NaN,0.0,5.0,22.0,NaN,0.0,8.0,0.6,NaN,0.0,0.0,7.41,NaN,0.0,5.0,32.0,NaN,0.0,5.0,NaN,NaN,NaN,24.0,NaN,NaN,NaN,24.0,33.0,NaN,0.0,8.0,NaN,NaN,NaN,24.0,8.3,NaN,0.0,8.0,108.0,NaN,0.0,8.0,1.1,NaN,0.0,8.0,NaN,NaN,NaN,24.0,117.0,NaN,0.0,8.0,NaN,NaN,NaN,24.0,1.7,NaN,0.0,8.0,4.5,NaN,0.0,8.0,3.4,NaN,0.0,8.0,NaN,NaN,NaN,24.0,2.89,NaN,0.14875000000000002,1.0,26.3,NaN,-0.2875000000000001,1.0,8.7,NaN,-0.125,1.0,92.1,NaN,7.7875,1.0,16.3,NaN,0.5250000000000001,1.0,NaN,NaN,NaN,24.0,275.0,NaN,4.875,1.0,54.0,0.0,1.0,0.0,-3.3666666666666667,10.0,0.0,1.0,0.0,1.0,2.0,0.0,0.0,0.0,0.0,0.0,0.0,0.0,0.0,0.0,0.0,0.0,NaN,NaN,NaN,3.0,NaN,NaN,NaN
70.0,NaN,0.0,0.0,100.0,NaN,0.0,0.0,38.0,NaN,-0.09333333333333371,2.0,100.0,NaN,-5.25,0.0,69.0,NaN,-0.5,0.0,60.0,NaN,0.0,0.0,22.0,NaN,-1.25,0.0,NaN,NaN,NaN,24.0,-2.0,NaN,0.0,6.0,22.0,NaN,0.0,9.0,0.6,NaN,0.0,1.0,7.41,NaN,0.0,6.0,32.0,NaN,0.0,6.0,NaN,NaN,NaN,24.0,NaN,NaN,NaN,24.0,33.0,NaN,0.0,9.0,NaN,NaN,NaN,24.0,8.3,NaN,0.0,9.0,108.0,NaN,0.0,9.0,1.1,NaN,0.0,9.0,NaN,NaN,NaN,24.0,117.0,NaN,0.0,9.0,NaN,NaN,NaN,24.0,1.7,NaN,0.0,9.0,4.5,NaN,0.0,9.0,3.4,NaN,0.0,9.0,NaN,NaN,NaN,24.0,2.89,NaN,0.13222222222222224,2.0,26.3,NaN,-0.25555555555555565,2.0,8.7,NaN,-0.1111111111111111,2.0,92.1,NaN,6.922222222222222,2.0,16.3,NaN,0.4666666666666668,2.0,NaN,NaN,NaN,24.0,275.0,NaN,4.333333333333333,2.0,54.0,0.0,1.0,0.0,-3.3666666666666667,11.0,0.0,1.0,0.0,1.0,0.0,0.0,0.0,0.0,0.0,0.0,1.0,0.0,0.0,0.0,0.0,0.0,NaN,NaN,NaN,3.0,NaN,NaN,NaN
66.0,NaN,-4.0,0.0,100.0,NaN,0.0,0.0,37.89,NaN,-0.03666666666666648,0.0,97.0,NaN,-3.0,0.0,65.0,NaN,-4.0,0.0,54.0,NaN,-6.0,0.0,28.0,NaN,6.0,0.0,NaN,NaN,NaN,24.0,-2.0,NaN,0.0,7.0,22.0,NaN,0.0,10.0,0.6,NaN,0.0,2.0,7.41,NaN,0.0,7.0,32.0,NaN,0.0,7.0,NaN,NaN,NaN,24.0,NaN,NaN,NaN,24.0,33.0,NaN,0.0,10.0,NaN,NaN,NaN,24.0,8.3,NaN,0.0,10.0,108.0,NaN,0.0,10.0,1.1,NaN,0.0,10.0,NaN,NaN,NaN,24.0,117.0,NaN,0.0,10.0,NaN,NaN,NaN,24.0,1.7,NaN,0.0,10.0,4.5,NaN,0.0,10.0,3.4,NaN,0.0,10.0,NaN,NaN,NaN,24.0,2.89,NaN,0.11900000000000002,3.0,26.3,NaN,-0.23000000000000007,3.0,8.7,NaN,-0.1,3.0,92.1,NaN,6.2299999999999995,3.0,16.3,NaN,0.4200000000000001,3.0,NaN,NaN,NaN,24.0,275.0,NaN,3.9,3.0,54.0,0.0,1.0,0.0,-3.3666666666666667,12.0,0.0,1.0,0.0,1.0,0.0,0.0,0.0,1.0,0.0,0.0,1.0,0.0,0.0,0.0,0.0,0.0,NaN,NaN,NaN,3.0,NaN,NaN,NaN
67.0,NaN,1.0,0.0,100.0,NaN,0.0,0.0,37.83,NaN,-0.060000000000002274,0.0,96.0,NaN,-1.0,0.0,65.0,NaN,0.0,0.0,55.0,NaN,1.0,0.0,25.5,NaN,-2.5,0.0,NaN,NaN,NaN,24.0,-2.0,NaN,0.0,8.0,22.0,NaN,0.0,11.0,0.6,NaN,0.0,0.0,7.41,NaN,0.0,8.0,32.0,NaN,0.0,8.0,NaN,NaN,NaN,24.0,NaN,NaN,NaN,24.0,33.0,NaN,0.0,11.0,NaN,NaN,NaN,24.0,8.3,NaN,0.0,11.0,108.0,NaN,0.0,11.0,1.1,NaN,0.0,11.0,NaN,NaN,NaN,24.0,117.0,NaN,0.0,11.0,NaN,NaN,NaN,24.0,1.7,NaN,0.0,11.0,4.5,NaN,0.0,11.0,3.4,NaN,0.0,11.0,NaN,NaN,NaN,24.0,2.89,NaN,0.1081818181818182,4.0,26.3,NaN,-0.20909090909090916,4.0,8.7,NaN,-0.09090909090909091,4.0,92.1,NaN,5.663636363636363,4.0,16.3,NaN,0.3818181818181819,4.0,NaN,NaN,NaN,24.0,275.0,NaN,3.5454545454545454,4.0,54.0,0.0,1.0,0.0,-3.3666666666666667,13.0,0.0,1.0,0.0,1.0,2.0,0.0,0.0,1.0,0.0,0.0,1.0,0.0,0.0,0.0,0.0,0.0,NaN,NaN,NaN,3.0,NaN,NaN,NaN
67.0,NaN,0.5,1.0,100.0,NaN,0.0,1.0,37.83,NaN,-0.030000000000001137,1.0,96.0,NaN,-0.5,1.0,65.0,NaN,0.0,1.0,55.0,NaN,0.5,1.0,25.5,NaN,-1.25,1.0,NaN,NaN,NaN,24.0,1.0,NaN,0.3333333333333333,0.0,22.0,NaN,0.0,12.0,0.6,NaN,0.0,1.0,7.46,NaN,0.005555555555555536,0.0,34.0,NaN,0.2222222222222222,0.0,99.0,NaN,0.0,0.0,NaN,NaN,NaN,24.0,33.0,NaN,0.0,12.0,NaN,NaN,NaN,24.0,8.3,NaN,0.0,12.0,108.0,NaN,0.0,12.0,1.1,NaN,0.0,12.0,NaN,NaN,NaN,24.0,117.0,NaN,0.0,12.0,NaN,NaN,NaN,24.0,1.7,NaN,0.0,12.0,4.5,NaN,0.0,12.0,3.4,NaN,0.0,12.0,NaN,NaN,NaN,24.0,2.89,NaN,0.09916666666666668,5.0,26.0,NaN,-0.060000000000000143,0.0,8.7,NaN,0.0,0.0,92.1,NaN,5.191666666666666,5.0,16.3,NaN,0.3500000000000001,5.0,NaN,NaN,NaN,24.0,275.0,NaN,3.25,5.0,54.0,0.0,1.0,0.0,-3.3666666666666667,14.0,0.0,1.0,0.0,1.0,0.0,0.0,0.0,0.0,0.0,0.0,1.0,0.0,0.0,0.0,0.0,0.0,NaN,NaN,NaN,3.0,NaN,NaN,NaN
67.0,NaN,0.3333333333333333,2.0,100.0,NaN,0.0,2.0,37.83,NaN,-0.020000000000000757,2.0,96.0,NaN,-0.3333333333333333,2.0,65.0,NaN,0.0,2.0,55.0,NaN,0.3333333333333333,2.0,25.5,NaN,-0.8333333333333334,2.0,NaN,NaN,NaN,24.0,1.0,NaN,0.3,1.0,22.0,NaN,0.0,13.0,0.6,NaN,0.0,2.0,7.46,NaN,0.004999999999999982,1.0,34.0,NaN,0.2,1.0,99.0,NaN,0.0,1.0,NaN,NaN,NaN,24.0,33.0,NaN,0.0,13.0,NaN,NaN,NaN,24.0,8.3,NaN,0.0,13.0,108.0,NaN,0.0,13.0,1.1,NaN,0.0,13.0,NaN,NaN,NaN,24.0,117.0,NaN,0.0,13.0,NaN,NaN,NaN,24.0,1.7,NaN,0.0,13.0,4.5,NaN,0.0,13.0,3.4,NaN,0.0,13.0,NaN,NaN,NaN,24.0,2.89,NaN,0.09153846153846155,6.0,26.0,NaN,-0.05000000000000012,1.0,8.7,NaN,0.0,1.0,92.1,NaN,4.792307692307692,6.0,16.3,NaN,0.32307692307692315,6.0,NaN,NaN,NaN,24.0,275.0,NaN,3.0,6.0,54.0,0.0,1.0,0.0,-3.3666666666666667,15.0,0.0,1.0,0.0,1.0,0.0,0.0,0.0,0.0,0.0,0.0,1.0,0.0,0.0,0.0,0.0,0.0,NaN,NaN,NaN,3.0,NaN,NaN,NaN
