100.0,NaN,NaN,24.0,99.0,NaN,NaN,24.0,37.78,NaN,NaN,24.0,87.5,NaN,NaN,24.0,61.5,NaN,NaN,24.0,50.5,NaN,NaN,24.0,28.0,NaN,NaN,24.0,NaN,NaN,NaN,24.0,NaN,NaN,NaN,24.0,NaN,NaN,NaN,24.0,NaN,NaN,NaN,24.0,NaN,NaN,NaN,24.0,NaN,NaN,NaN,24.0,NaN,NaN,NaN,24.0,NaN,NaN,NaN,24.0,NaN,NaN,NaN,24.0,NaN,NaN,NaN,24.0,NaN,NaN,NaN,24.0,NaN,NaN,NaN,24.0,NaN,NaN,NaN,24.0,NaN,NaN,NaN,24.0,NaN,NaN,NaN,24.0,NaN,NaN,NaN,24.0,NaN,NaN,NaN,24.0,NaN,NaN,NaN,24.0,NaN,NaN,NaN,24.0,NaN,NaN,NaN,24.0,NaN,NaN,NaN,24.0,NaN,NaN,NaN,24.0,NaN,NaN,NaN,24.0,NaN,NaN,NaN,24.0,NaN,NaN,NaN,24.0,NaN,NaN,NaN,24.0,NaN,NaN,NaN,24.0,81.0,0.0,1.0,0.0,0.0,1.0,0.0,1.0,1.0,0.0,0.0,0.0,0.0,1.0,0.0,0.0,1.0,0.0,1.0,1.0,1.0,0.0,3.0,5.0,4.0,1.0,NaN,NaN,NaN
102.0,NaN,2.0,0.0,90.0,NaN,-9.0,0.0,37.78,NaN,0.0,1.0,99.0,NaN,11.5,0.0,65.5,NaN,4.0,0.0,52.5,NaN,2.0,0.0,30.0,NaN,2.0,0.0,NaN,NaN,NaN,24.0,NaN,NaN,0.0,0.0,NaN,NaN,NaN,24.0,0.7,NaN,0.0,0.0,7.19,NaN,0.0,0.0,37.0,NaN,0.0,0.0,NaN,NaN,NaN,24.0,NaN,NaN,NaN,24.0,NaN,NaN,NaN,24.0,NaN,NaN,NaN,24.0,NaN,NaN,NaN,24.0,NaN,NaN,NaN,24.0,NaN,NaN,NaN,24.0,NaN,NaN,NaN,24.0,NaN,NaN,NaN,24.0,2.8,NaN,0.0,0.0,NaN,NaN,NaN,24.0,NaN,NaN,NaN,24.0,3.8,NaN,0.0,0.0,NaN,NaN,NaN,24.0,NaN,NaN,NaN,24.0,33.0,NaN,0.0,0.0,11.0,NaN,0.0,0.0,NaN,NaN,NaN,24.0,NaN,NaN,NaN,24.0,NaN,NaN,NaN,24.0,NaN,NaN,NaN,24.0,81.0,0.0,1.0,0.0,0.0,2.0,0.0,1.0,1.0,0.0,3.0,0.0,0.0,0.0,1.0,0.0,1.0,1.0,1.0,1.0,1.0,0.0,3.0,5.0,4.0,1.0,NaN,NaN,NaN
106.0,NaN,4.0,0.0,93.0,NaN,3.0,0.0,37.78,NaN,0.0,2.0,101.0,NaN,2.0,0.0,75.0,NaN,9.5,0.0,59.0,NaN,6.5,0.0,29.0,NaN,-1.0,0.0,NaN,NaN,NaN,24.0,NaN,NaN,0.0,1.0,NaN,NaN,NaN,24.0,0.7,NaN,0.0,1.0,7.19,NaN,0.0,1.0,37.0,NaN,0.0,1.0,NaN,NaN,NaN,24.0,NaN,NaN,NaN,24.0,NaN,NaN,NaN,24.0,NaN,NaN,NaN,24.0,NaN,NaN,NaN,24.0,NaN,NaN,NaN,24.0,NaN,NaN,NaN,24.0,NaN,NaN,NaN,24.0,NaN,NaN,NaN,24.0,2.8,NaN,0.0,1.0,NaN,NaN,NaN,24.0,NaN,NaN,NaN,24.0,3.8,NaN,0.0,1.0,NaN,NaN,NaN,24.0,NaN,NaN,NaN,24.0,33.0,NaN,0.0,1.0,11.0,NaN,0.0,1.0,NaN,NaN,NaN,24.0,NaN,NaN,NaN,24.0,NaN,NaN,NaN,24.0,NaN,NaN,NaN,24.0,81.0,0.0,1.0,0.0,0.0,3.0,0.0,1.0,1.0,0.0,0.0,0.0,0.0,0.0,0.0,0.0,0.0,1.0,1.0,1.0,1.0,0.0,3.0,5.0,4.0,1.0,NaN,NaN,NaN
94.0,NaN,-12.0,0.0,95.0,NaN,2.0,0.0,37.78,NaN,0.0,3.0,97.0,NaN,-4.0,0.0,69.0,NaN,-6.0,0.0,55.0,NaN,-4.0,0.0,32.0,NaN,3.0,0.0,NaN,NaN,NaN,24.0,NaN,NaN,0.0,2.0,NaN,NaN,NaN,24.0,0.7,NaN,0.0,2.0,7.19,NaN,0.0,2.0,37.0,NaN,0.0,2.0,NaN,NaN,NaN,24.0,NaN,NaN,NaN,24.0,NaN,NaN,NaN,24.0,NaN,NaN,NaN,24.0,NaN,NaN,NaN,24.0,NaN,NaN,NaN,24.0,NaN,NaN,NaN,24.0,NaN,NaN,NaN,24.0,NaN,NaN,NaN,24.0,2.8,NaN,0.0,2.0,NaN,NaN,NaN,24.0,NaN,NaN,NaN,24.0,3.8,NaN,0.0,2.0,NaN,NaN,NaN,24.0,NaN,NaN,NaN,24.0,33.0,NaN,0.0,2.0,11.0,NaN,0.0,2.0,NaN,NaN,NaN,24.0,NaN,NaN,NaN,24.0,NaN,NaN,NaN,24.0,NaN,NaN,NaN,24.0,81.0,0.0,1.0,0.0,0.0,4.0,0.0,1.0,1.0,0.0,0.0,0.0,0.0,0.0,0.0,0.0,1.0,1.0,1.0,1.0,1.0,0.0,3.0,5.0,4.0,1.0,NaN,NaN,NaN
93.0,NaN,-1.0,0.0,97.0,NaN,2.0,0.0,37.78,NaN,0.0,4.0,84.0,NaN,-13.0,0.0,65.0,NaN,-4.0,0.0,50.0,NaN,-5.0,0.0,26.5,NaN,-5.5,0.0,NaN,NaN,NaN,24.0,NaN,NaN,NaN,0.0,NaN,NaN,NaN,24.0,0.7,NaN,0.0,0.0,7.165,NaN,-0.008333333333333451,0.0,43.0,NaN,2.0,0.0,NaN,NaN,NaN,24.0,NaN,NaN,NaN,24.0,NaN,NaN,NaN,24.0,NaN,NaN,NaN,24.0,NaN,NaN,NaN,24.0,NaN,NaN,NaN,24.0,NaN,NaN,NaN,24.0,NaN,NaN,NaN,24.0,NaN,NaN,NaN,24.0,2.0,NaN,-0.2666666666666666,0.0,NaN,NaN,NaN,24.0,NaN,NaN,NaN,24.0,3.8,NaN,0.0,3.0,NaN,NaN,NaN,24.0,NaN,NaN,NaN,24.0,33.0,NaN,0.0,3.0,11.0,NaN,0.0,3.0,NaN,NaN,NaN,24.0,NaN,NaN,NaN,24.0,NaN,NaN,NaN,24.0,NaN,NaN,NaN,24.0,81.0,0.0,1.0,0.0,0.0,5.0,0.0,1.0,1.0,0.0,3.0,0.0,0.0,1.0,1.0,0.0,1.0,1.0,1.0,1.0,1.0,0.0,3.0,5.0,4.0,1.0,NaN,NaN,NaN
96.0,NaN,3.0,0.0,96.0,NaN,-1.0,0.0,37.11,NaN,-0.13400000000000034,0.0,99.0,NaN,15.0,0.0,68.0,NaN,3.0,0.0,53.0,NaN,3.0,0.0,29.0,NaN,2.5,0.0,NaN,NaN,NaN,24.0,NaN,NaN,NaN,1.0,NaN,NaN,NaN,24.0,0.7,NaN,0.0,1.0,7.165,NaN,-0.006250000000000089,1.0,43.0,NaN,1.5,1.0,NaN,NaN,NaN,24.0,NaN,NaN,NaN,24.0,NaN,NaN,NaN,24.0,NaN,NaN,NaN,24.0,NaN,NaN,NaN,24.0,NaN,NaN,NaN,24.0,NaN,NaN,NaN,24.0,NaN,NaN,NaN,24.0,NaN,NaN,NaN,24.0,2.0,NaN,-0.19999999999999996,1.0,NaN,NaN,NaN,24.0,NaN,NaN,NaN,24.0,3.8,NaN,0.0,4.0,NaN,NaN,NaN,24.0,NaN,NaN,NaN,24.0,33.0,NaN,0.0,4.0,11.0,NaN,0.0,4.0,NaN,NaN,NaN,24.0,NaN,NaN,NaN,24.0,NaN,NaN,NaN,24.0,NaN,NaN,NaN,24.0,81.0,0.0,1.0,0.0,0.0,6.0,0.0,1.0,1.0,0.0,0.0,0.0,0.0,0.0,0.0,0.0,1.0,1.0,1.0,1.0,1.0,0.0,3.0,5.0,4.0,1.0,NaN,NaN,NaN
96.0,NaN,0.0,0.0,96.0,NaN,0.0,0.0,37.11,NaN,-0.11166666666666696,1.0,95.0,NaN,-4.0,0.0,72.0,NaN,4.0,0.0,55.0,NaN,2.0,0.0,29.0,NaN,0.0,0.0,NaN,NaN,NaN,24.0,NaN,NaN,NaN,2.0,NaN,NaN,NaN,24.0,0.7,NaN,0.0,2.0,7.165,NaN,-0.005000000000000071,2.0,43.0,NaN,1.2,2.0,NaN,NaN,NaN,24.0,NaN,NaN,NaN,24.0,NaN,NaN,NaN,24.0,NaN,NaN,NaN,24.0,NaN,NaN,NaN,24.0,NaN,NaN,NaN,24.0,NaN,NaN,NaN,24.0,NaN,NaN,NaN,24.0,NaN,NaN,NaN,24.0,2.0,NaN,-0.15999999999999998,2.0,NaN,NaN,NaN,24.0,NaN,NaN,NaN,24.0,3.8,NaN,0.0,5.0,NaN,NaN,NaN,24.0,NaN,NaN,NaN,24.0,33.0,NaN,0.0,5.0,11.0,NaN,0.0,5.0,NaN,NaN,NaN,24.0,NaN,NaN,NaN,24.0,NaN,NaN,NaN,24.0,NaN,NaN,NaN,24.0,81.0,0.0,1.0,0.0,0.0,7.0,0.0,1.0,1.0,0.0,0.0,0.0,0.0,0.0,0.0,0.0,1.0,1.0,1.0,1.0,1.0,0.0,3.0,5.0,4.0,1.0,NaN,NaN,NaN
96.0,NaN,0.0,0.0,97.0,NaN,1.0,0.0,37.11,NaN,-0.09571428571428596,2.0,98.0,NaN,3.0,0.0,74.0,NaN,2.0,0.0,57.0,NaN,2.0,0.0,30.0,NaN,1.0,0.0,NaN,NaN,NaN,24.0,NaN,NaN,NaN,3.0,15.0,NaN,0.0,0.0,0.7,NaN,0.0,3.0,7.165,NaN,-0.004166666666666726,3.0,43.0,NaN,1.0,3.0,NaN,NaN,NaN,24.0,96.0,NaN,0.0,0.0,24.0,NaN,0.0,0.0,143.0,NaN,0.0,0.0,7.0,NaN,0.0,0.0,113.0,NaN,0.0,0.0,0.8,NaN,0.0,0.0,NaN,NaN,NaN,24.0,124.0,NaN,0.0,0.0,2.0,NaN,-0.1333333333333333,3.0,2.0,NaN,0.0,0.0,3.1,NaN,0.0,0.0,3.6,NaN,-0.03333333333333329,0.0,0.3,NaN,0.0,0.0,NaN,NaN,NaN,24.0,37.2,NaN,0.7000000000000005,0.0,12.2,NaN,0.19999999999999987,0.0,53.5,NaN,0.0,0.0,17.9,NaN,0.0,0.0,NaN,NaN,NaN,24.0,82.0,NaN,0.0,0.0,81.0,0.0,1.0,0.0,0.0,8.0,0.0,1.0,1.0,1.0,0.0,2.0,0.0,0.0,0.0,0.0,1.0,1.0,1.0,1.0,1.0,0.0,3.0,5.0,4.0,1.0,NaN,NaN,NaN
91.0,NaN,-5.0,0.0,96.0,NaN,-1.0,0.0,37.11,NaN,-0.08375000000000021,3.0,102.0,NaN,4.0,0.0,77.0,NaN,3.0,0.0,59.0,NaN,2.0,0.0,28.5,NaN,-1.5,0.0,NaN,NaN,NaN,24.0,NaN,NaN,NaN,4.0,15.0,NaN,0.0,1.0,0.7,NaN,0.0,0.0,7.165,NaN,-0.003571428571428622,4.0,43.0,NaN,0.8571428571428571,4.0,NaN,NaN,NaN,24.0,96.0,NaN,0.0,1.0,24.0,NaN,0.0,1.0,143.0,NaN,0.0,1.0,7.0,NaN,0.0,1.0,113.0,NaN,0.0,1.0,0.8,NaN,0.0,1.0,NaN,NaN,NaN,24.0,124.0,NaN,0.0,1.0,2.0,NaN,-0.11428571428571425,4.0,2.0,NaN,0.0,1.0,3.1,NaN,0.0,1.0,3.6,NaN,-0.028571428571428532,1.0,0.3,NaN,0.0,1.0,NaN,NaN,NaN,24.0,37.2,NaN,0.6000000000000004,1.0,12.2,NaN,0.17142857142857132,1.0,53.5,NaN,0.0,1.0,17.9,NaN,0.0,1.0,NaN,NaN,NaN,24.0,82.0,NaN,0.0,1.0,81.0,0.0,1.0,0.0,0.0,9.0,0.0,1.0,1.0,1.0,3.0,0.0,0.0,0.0,0.0,0.0,0.0,1.0,1.0,1.0,1.0,0.0,3.0,5.0,4.0,1.0,NaN,NaN,NaN
