84.3333333333333,NaN,NaN,24.0,100.0,NaN,NaN,24.0,35.22,NaN,NaN,24.0,106.166666666667,NaN,NaN,24.0,73.6666666666667,NaN,NaN,24.0,55.8333333333333,NaN,NaN,24.0,14.6,NaN,NaN,24.0,NaN,NaN,NaN,24.0,3.0,NaN,NaN,24.0,25.0,NaN,NaN,24.0,NaN,NaN,NaN,24.0,7.42,NaN,NaN,24.0,43.0,NaN,NaN,24.0,NaN,NaN,NaN,24.0,NaN,NaN,NaN,24.0,11.0,NaN,NaN,24.0,NaN,NaN,NaN,24.0,NaN,NaN,NaN,24.0,110.0,NaN,NaN,24.0,0.7,NaN,NaN,24.0,NaN,NaN,NaN,24.0,114.0,NaN,NaN,24.0,NaN,NaN,NaN,24.0,NaN,NaN,NaN,24.0,NaN,NaN,NaN,24.0,3.95,NaN,NaN,24.0,NaN,NaN,NaN,24.0,NaN,NaN,NaN,24.0,31.0,NaN,NaN,24.0,10.5,NaN,NaN,24.0,35.2,NaN,NaN,24.0,8.4,NaN,NaN,24.0,NaN,NaN,NaN,24.0,113.0,NaN,NaN,24.0,77.0,1.0,-1.0,-1.0,-43.97555555555556,1.0,1.0,0.0,0.0,0.0,0.0,1.0,0.0,0.0,0.0,0.0,1.0,0.0,1.0,1.0,0.0,0.0,3.0,5.0,4.0,0.0,NaN,NaN,NaN
82.0,NaN,-2.3333333333333,0.0,100.0,NaN,0.0,0.0,35.39,NaN,0.1700000000000017,0.0,108.333333333333,NaN,2.1666666666660035,0.0,73.0,NaN,-0.6666666666666998,0.0,55.6666666666667,NaN,-0.16666666666660035,0.0,14.0,NaN,-0.5999999999999996,0.0,NaN,NaN,NaN,24.0,3.0,NaN,0.0,1.0,25.0,NaN,0.0,1.0,0.8,NaN,0.0,0.0,7.42,NaN,0.0,1.0,43.0,NaN,0.0,1.0,NaN,NaN,NaN,24.0,NaN,NaN,NaN,24.0,11.0,NaN,0.0,1.0,NaN,NaN,NaN,24.0,NaN,NaN,NaN,24.0,110.0,NaN,0.0,1.0,0.7,NaN,0.0,1.0,NaN,NaN,NaN,24.0,114.0,NaN,0.0,1.0,NaN,NaN,NaN,24.0,NaN,NaN,NaN,24.0,NaN,NaN,NaN,24.0,3.95,NaN,0.0,1.0,NaN,NaN,NaN,24.0,NaN,NaN,NaN,24.0,31.0,NaN,0.0,1.0,10.5,NaN,0.0,1.0,35.2,NaN,0.0,1.0,8.4,NaN,0.0,1.0,NaN,NaN,NaN,24.0,113.0,NaN,0.0,1.0,77.0,1.0,-1.0,-1.0,-43.97555555555556,2.0,1.0,0.0,0.0,0.0,3.0,0.0,0.0,0.0,0.0,0.0,0.0,1.0,1.0,1.0,0.0,0.0,3.0,5.0,4.0,0.0,NaN,NaN,NaN
84.0,NaN,2.0,0.0,99.0,NaN,-1.0,0.0,36.0,NaN,0.6099999999999994,0.0,102.0,NaN,-6.333333333333002,0.0,68.0,NaN,-5.0,0.0,53.0,NaN,-2.6666666666667,0.0,14.0,NaN,0.0,0.0,NaN,NaN,NaN,24.0,3.0,NaN,0.0,2.0,25.0,NaN,0.0,2.0,0.8,NaN,0.0,1.0,7.42,NaN,0.0,2.0,43.0,NaN,0.0,2.0,NaN,NaN,NaN,24.0,NaN,NaN,NaN,24.0,11.0,NaN,0.0,2.0,NaN,NaN,NaN,24.0,NaN,NaN,NaN,24.0,110.0,NaN,0.0,2.0,0.7,NaN,0.0,2.0,NaN,NaN,NaN,24.0,114.0,NaN,0.0,2.0,NaN,NaN,NaN,24.0,NaN,NaN,NaN,24.0,NaN,NaN,NaN,24.0,3.95,NaN,0.0,2.0,NaN,NaN,NaN,24.0,NaN,NaN,NaN,24.0,31.0,NaN,0.0,2.0,10.5,NaN,0.0,2.0,35.2,NaN,0.0,2.0,8.4,NaN,0.0,2.0,NaN,NaN,NaN,24.0,113.0,NaN,0.0,2.0,77.0,1.0,-1.0,-1.0,-43.97555555555556,3.0,0.0,0.0,0.0,0.0,0.0,0.0,0.0,0.0,0.0,0.0,1.0,1.0,1.0,1.0,0.0,0.0,3.0,5.0,4.0,0.0,NaN,NaN,NaN
77.0,NaN,-7.0,0.0,100.0,NaN,1.0,0.0,36.0,NaN,0.3049999999999997,1.0,102.0,NaN,0.0,0.0,68.0,NaN,0.0,0.0,53.0,NaN,0.0,0.0,12.0,NaN,-2.0,0.0,NaN,NaN,NaN,24.0,0.0,NaN,-1.0,0.0,25.0,NaN,0.0,3.0,0.6,NaN,-0.10000000000000003,0.0,7.31,NaN,-0.03666666666666677,0.0,57.0,NaN,4.666666666666667,0.0,96.0,NaN,0.0,0.0,NaN,NaN,NaN,24.0,11.0,NaN,0.0,3.0,NaN,NaN,NaN,24.0,NaN,NaN,NaN,24.0,110.0,NaN,0.0,3.0,0.7,NaN,0.0,3.0,NaN,NaN,NaN,24.0,132.0,NaN,6.0,0.0,NaN,NaN,NaN,24.0,NaN,NaN,NaN,24.0,NaN,NaN,NaN,24.0,3.95,NaN,0.0,3.0,NaN,NaN,NaN,24.0,NaN,NaN,NaN,24.0,31.0,NaN,0.0,3.0,10.5,NaN,0.0,3.0,35.2,NaN,0.0,3.0,8.4,NaN,0.0,3.0,NaN,NaN,NaN,24.0,113.0,NaN,0.0,3.0,77.0,1.0,-1.0,-1.0,-43.97555555555556,4.0,0.0,0.0,0.0,0.0,2.0,0.0,0.0,0.0,0.0,0.0,0.0,1.0,1.0,1.0,0.0,0.0,3.0,5.0,4.0,0.0,NaN,NaN,NaN
107.0,NaN,30.0,0.0,98.0,NaN,-2.0,0.0,36.0,NaN,0.20333333333333314,2.0,128.0,NaN,26.0,0.0,92.0,NaN,24.0,0.0,78.0,NaN,25.0,0.0,22.0,NaN,10.0,0.0,NaN,NaN,NaN,24.0,0.0,NaN,0.0,0.0,25.0,NaN,0.0,4.0,0.4,NaN,-0.19999999999999996,0.0,7.31,NaN,0.0,0.0,52.0,NaN,-5.0,0.0,97.0,NaN,1.0,0.0,NaN,NaN,NaN,24.0,11.0,NaN,0.0,4.0,NaN,NaN,NaN,24.0,NaN,NaN,NaN,24.0,110.0,NaN,0.0,4.0,0.7,NaN,0.0,4.0,NaN,NaN,NaN,24.0,149.0,NaN,17.0,0.0,NaN,NaN,NaN,24.0,NaN,NaN,NaN,24.0,NaN,NaN,NaN,24.0,3.95,NaN,0.0,4.0,NaN,NaN,NaN,24.0,NaN,NaN,NaN,24.0,31.0,NaN,0.0,4.0,10.5,NaN,0.0,4.0,35.2,NaN,0.0,4.0,8.4,NaN,0.0,4.0,NaN,NaN,NaN,24.0,113.0,NaN,0.0,4.0,77.0,1.0,-1.0,-1.0,-43.97555555555556,5.0,0.0,1.0,1.0,0.0,1.0,0.0,0.0,0.0,0.0,0.0,0.0,1.0,1.0,1.0,0.0,0.0,3.0,5.0,4.0,0.0,NaN,NaN,NaN
112.0,NaN,5.0,0.0,98.0,NaN,0.0,0.0,36.0,NaN,0.15249999999999986,3.0,135.0,NaN,7.0,0.0,88.0,NaN,-4.0,0.0,69.0,NaN,-9.0,0.0,18.0,NaN,-4.0,0.0,NaN,NaN,NaN,24.0,0.0,NaN,0.0,1.0,25.0,NaN,0.0,5.0,0.7,NaN,0.29999999999999993,0.0,7.31,NaN,0.0,1.0,52.0,NaN,-2.5,1.0,97.0,NaN,0.5,1.0,NaN,NaN,NaN,24.0,11.0,NaN,0.0,5.0,NaN,NaN,NaN,24.0,NaN,NaN,NaN,24.0,110.0,NaN,0.0,5.0,0.7,NaN,0.0,5.0,NaN,NaN,NaN,24.0,149.0,NaN,8.5,1.0,NaN,NaN,NaN,24.0,NaN,NaN,NaN,24.0,NaN,NaN,NaN,24.0,3.95,NaN,0.0,5.0,NaN,NaN,NaN,24.0,NaN,NaN,NaN,24.0,31.0,NaN,0.0,5.0,10.5,NaN,0.0,5.0,35.2,NaN,0.0,5.0,8.4,NaN,0.0,5.0,NaN,NaN,NaN,24.0,113.0,NaN,0.0,5.0,77.0,1.0,-1.0,-1.0,-43.97555555555556,6.0,0.0,0.0,1.0,0.0,3.0,0.0,0.0,0.0,0.0,0.0,0.0,1.0,1.0,1.0,0.0,0.0,3.0,5.0,4.0,0.0,NaN,NaN,NaN
110.0,NaN,-2.0,0.0,95.0,NaN,-3.0,0.0,35.56,NaN,-0.10999999999999943,0.0,131.0,NaN,-4.0,0.0,84.0,NaN,-4.0,0.0,65.0,NaN,-4.0,0.0,19.0,NaN,1.0,0.0,NaN,NaN,NaN,24.0,0.0,NaN,0.0,0.0,25.0,NaN,0.0,6.0,0.7,NaN,0.14999999999999997,1.0,7.32,NaN,0.0050000000000003375,0.0,55.0,NaN,1.5,0.0,95.0,NaN,-1.0,0.0,NaN,NaN,NaN,24.0,11.0,NaN,0.0,6.0,NaN,NaN,NaN,24.0,NaN,NaN,NaN,24.0,107.0,NaN,-0.5,0.0,0.7,NaN,0.0,6.0,NaN,NaN,NaN,24.0,149.0,NaN,0.0,0.0,NaN,NaN,NaN,24.0,NaN,NaN,NaN,24.0,NaN,NaN,NaN,24.0,4.6,NaN,0.10833333333333324,0.0,NaN,NaN,NaN,24.0,NaN,NaN,NaN,24.0,32.2,NaN,0.20000000000000048,0.0,10.5,NaN,0.0,6.0,35.2,NaN,0.0,6.0,8.4,NaN,0.0,6.0,NaN,NaN,NaN,24.0,113.0,NaN,0.0,6.0,77.0,1.0,-1.0,-1.0,-43.97555555555556,7.0,1.0,0.0,1.0,0.0,0.0,0.0,0.0,0.0,0.0,0.0,1.0,1.0,1.0,1.0,0.0,0.0,3.0,5.0,4.0,0.0,NaN,NaN,NaN
112.0,NaN,2.0,0.0,93.0,NaN,-2.0,0.0,35.56,NaN,-0.08799999999999955,1.0,123.0,NaN,-8.0,0.0,78.0,NaN,-6.0,0.0,60.0,NaN,-5.0,0.0,15.0,NaN,-4.0,0.0,NaN,NaN,NaN,24.0,0.0,NaN,0.0,1.0,25.0,NaN,0.0,7.0,0.7,NaN,0.09999999999999998,2.0,7.32,NaN,0.003333333333333558,1.0,55.0,NaN,1.0,1.0,95.0,NaN,-0.6666666666666666,1.0,NaN,NaN,NaN,24.0,11.0,NaN,0.0,7.0,NaN,NaN,NaN,24.0,NaN,NaN,NaN,24.0,107.0,NaN,-0.42857142857142855,1.0,0.7,NaN,0.0,7.0,NaN,NaN,NaN,24.0,149.0,NaN,0.0,1.0,NaN,NaN,NaN,24.0,NaN,NaN,NaN,24.0,NaN,NaN,NaN,24.0,4.6,NaN,0.09285714285714278,1.0,NaN,NaN,NaN,24.0,NaN,NaN,NaN,24.0,32.2,NaN,0.17142857142857185,1.0,10.5,NaN,0.0,7.0,35.2,NaN,0.0,7.0,8.4,NaN,0.0,7.0,NaN,NaN,NaN,24.0,113.0,NaN,0.0,7.0,77.0,1.0,-1.0,-1.0,-43.97555555555556,8.0,1.0,0.0,1.0,0.0,0.0,0.0,0.0,0.0,0.0,0.0,1.0,1.0,1.0,1.0,0.0,0.0,3.0,5.0,4.0,0.0,NaN,NaN,NaN
122.0,NaN,10.0,0.0,97.0,NaN,4.0,0.0,35.56,NaN,-0.07333333333333296,2.0,118.0,NaN,-5.0,0.0,76.0,NaN,-2.0,0.0,59.0,NaN,-1.0,0.0,18.0,NaN,3.0,0.0,NaN,NaN,NaN,24.0,0.0,NaN,0.0,2.0,25.0,NaN,0.0,8.0,0.7,NaN,0.07499999999999998,3.0,7.32,NaN,0.0025000000000001688,2.0,55.0,NaN,0.75,2.0,95.0,NaN,-0.5,2.0,NaN,NaN,NaN,24.0,11.0,NaN,0.0,8.0,NaN,NaN,NaN,24.0,NaN,NaN,NaN,24.0,107.0,NaN,-0.375,2.0,0.7,NaN,0.0,8.0,NaN,NaN,NaN,24.0,149.0,NaN,0.0,2.0,NaN,NaN,NaN,24.0,NaN,NaN,NaN,24.0,NaN,NaN,NaN,24.0,4.6,NaN,0.08124999999999993,2.0,NaN,NaN,NaN,24.0,NaN,NaN,NaN,24.0,32.2,NaN,0.15000000000000036,2.0,10.5,NaN,0.0,8.0,35.2,NaN,0.0,8.0,8.4,NaN,0.0,8.0,NaN,NaN,NaN,24.0,113.0,NaN,0.0,8.0,77.0,1.0,-1.0,-1.0,-43.97555555555556,9.0,1.0,0.0,1.0,0.0,0.0,0.0,0.0,0.0,0.0,0.0,1.0,1.0,1.0,1.0,0.0,0.0,3.0,5.0,4.0,0.0,NaN,NaN,NaN
