NaN,NaN,NaN,24.0,NaN,NaN,NaN,24.0,NaN,NaN,NaN,24.0,NaN,NaN,NaN,24.0,NaN,NaN,NaN,24.0,NaN,NaN,NaN,24.0,NaN,NaN,NaN,24.0,NaN,NaN,NaN,24.0,NaN,NaN,NaN,24.0,NaN,NaN,NaN,24.0,NaN,NaN,NaN,24.0,NaN,NaN,NaN,24.0,NaN,NaN,NaN,24.0,NaN,NaN,NaN,24.0,NaN,NaN,NaN,24.0,NaN,NaN,NaN,24.0,NaN,NaN,NaN,24.0,NaN,NaN,NaN,24.0,NaN,NaN,NaN,24.0,NaN,NaN,NaN,24.0,NaN,NaN,NaN,24.0,NaN,NaN,NaN,24.0,NaN,NaN,NaN,24.0,NaN,NaN,NaN,24.0,NaN,NaN,NaN,24.0,NaN,NaN,NaN,24.0,NaN,NaN,NaN,24.0,NaN,NaN,NaN,24.0,NaN,NaN,NaN,24.0,NaN,NaN,NaN,24.0,NaN,NaN,NaN,24.0,NaN,NaN,NaN,24.0,NaN,NaN,NaN,24.0,NaN,NaN,NaN,24.0,63.0,0.0,-1.0,-1.0,-84.16833333333334,1.0,0.0,0.0,0.0,0.0,0.0,0.0,0.0,0.0,0.0,0.0,1.0,0.0,1.0,1.0,0.0,0.0,2.0,9.0,4.0,12.0,NaN,NaN,NaN
NaN,NaN,NaN,24.0,NaN,NaN,NaN,24.0,NaN,NaN,NaN,24.0,NaN,NaN,NaN,24.0,NaN,NaN,NaN,24.0,NaN,NaN,NaN,24.0,NaN,NaN,NaN,24.0,NaN,NaN,NaN,24.0,-3.0,NaN,0.0,0.0,NaN,NaN,NaN,24.0,NaN,NaN,NaN,24.0,7.3,NaN,0.0,0.0,45.0,NaN,0.0,0.0,NaN,NaN,NaN,24.0,NaN,NaN,NaN,24.0,NaN,NaN,NaN,24.0,NaN,NaN,NaN,24.0,NaN,NaN,NaN,24.0,NaN,NaN,NaN,24.0,NaN,NaN,NaN,24.0,NaN,NaN,NaN,24.0,144.0,NaN,0.0,0.0,1.1,NaN,0.0,0.0,NaN,NaN,NaN,24.0,NaN,NaN,NaN,24.0,4.0,NaN,0.0,0.0,NaN,NaN,NaN,24.0,NaN,NaN,NaN,24.0,29.0,NaN,0.0,0.0,9.6,NaN,0.0,0.0,NaN,NaN,NaN,24.0,NaN,NaN,NaN,24.0,NaN,NaN,NaN,24.0,NaN,NaN,NaN,24.0,63.0,0.0,-1.0,-1.0,-84.16833333333334,2.0,0.0,0.0,0.0,0.0,0.0,0.0,0.0,0.0,0.0,0.0,1.0,0.0,1.0,1.0,0.0,0.0,2.0,9.0,4.0,12.0,NaN,NaN,NaN
102.25,NaN,0.0,0.0,98.75,NaN,0.0,0.0,35.56,NaN,0.0,0.0,97.0,NaN,0.0,0.0,76.5,NaN,0.0,0.0,65.0,NaN,0.0,0.0,17.8,NaN,0.0,0.0,NaN,NaN,NaN,24.0,-2.0,NaN,1.0,0.0,21.0,NaN,0.0,0.0,1.0,NaN,0.0,0.0,7.36,NaN,0.0600000000000005,0.0,39.0,NaN,-6.0,0.0,NaN,NaN,NaN,24.0,NaN,NaN,NaN,24.0,20.0,NaN,0.0,0.0,NaN,NaN,NaN,24.0,7.5,NaN,0.0,0.0,111.0,NaN,0.0,0.0,0.7,NaN,0.0,0.0,NaN,NaN,NaN,24.0,121.0,NaN,-23.0,0.0,1.1,NaN,0.0,1.0,2.0,NaN,0.0,0.0,3.5,NaN,0.0,0.0,3.9,NaN,-0.10000000000000009,0.0,NaN,NaN,NaN,24.0,NaN,NaN,NaN,24.0,25.0,NaN,-4.0,0.0,8.6,NaN,-1.0,0.0,29.3,NaN,0.0,0.0,6.4,NaN,0.0,0.0,NaN,NaN,NaN,24.0,208.0,NaN,0.0,0.0,63.0,0.0,-1.0,-1.0,-84.16833333333334,3.0,1.0,0.0,1.0,0.0,3.0,0.0,0.0,0.0,0.0,0.0,0.0,0.0,1.0,1.0,0.0,0.0,2.0,9.0,4.0,12.0,NaN,NaN,NaN
89.0,NaN,-13.25,0.0,100.0,NaN,1.25,0.0,35.56,NaN,0.0,0.0,102.0,NaN,5.0,0.0,79.0,NaN,2.5,0.0,64.0,NaN,-1.0,0.0,20.0,NaN,2.1999999999999993,0.0,NaN,NaN,NaN,24.0,-2.0,NaN,0.5,1.0,21.0,NaN,0.0,1.0,1.0,NaN,0.0,1.0,7.36,NaN,0.03000000000000025,1.0,39.0,NaN,-3.0,1.0,NaN,NaN,NaN,24.0,NaN,NaN,NaN,24.0,20.0,NaN,0.0,1.0,NaN,NaN,NaN,24.0,7.5,NaN,0.0,1.0,111.0,NaN,0.0,1.0,0.7,NaN,0.0,1.0,NaN,NaN,NaN,24.0,121.0,NaN,-11.5,1.0,1.1,NaN,0.0,2.0,2.0,NaN,0.0,1.0,3.5,NaN,0.0,1.0,3.9,NaN,-0.050000000000000044,1.0,NaN,NaN,NaN,24.0,NaN,NaN,NaN,24.0,25.0,NaN,-2.0,1.0,8.6,NaN,-0.5,1.0,29.3,NaN,0.0,1.0,6.4,NaN,0.0,1.0,NaN,NaN,NaN,24.0,208.0,NaN,0.0,1.0,63.0,0.0,-1.0,-1.0,-84.16833333333334,4.0,1.0,0.0,0.0,0.0,0.0,0.0,0.0,0.0,0.0,0.0,1.0,0.0,1.0,1.0,0.0,0.0,2.0,9.0,4.0,12.0,NaN,NaN,NaN
99.5,NaN,10.5,0.0,100.0,NaN,0.0,0.0,35.61,NaN,0.04999999999999716,0.0,103.5,NaN,1.5,0.0,80.0,NaN,1.0,0.0,65.5,NaN,1.5,0.0,19.0,NaN,-1.0,0.0,NaN,NaN,NaN,24.0,-2.0,NaN,0.3333333333333333,2.0,21.0,NaN,0.0,2.0,1.0,NaN,0.0,2.0,7.36,NaN,0.020000000000000167,2.0,39.0,NaN,-2.0,2.0,NaN,NaN,NaN,24.0,NaN,NaN,NaN,24.0,20.0,NaN,0.0,2.0,NaN,NaN,NaN,24.0,7.5,NaN,0.0,2.0,111.0,NaN,0.0,2.0,0.7,NaN,0.0,2.0,NaN,NaN,NaN,24.0,121.0,NaN,-7.666666666666667,2.0,1.1,NaN,0.0,3.0,2.0,NaN,0.0,2.0,3.5,NaN,0.0,2.0,3.9,NaN,-0.03333333333333336,2.0,NaN,NaN,NaN,24.0,NaN,NaN,NaN,24.0,25.0,NaN,-1.3333333333333333,2.0,8.6,NaN,-0.3333333333333333,2.0,29.3,NaN,0.0,2.0,6.4,NaN,0.0,2.0,NaN,NaN,NaN,24.0,208.0,NaN,0.0,2.0,63.0,0.0,-1.0,-1.0,-84.16833333333334,5.0,1.0,0.0,1.0,0.0,0.0,0.0,0.0,0.0,0.0,0.0,1.0,0.0,1.0,1.0,0.0,0.0,2.0,9.0,4.0,12.0,NaN,NaN,NaN
106.0,NaN,6.5,0.0,99.6666666666667,NaN,-0.3333333333333002,0.0,36.33,NaN,0.7199999999999989,0.0,110.0,NaN,6.5,0.0,86.0,NaN,6.0,0.0,71.0,NaN,5.5,0.0,19.5,NaN,0.5,0.0,NaN,NaN,NaN,24.0,0.0,NaN,0.6666666666666666,0.0,21.0,NaN,0.0,3.0,0.5,NaN,-0.16666666666666666,0.0,7.41,NaN,0.016666666666666607,0.0,37.0,NaN,-0.6666666666666666,0.0,99.0,NaN,0.0,0.0,NaN,NaN,NaN,24.0,20.0,NaN,0.0,3.0,NaN,NaN,NaN,24.0,7.5,NaN,0.0,3.0,111.0,NaN,0.0,3.0,0.7,NaN,0.0,3.0,NaN,NaN,NaN,24.0,121.0,NaN,-5.75,3.0,1.1,NaN,0.0,4.0,2.0,NaN,0.0,3.0,3.5,NaN,0.0,3.0,3.9,NaN,-0.025000000000000022,3.0,NaN,NaN,NaN,24.0,NaN,NaN,NaN,24.0,25.0,NaN,-1.0,3.0,8.6,NaN,-0.25,3.0,29.3,NaN,0.0,3.0,6.4,NaN,0.0,3.0,NaN,NaN,NaN,24.0,208.0,NaN,0.0,3.0,63.0,0.0,-1.0,-1.0,-84.16833333333334,6.0,0.0,0.0,1.0,0.0,2.0,0.0,0.0,0.0,0.0,0.0,0.0,1.0,1.0,1.0,0.0,0.0,2.0,9.0,4.0,12.0,NaN,NaN,NaN
112.0,NaN,6.0,0.0,100.0,NaN,0.3333333333333002,0.0,36.33,NaN,0.35999999999999943,1.0,97.0,NaN,-13.0,0.0,74.5,NaN,-11.5,0.0,66.0,NaN,-5.0,0.0,18.0,NaN,-1.5,0.0,NaN,NaN,NaN,24.0,0.0,NaN,0.5,1.0,21.0,NaN,0.0,4.0,0.4,NaN,-0.09999999999999998,0.0,7.41,NaN,0.012499999999999956,1.0,37.0,NaN,-0.5,1.0,99.0,NaN,0.0,1.0,NaN,NaN,NaN,24.0,20.0,NaN,0.0,4.0,NaN,NaN,NaN,24.0,7.5,NaN,0.0,4.0,111.0,NaN,0.0,4.0,0.7,NaN,0.0,4.0,NaN,NaN,NaN,24.0,121.0,NaN,-4.6,4.0,1.1,NaN,0.0,5.0,2.0,NaN,0.0,4.0,3.5,NaN,0.0,4.0,3.9,NaN,-0.020000000000000018,4.0,NaN,NaN,NaN,24.0,NaN,NaN,NaN,24.0,25.0,NaN,-0.8,4.0,8.6,NaN,-0.2,4.0,29.3,NaN,0.0,4.0,6.4,NaN,0.0,4.0,NaN,NaN,NaN,24.0,208.0,NaN,0.0,4.0,63.0,0.0,-1.0,-1.0,-84.16833333333334,7.0,0.0,0.0,1.0,0.0,1.0,0.0,0.0,0.0,0.0,0.0,0.0,1.0,1.0,1.0,0.0,0.0,2.0,9.0,4.0,12.0,NaN,NaN,NaN
109.0,NaN,-3.0,0.0,100.0,NaN,0.0,0.0,36.33,NaN,0.23999999999999963,2.0,96.0,NaN,-1.0,0.0,77.0,NaN,2.5,0.0,67.0,NaN,1.0,0.0,14.0,NaN,-4.0,0.0,NaN,NaN,NaN,24.0,0.0,NaN,0.4,2.0,21.0,NaN,0.0,5.0,0.4,NaN,-0.04999999999999999,1.0,7.41,NaN,0.009999999999999964,2.0,37.0,NaN,-0.4,2.0,99.0,NaN,0.0,2.0,NaN,NaN,NaN,24.0,20.0,NaN,0.0,5.0,NaN,NaN,NaN,24.0,7.5,NaN,0.0,5.0,111.0,NaN,0.0,5.0,0.7,NaN,0.0,5.0,NaN,NaN,NaN,24.0,121.0,NaN,-3.8333333333333335,5.0,1.1,NaN,0.0,6.0,2.0,NaN,0.0,5.0,3.5,NaN,0.0,5.0,3.9,NaN,-0.01666666666666668,5.0,NaN,NaN,NaN,24.0,NaN,NaN,NaN,24.0,25.0,NaN,-0.6666666666666666,5.0,8.6,NaN,-0.16666666666666666,5.0,29.3,NaN,0.0,5.0,6.4,NaN,0.0,5.0,NaN,NaN,NaN,24.0,208.0,NaN,0.0,5.0,63.0,0.0,-1.0,-1.0,-84.16833333333334,8.0,0.0,0.0,1.0,0.0,0.0,0.0,0.0,0.0,0.0,0.0,1.0,1.0,1.0,1.0,0.0,0.0,2.0,9.0,4.0,12.0,NaN,NaN,NaN
110.0,NaN,1.0,0.0,99.0,NaN,-1.0,0.0,36.61,NaN,0.09333333333333371,0.0,95.0,NaN,-1.0,0.0,77.0,NaN,0.0,0.0,68.0,NaN,1.0,0.0,10.0,NaN,-4.0,0.0,NaN,NaN,NaN,24.0,0.0,NaN,0.0,0.0,21.0,NaN,0.0,6.0,0.4,NaN,-0.033333333333333326,2.0,7.42,NaN,0.0033333333333332624,0.0,38.0,NaN,0.3333333333333333,0.0,99.0,NaN,0.0,3.0,NaN,NaN,NaN,24.0,17.0,NaN,-0.5,0.0,NaN,NaN,NaN,24.0,7.5,NaN,0.0,6.0,111.0,NaN,0.0,6.0,0.6,NaN,-0.016666666666666663,0.0,NaN,NaN,NaN,24.0,121.0,NaN,-3.2857142857142856,6.0,1.1,NaN,0.0,7.0,2.1,NaN,0.01666666666666668,0.0,3.5,NaN,0.0,6.0,4.1,NaN,0.03333333333333329,0.0,NaN,NaN,NaN,24.0,NaN,NaN,NaN,24.0,29.1,NaN,0.6833333333333336,0.0,8.6,NaN,-0.14285714285714285,6.0,29.3,NaN,0.0,6.0,6.4,NaN,0.0,6.0,NaN,NaN,NaN,24.0,208.0,NaN,0.0,6.0,63.0,0.0,-1.0,-1.0,-84.16833333333334,9.0,0.0,0.0,1.0,0.0,0.0,0.0,0.0,0.0,0.0,0.0,1.0,1.0,1.0,1.0,0.0,0.0,2.0,9.0,4.0,12.0,NaN,NaN,NaN
114.333333333333,NaN,4.333333333333002,0.0,100.0,NaN,1.0,0.0,36.61,NaN,0.07000000000000028,1.0,81.6,NaN,-13.400000000000006,0.0,59.6,NaN,-17.4,0.0,49.8,NaN,-18.200000000000003,0.0,13.0,NaN,3.0,0.0,NaN,NaN,NaN,24.0,0.0,NaN,0.0,1.0,21.0,NaN,0.0,7.0,0.4,NaN,-0.024999999999999994,3.0,7.42,NaN,0.0024999999999999467,1.0,38.0,NaN,0.25,1.0,99.0,NaN,0.0,4.0,NaN,NaN,NaN,24.0,17.0,NaN,-0.42857142857142855,1.0,NaN,NaN,NaN,24.0,7.5,NaN,0.0,7.0,111.0,NaN,0.0,7.0,0.6,NaN,-0.014285714285714282,1.0,NaN,NaN,NaN,24.0,121.0,NaN,-2.875,7.0,1.1,NaN,0.0,8.0,2.1,NaN,0.0142857142857143,1.0,3.5,NaN,0.0,7.0,4.1,NaN,0.028571428571428532,1.0,NaN,NaN,NaN,24.0,NaN,NaN,NaN,24.0,29.1,NaN,0.585714285714286,1.0,8.6,NaN,-0.125,7.0,29.3,NaN,0.0,7.0,6.4,NaN,0.0,7.0,NaN,NaN,NaN,24.0,208.0,NaN,0.0,7.0,63.0,0.0,-1.0,-1.0,-84.16833333333334,10.0,0.0,0.0,1.0,0.0,0.0,0.0,0.0,1.0,0.0,0.0,1.0,1.0,1.0,1.0,0.0,0.0,2.0,9.0,4.0,12.0,NaN,NaN,NaN
111.0,NaN,-3.3333333333330017,0.0,100.0,NaN,0.0,0.0,36.61,NaN,0.05600000000000023,2.0,103.5,NaN,21.900000000000006,0.0,76.5,NaN,16.9,0.0,60.5,NaN,10.700000000000003,0.0,12.0,NaN,-1.0,0.0,NaN,NaN,NaN,24.0,0.0,NaN,0.0,2.0,21.0,NaN,0.0,8.0,0.4,NaN,-0.019999999999999997,4.0,7.42,NaN,0.0019999999999999575,2.0,38.0,NaN,0.2,2.0,99.0,NaN,0.0,5.0,NaN,NaN,NaN,24.0,17.0,NaN,-0.375,2.0,NaN,NaN,NaN,24.0,7.5,NaN,0.0,8.0,111.0,NaN,0.0,8.0,0.6,NaN,-0.012499999999999997,2.0,NaN,NaN,NaN,24.0,121.0,NaN,-2.5555555555555554,8.0,1.1,NaN,0.0,9.0,2.1,NaN,0.012500000000000011,2.0,3.5,NaN,0.0,8.0,4.1,NaN,0.024999999999999967,2.0,NaN,NaN,NaN,24.0,NaN,NaN,NaN,24.0,29.1,NaN,0.5125000000000002,2.0,8.6,NaN,-0.1111111111111111,8.0,29.3,NaN,0.0,8.0,6.4,NaN,0.0,8.0,NaN,NaN,NaN,24.0,208.0,NaN,0.0,8.0,63.0,0.0,-1.0,-1.0,-84.16833333333334,11.0,0.0,0.0,1.0,0.0,0.0,0.0,0.0,0.0,0.0,0.0,1.0,1.0,1.0,1.0,0.0,0.0,2.0,9.0,4.0,12.0,NaN,NaN,NaN
114.0,NaN,3.0,0.0,100.0,NaN,0.0,0.0,36.61,NaN,0.046666666666666856,3.0,105.0,NaN,1.5,0.0,81.0,NaN,4.5,0.0,63.0,NaN,2.5,0.0,12.0,NaN,0.0,0.0,NaN,NaN,NaN,24.0,0.0,NaN,0.0,3.0,21.0,NaN,0.0,9.0,0.4,NaN,-0.016666666666666663,5.0,7.42,NaN,0.0016666666666666312,3.0,38.0,NaN,0.16666666666666666,3.0,99.0,NaN,0.0,6.0,NaN,NaN,NaN,24.0,17.0,NaN,-0.3333333333333333,3.0,NaN,NaN,NaN,24.0,7.5,NaN,0.0,9.0,111.0,NaN,0.0,9.0,0.6,NaN,-0.011111111111111108,3.0,NaN,NaN,NaN,24.0,121.0,NaN,-2.3,9.0,1.1,NaN,0.0,10.0,2.1,NaN,0.01111111111111112,3.0,3.5,NaN,0.0,9.0,4.1,NaN,0.022222222222222192,3.0,NaN,NaN,NaN,24.0,NaN,NaN,NaN,24.0,29.1,NaN,0.4555555555555557,3.0,8.6,NaN,-0.1,9.0,29.3,NaN,0.0,9.0,6.4,NaN,0.0,9.0,NaN,NaN,NaN,24.0,208.0,NaN,0.0,9.0,63.0,0.0,-1.0,-1.0,-84.16833333333334,12.0,0.0,0.0,1.0,0.0,0.0,0.0,0.0,0.0,0.0,0.0,1.0,1.0,1.0,1.0,0.0,0.0,2.0,9.0,4.0,12.0,NaN,NaN,NaN
113.0,NaN,-1.0,0.0,100.0,NaN,0.0,0.0,36.61,NaN,0.04000000000000016,4.0,105.0,NaN,0.0,0.0,79.0,NaN,-2.0,0.0,62.0,NaN,-1.0,0.0,40.0,NaN,28.0,0.0,NaN,NaN,NaN,24.0,0.0,NaN,0.0,4.0,21.0,NaN,0.0,10.0,0.4,NaN,0.0,0.0,7.42,NaN,0.0014285714285713982,4.0,38.0,NaN,0.14285714285714285,4.0,99.0,NaN,0.0,7.0,NaN,NaN,NaN,24.0,17.0,NaN,-0.3,4.0,NaN,NaN,NaN,24.0,7.5,NaN,0.0,10.0,111.0,NaN,0.0,10.0,0.6,NaN,-0.009999999999999998,4.0,NaN,NaN,NaN,24.0,121.0,NaN,-2.090909090909091,10.0,1.1,NaN,0.0,11.0,2.1,NaN,0.010000000000000009,4.0,3.5,NaN,0.0,10.0,4.1,NaN,0.019999999999999973,4.0,NaN,NaN,NaN,24.0,NaN,NaN,NaN,24.0,29.1,NaN,0.41000000000000014,4.0,8.6,NaN,-0.09090909090909091,10.0,29.3,NaN,0.0,10.0,6.4,NaN,0.0,10.0,NaN,NaN,NaN,24.0,208.0,NaN,0.0,10.0,63.0,0.0,-1.0,-1.0,-84.16833333333334,13.0,0.0,1.0,1.0,0.0,1.0,0.0,0.0,0.0,0.0,0.0,0.0,1.0,1.0,1.0,0.0,0.0,2.0,9.0,4.0,12.0,NaN,NaN,NaN
