NaN,NaN,NaN,24.0,NaN,NaN,NaN,24.0,NaN,NaN,NaN,24.0,NaN,NaN,NaN,24.0,NaN,NaN,NaN,24.0,NaN,NaN,NaN,24.0,NaN,NaN,NaN,24.0,NaN,NaN,NaN,24.0,NaN,NaN,NaN,24.0,NaN,NaN,NaN,24.0,NaN,NaN,NaN,24.0,NaN,NaN,NaN,24.0,NaN,NaN,NaN,24.0,NaN,NaN,NaN,24.0,NaN,NaN,NaN,24.0,NaN,NaN,NaN,24.0,NaN,NaN,NaN,24.0,NaN,NaN,NaN,24.0,NaN,NaN,NaN,24.0,NaN,NaN,NaN,24.0,NaN,NaN,NaN,24.0,NaN,NaN,NaN,24.0,NaN,NaN,NaN,24.0,NaN,NaN,NaN,24.0,NaN,NaN,NaN,24.0,NaN,NaN,NaN,24.0,NaN,NaN,NaN,24.0,NaN,NaN,NaN,24.0,NaN,NaN,NaN,24.0,NaN,NaN,NaN,24.0,NaN,NaN,NaN,24.0,NaN,NaN,NaN,24.0,NaN,NaN,NaN,24.0,NaN,NaN,NaN,24.0,82.0,0.0,0.0,1.0,-6.166666666666667,1.0,0.0,0.0,0.0,0.0,0.0,0.0,0.0,0.0,0.0,0.0,1.0,0.0,0.0,NaN,0.0,0.0,NaN,NaN,NaN,NaN,NaN,NaN,NaN
80.0,NaN,0.0,0.0,98.0,NaN,0.0,0.0,37.56,NaN,0.0,0.0,141.0,NaN,0.0,0.0,122.0,NaN,0.0,0.0,116.0,NaN,0.0,0.0,21.0,NaN,0.0,0.0,NaN,NaN,NaN,24.0,NaN,NaN,NaN,24.0,16.0,NaN,0.0,0.0,NaN,NaN,NaN,24.0,NaN,NaN,NaN,24.0,NaN,NaN,NaN,24.0,NaN,NaN,NaN,24.0,NaN,NaN,NaN,24.0,13.0,NaN,0.0,0.0,NaN,NaN,NaN,24.0,NaN,NaN,NaN,24.0,112.0,NaN,0.0,0.0,0.5,NaN,0.0,0.0,NaN,NaN,NaN,24.0,96.0,NaN,0.0,0.0,NaN,NaN,NaN,24.0,NaN,NaN,NaN,24.0,NaN,NaN,NaN,24.0,2.8,NaN,0.0,0.0,NaN,NaN,NaN,24.0,NaN,NaN,NaN,24.0,28.5,NaN,0.0,0.0,9.1,NaN,0.0,0.0,27.7,NaN,0.0,0.0,5.9,NaN,0.0,0.0,NaN,NaN,NaN,24.0,166.0,NaN,0.0,0.0,82.0,0.0,0.0,1.0,-6.166666666666667,2.0,0.0,1.0,0.0,0.0,0.0,0.0,0.0,0.0,0.0,0.0,1.0,0.0,0.0,NaN,0.0,0.0,NaN,NaN,NaN,NaN,NaN,NaN,NaN
73.0,NaN,-7.0,0.0,96.0,NaN,-2.0,0.0,37.56,NaN,0.0,1.0,130.0,NaN,-11.0,0.0,87.0,NaN,-35.0,0.0,68.0,NaN,-48.0,0.0,18.0,NaN,-3.0,0.0,NaN,NaN,NaN,24.0,NaN,NaN,NaN,24.0,23.0,NaN,7.0,0.0,NaN,NaN,NaN,24.0,NaN,NaN,NaN,24.0,NaN,NaN,NaN,24.0,NaN,NaN,NaN,24.0,NaN,NaN,NaN,24.0,18.0,NaN,5.0,0.0,NaN,NaN,NaN,24.0,9.0,NaN,0.0,0.0,100.0,NaN,-12.0,0.0,0.8,NaN,0.30000000000000004,0.0,NaN,NaN,NaN,24.0,127.0,NaN,31.0,0.0,NaN,NaN,NaN,24.0,1.8,NaN,0.0,0.0,3.4,NaN,0.0,0.0,3.7,NaN,0.9000000000000004,0.0,NaN,NaN,NaN,24.0,NaN,NaN,NaN,24.0,28.5,NaN,0.0,1.0,9.1,NaN,0.0,1.0,27.7,NaN,0.0,1.0,5.9,NaN,0.0,1.0,NaN,NaN,NaN,24.0,166.0,NaN,0.0,1.0,82.0,0.0,0.0,1.0,-6.166666666666667,3.0,0.0,0.0,0.0,0.0,0.0,0.0,0.0,0.0,0.0,0.0,1.0,0.0,0.0,NaN,0.0,0.0,NaN,NaN,NaN,NaN,NaN,NaN,NaN
76.0,NaN,3.0,0.0,98.0,NaN,2.0,0.0,37.56,NaN,0.0,2.0,135.0,NaN,5.0,0.0,100.0,NaN,13.0,0.0,84.0,NaN,16.0,0.0,15.0,NaN,-3.0,0.0,NaN,NaN,NaN,24.0,0.0,NaN,0.0,0.0,23.0,NaN,3.5,1.0,NaN,NaN,NaN,24.0,7.36,NaN,0.0,0.0,46.0,NaN,0.0,0.0,NaN,NaN,NaN,24.0,NaN,NaN,NaN,24.0,18.0,NaN,2.5,1.0,NaN,NaN,NaN,24.0,9.0,NaN,0.0,1.0,100.0,NaN,-6.0,1.0,0.8,NaN,0.15000000000000002,1.0,NaN,NaN,NaN,24.0,127.0,NaN,15.5,1.0,1.6,NaN,0.0,0.0,1.8,NaN,0.0,1.0,3.4,NaN,0.0,1.0,3.7,NaN,0.0,0.0,NaN,NaN,NaN,24.0,NaN,NaN,NaN,24.0,28.5,NaN,0.0,2.0,9.1,NaN,0.0,2.0,27.7,NaN,0.0,2.0,5.9,NaN,0.0,2.0,NaN,NaN,NaN,24.0,166.0,NaN,0.0,2.0,82.0,0.0,0.0,1.0,-6.166666666666667,4.0,0.0,0.0,0.0,0.0,0.0,0.0,0.0,0.0,0.0,0.0,1.0,0.0,0.0,NaN,0.0,0.0,NaN,NaN,NaN,NaN,NaN,NaN,NaN
74.0,NaN,-2.0,0.0,99.0,NaN,1.0,0.0,37.56,NaN,0.0,3.0,113.0,NaN,-22.0,0.0,99.0,NaN,-1.0,0.0,94.0,NaN,10.0,0.0,20.0,NaN,5.0,0.0,NaN,NaN,NaN,24.0,0.0,NaN,0.0,1.0,23.0,NaN,2.3333333333333335,2.0,NaN,NaN,NaN,24.0,7.36,NaN,0.0,1.0,46.0,NaN,0.0,1.0,NaN,NaN,NaN,24.0,NaN,NaN,NaN,24.0,18.0,NaN,1.6666666666666667,2.0,NaN,NaN,NaN,24.0,9.0,NaN,0.0,2.0,100.0,NaN,-4.0,2.0,0.8,NaN,0.10000000000000002,2.0,NaN,NaN,NaN,24.0,127.0,NaN,10.333333333333334,2.0,1.6,NaN,0.0,1.0,1.8,NaN,0.0,2.0,3.4,NaN,0.0,2.0,3.7,NaN,0.0,1.0,NaN,NaN,NaN,24.0,NaN,NaN,NaN,24.0,28.5,NaN,0.0,3.0,9.1,NaN,0.0,3.0,27.7,NaN,0.0,3.0,5.9,NaN,0.0,3.0,NaN,NaN,NaN,24.0,166.0,NaN,0.0,3.0,82.0,0.0,0.0,1.0,-6.166666666666667,5.0,0.0,0.0,0.0,0.0,0.0,0.0,0.0,0.0,0.0,0.0,1.0,0.0,0.0,NaN,0.0,0.0,NaN,NaN,NaN,NaN,NaN,NaN,NaN
73.0,NaN,-1.0,0.0,96.0,NaN,-3.0,0.0,37.0,NaN,-0.14000000000000057,0.0,126.0,NaN,13.0,0.0,94.0,NaN,-5.0,0.0,86.0,NaN,-8.0,0.0,22.0,NaN,2.0,0.0,NaN,NaN,NaN,24.0,0.0,NaN,0.0,2.0,23.0,NaN,1.75,3.0,NaN,NaN,NaN,24.0,7.36,NaN,0.0,2.0,46.0,NaN,0.0,2.0,NaN,NaN,NaN,24.0,NaN,NaN,NaN,24.0,18.0,NaN,1.25,3.0,NaN,NaN,NaN,24.0,9.0,NaN,0.0,3.0,100.0,NaN,-3.0,3.0,0.8,NaN,0.07500000000000001,3.0,NaN,NaN,NaN,24.0,127.0,NaN,7.75,3.0,1.6,NaN,0.0,2.0,1.8,NaN,0.0,3.0,3.4,NaN,0.0,3.0,3.7,NaN,0.0,2.0,NaN,NaN,NaN,24.0,NaN,NaN,NaN,24.0,28.5,NaN,0.0,4.0,9.1,NaN,0.0,4.0,27.7,NaN,0.0,4.0,5.9,NaN,0.0,4.0,NaN,NaN,NaN,24.0,166.0,NaN,0.0,4.0,82.0,0.0,0.0,1.0,-6.166666666666667,6.0,0.0,1.0,0.0,0.0,0.0,0.0,0.0,0.0,0.0,0.0,1.0,0.0,0.0,NaN,0.0,0.0,NaN,NaN,NaN,NaN,NaN,NaN,NaN
79.0,NaN,6.0,0.0,96.0,NaN,0.0,0.0,37.0,NaN,-0.11200000000000046,1.0,137.0,NaN,11.0,0.0,120.0,NaN,26.0,0.0,109.0,NaN,23.0,0.0,18.0,NaN,-4.0,0.0,NaN,NaN,NaN,24.0,0.0,NaN,0.0,3.0,23.0,NaN,1.4,4.0,NaN,NaN,NaN,24.0,7.36,NaN,0.0,3.0,46.0,NaN,0.0,3.0,NaN,NaN,NaN,24.0,NaN,NaN,NaN,24.0,18.0,NaN,1.0,4.0,NaN,NaN,NaN,24.0,9.0,NaN,0.0,4.0,100.0,NaN,-2.4,4.0,0.8,NaN,0.06000000000000001,4.0,NaN,NaN,NaN,24.0,127.0,NaN,6.2,4.0,1.6,NaN,0.0,3.0,1.8,NaN,0.0,4.0,3.4,NaN,0.0,4.0,3.7,NaN,0.0,3.0,NaN,NaN,NaN,24.0,NaN,NaN,NaN,24.0,28.5,NaN,0.0,5.0,9.1,NaN,0.0,5.0,27.7,NaN,0.0,5.0,5.9,NaN,0.0,5.0,NaN,NaN,NaN,24.0,166.0,NaN,0.0,5.0,82.0,0.0,0.0,1.0,-6.166666666666667,7.0,0.0,0.0,0.0,0.0,0.0,0.0,0.0,0.0,0.0,0.0,1.0,0.0,0.0,NaN,0.0,0.0,NaN,NaN,NaN,NaN,NaN,NaN,NaN
72.0,NaN,-7.0,0.0,98.0,NaN,2.0,0.0,37.0,NaN,-0.09333333333333371,2.0,146.0,NaN,9.0,0.0,108.0,NaN,-12.0,0.0,92.0,NaN,-17.0,0.0,16.0,NaN,-2.0,0.0,NaN,NaN,NaN,24.0,0.0,NaN,0.0,4.0,23.0,NaN,1.1666666666666667,5.0,NaN,NaN,NaN,24.0,7.36,NaN,0.0,4.0,46.0,NaN,0.0,4.0,NaN,NaN,NaN,24.0,NaN,NaN,NaN,24.0,18.0,NaN,0.8333333333333334,5.0,NaN,NaN,NaN,24.0,9.0,NaN,0.0,5.0,100.0,NaN,-2.0,5.0,0.8,NaN,0.05000000000000001,5.0,NaN,NaN,NaN,24.0,127.0,NaN,5.166666666666667,5.0,1.6,NaN,0.0,4.0,1.8,NaN,0.0,5.0,3.4,NaN,0.0,5.0,3.7,NaN,0.0,4.0,NaN,NaN,NaN,24.0,NaN,NaN,NaN,24.0,28.5,NaN,0.0,6.0,9.1,NaN,0.0,6.0,27.7,NaN,0.0,6.0,5.9,NaN,0.0,6.0,NaN,NaN,NaN,24.0,166.0,NaN,0.0,6.0,82.0,0.0,0.0,1.0,-6.166666666666667,8.0,0.0,0.0,0.0,0.0,0.0,0.0,0.0,0.0,0.0,0.0,1.0,0.0,0.0,NaN,0.0,0.0,NaN,NaN,NaN,NaN,NaN,NaN,NaN
79.0,NaN,7.0,0.0,99.0,NaN,1.0,0.0,37.78,NaN,0.2600000000000004,0.0,143.0,NaN,-3.0,0.0,118.0,NaN,10.0,0.0,108.0,NaN,16.0,0.0,21.0,NaN,5.0,0.0,NaN,NaN,NaN,24.0,0.0,NaN,0.0,5.0,23.0,NaN,1.0,6.0,NaN,NaN,NaN,24.0,7.36,NaN,0.0,5.0,46.0,NaN,0.0,5.0,NaN,NaN,NaN,24.0,NaN,NaN,NaN,24.0,18.0,NaN,0.7142857142857143,6.0,NaN,NaN,NaN,24.0,9.0,NaN,0.0,6.0,100.0,NaN,-1.7142857142857142,6.0,0.8,NaN,0.042857142857142864,6.0,NaN,NaN,NaN,24.0,127.0,NaN,4.428571428571429,6.0,1.6,NaN,0.0,5.0,1.8,NaN,0.0,6.0,3.4,NaN,0.0,6.0,3.7,NaN,0.0,5.0,NaN,NaN,NaN,24.0,NaN,NaN,NaN,24.0,28.5,NaN,0.0,7.0,9.1,NaN,0.0,7.0,27.7,NaN,0.0,7.0,5.9,NaN,0.0,7.0,NaN,NaN,NaN,24.0,166.0,NaN,0.0,7.0,82.0,0.0,0.0,1.0,-6.166666666666667,9.0,0.0,1.0,0.0,0.0,0.0,0.0,0.0,0.0,0.0,0.0,1.0,0.0,0.0,NaN,0.0,0.0,NaN,NaN,NaN,NaN,NaN,NaN,NaN
65.0,NaN,-14.0,0.0,98.0,NaN,-1.0,0.0,37.78,NaN,0.19500000000000028,1.0,129.0,NaN,-14.0,0.0,87.0,NaN,-31.0,0.0,70.0,NaN,-38.0,0.0,18.0,NaN,-3.0,0.0,NaN,NaN,NaN,24.0,0.0,NaN,0.0,6.0,23.0,NaN,0.875,7.0,NaN,NaN,NaN,24.0,7.36,NaN,0.0,6.0,46.0,NaN,0.0,6.0,NaN,NaN,NaN,24.0,NaN,NaN,NaN,24.0,18.0,NaN,0.625,7.0,NaN,NaN,NaN,24.0,9.0,NaN,0.0,7.0,100.0,NaN,-1.5,7.0,0.8,NaN,0.037500000000000006,7.0,NaN,NaN,NaN,24.0,127.0,NaN,3.875,7.0,1.6,NaN,0.0,6.0,1.8,NaN,0.0,7.0,3.4,NaN,0.0,7.0,3.7,NaN,0.0,6.0,NaN,NaN,NaN,24.0,NaN,NaN,NaN,24.0,28.5,NaN,0.0,8.0,9.1,NaN,0.0,8.0,27.7,NaN,0.0,8.0,5.9,NaN,0.0,8.0,NaN,NaN,NaN,24.0,166.0,NaN,0.0,8.0,82.0,0.0,0.0,1.0,-6.166666666666667,10.0,0.0,0.0,0.0,0.0,0.0,0.0,0.0,0.0,0.0,0.0,1.0,0.0,0.0,NaN,0.0,0.0,NaN,NaN,NaN,NaN,NaN,NaN,NaN
65.0,NaN,0.0,0.0,97.0,NaN,-1.0,0.0,37.78,NaN,0.15600000000000022,2.0,110.0,NaN,-19.0,0.0,74.0,NaN,-13.0,0.0,61.0,NaN,-9.0,0.0,18.0,NaN,0.0,0.0,NaN,NaN,NaN,24.0,0.0,NaN,0.0,7.0,23.0,NaN,0.7777777777777778,8.0,NaN,NaN,NaN,24.0,7.36,NaN,0.0,7.0,46.0,NaN,0.0,7.0,NaN,NaN,NaN,24.0,NaN,NaN,NaN,24.0,18.0,NaN,0.5555555555555556,8.0,NaN,NaN,NaN,24.0,9.0,NaN,0.0,8.0,100.0,NaN,-1.3333333333333333,8.0,0.8,NaN,0.03333333333333334,8.0,NaN,NaN,NaN,24.0,127.0,NaN,3.4444444444444446,8.0,1.6,NaN,0.0,7.0,1.8,NaN,0.0,8.0,3.4,NaN,0.0,8.0,3.7,NaN,0.0,7.0,NaN,NaN,NaN,24.0,NaN,NaN,NaN,24.0,28.5,NaN,0.0,9.0,9.1,NaN,0.0,9.0,27.7,NaN,0.0,9.0,5.9,NaN,0.0,9.0,NaN,NaN,NaN,24.0,166.0,NaN,0.0,9.0,82.0,0.0,0.0,1.0,-6.166666666666667,11.0,0.0,0.0,0.0,0.0,0.0,0.0,0.0,0.0,0.0,0.0,1.0,0.0,0.0,NaN,0.0,0.0,NaN,NaN,NaN,NaN,NaN,NaN,NaN
61.0,NaN,-4.0,0.0,97.0,NaN,0.0,0.0,37.78,NaN,0.1300000000000002,3.0,114.0,NaN,4.0,0.0,67.0,NaN,-7.0,0.0,57.0,NaN,-4.0,0.0,17.0,NaN,-1.0,0.0,NaN,NaN,NaN,24.0,0.0,NaN,0.0,8.0,23.0,NaN,0.7,9.0,NaN,NaN,NaN,24.0,7.36,NaN,0.0,8.0,46.0,NaN,0.0,8.0,NaN,NaN,NaN,24.0,NaN,NaN,NaN,24.0,18.0,NaN,0.5,9.0,NaN,NaN,NaN,24.0,9.0,NaN,0.0,9.0,100.0,NaN,-1.2,9.0,0.8,NaN,0.030000000000000006,9.0,NaN,NaN,NaN,24.0,127.0,NaN,3.1,9.0,1.6,NaN,0.0,8.0,1.8,NaN,0.0,9.0,3.4,NaN,0.0,9.0,3.7,NaN,0.0,8.0,NaN,NaN,NaN,24.0,NaN,NaN,NaN,24.0,28.5,NaN,0.0,10.0,9.1,NaN,0.0,10.0,27.7,NaN,0.0,10.0,5.9,NaN,0.0,10.0,NaN,NaN,NaN,24.0,166.0,NaN,0.0,10.0,82.0,0.0,0.0,1.0,-6.166666666666667,12.0,0.0,0.0,0.0,0.0,0.0,0.0,0.0,0.0,0.0,0.0,1.0,0.0,0.0,NaN,0.0,0.0,NaN,NaN,NaN,NaN,NaN,NaN,NaN
74.0,NaN,13.0,0.0,98.0,NaN,1.0,0.0,37.67,NaN,-0.027499999999999858,0.0,111.0,NaN,-3.0,0.0,80.0,NaN,13.0,0.0,65.0,NaN,8.0,0.0,18.0,NaN,1.0,0.0,NaN,NaN,NaN,24.0,0.0,NaN,0.0,9.0,23.0,NaN,0.6363636363636364,10.0,NaN,NaN,NaN,24.0,7.36,NaN,0.0,9.0,46.0,NaN,0.0,9.0,NaN,NaN,NaN,24.0,NaN,NaN,NaN,24.0,18.0,NaN,0.45454545454545453,10.0,NaN,NaN,NaN,24.0,9.0,NaN,0.0,10.0,100.0,NaN,-1.0909090909090908,10.0,0.8,NaN,0.02727272727272728,10.0,NaN,NaN,NaN,24.0,127.0,NaN,2.8181818181818183,10.0,1.6,NaN,0.0,9.0,1.8,NaN,0.0,10.0,3.4,NaN,0.0,10.0,3.7,NaN,0.0,9.0,NaN,NaN,NaN,24.0,NaN,NaN,NaN,24.0,28.5,NaN,0.0,11.0,9.1,NaN,0.0,11.0,27.7,NaN,0.0,11.0,5.9,NaN,0.0,11.0,NaN,NaN,NaN,24.0,166.0,NaN,0.0,11.0,82.0,0.0,0.0,1.0,-6.166666666666667,13.0,0.0,0.0,0.0,0.0,0.0,0.0,0.0,0.0,0.0,0.0,1.0,0.0,0.0,NaN,0.0,0.0,NaN,NaN,NaN,NaN,NaN,NaN,NaN
81.0,NaN,7.0,0.0,99.0,NaN,1.0,0.0,37.67,NaN,-0.021999999999999888,1.0,123.0,NaN,12.0,0.0,91.0,NaN,11.0,0.0,79.0,NaN,14.0,0.0,21.0,NaN,3.0,0.0,NaN,NaN,NaN,24.0,0.0,NaN,0.0,10.0,23.0,NaN,0.5833333333333334,11.0,NaN,NaN,NaN,24.0,7.36,NaN,0.0,10.0,46.0,NaN,0.0,10.0,NaN,NaN,NaN,24.0,NaN,NaN,NaN,24.0,18.0,NaN,0.4166666666666667,11.0,NaN,NaN,NaN,24.0,9.0,NaN,0.0,11.0,100.0,NaN,-1.0,11.0,0.8,NaN,0.025000000000000005,11.0,NaN,NaN,NaN,24.0,127.0,NaN,2.5833333333333335,11.0,1.6,NaN,0.0,10.0,1.8,NaN,0.0,11.0,3.4,NaN,0.0,11.0,3.7,NaN,0.0,10.0,NaN,NaN,NaN,24.0,NaN,NaN,NaN,24.0,28.5,NaN,0.0,12.0,9.1,NaN,0.0,12.0,27.7,NaN,0.0,12.0,5.9,NaN,0.0,12.0,NaN,NaN,NaN,24.0,166.0,NaN,0.0,12.0,82.0,0.0,0.0,1.0,-6.166666666666667,14.0,0.0,1.0,0.0,0.0,0.0,0.0,0.0,0.0,0.0,0.0,1.0,0.0,0.0,NaN,0.0,0.0,NaN,NaN,NaN,NaN,NaN,NaN,NaN
73.0,NaN,-8.0,0.0,100.0,NaN,1.0,0.0,37.67,NaN,-0.01833333333333324,2.0,104.0,NaN,-19.0,0.0,78.0,NaN,-13.0,0.0,65.0,NaN,-14.0,0.0,17.0,NaN,-4.0,0.0,NaN,NaN,NaN,24.0,0.0,NaN,0.0,11.0,23.0,NaN,0.5384615384615384,12.0,NaN,NaN,NaN,24.0,7.36,NaN,0.0,11.0,46.0,NaN,0.0,11.0,NaN,NaN,NaN,24.0,NaN,NaN,NaN,24.0,18.0,NaN,0.38461538461538464,12.0,NaN,NaN,NaN,24.0,9.0,NaN,0.0,12.0,100.0,NaN,-0.9230769230769231,12.0,0.8,NaN,0.02307692307692308,12.0,NaN,NaN,NaN,24.0,127.0,NaN,2.3846153846153846,12.0,1.6,NaN,0.0,11.0,1.8,NaN,0.0,12.0,3.4,NaN,0.0,12.0,3.7,NaN,0.0,11.0,NaN,NaN,NaN,24.0,NaN,NaN,NaN,24.0,28.5,NaN,0.0,13.0,9.1,NaN,0.0,13.0,27.7,NaN,0.0,13.0,5.9,NaN,0.0,13.0,NaN,NaN,NaN,24.0,166.0,NaN,0.0,13.0,82.0,0.0,0.0,1.0,-6.166666666666667,15.0,0.0,0.0,0.0,0.0,0.0,0.0,0.0,0.0,0.0,0.0,1.0,0.0,0.0,NaN,0.0,0.0,NaN,NaN,NaN,NaN,NaN,NaN,NaN
69.0,NaN,-4.0,0.0,100.0,NaN,0.0,0.0,37.67,NaN,-0.015714285714285632,3.0,105.0,NaN,1.0,0.0,85.0,NaN,7.0,0.0,75.0,NaN,10.0,0.0,15.0,NaN,-2.0,0.0,NaN,NaN,NaN,24.0,0.0,NaN,0.0,12.0,23.0,NaN,0.5,13.0,NaN,NaN,NaN,24.0,7.36,NaN,0.0,12.0,46.0,NaN,0.0,12.0,NaN,NaN,NaN,24.0,NaN,NaN,NaN,24.0,18.0,NaN,0.35714285714285715,13.0,NaN,NaN,NaN,24.0,9.0,NaN,0.0,13.0,100.0,NaN,-0.8571428571428571,13.0,0.8,NaN,0.021428571428571432,13.0,NaN,NaN,NaN,24.0,127.0,NaN,2.2142857142857144,13.0,1.6,NaN,0.0,12.0,1.8,NaN,0.0,13.0,3.4,NaN,0.0,13.0,3.7,NaN,0.0,12.0,NaN,NaN,NaN,24.0,NaN,NaN,NaN,24.0,28.5,NaN,0.0,14.0,9.1,NaN,0.0,14.0,27.7,NaN,0.0,14.0,5.9,NaN,0.0,14.0,NaN,NaN,NaN,24.0,166.0,NaN,0.0,14.0,82.0,0.0,0.0,1.0,-6.166666666666667,16.0,0.0,0.0,0.0,0.0,0.0,0.0,0.0,0.0,0.0,0.0,1.0,0.0,0.0,NaN,0.0,0.0,NaN,NaN,NaN,NaN,NaN,NaN,NaN
