121.0,NaN,NaN,24.0,95.0,NaN,NaN,24.0,38.17,NaN,NaN,24.0,118.0,NaN,NaN,24.0,54.0,NaN,NaN,24.0,44.0,NaN,NaN,24.0,24.0,NaN,NaN,24.0,NaN,NaN,NaN,24.0,NaN,NaN,NaN,24.0,20.0,NaN,NaN,24.0,NaN,NaN,NaN,24.0,NaN,NaN,NaN,24.0,NaN,NaN,NaN,24.0,NaN,NaN,NaN,24.0,89.0,NaN,NaN,24.0,55.0,NaN,NaN,24.0,146.0,NaN,NaN,24.0,6.7,NaN,NaN,24.0,118.0,NaN,NaN,24.0,2.1,NaN,NaN,24.0,0.8,NaN,NaN,24.0,227.0,NaN,NaN,24.0,NaN,NaN,NaN,24.0,2.4,NaN,NaN,24.0,3.4,NaN,NaN,24.0,4.0,NaN,NaN,24.0,1.0,NaN,NaN,24.0,NaN,NaN,NaN,24.0,41.7,NaN,NaN,24.0,13.6,NaN,NaN,24.0,29.6,NaN,NaN,24.0,22.1,NaN,NaN,24.0,NaN,NaN,NaN,24.0,189.0,NaN,NaN,24.0,65.0,1.0,1.0,0.0,0.0,1.0,1.0,1.0,1.0,1.0,0.0,0.0,0.0,1.0,0.0,2.0,1.0,0.0,1.0,1.0,0.0,0.0,3.0,5.0,4.0,3.0,NaN,NaN,NaN
115.0,NaN,-6.0,0.0,96.0,NaN,1.0,0.0,38.17,NaN,0.0,1.0,134.0,NaN,16.0,0.0,93.0,NaN,39.0,0.0,78.0,NaN,34.0,0.0,26.0,NaN,2.0,0.0,NaN,NaN,NaN,24.0,-5.0,NaN,0.0,0.0,20.0,NaN,0.0,1.0,NaN,NaN,NaN,24.0,7.32,NaN,0.0,0.0,39.0,NaN,0.0,0.0,83.0,NaN,0.0,0.0,89.0,NaN,0.0,1.0,55.0,NaN,0.0,1.0,146.0,NaN,0.0,1.0,6.7,NaN,0.0,1.0,118.0,NaN,0.0,1.0,2.1,NaN,0.0,1.0,0.8,NaN,0.0,1.0,227.0,NaN,0.0,1.0,1.35,NaN,0.0,0.0,2.4,NaN,0.0,1.0,3.4,NaN,0.0,1.0,4.0,NaN,0.0,1.0,1.0,NaN,0.0,1.0,NaN,NaN,NaN,24.0,41.7,NaN,0.0,1.0,13.6,NaN,0.0,1.0,29.6,NaN,0.0,1.0,22.1,NaN,0.0,1.0,NaN,NaN,NaN,24.0,189.0,NaN,0.0,1.0,65.0,1.0,1.0,0.0,0.0,2.0,1.0,1.0,1.0,1.0,0.0,0.0,0.0,0.0,0.0,0.0,1.0,1.0,1.0,1.0,0.0,0.0,3.0,5.0,4.0,3.0,NaN,NaN,NaN
112.0,NaN,-3.0,0.0,99.0,NaN,3.0,0.0,38.17,NaN,0.0,2.0,123.0,NaN,-11.0,0.0,77.0,NaN,-16.0,0.0,60.0,NaN,-18.0,0.0,21.0,NaN,-5.0,0.0,NaN,NaN,NaN,24.0,-5.0,NaN,0.0,1.0,20.0,NaN,0.0,2.0,NaN,NaN,NaN,24.0,7.32,NaN,0.0,1.0,39.0,NaN,0.0,1.0,83.0,NaN,0.0,1.0,89.0,NaN,0.0,2.0,55.0,NaN,0.0,2.0,146.0,NaN,0.0,2.0,6.7,NaN,0.0,2.0,118.0,NaN,0.0,2.0,2.1,NaN,0.0,2.0,0.8,NaN,0.0,2.0,227.0,NaN,0.0,2.0,1.35,NaN,0.0,1.0,2.4,NaN,0.0,2.0,3.4,NaN,0.0,2.0,4.0,NaN,0.0,2.0,1.0,NaN,0.0,2.0,NaN,NaN,NaN,24.0,41.7,NaN,0.0,2.0,13.6,NaN,0.0,2.0,29.6,NaN,0.0,2.0,22.1,NaN,0.0,2.0,NaN,NaN,NaN,24.0,189.0,NaN,0.0,2.0,65.0,1.0,1.0,0.0,0.0,3.0,1.0,1.0,1.0,1.0,0.0,0.0,0.0,0.0,0.0,0.0,1.0,1.0,1.0,1.0,0.0,0.0,3.0,5.0,4.0,3.0,NaN,NaN,NaN
108.0,NaN,-4.0,0.0,99.0,NaN,0.0,0.0,38.17,NaN,0.0,3.0,143.0,NaN,20.0,0.0,87.0,NaN,10.0,0.0,69.0,NaN,9.0,0.0,20.0,NaN,-1.0,0.0,NaN,NaN,NaN,24.0,-5.0,NaN,0.0,2.0,20.0,NaN,0.0,3.0,NaN,NaN,NaN,24.0,7.32,NaN,0.0,2.0,39.0,NaN,0.0,2.0,83.0,NaN,0.0,2.0,89.0,NaN,0.0,3.0,55.0,NaN,0.0,3.0,146.0,NaN,0.0,3.0,6.7,NaN,0.0,3.0,118.0,NaN,0.0,3.0,2.1,NaN,0.0,3.0,0.8,NaN,0.0,3.0,227.0,NaN,0.0,3.0,1.35,NaN,0.0,2.0,2.4,NaN,0.0,3.0,3.4,NaN,0.0,3.0,4.0,NaN,0.0,3.0,1.0,NaN,0.0,3.0,NaN,NaN,NaN,24.0,41.7,NaN,0.0,3.0,13.6,NaN,0.0,3.0,29.6,NaN,0.0,3.0,22.1,NaN,0.0,3.0,NaN,NaN,NaN,24.0,189.0,NaN,0.0,3.0,65.0,1.0,1.0,0.0,0.0,4.0,1.0,0.0,1.0,1.0,0.0,0.0,0.0,0.0,0.0,0.0,1.0,1.0,1.0,1.0,0.0,0.0,3.0,5.0,4.0,3.0,NaN,NaN,NaN
98.0,NaN,-10.0,0.0,98.0,NaN,-1.0,0.0,37.28,NaN,-0.22250000000000014,0.0,141.0,NaN,-2.0,0.0,88.0,NaN,1.0,0.0,75.0,NaN,6.0,0.0,22.5,NaN,2.5,0.0,NaN,NaN,NaN,24.0,-4.0,NaN,0.3333333333333333,0.0,20.0,NaN,0.0,4.0,0.5,NaN,0.0,0.0,7.35,NaN,0.009999999999999787,0.0,37.0,NaN,-0.6666666666666666,0.0,80.0,NaN,-1.0,0.0,89.0,NaN,0.0,4.0,55.0,NaN,0.0,4.0,146.0,NaN,0.0,4.0,6.7,NaN,0.0,4.0,118.0,NaN,0.0,4.0,2.1,NaN,0.0,4.0,0.8,NaN,0.0,4.0,227.0,NaN,0.0,4.0,1.35,NaN,0.0,3.0,2.4,NaN,0.0,4.0,3.4,NaN,0.0,4.0,4.0,NaN,0.0,4.0,1.0,NaN,0.0,4.0,NaN,NaN,NaN,24.0,41.7,NaN,0.0,4.0,13.6,NaN,0.0,4.0,29.6,NaN,0.0,4.0,22.1,NaN,0.0,4.0,NaN,NaN,NaN,24.0,189.0,NaN,0.0,4.0,65.0,1.0,1.0,0.0,0.0,5.0,0.0,1.0,1.0,1.0,2.0,0.0,0.0,0.0,0.0,0.0,0.0,1.0,1.0,1.0,0.0,0.0,3.0,5.0,4.0,3.0,NaN,NaN,NaN
99.0,NaN,1.0,0.0,98.0,NaN,0.0,0.0,37.28,NaN,-0.1780000000000001,1.0,116.0,NaN,-25.0,0.0,76.0,NaN,-12.0,0.0,63.0,NaN,-12.0,0.0,25.0,NaN,2.5,0.0,NaN,NaN,NaN,24.0,-4.0,NaN,0.25,1.0,20.0,NaN,0.0,5.0,0.5,NaN,0.0,1.0,7.35,NaN,0.00749999999999984,1.0,37.0,NaN,-0.5,1.0,80.0,NaN,-0.75,1.0,89.0,NaN,0.0,5.0,55.0,NaN,0.0,5.0,146.0,NaN,0.0,5.0,6.7,NaN,0.0,5.0,118.0,NaN,0.0,5.0,2.1,NaN,0.0,5.0,0.8,NaN,0.0,5.0,227.0,NaN,0.0,5.0,1.35,NaN,0.0,4.0,2.4,NaN,0.0,5.0,3.4,NaN,0.0,5.0,4.0,NaN,0.0,5.0,1.0,NaN,0.0,5.0,NaN,NaN,NaN,24.0,41.7,NaN,0.0,5.0,13.6,NaN,0.0,5.0,29.6,NaN,0.0,5.0,22.1,NaN,0.0,5.0,NaN,NaN,NaN,24.0,189.0,NaN,0.0,5.0,65.0,1.0,1.0,0.0,0.0,6.0,0.0,1.0,1.0,1.0,0.0,0.0,0.0,0.0,0.0,0.0,1.0,1.0,1.0,1.0,0.0,0.0,3.0,5.0,4.0,3.0,NaN,NaN,NaN
91.0,NaN,-8.0,0.0,99.0,NaN,1.0,0.0,37.28,NaN,-0.14833333333333343,2.0,106.0,NaN,-10.0,0.0,74.0,NaN,-2.0,0.0,64.0,NaN,1.0,0.0,26.0,NaN,1.0,0.0,NaN,NaN,NaN,24.0,-4.0,NaN,0.2,2.0,20.0,NaN,0.0,6.0,0.5,NaN,0.0,2.0,7.35,NaN,0.005999999999999872,2.0,37.0,NaN,-0.4,2.0,80.0,NaN,-0.6,2.0,89.0,NaN,0.0,6.0,55.0,NaN,0.0,6.0,146.0,NaN,0.0,6.0,6.7,NaN,0.0,6.0,118.0,NaN,0.0,6.0,2.1,NaN,0.0,6.0,0.8,NaN,0.0,6.0,227.0,NaN,0.0,6.0,1.35,NaN,0.0,5.0,2.4,NaN,0.0,6.0,3.4,NaN,0.0,6.0,4.0,NaN,0.0,6.0,1.0,NaN,0.0,6.0,NaN,NaN,NaN,24.0,41.7,NaN,0.0,6.0,13.6,NaN,0.0,6.0,29.6,NaN,0.0,6.0,22.1,NaN,0.0,6.0,NaN,NaN,NaN,24.0,189.0,NaN,0.0,6.0,65.0,1.0,1.0,0.0,0.0,7.0,0.0,1.0,1.0,1.0,0.0,0.0,0.0,0.0,0.0,0.0,1.0,1.0,1.0,1.0,0.0,0.0,3.0,5.0,4.0,3.0,NaN,NaN,NaN
89.0,NaN,-2.0,0.0,98.0,NaN,-1.0,0.0,37.28,NaN,-0.12714285714285722,3.0,111.0,NaN,5.0,0.0,74.0,NaN,0.0,0.0,61.0,NaN,-3.0,0.0,26.0,NaN,0.0,0.0,NaN,NaN,NaN,24.0,-4.0,NaN,0.16666666666666666,3.0,20.0,NaN,0.0,7.0,0.5,NaN,0.0,3.0,7.35,NaN,0.004999999999999893,3.0,37.0,NaN,-0.3333333333333333,3.0,80.0,NaN,-0.5,3.0,89.0,NaN,0.0,7.0,55.0,NaN,0.0,7.0,146.0,NaN,0.0,7.0,6.7,NaN,0.0,7.0,118.0,NaN,0.0,7.0,2.1,NaN,0.0,7.0,0.8,NaN,0.0,7.0,227.0,NaN,0.0,7.0,1.35,NaN,0.0,6.0,2.4,NaN,0.0,7.0,3.4,NaN,0.0,7.0,4.0,NaN,0.0,7.0,1.0,NaN,0.0,7.0,NaN,NaN,NaN,24.0,41.7,NaN,0.0,7.0,13.6,NaN,0.0,7.0,29.6,NaN,0.0,7.0,22.1,NaN,0.0,7.0,NaN,NaN,NaN,24.0,189.0,NaN,0.0,7.0,65.0,1.0,1.0,0.0,0.0,8.0,0.0,1.0,0.0,1.0,0.0,0.0,0.0,0.0,0.0,0.0,1.0,1.0,1.0,1.0,0.0,0.0,3.0,5.0,4.0,3.0,NaN,NaN,NaN
91.0,NaN,2.0,0.0,99.0,NaN,1.0,0.0,37.06,NaN,-0.054999999999999716,0.0,100.0,NaN,-11.0,0.0,81.0,NaN,7.0,0.0,77.0,NaN,16.0,0.0,23.5,NaN,-2.5,0.0,NaN,NaN,NaN,24.0,-4.0,NaN,0.14285714285714285,4.0,20.0,NaN,0.0,0.0,0.5,NaN,0.0,0.0,7.35,NaN,0.004285714285714194,4.0,37.0,NaN,-0.2857142857142857,4.0,80.0,NaN,-0.42857142857142855,4.0,71.0,NaN,-2.25,0.0,58.0,NaN,0.375,0.0,116.0,NaN,-3.75,0.0,6.5,NaN,-0.025000000000000022,0.0,120.0,NaN,0.25,0.0,2.1,NaN,0.0,0.0,0.6,NaN,-0.02500000000000001,0.0,208.0,NaN,-2.375,0.0,1.35,NaN,0.0,7.0,2.4,NaN,0.0,0.0,3.3,NaN,-0.012500000000000011,0.0,4.1,NaN,0.012499999999999956,0.0,0.8,NaN,-0.024999999999999994,0.0,NaN,NaN,NaN,24.0,37.1,NaN,-0.5750000000000002,0.0,12.0,NaN,-0.19999999999999996,0.0,33.8,NaN,0.5249999999999995,0.0,15.9,NaN,-0.7750000000000001,0.0,NaN,NaN,NaN,24.0,155.0,NaN,-4.25,0.0,65.0,1.0,1.0,0.0,0.0,9.0,0.0,1.0,1.0,1.0,2.0,0.0,0.0,0.0,0.0,2.0,1.0,1.0,1.0,1.0,0.0,0.0,3.0,5.0,4.0,3.0,NaN,NaN,NaN
