100.0,NaN,NaN,24.0,100.0,NaN,NaN,24.0,NaN,NaN,NaN,24.0,147.5,NaN,NaN,24.0,102.5,NaN,NaN,24.0,81.0,NaN,NaN,24.0,17.5,NaN,NaN,24.0,NaN,NaN,NaN,24.0,-8.0,NaN,NaN,24.0,18.0,NaN,NaN,24.0,NaN,NaN,NaN,24.0,7.23,NaN,NaN,24.0,45.0,NaN,NaN,24.0,NaN,NaN,NaN,24.0,NaN,NaN,NaN,24.0,14.0,NaN,NaN,24.0,NaN,NaN,NaN,24.0,7.4,NaN,NaN,24.0,109.0,NaN,NaN,24.0,0.8,NaN,NaN,24.0,NaN,NaN,NaN,24.0,137.0,NaN,NaN,24.0,2.7,NaN,NaN,24.0,1.5,NaN,NaN,24.0,3.6,NaN,NaN,24.0,4.7,NaN,NaN,24.0,NaN,NaN,NaN,24.0,NaN,NaN,NaN,24.0,35.6,NaN,NaN,24.0,11.7,NaN,NaN,24.0,27.4,NaN,NaN,24.0,18.2,NaN,NaN,24.0,NaN,NaN,NaN,24.0,135.0,NaN,NaN,24.0,27.0,1.0,0.0,1.0,-2.2258333333333336,1.0,0.0,0.0,1.0,1.0,0.0,1.0,0.0,0.0,1.0,0.0,1.0,0.0,0.0,0.0,0.0,0.0,NaN,NaN,NaN,1.0,NaN,NaN,NaN
94.6666666666667,NaN,-5.3333333333333,0.0,100.0,NaN,0.0,0.0,36.78,NaN,0.0,0.0,138.0,NaN,-9.5,0.0,92.5,NaN,-10.0,0.0,74.25,NaN,-6.75,0.0,18.0,NaN,0.5,0.0,NaN,NaN,NaN,24.0,-8.0,NaN,0.0,1.0,18.0,NaN,0.0,1.0,NaN,NaN,NaN,24.0,7.23,NaN,0.0,1.0,45.0,NaN,0.0,1.0,NaN,NaN,NaN,24.0,NaN,NaN,NaN,24.0,14.0,NaN,0.0,1.0,NaN,NaN,NaN,24.0,7.4,NaN,0.0,1.0,109.0,NaN,0.0,1.0,0.8,NaN,0.0,1.0,NaN,NaN,NaN,24.0,137.0,NaN,0.0,1.0,2.7,NaN,0.0,1.0,1.5,NaN,0.0,1.0,3.6,NaN,0.0,1.0,4.7,NaN,0.0,1.0,NaN,NaN,NaN,24.0,NaN,NaN,NaN,24.0,35.6,NaN,0.0,1.0,11.7,NaN,0.0,1.0,27.4,NaN,0.0,1.0,18.2,NaN,0.0,1.0,NaN,NaN,NaN,24.0,135.0,NaN,0.0,1.0,27.0,1.0,0.0,1.0,-2.2258333333333336,2.0,0.0,0.0,1.0,1.0,0.0,0.0,0.0,0.0,0.0,0.0,1.0,0.0,0.0,0.0,0.0,0.0,NaN,NaN,NaN,1.0,NaN,NaN,NaN
104.0,NaN,9.3333333333333,0.0,99.0,NaN,-1.0,0.0,36.78,NaN,0.0,1.0,126.0,NaN,-12.0,0.0,80.5,NaN,-12.0,0.0,69.5,NaN,-4.75,0.0,13.0,NaN,-5.0,0.0,NaN,NaN,NaN,24.0,-8.0,NaN,0.0,2.0,18.0,NaN,0.0,2.0,NaN,NaN,NaN,24.0,7.23,NaN,0.0,2.0,45.0,NaN,0.0,2.0,NaN,NaN,NaN,24.0,NaN,NaN,NaN,24.0,14.0,NaN,0.0,2.0,NaN,NaN,NaN,24.0,7.4,NaN,0.0,2.0,109.0,NaN,0.0,2.0,0.8,NaN,0.0,2.0,NaN,NaN,NaN,24.0,137.0,NaN,0.0,2.0,2.7,NaN,0.0,2.0,1.5,NaN,0.0,2.0,3.6,NaN,0.0,2.0,4.7,NaN,0.0,2.0,NaN,NaN,NaN,24.0,NaN,NaN,NaN,24.0,35.6,NaN,0.0,2.0,11.7,NaN,0.0,2.0,27.4,NaN,0.0,2.0,18.2,NaN,0.0,2.0,NaN,NaN,NaN,24.0,135.0,NaN,0.0,2.0,27.0,1.0,0.0,1.0,-2.2258333333333336,3.0,0.0,0.0,1.0,1.0,0.0,0.0,0.0,0.0,0.0,0.0,1.0,0.0,0.0,0.0,0.0,0.0,NaN,NaN,NaN,1.0,NaN,NaN,NaN
118.0,NaN,14.0,0.0,98.0,NaN,-1.0,0.0,36.78,NaN,0.0,2.0,131.0,NaN,5.0,0.0,91.0,NaN,10.5,0.0,79.0,NaN,9.5,0.0,20.0,NaN,7.0,0.0,NaN,NaN,NaN,24.0,-8.0,NaN,0.0,3.0,18.0,NaN,0.0,3.0,NaN,NaN,NaN,24.0,7.23,NaN,0.0,3.0,45.0,NaN,0.0,3.0,NaN,NaN,NaN,24.0,NaN,NaN,NaN,24.0,14.0,NaN,0.0,3.0,NaN,NaN,NaN,24.0,7.4,NaN,0.0,3.0,109.0,NaN,0.0,3.0,0.8,NaN,0.0,3.0,NaN,NaN,NaN,24.0,137.0,NaN,0.0,3.0,2.7,NaN,0.0,3.0,1.5,NaN,0.0,3.0,3.6,NaN,0.0,3.0,4.7,NaN,0.0,3.0,NaN,NaN,NaN,24.0,NaN,NaN,NaN,24.0,35.6,NaN,0.0,3.0,11.7,NaN,0.0,3.0,27.4,NaN,0.0,3.0,18.2,NaN,0.0,3.0,NaN,NaN,NaN,24.0,135.0,NaN,0.0,3.0,27.0,1.0,0.0,1.0,-2.2258333333333336,4.0,0.0,0.0,1.0,1.0,0.0,0.0,0.0,0.0,0.0,0.0,1.0,0.0,0.0,0.0,0.0,0.0,NaN,NaN,NaN,1.0,NaN,NaN,NaN
128.0,NaN,10.0,0.0,98.0,NaN,0.0,0.0,36.78,NaN,0.0,3.0,122.0,NaN,-9.0,0.0,87.0,NaN,-4.0,0.0,70.0,NaN,-9.0,0.0,22.0,NaN,2.0,0.0,NaN,NaN,NaN,24.0,-8.0,NaN,0.0,4.0,18.0,NaN,0.0,4.0,NaN,NaN,NaN,24.0,7.23,NaN,0.0,4.0,45.0,NaN,0.0,4.0,NaN,NaN,NaN,24.0,NaN,NaN,NaN,24.0,14.0,NaN,0.0,4.0,NaN,NaN,NaN,24.0,7.4,NaN,0.0,4.0,109.0,NaN,0.0,4.0,0.8,NaN,0.0,4.0,NaN,NaN,NaN,24.0,137.0,NaN,0.0,4.0,2.7,NaN,0.0,4.0,1.5,NaN,0.0,4.0,3.6,NaN,0.0,4.0,4.7,NaN,0.0,4.0,NaN,NaN,NaN,24.0,NaN,NaN,NaN,24.0,35.6,NaN,0.0,4.0,11.7,NaN,0.0,4.0,27.4,NaN,0.0,4.0,18.2,NaN,0.0,4.0,NaN,NaN,NaN,24.0,135.0,NaN,0.0,4.0,27.0,1.0,0.0,1.0,-2.2258333333333336,5.0,0.0,1.0,1.0,1.0,0.0,0.0,0.0,0.0,0.0,0.0,1.0,0.0,0.0,0.0,0.0,0.0,NaN,NaN,NaN,1.0,NaN,NaN,NaN
124.0,NaN,-4.0,0.0,98.0,NaN,0.0,0.0,37.0,NaN,0.054999999999999716,0.0,117.0,NaN,-5.0,0.0,79.0,NaN,-8.0,0.0,64.0,NaN,-6.0,0.0,22.0,NaN,0.0,0.0,NaN,NaN,NaN,24.0,-2.0,NaN,1.2,0.0,18.0,NaN,0.0,5.0,NaN,NaN,NaN,24.0,7.34,NaN,0.021999999999999888,0.0,44.0,NaN,-0.2,0.0,NaN,NaN,NaN,24.0,NaN,NaN,NaN,24.0,14.0,NaN,0.0,5.0,NaN,NaN,NaN,24.0,7.4,NaN,0.0,5.0,109.0,NaN,0.0,5.0,0.8,NaN,0.0,5.0,NaN,NaN,NaN,24.0,137.0,NaN,0.0,5.0,0.9,NaN,-0.36000000000000004,0.0,1.5,NaN,0.0,5.0,3.6,NaN,0.0,5.0,4.7,NaN,0.0,5.0,NaN,NaN,NaN,24.0,NaN,NaN,NaN,24.0,35.6,NaN,0.0,5.0,11.7,NaN,0.0,5.0,27.4,NaN,0.0,5.0,18.2,NaN,0.0,5.0,NaN,NaN,NaN,24.0,135.0,NaN,0.0,5.0,27.0,1.0,0.0,1.0,-2.2258333333333336,6.0,0.0,1.0,1.0,1.0,0.0,0.0,0.0,0.0,0.0,0.0,1.0,0.0,0.0,0.0,0.0,0.0,NaN,NaN,NaN,1.0,NaN,NaN,NaN
117.0,NaN,-7.0,0.0,98.0,NaN,0.0,0.0,37.0,NaN,0.043999999999999775,1.0,114.0,NaN,-3.0,0.0,83.0,NaN,4.0,0.0,69.0,NaN,5.0,0.0,14.0,NaN,-8.0,0.0,NaN,NaN,NaN,24.0,-2.0,NaN,1.0,1.0,18.0,NaN,0.0,6.0,NaN,NaN,NaN,24.0,7.34,NaN,0.01833333333333324,1.0,44.0,NaN,-0.16666666666666666,1.0,NaN,NaN,NaN,24.0,NaN,NaN,NaN,24.0,14.0,NaN,0.0,6.0,NaN,NaN,NaN,24.0,7.4,NaN,0.0,6.0,109.0,NaN,0.0,6.0,0.8,NaN,0.0,6.0,NaN,NaN,NaN,24.0,137.0,NaN,0.0,6.0,0.9,NaN,-0.30000000000000004,1.0,1.5,NaN,0.0,6.0,3.6,NaN,0.0,6.0,4.7,NaN,0.0,6.0,NaN,NaN,NaN,24.0,NaN,NaN,NaN,24.0,35.6,NaN,0.0,6.0,11.7,NaN,0.0,6.0,27.4,NaN,0.0,6.0,18.2,NaN,0.0,6.0,NaN,NaN,NaN,24.0,135.0,NaN,0.0,6.0,27.0,1.0,0.0,1.0,-2.2258333333333336,7.0,0.0,0.0,1.0,1.0,0.0,0.0,0.0,0.0,0.0,0.0,1.0,0.0,0.0,0.0,0.0,0.0,NaN,NaN,NaN,1.0,NaN,NaN,NaN
127.0,NaN,10.0,0.0,95.0,NaN,-3.0,0.0,36.67,NaN,-0.16499999999999915,0.0,127.0,NaN,13.0,0.0,90.0,NaN,7.0,0.0,72.0,NaN,3.0,0.0,21.0,NaN,7.0,0.0,NaN,NaN,NaN,24.0,-2.0,NaN,0.8571428571428571,2.0,18.0,NaN,0.0,7.0,NaN,NaN,NaN,24.0,7.34,NaN,0.015714285714285632,2.0,44.0,NaN,-0.14285714285714285,2.0,NaN,NaN,NaN,24.0,NaN,NaN,NaN,24.0,14.0,NaN,0.0,7.0,NaN,NaN,NaN,24.0,7.4,NaN,0.0,7.0,109.0,NaN,0.0,7.0,0.8,NaN,0.0,7.0,NaN,NaN,NaN,24.0,137.0,NaN,0.0,7.0,0.9,NaN,-0.2571428571428572,2.0,1.5,NaN,0.0,7.0,3.6,NaN,0.0,7.0,4.7,NaN,0.0,7.0,NaN,NaN,NaN,24.0,NaN,NaN,NaN,24.0,31.5,NaN,-0.585714285714286,0.0,11.7,NaN,0.0,7.0,27.4,NaN,0.0,7.0,18.2,NaN,0.0,7.0,NaN,NaN,NaN,24.0,135.0,NaN,0.0,7.0,27.0,1.0,0.0,1.0,-2.2258333333333336,8.0,0.0,1.0,1.0,1.0,0.0,0.0,0.0,0.0,0.0,0.0,1.0,0.0,0.0,0.0,0.0,0.0,NaN,NaN,NaN,1.0,NaN,NaN,NaN
107.5,NaN,-19.5,0.0,98.0,NaN,3.0,0.0,36.67,NaN,-0.10999999999999943,1.0,110.0,NaN,-17.0,0.0,78.0,NaN,-12.0,0.0,64.0,NaN,-8.0,0.0,14.5,NaN,-6.5,0.0,NaN,NaN,NaN,24.0,-2.0,NaN,0.75,3.0,18.0,NaN,0.0,8.0,NaN,NaN,NaN,24.0,7.34,NaN,0.013749999999999929,3.0,44.0,NaN,-0.125,3.0,NaN,NaN,NaN,24.0,NaN,NaN,NaN,24.0,14.0,NaN,0.0,8.0,NaN,NaN,NaN,24.0,7.4,NaN,0.0,8.0,109.0,NaN,0.0,8.0,0.8,NaN,0.0,8.0,NaN,NaN,NaN,24.0,137.0,NaN,0.0,8.0,0.9,NaN,-0.22500000000000003,3.0,1.5,NaN,0.0,8.0,3.6,NaN,0.0,8.0,4.7,NaN,0.0,8.0,NaN,NaN,NaN,24.0,NaN,NaN,NaN,24.0,31.5,NaN,-0.5125000000000002,1.0,11.7,NaN,0.0,8.0,27.4,NaN,0.0,8.0,18.2,NaN,0.0,8.0,NaN,NaN,NaN,24.0,135.0,NaN,0.0,8.0,27.0,1.0,0.0,1.0,-2.2258333333333336,9.0,0.0,0.0,1.0,1.0,0.0,0.0,0.0,0.0,0.0,0.0,1.0,0.0,0.0,0.0,0.0,0.0,NaN,NaN,NaN,1.0,NaN,NaN,NaN
106.0,NaN,-1.5,0.0,100.0,NaN,2.0,0.0,36.67,NaN,-0.08249999999999957,2.0,132.0,NaN,22.0,0.0,92.0,NaN,14.0,0.0,74.0,NaN,10.0,0.0,18.0,NaN,3.5,0.0,NaN,NaN,NaN,24.0,-2.0,NaN,0.6666666666666666,4.0,18.0,NaN,0.0,9.0,NaN,NaN,NaN,24.0,7.34,NaN,0.012222222222222159,4.0,44.0,NaN,-0.1111111111111111,4.0,NaN,NaN,NaN,24.0,NaN,NaN,NaN,24.0,14.0,NaN,0.0,9.0,NaN,NaN,NaN,24.0,7.4,NaN,0.0,9.0,109.0,NaN,0.0,9.0,0.8,NaN,0.0,9.0,NaN,NaN,NaN,24.0,137.0,NaN,0.0,9.0,0.9,NaN,-0.20000000000000004,4.0,1.5,NaN,0.0,9.0,3.6,NaN,0.0,9.0,4.7,NaN,0.0,9.0,NaN,NaN,NaN,24.0,NaN,NaN,NaN,24.0,31.5,NaN,-0.4555555555555557,2.0,11.7,NaN,0.0,9.0,27.4,NaN,0.0,9.0,18.2,NaN,0.0,9.0,NaN,NaN,NaN,24.0,135.0,NaN,0.0,9.0,27.0,1.0,0.0,1.0,-2.2258333333333336,10.0,0.0,0.0,1.0,1.0,0.0,0.0,0.0,0.0,0.0,0.0,1.0,0.0,0.0,0.0,0.0,0.0,NaN,NaN,NaN,1.0,NaN,NaN,NaN
116.0,NaN,10.0,0.0,99.0,NaN,-1.0,0.0,36.67,NaN,-0.06599999999999966,3.0,123.0,NaN,-9.0,0.0,96.0,NaN,4.0,0.0,83.0,NaN,9.0,0.0,27.0,NaN,9.0,0.0,NaN,NaN,NaN,24.0,-2.0,NaN,0.6,5.0,18.0,NaN,0.0,10.0,NaN,NaN,NaN,24.0,7.34,NaN,0.010999999999999944,5.0,44.0,NaN,-0.1,5.0,NaN,NaN,NaN,24.0,NaN,NaN,NaN,24.0,14.0,NaN,0.0,10.0,NaN,NaN,NaN,24.0,7.4,NaN,0.0,10.0,109.0,NaN,0.0,10.0,0.8,NaN,0.0,10.0,NaN,NaN,NaN,24.0,137.0,NaN,0.0,10.0,0.9,NaN,-0.18000000000000002,5.0,1.5,NaN,0.0,10.0,3.6,NaN,0.0,10.0,4.7,NaN,0.0,10.0,NaN,NaN,NaN,24.0,NaN,NaN,NaN,24.0,31.5,NaN,-0.41000000000000014,3.0,11.7,NaN,0.0,10.0,27.4,NaN,0.0,10.0,18.2,NaN,0.0,10.0,NaN,NaN,NaN,24.0,135.0,NaN,0.0,10.0,27.0,1.0,0.0,1.0,-2.2258333333333336,11.0,0.0,1.0,1.0,1.0,0.0,0.0,0.0,0.0,0.0,0.0,1.0,0.0,0.0,0.0,0.0,0.0,NaN,NaN,NaN,1.0,NaN,NaN,NaN
111.0,NaN,-5.0,0.0,96.0,NaN,-3.0,0.0,36.72,NaN,0.01249999999999929,0.0,123.0,NaN,0.0,0.0,90.0,NaN,-6.0,0.0,76.0,NaN,-7.0,0.0,28.0,NaN,1.0,0.0,NaN,NaN,NaN,24.0,-2.0,NaN,0.5454545454545454,6.0,18.0,NaN,0.0,11.0,NaN,NaN,NaN,24.0,7.34,NaN,0.009999999999999948,6.0,44.0,NaN,-0.09090909090909091,6.0,NaN,NaN,NaN,24.0,NaN,NaN,NaN,24.0,14.0,NaN,0.0,11.0,NaN,NaN,NaN,24.0,7.4,NaN,0.0,11.0,109.0,NaN,0.0,11.0,0.8,NaN,0.0,11.0,NaN,NaN,NaN,24.0,137.0,NaN,0.0,11.0,0.9,NaN,-0.16363636363636366,6.0,1.5,NaN,0.0,11.0,3.6,NaN,0.0,11.0,4.7,NaN,0.0,11.0,NaN,NaN,NaN,24.0,NaN,NaN,NaN,24.0,31.5,NaN,-0.37272727272727285,4.0,11.7,NaN,0.0,11.0,27.4,NaN,0.0,11.0,18.2,NaN,0.0,11.0,NaN,NaN,NaN,24.0,135.0,NaN,0.0,11.0,27.0,1.0,0.0,1.0,-2.2258333333333336,12.0,0.0,1.0,1.0,1.0,0.0,0.0,0.0,0.0,0.0,0.0,1.0,0.0,0.0,0.0,0.0,0.0,NaN,NaN,NaN,1.0,NaN,NaN,NaN
111.0,NaN,-2.5,1.0,96.0,NaN,-1.5,1.0,36.72,NaN,0.009999999999999431,1.0,123.0,NaN,0.0,1.0,90.0,NaN,-3.0,1.0,76.0,NaN,-3.5,1.0,28.0,NaN,0.5,1.0,NaN,NaN,NaN,24.0,-2.0,NaN,0.5,7.0,18.0,NaN,0.0,12.0,NaN,NaN,NaN,24.0,7.34,NaN,0.00916666666666662,7.0,44.0,NaN,-0.08333333333333333,7.0,NaN,NaN,NaN,24.0,NaN,NaN,NaN,24.0,14.0,NaN,0.0,12.0,NaN,NaN,NaN,24.0,7.4,NaN,0.0,12.0,109.0,NaN,0.0,12.0,0.8,NaN,0.0,12.0,NaN,NaN,NaN,24.0,137.0,NaN,0.0,12.0,0.9,NaN,-0.15000000000000002,7.0,1.5,NaN,0.0,12.0,3.6,NaN,0.0,12.0,4.7,NaN,0.0,12.0,NaN,NaN,NaN,24.0,NaN,NaN,NaN,24.0,32.1,NaN,0.12000000000000029,0.0,11.7,NaN,0.0,12.0,27.4,NaN,0.0,12.0,18.2,NaN,0.0,12.0,NaN,NaN,NaN,24.0,135.0,NaN,0.0,12.0,27.0,1.0,0.0,1.0,-2.2258333333333336,13.0,0.0,1.0,1.0,1.0,0.0,0.0,0.0,0.0,0.0,0.0,1.0,0.0,0.0,0.0,0.0,0.0,NaN,NaN,NaN,1.0,NaN,NaN,NaN
