79.0,NaN,NaN,24.0,100.0,NaN,NaN,24.0,NaN,NaN,NaN,24.0,120.0,NaN,NaN,24.0,95.0,NaN,NaN,24.0,89.0,NaN,NaN,24.0,16.0,NaN,NaN,24.0,NaN,NaN,NaN,24.0,NaN,NaN,NaN,24.0,NaN,NaN,NaN,24.0,0.4,NaN,NaN,24.0,NaN,NaN,NaN,24.0,NaN,NaN,NaN,24.0,NaN,NaN,NaN,24.0,NaN,NaN,NaN,24.0,NaN,NaN,NaN,24.0,NaN,NaN,NaN,24.0,NaN,NaN,NaN,24.0,NaN,NaN,NaN,24.0,NaN,NaN,NaN,24.0,NaN,NaN,NaN,24.0,NaN,NaN,NaN,24.0,NaN,NaN,NaN,24.0,NaN,NaN,NaN,24.0,NaN,NaN,NaN,24.0,NaN,NaN,NaN,24.0,NaN,NaN,NaN,24.0,NaN,NaN,NaN,24.0,NaN,NaN,NaN,24.0,NaN,NaN,NaN,24.0,NaN,NaN,NaN,24.0,NaN,NaN,NaN,24.0,NaN,NaN,NaN,24.0,NaN,NaN,NaN,24.0,62.0,1.0,0.0,1.0,-6.15,1.0,0.0,0.0,0.0,0.0,1.0,0.0,0.0,0.0,0.0,0.0,0.0,0.0,0.0,NaN,0.0,0.0,NaN,NaN,NaN,NaN,NaN,NaN,NaN
75.0,NaN,-4.0,0.0,100.0,NaN,0.0,0.0,NaN,NaN,NaN,24.0,121.0,NaN,1.0,0.0,94.0,NaN,-1.0,0.0,86.0,NaN,-3.0,0.0,28.0,NaN,12.0,0.0,NaN,NaN,NaN,24.0,NaN,NaN,NaN,24.0,NaN,NaN,NaN,24.0,0.4,NaN,0.0,1.0,NaN,NaN,NaN,24.0,NaN,NaN,NaN,24.0,NaN,NaN,NaN,24.0,NaN,NaN,NaN,24.0,NaN,NaN,NaN,24.0,NaN,NaN,NaN,24.0,NaN,NaN,NaN,24.0,NaN,NaN,NaN,24.0,NaN,NaN,NaN,24.0,NaN,NaN,NaN,24.0,NaN,NaN,NaN,24.0,NaN,NaN,NaN,24.0,NaN,NaN,NaN,24.0,NaN,NaN,NaN,24.0,NaN,NaN,NaN,24.0,NaN,NaN,NaN,24.0,NaN,NaN,NaN,24.0,NaN,NaN,NaN,24.0,NaN,NaN,NaN,24.0,NaN,NaN,NaN,24.0,NaN,NaN,NaN,24.0,NaN,NaN,NaN,24.0,NaN,NaN,NaN,24.0,62.0,1.0,0.0,1.0,-6.15,2.0,0.0,1.0,0.0,0.0,0.0,0.0,0.0,0.0,0.0,0.0,1.0,0.0,0.0,NaN,0.0,0.0,NaN,NaN,NaN,NaN,NaN,NaN,NaN
69.0,NaN,-6.0,0.0,100.0,NaN,0.0,0.0,NaN,NaN,NaN,24.0,111.0,NaN,-10.0,0.0,91.0,NaN,-3.0,0.0,85.0,NaN,-1.0,0.0,16.0,NaN,-12.0,0.0,NaN,NaN,NaN,24.0,NaN,NaN,NaN,24.0,25.0,NaN,0.0,0.0,0.4,NaN,0.0,2.0,NaN,NaN,NaN,24.0,NaN,NaN,NaN,24.0,NaN,NaN,NaN,24.0,NaN,NaN,NaN,24.0,9.0,NaN,0.0,0.0,NaN,NaN,NaN,24.0,8.2,NaN,0.0,0.0,108.0,NaN,0.0,0.0,0.9,NaN,0.0,0.0,NaN,NaN,NaN,24.0,80.0,NaN,0.0,0.0,NaN,NaN,NaN,24.0,2.2,NaN,0.0,0.0,2.4,NaN,0.0,0.0,3.8,NaN,0.0,0.0,NaN,NaN,NaN,24.0,NaN,NaN,NaN,24.0,42.2,NaN,0.0,0.0,14.3,NaN,0.0,0.0,30.1,NaN,0.0,0.0,7.5,NaN,0.0,0.0,NaN,NaN,NaN,24.0,234.0,NaN,0.0,0.0,62.0,1.0,0.0,1.0,-6.15,3.0,0.0,0.0,0.0,0.0,0.0,0.0,0.0,0.0,0.0,0.0,1.0,0.0,0.0,NaN,0.0,0.0,NaN,NaN,NaN,NaN,NaN,NaN,NaN
75.0,NaN,6.0,0.0,100.0,NaN,0.0,0.0,36.39,NaN,0.0,0.0,125.0,NaN,14.0,0.0,97.0,NaN,6.0,0.0,88.0,NaN,3.0,0.0,17.0,NaN,1.0,0.0,NaN,NaN,NaN,24.0,NaN,NaN,NaN,24.0,25.0,NaN,0.0,1.0,0.4,NaN,0.0,0.0,NaN,NaN,NaN,24.0,NaN,NaN,NaN,24.0,NaN,NaN,NaN,24.0,NaN,NaN,NaN,24.0,9.0,NaN,0.0,1.0,NaN,NaN,NaN,24.0,8.2,NaN,0.0,1.0,108.0,NaN,0.0,1.0,0.9,NaN,0.0,1.0,NaN,NaN,NaN,24.0,80.0,NaN,0.0,1.0,NaN,NaN,NaN,24.0,2.2,NaN,0.0,1.0,2.4,NaN,0.0,1.0,3.8,NaN,0.0,1.0,NaN,NaN,NaN,24.0,NaN,NaN,NaN,24.0,42.2,NaN,0.0,1.0,14.3,NaN,0.0,1.0,30.1,NaN,0.0,1.0,7.5,NaN,0.0,1.0,NaN,NaN,NaN,24.0,234.0,NaN,0.0,1.0,62.0,1.0,0.0,1.0,-6.15,4.0,0.0,0.0,0.0,0.0,1.0,0.0,0.0,0.0,0.0,0.0,0.0,0.0,0.0,NaN,0.0,0.0,NaN,NaN,NaN,NaN,NaN,NaN,NaN
84.0,NaN,9.0,0.0,100.0,NaN,0.0,0.0,36.39,NaN,0.0,0.0,148.0,NaN,23.0,0.0,103.0,NaN,6.0,0.0,88.0,NaN,0.0,0.0,25.0,NaN,8.0,0.0,NaN,NaN,NaN,24.0,0.0,NaN,0.0,0.0,25.0,NaN,0.0,2.0,0.4,NaN,0.0,1.0,7.31,NaN,0.0,0.0,52.0,NaN,0.0,0.0,NaN,NaN,NaN,24.0,NaN,NaN,NaN,24.0,9.0,NaN,0.0,2.0,NaN,NaN,NaN,24.0,8.2,NaN,0.0,2.0,108.0,NaN,0.0,2.0,0.9,NaN,0.0,2.0,NaN,NaN,NaN,24.0,80.0,NaN,0.0,2.0,1.9,NaN,0.0,0.0,2.2,NaN,0.0,2.0,2.4,NaN,0.0,2.0,3.8,NaN,0.0,2.0,NaN,NaN,NaN,24.0,NaN,NaN,NaN,24.0,42.2,NaN,0.0,2.0,14.3,NaN,0.0,2.0,30.1,NaN,0.0,2.0,7.5,NaN,0.0,2.0,NaN,NaN,NaN,24.0,234.0,NaN,0.0,2.0,62.0,1.0,0.0,1.0,-6.15,5.0,0.0,1.0,0.0,0.0,0.0,0.0,0.0,0.0,0.0,0.0,0.0,0.0,0.0,NaN,0.0,0.0,NaN,NaN,NaN,NaN,NaN,NaN,NaN
78.0,NaN,-6.0,0.0,100.0,NaN,0.0,0.0,36.39,NaN,0.0,1.0,136.0,NaN,-12.0,0.0,101.0,NaN,-2.0,0.0,90.0,NaN,2.0,0.0,12.0,NaN,-13.0,0.0,NaN,NaN,NaN,24.0,0.0,NaN,0.0,1.0,25.0,NaN,0.0,3.0,0.4,NaN,0.0,2.0,7.31,NaN,0.0,1.0,52.0,NaN,0.0,1.0,NaN,NaN,NaN,24.0,NaN,NaN,NaN,24.0,9.0,NaN,0.0,3.0,NaN,NaN,NaN,24.0,8.2,NaN,0.0,3.0,108.0,NaN,0.0,3.0,0.9,NaN,0.0,3.0,NaN,NaN,NaN,24.0,80.0,NaN,0.0,3.0,1.9,NaN,0.0,1.0,2.2,NaN,0.0,3.0,2.4,NaN,0.0,3.0,3.8,NaN,0.0,3.0,NaN,NaN,NaN,24.0,NaN,NaN,NaN,24.0,42.2,NaN,0.0,3.0,14.3,NaN,0.0,3.0,30.1,NaN,0.0,3.0,7.5,NaN,0.0,3.0,NaN,NaN,NaN,24.0,234.0,NaN,0.0,3.0,62.0,1.0,0.0,1.0,-6.15,6.0,0.0,0.0,0.0,0.0,0.0,0.0,0.0,0.0,0.0,0.0,1.0,0.0,0.0,NaN,0.0,0.0,NaN,NaN,NaN,NaN,NaN,NaN,NaN
91.0,NaN,13.0,0.0,100.0,NaN,0.0,0.0,36.39,NaN,0.0,2.0,138.0,NaN,2.0,0.0,99.0,NaN,-2.0,0.0,86.0,NaN,-4.0,0.0,17.0,NaN,5.0,0.0,NaN,NaN,NaN,24.0,0.0,NaN,0.0,2.0,25.0,NaN,0.0,4.0,0.5,NaN,0.033333333333333326,0.0,7.31,NaN,0.0,2.0,52.0,NaN,0.0,2.0,NaN,NaN,NaN,24.0,NaN,NaN,NaN,24.0,9.0,NaN,0.0,4.0,NaN,NaN,NaN,24.0,8.2,NaN,0.0,4.0,108.0,NaN,0.0,4.0,0.9,NaN,0.0,4.0,NaN,NaN,NaN,24.0,80.0,NaN,0.0,4.0,1.9,NaN,0.0,2.0,2.2,NaN,0.0,4.0,2.4,NaN,0.0,4.0,3.8,NaN,0.0,4.0,NaN,NaN,NaN,24.0,NaN,NaN,NaN,24.0,42.2,NaN,0.0,4.0,14.3,NaN,0.0,4.0,30.1,NaN,0.0,4.0,7.5,NaN,0.0,4.0,NaN,NaN,NaN,24.0,234.0,NaN,0.0,4.0,62.0,1.0,0.0,1.0,-6.15,7.0,0.0,0.0,1.0,0.0,2.0,0.0,0.0,0.0,0.0,0.0,0.0,0.0,0.0,NaN,0.0,0.0,NaN,NaN,NaN,NaN,NaN,NaN,NaN
86.0,NaN,-5.0,0.0,96.0,NaN,-4.0,0.0,36.61,NaN,0.07333333333333296,0.0,130.0,NaN,-8.0,0.0,90.0,NaN,-9.0,0.0,77.0,NaN,-9.0,0.0,14.0,NaN,-3.0,0.0,NaN,NaN,NaN,24.0,0.0,NaN,0.0,3.0,25.0,NaN,0.0,5.0,0.5,NaN,0.024999999999999994,1.0,7.31,NaN,0.0,3.0,52.0,NaN,0.0,3.0,NaN,NaN,NaN,24.0,NaN,NaN,NaN,24.0,9.0,NaN,0.0,5.0,NaN,NaN,NaN,24.0,8.2,NaN,0.0,5.0,108.0,NaN,0.0,5.0,0.9,NaN,0.0,5.0,NaN,NaN,NaN,24.0,80.0,NaN,0.0,5.0,1.9,NaN,0.0,3.0,2.2,NaN,0.0,5.0,2.4,NaN,0.0,5.0,3.8,NaN,0.0,5.0,NaN,NaN,NaN,24.0,NaN,NaN,NaN,24.0,42.2,NaN,0.0,5.0,14.3,NaN,0.0,5.0,30.1,NaN,0.0,5.0,7.5,NaN,0.0,5.0,NaN,NaN,NaN,24.0,234.0,NaN,0.0,5.0,62.0,1.0,0.0,1.0,-6.15,8.0,0.0,0.0,0.0,0.0,0.0,0.0,0.0,0.0,0.0,0.0,1.0,0.0,0.0,NaN,0.0,0.0,NaN,NaN,NaN,NaN,NaN,NaN,NaN
88.0,NaN,2.0,0.0,97.0,NaN,1.0,0.0,36.61,NaN,0.054999999999999716,1.0,127.0,NaN,-3.0,0.0,93.0,NaN,3.0,0.0,82.0,NaN,5.0,0.0,13.0,NaN,-1.0,0.0,NaN,NaN,NaN,24.0,0.0,NaN,0.0,4.0,25.0,NaN,0.0,6.0,0.5,NaN,0.019999999999999997,2.0,7.31,NaN,0.0,4.0,52.0,NaN,0.0,4.0,NaN,NaN,NaN,24.0,NaN,NaN,NaN,24.0,9.0,NaN,0.0,6.0,NaN,NaN,NaN,24.0,8.2,NaN,0.0,6.0,108.0,NaN,0.0,6.0,0.9,NaN,0.0,6.0,NaN,NaN,NaN,24.0,80.0,NaN,0.0,6.0,1.9,NaN,0.0,4.0,2.2,NaN,0.0,6.0,2.4,NaN,0.0,6.0,3.8,NaN,0.0,6.0,NaN,NaN,NaN,24.0,NaN,NaN,NaN,24.0,42.2,NaN,0.0,6.0,14.3,NaN,0.0,6.0,30.1,NaN,0.0,6.0,7.5,NaN,0.0,6.0,NaN,NaN,NaN,24.0,234.0,NaN,0.0,6.0,62.0,1.0,0.0,1.0,-6.15,9.0,0.0,0.0,0.0,0.0,0.0,0.0,0.0,0.0,0.0,0.0,1.0,0.0,0.0,NaN,0.0,0.0,NaN,NaN,NaN,NaN,NaN,NaN,NaN
95.0,NaN,7.0,0.0,97.0,NaN,0.0,0.0,36.61,NaN,0.043999999999999775,2.0,139.0,NaN,12.0,0.0,96.0,NaN,3.0,0.0,81.0,NaN,-1.0,0.0,25.0,NaN,12.0,0.0,NaN,NaN,NaN,24.0,0.0,NaN,0.0,5.0,25.0,NaN,0.0,7.0,0.5,NaN,0.016666666666666663,3.0,7.31,NaN,0.0,5.0,52.0,NaN,0.0,5.0,NaN,NaN,NaN,24.0,NaN,NaN,NaN,24.0,9.0,NaN,0.0,7.0,NaN,NaN,NaN,24.0,8.2,NaN,0.0,7.0,108.0,NaN,0.0,7.0,0.9,NaN,0.0,7.0,NaN,NaN,NaN,24.0,80.0,NaN,0.0,7.0,1.9,NaN,0.0,5.0,2.2,NaN,0.0,7.0,2.4,NaN,0.0,7.0,3.8,NaN,0.0,7.0,NaN,NaN,NaN,24.0,NaN,NaN,NaN,24.0,42.2,NaN,0.0,7.0,14.3,NaN,0.0,7.0,30.1,NaN,0.0,7.0,7.5,NaN,0.0,7.0,NaN,NaN,NaN,24.0,234.0,NaN,0.0,7.0,62.0,1.0,0.0,1.0,-6.15,10.0,0.0,1.0,1.0,0.0,0.0,0.0,0.0,0.0,0.0,0.0,1.0,0.0,0.0,NaN,0.0,0.0,NaN,NaN,NaN,NaN,NaN,NaN,NaN
85.0,NaN,-10.0,0.0,97.0,NaN,0.0,0.0,36.61,NaN,0.03666666666666648,3.0,143.0,NaN,4.0,0.0,102.0,NaN,6.0,0.0,88.0,NaN,7.0,0.0,15.0,NaN,-10.0,0.0,NaN,NaN,NaN,24.0,0.0,NaN,0.0,6.0,25.0,NaN,0.0,8.0,0.5,NaN,0.014285714285714282,4.0,7.31,NaN,0.0,6.0,52.0,NaN,0.0,6.0,NaN,NaN,NaN,24.0,NaN,NaN,NaN,24.0,9.0,NaN,0.0,8.0,NaN,NaN,NaN,24.0,8.2,NaN,0.0,8.0,108.0,NaN,0.0,8.0,0.9,NaN,0.0,8.0,NaN,NaN,NaN,24.0,80.0,NaN,0.0,8.0,1.9,NaN,0.0,6.0,2.2,NaN,0.0,8.0,2.4,NaN,0.0,8.0,3.8,NaN,0.0,8.0,NaN,NaN,NaN,24.0,NaN,NaN,NaN,24.0,42.2,NaN,0.0,8.0,14.3,NaN,0.0,8.0,30.1,NaN,0.0,8.0,7.5,NaN,0.0,8.0,NaN,NaN,NaN,24.0,234.0,NaN,0.0,8.0,62.0,1.0,0.0,1.0,-6.15,11.0,0.0,0.0,0.0,0.0,0.0,0.0,0.0,0.0,0.0,0.0,1.0,0.0,0.0,NaN,0.0,0.0,NaN,NaN,NaN,NaN,NaN,NaN,NaN
85.0,NaN,0.0,0.0,98.0,NaN,1.0,0.0,36.61,NaN,0.031428571428571264,4.0,155.0,NaN,12.0,0.0,112.0,NaN,10.0,0.0,99.0,NaN,11.0,0.0,22.0,NaN,7.0,0.0,NaN,NaN,NaN,24.0,0.0,NaN,0.0,7.0,25.0,NaN,0.0,9.0,0.5,NaN,0.012499999999999997,5.0,7.31,NaN,0.0,7.0,52.0,NaN,0.0,7.0,NaN,NaN,NaN,24.0,NaN,NaN,NaN,24.0,9.0,NaN,0.0,9.0,NaN,NaN,NaN,24.0,8.2,NaN,0.0,9.0,108.0,NaN,0.0,9.0,0.9,NaN,0.0,9.0,NaN,NaN,NaN,24.0,80.0,NaN,0.0,9.0,1.9,NaN,0.0,7.0,2.2,NaN,0.0,9.0,2.4,NaN,0.0,9.0,3.8,NaN,0.0,9.0,NaN,NaN,NaN,24.0,NaN,NaN,NaN,24.0,42.2,NaN,0.0,9.0,14.3,NaN,0.0,9.0,30.1,NaN,0.0,9.0,7.5,NaN,0.0,9.0,NaN,NaN,NaN,24.0,234.0,NaN,0.0,9.0,62.0,1.0,0.0,1.0,-6.15,12.0,0.0,1.0,0.0,0.0,0.0,0.0,0.0,0.0,0.0,0.0,1.0,0.0,0.0,NaN,0.0,0.0,NaN,NaN,NaN,NaN,NaN,NaN,NaN
79.0,NaN,-6.0,0.0,95.0,NaN,-3.0,0.0,36.56,NaN,-0.009999999999999431,0.0,151.0,NaN,-4.0,0.0,93.0,NaN,-19.0,0.0,78.0,NaN,-21.0,0.0,16.0,NaN,-6.0,0.0,NaN,NaN,NaN,24.0,0.0,NaN,0.0,8.0,25.0,NaN,0.0,10.0,0.5,NaN,0.011111111111111108,6.0,7.31,NaN,0.0,8.0,52.0,NaN,0.0,8.0,NaN,NaN,NaN,24.0,NaN,NaN,NaN,24.0,9.0,NaN,0.0,10.0,NaN,NaN,NaN,24.0,8.2,NaN,0.0,10.0,108.0,NaN,0.0,10.0,0.9,NaN,0.0,10.0,NaN,NaN,NaN,24.0,80.0,NaN,0.0,10.0,1.9,NaN,0.0,8.0,2.2,NaN,0.0,10.0,2.4,NaN,0.0,10.0,3.8,NaN,0.0,10.0,NaN,NaN,NaN,24.0,NaN,NaN,NaN,24.0,42.2,NaN,0.0,10.0,14.3,NaN,0.0,10.0,30.1,NaN,0.0,10.0,7.5,NaN,0.0,10.0,NaN,NaN,NaN,24.0,234.0,NaN,0.0,10.0,62.0,1.0,0.0,1.0,-6.15,13.0,0.0,0.0,0.0,0.0,0.0,0.0,0.0,0.0,0.0,0.0,1.0,0.0,0.0,NaN,0.0,0.0,NaN,NaN,NaN,NaN,NaN,NaN,NaN
114.0,NaN,35.0,0.0,98.0,NaN,3.0,0.0,36.56,NaN,-0.00833333333333286,1.0,157.0,NaN,6.0,0.0,105.0,NaN,12.0,0.0,88.0,NaN,10.0,0.0,20.0,NaN,4.0,0.0,NaN,NaN,NaN,24.0,0.0,NaN,0.0,9.0,25.0,NaN,0.0,11.0,0.5,NaN,0.009999999999999998,7.0,7.31,NaN,0.0,9.0,52.0,NaN,0.0,9.0,NaN,NaN,NaN,24.0,NaN,NaN,NaN,24.0,9.0,NaN,0.0,11.0,NaN,NaN,NaN,24.0,8.2,NaN,0.0,11.0,108.0,NaN,0.0,11.0,0.9,NaN,0.0,11.0,NaN,NaN,NaN,24.0,80.0,NaN,0.0,11.0,1.9,NaN,0.0,9.0,2.2,NaN,0.0,11.0,2.4,NaN,0.0,11.0,3.8,NaN,0.0,11.0,NaN,NaN,NaN,24.0,NaN,NaN,NaN,24.0,42.2,NaN,0.0,11.0,14.3,NaN,0.0,11.0,30.1,NaN,0.0,11.0,7.5,NaN,0.0,11.0,NaN,NaN,NaN,24.0,234.0,NaN,0.0,11.0,62.0,1.0,0.0,1.0,-6.15,14.0,0.0,0.0,1.0,0.0,0.0,0.0,0.0,0.0,0.0,0.0,1.0,0.0,0.0,NaN,0.0,0.0,NaN,NaN,NaN,NaN,NaN,NaN,NaN
87.0,NaN,-27.0,0.0,98.0,NaN,0.0,0.0,36.56,NaN,-0.007142857142856737,2.0,132.0,NaN,-25.0,0.0,96.0,NaN,-9.0,0.0,86.0,NaN,-2.0,0.0,14.0,NaN,-6.0,0.0,NaN,NaN,NaN,24.0,0.0,NaN,0.0,10.0,25.0,NaN,0.0,12.0,0.5,NaN,0.009090909090909089,8.0,7.31,NaN,0.0,10.0,52.0,NaN,0.0,10.0,NaN,NaN,NaN,24.0,NaN,NaN,NaN,24.0,9.0,NaN,0.0,12.0,NaN,NaN,NaN,24.0,8.2,NaN,0.0,12.0,108.0,NaN,0.0,12.0,0.9,NaN,0.0,12.0,NaN,NaN,NaN,24.0,80.0,NaN,0.0,12.0,1.9,NaN,0.0,10.0,2.2,NaN,0.0,12.0,2.4,NaN,0.0,12.0,3.8,NaN,0.0,12.0,NaN,NaN,NaN,24.0,NaN,NaN,NaN,24.0,42.2,NaN,0.0,12.0,14.3,NaN,0.0,12.0,30.1,NaN,0.0,12.0,7.5,NaN,0.0,12.0,NaN,NaN,NaN,24.0,234.0,NaN,0.0,12.0,62.0,1.0,0.0,1.0,-6.15,15.0,0.0,0.0,0.0,0.0,0.0,0.0,0.0,0.0,0.0,0.0,1.0,0.0,0.0,NaN,0.0,0.0,NaN,NaN,NaN,NaN,NaN,NaN,NaN
87.0,NaN,0.0,0.0,99.0,NaN,1.0,0.0,37.06,NaN,0.16666666666666666,0.0,123.0,NaN,-9.0,0.0,88.0,NaN,-8.0,0.0,76.0,NaN,-10.0,0.0,13.0,NaN,-1.0,0.0,NaN,NaN,NaN,24.0,0.0,NaN,0.0,11.0,25.0,NaN,0.0,13.0,0.5,NaN,0.008333333333333331,9.0,7.31,NaN,0.0,11.0,52.0,NaN,0.0,11.0,NaN,NaN,NaN,24.0,NaN,NaN,NaN,24.0,9.0,NaN,0.0,13.0,NaN,NaN,NaN,24.0,8.2,NaN,0.0,13.0,108.0,NaN,0.0,13.0,0.9,NaN,0.0,13.0,NaN,NaN,NaN,24.0,80.0,NaN,0.0,13.0,1.9,NaN,0.0,11.0,2.2,NaN,0.0,13.0,2.4,NaN,0.0,13.0,3.8,NaN,0.0,13.0,NaN,NaN,NaN,24.0,NaN,NaN,NaN,24.0,42.2,NaN,0.0,13.0,14.3,NaN,0.0,13.0,30.1,NaN,0.0,13.0,7.5,NaN,0.0,13.0,NaN,NaN,NaN,24.0,234.0,NaN,0.0,13.0,62.0,1.0,0.0,1.0,-6.15,16.0,0.0,0.0,0.0,0.0,0.0,0.0,0.0,0.0,0.0,0.0,1.0,0.0,0.0,NaN,0.0,0.0,NaN,NaN,NaN,NaN,NaN,NaN,NaN
