100.0,NaN,NaN,24.0,95.0,NaN,NaN,24.0,36.61,NaN,NaN,24.0,129.0,NaN,NaN,24.0,101.0,NaN,NaN,24.0,98.0,NaN,NaN,24.0,20.0,NaN,NaN,24.0,NaN,NaN,NaN,24.0,NaN,NaN,NaN,24.0,27.0,NaN,NaN,24.0,NaN,NaN,NaN,24.0,NaN,NaN,NaN,24.0,NaN,NaN,NaN,24.0,NaN,NaN,NaN,24.0,NaN,NaN,NaN,24.0,22.0,NaN,NaN,24.0,NaN,NaN,NaN,24.0,8.8,NaN,NaN,24.0,108.0,NaN,NaN,24.0,1.2,NaN,NaN,24.0,NaN,NaN,NaN,24.0,138.0,NaN,NaN,24.0,NaN,NaN,NaN,24.0,1.9,NaN,NaN,24.0,3.5,NaN,NaN,24.0,3.7,NaN,NaN,24.0,NaN,NaN,NaN,24.0,0.01,NaN,NaN,24.0,32.0,NaN,NaN,24.0,10.3,NaN,NaN,24.0,35.9,NaN,NaN,24.0,7.4,NaN,NaN,24.0,NaN,NaN,NaN,24.0,127.0,NaN,NaN,24.0,91.0,1.0,1.0,0.0,-7.616666666666666,1.0,0.0,0.0,1.0,0.0,0.0,1.0,0.0,0.0,0.0,1.0,1.0,0.0,0.0,0.0,0.0,0.0,NaN,NaN,NaN,1.0,NaN,NaN,NaN
110.0,NaN,10.0,0.0,98.0,NaN,3.0,0.0,36.61,NaN,0.0,1.0,135.0,NaN,6.0,0.0,91.0,NaN,-10.0,0.0,80.0,NaN,-18.0,0.0,19.0,NaN,-1.0,0.0,NaN,NaN,NaN,24.0,NaN,NaN,NaN,24.0,27.0,NaN,0.0,1.0,NaN,NaN,NaN,24.0,NaN,NaN,NaN,24.0,NaN,NaN,NaN,24.0,NaN,NaN,NaN,24.0,NaN,NaN,NaN,24.0,22.0,NaN,0.0,1.0,NaN,NaN,NaN,24.0,8.8,NaN,0.0,1.0,108.0,NaN,0.0,1.0,1.2,NaN,0.0,1.0,NaN,NaN,NaN,24.0,138.0,NaN,0.0,1.0,2.7,NaN,0.0,0.0,1.9,NaN,0.0,1.0,3.5,NaN,0.0,1.0,3.7,NaN,0.0,1.0,NaN,NaN,NaN,24.0,0.01,NaN,0.0,1.0,32.0,NaN,0.0,1.0,10.3,NaN,0.0,1.0,35.9,NaN,0.0,1.0,7.4,NaN,0.0,1.0,NaN,NaN,NaN,24.0,127.0,NaN,0.0,1.0,91.0,1.0,1.0,0.0,-7.616666666666666,2.0,0.0,0.0,1.0,0.0,0.0,0.0,0.0,0.0,1.0,0.0,1.0,0.0,0.0,0.0,0.0,0.0,NaN,NaN,NaN,1.0,NaN,NaN,NaN
109.0,NaN,-1.0,0.0,95.0,NaN,-3.0,0.0,36.61,NaN,0.0,2.0,148.0,NaN,13.0,0.0,88.0,NaN,-3.0,0.0,74.0,NaN,-6.0,0.0,17.0,NaN,-2.0,0.0,NaN,NaN,NaN,24.0,NaN,NaN,NaN,24.0,27.0,NaN,0.0,2.0,NaN,NaN,NaN,24.0,NaN,NaN,NaN,24.0,NaN,NaN,NaN,24.0,NaN,NaN,NaN,24.0,NaN,NaN,NaN,24.0,22.0,NaN,0.0,2.0,NaN,NaN,NaN,24.0,8.8,NaN,0.0,2.0,108.0,NaN,0.0,2.0,1.2,NaN,0.0,2.0,NaN,NaN,NaN,24.0,138.0,NaN,0.0,2.0,2.7,NaN,0.0,1.0,1.9,NaN,0.0,2.0,3.5,NaN,0.0,2.0,3.7,NaN,0.0,2.0,NaN,NaN,NaN,24.0,0.01,NaN,0.0,2.0,32.0,NaN,0.0,2.0,10.3,NaN,0.0,2.0,35.9,NaN,0.0,2.0,7.4,NaN,0.0,2.0,NaN,NaN,NaN,24.0,127.0,NaN,0.0,2.0,91.0,1.0,1.0,0.0,-7.616666666666666,3.0,0.0,0.0,1.0,0.0,0.0,0.0,0.0,0.0,0.0,0.0,1.0,0.0,0.0,0.0,0.0,0.0,NaN,NaN,NaN,1.0,NaN,NaN,NaN
113.0,NaN,4.0,0.0,96.0,NaN,1.0,0.0,36.61,NaN,0.0,0.0,162.0,NaN,14.0,0.0,104.0,NaN,16.0,0.0,85.0,NaN,11.0,0.0,21.0,NaN,4.0,0.0,NaN,NaN,NaN,24.0,NaN,NaN,NaN,24.0,27.0,NaN,0.0,3.0,NaN,NaN,NaN,24.0,NaN,NaN,NaN,24.0,NaN,NaN,NaN,24.0,NaN,NaN,NaN,24.0,NaN,NaN,NaN,24.0,22.0,NaN,0.0,3.0,NaN,NaN,NaN,24.0,8.8,NaN,0.0,3.0,108.0,NaN,0.0,3.0,1.2,NaN,0.0,3.0,NaN,NaN,NaN,24.0,138.0,NaN,0.0,3.0,2.7,NaN,0.0,2.0,1.9,NaN,0.0,3.0,3.5,NaN,0.0,3.0,3.7,NaN,0.0,3.0,NaN,NaN,NaN,24.0,0.01,NaN,0.0,3.0,32.0,NaN,0.0,3.0,10.3,NaN,0.0,3.0,35.9,NaN,0.0,3.0,7.4,NaN,0.0,3.0,NaN,NaN,NaN,24.0,127.0,NaN,0.0,3.0,91.0,1.0,1.0,0.0,-7.616666666666666,4.0,0.0,1.0,1.0,0.0,0.0,0.0,0.0,0.0,0.0,0.0,1.0,0.0,0.0,0.0,0.0,0.0,NaN,NaN,NaN,1.0,NaN,NaN,NaN
110.0,NaN,-3.0,0.0,99.0,NaN,3.0,0.0,36.61,NaN,0.0,1.0,128.0,NaN,-34.0,0.0,80.0,NaN,-24.0,0.0,67.0,NaN,-18.0,0.0,20.0,NaN,-1.0,0.0,NaN,NaN,NaN,24.0,NaN,NaN,NaN,24.0,27.0,NaN,0.0,4.0,NaN,NaN,NaN,24.0,NaN,NaN,NaN,24.0,NaN,NaN,NaN,24.0,NaN,NaN,NaN,24.0,NaN,NaN,NaN,24.0,22.0,NaN,0.0,4.0,NaN,NaN,NaN,24.0,8.8,NaN,0.0,4.0,108.0,NaN,0.0,4.0,1.2,NaN,0.0,4.0,NaN,NaN,NaN,24.0,138.0,NaN,0.0,4.0,2.7,NaN,0.0,3.0,1.9,NaN,0.0,4.0,3.5,NaN,0.0,4.0,3.7,NaN,0.0,4.0,NaN,NaN,NaN,24.0,0.01,NaN,0.0,4.0,32.0,NaN,0.0,0.0,10.3,NaN,0.0,4.0,35.9,NaN,0.0,4.0,7.4,NaN,0.0,4.0,NaN,NaN,NaN,24.0,127.0,NaN,0.0,4.0,91.0,1.0,1.0,0.0,-7.616666666666666,5.0,0.0,0.0,1.0,0.0,0.0,0.0,0.0,0.0,0.0,0.0,1.0,0.0,0.0,0.0,0.0,0.0,NaN,NaN,NaN,1.0,NaN,NaN,NaN
110.0,NaN,0.0,0.0,94.0,NaN,-5.0,0.0,36.61,NaN,0.0,2.0,136.0,NaN,8.0,0.0,92.0,NaN,12.0,0.0,81.0,NaN,14.0,0.0,19.0,NaN,-1.0,0.0,NaN,NaN,NaN,24.0,NaN,NaN,NaN,24.0,27.0,NaN,0.0,5.0,NaN,NaN,NaN,24.0,NaN,NaN,NaN,24.0,NaN,NaN,NaN,24.0,NaN,NaN,NaN,24.0,NaN,NaN,NaN,24.0,22.0,NaN,0.0,5.0,NaN,NaN,NaN,24.0,8.8,NaN,0.0,5.0,108.0,NaN,0.0,5.0,1.2,NaN,0.0,5.0,NaN,NaN,NaN,24.0,138.0,NaN,0.0,5.0,2.7,NaN,0.0,4.0,1.9,NaN,0.0,5.0,3.5,NaN,0.0,5.0,3.7,NaN,0.0,5.0,NaN,NaN,NaN,24.0,0.01,NaN,0.0,5.0,32.0,NaN,0.0,1.0,10.3,NaN,0.0,5.0,35.9,NaN,0.0,5.0,7.4,NaN,0.0,5.0,NaN,NaN,NaN,24.0,127.0,NaN,0.0,5.0,91.0,1.0,1.0,0.0,-7.616666666666666,6.0,0.0,0.0,1.0,0.0,0.0,0.0,0.0,0.0,0.0,0.0,1.0,0.0,0.0,0.0,0.0,0.0,NaN,NaN,NaN,1.0,NaN,NaN,NaN
113.0,NaN,3.0,0.0,95.0,NaN,1.0,0.0,36.61,NaN,0.0,3.0,145.0,NaN,9.0,0.0,92.0,NaN,0.0,0.0,78.0,NaN,-3.0,0.0,20.0,NaN,1.0,0.0,NaN,NaN,NaN,24.0,NaN,NaN,NaN,24.0,27.0,NaN,0.0,6.0,NaN,NaN,NaN,24.0,NaN,NaN,NaN,24.0,NaN,NaN,NaN,24.0,NaN,NaN,NaN,24.0,NaN,NaN,NaN,24.0,22.0,NaN,0.0,6.0,NaN,NaN,NaN,24.0,8.8,NaN,0.0,6.0,108.0,NaN,0.0,6.0,1.2,NaN,0.0,6.0,NaN,NaN,NaN,24.0,138.0,NaN,0.0,6.0,2.7,NaN,0.0,5.0,1.9,NaN,0.0,6.0,3.5,NaN,0.0,6.0,3.7,NaN,0.0,6.0,NaN,NaN,NaN,24.0,0.01,NaN,0.0,6.0,32.0,NaN,0.0,2.0,10.3,NaN,0.0,6.0,35.9,NaN,0.0,6.0,7.4,NaN,0.0,6.0,NaN,NaN,NaN,24.0,127.0,NaN,0.0,6.0,91.0,1.0,1.0,0.0,-7.616666666666666,7.0,0.0,0.0,1.0,0.0,0.0,0.0,0.0,0.0,0.0,0.0,1.0,0.0,0.0,0.0,0.0,0.0,NaN,NaN,NaN,1.0,NaN,NaN,NaN
109.0,NaN,-4.0,0.0,94.0,NaN,-1.0,0.0,37.11,NaN,0.125,0.0,156.0,NaN,11.0,0.0,94.0,NaN,2.0,0.0,79.0,NaN,1.0,0.0,22.0,NaN,2.0,0.0,NaN,NaN,NaN,24.0,NaN,NaN,NaN,24.0,27.0,NaN,0.0,7.0,NaN,NaN,NaN,24.0,NaN,NaN,NaN,24.0,NaN,NaN,NaN,24.0,NaN,NaN,NaN,24.0,NaN,NaN,NaN,24.0,22.0,NaN,0.0,7.0,NaN,NaN,NaN,24.0,8.8,NaN,0.0,7.0,108.0,NaN,0.0,7.0,1.2,NaN,0.0,7.0,NaN,NaN,NaN,24.0,138.0,NaN,0.0,7.0,2.7,NaN,0.0,6.0,1.9,NaN,0.0,7.0,3.5,NaN,0.0,7.0,3.7,NaN,0.0,7.0,NaN,NaN,NaN,24.0,0.01,NaN,0.0,7.0,32.0,NaN,0.0,3.0,10.3,NaN,0.0,7.0,35.9,NaN,0.0,7.0,7.4,NaN,0.0,7.0,NaN,NaN,NaN,24.0,127.0,NaN,0.0,7.0,91.0,1.0,1.0,0.0,-7.616666666666666,8.0,0.0,1.0,1.0,0.0,0.0,0.0,0.0,0.0,0.0,0.0,1.0,0.0,0.0,0.0,0.0,0.0,NaN,NaN,NaN,1.0,NaN,NaN,NaN
106.0,NaN,-3.0,0.0,94.0,NaN,0.0,0.0,37.11,NaN,0.1,1.0,163.0,NaN,7.0,0.0,92.0,NaN,-2.0,0.0,72.0,NaN,-7.0,0.0,22.0,NaN,0.0,0.0,NaN,NaN,NaN,24.0,NaN,NaN,NaN,24.0,27.0,NaN,0.0,8.0,NaN,NaN,NaN,24.0,NaN,NaN,NaN,24.0,NaN,NaN,NaN,24.0,NaN,NaN,NaN,24.0,NaN,NaN,NaN,24.0,22.0,NaN,0.0,8.0,NaN,NaN,NaN,24.0,8.8,NaN,0.0,8.0,106.0,NaN,-0.25,0.0,1.3,NaN,0.012500000000000011,0.0,NaN,NaN,NaN,24.0,138.0,NaN,0.0,8.0,1.7,NaN,-0.14285714285714288,0.0,1.8,NaN,-0.012499999999999983,0.0,3.5,NaN,0.0,8.0,3.8,NaN,0.012499999999999956,0.0,NaN,NaN,NaN,24.0,0.01,NaN,0.0,8.0,31.4,NaN,-0.15000000000000036,0.0,10.3,NaN,0.0,8.0,35.9,NaN,0.0,8.0,7.4,NaN,0.0,8.0,NaN,NaN,NaN,24.0,127.0,NaN,0.0,8.0,91.0,1.0,1.0,0.0,-7.616666666666666,9.0,0.0,1.0,1.0,0.0,0.0,0.0,0.0,0.0,0.0,1.0,1.0,0.0,0.0,0.0,0.0,0.0,NaN,NaN,NaN,1.0,NaN,NaN,NaN
108.0,NaN,2.0,0.0,100.0,NaN,6.0,0.0,37.11,NaN,0.08333333333333333,2.0,161.0,NaN,-2.0,0.0,88.0,NaN,-4.0,0.0,64.0,NaN,-8.0,0.0,22.0,NaN,0.0,0.0,NaN,NaN,NaN,24.0,NaN,NaN,NaN,24.0,27.0,NaN,0.0,9.0,NaN,NaN,NaN,24.0,NaN,NaN,NaN,24.0,NaN,NaN,NaN,24.0,NaN,NaN,NaN,24.0,NaN,NaN,NaN,24.0,22.0,NaN,0.0,9.0,NaN,NaN,NaN,24.0,8.8,NaN,0.0,9.0,106.0,NaN,-0.2222222222222222,1.0,1.3,NaN,0.01111111111111112,1.0,NaN,NaN,NaN,24.0,138.0,NaN,0.0,9.0,1.7,NaN,-0.12500000000000003,1.0,1.8,NaN,-0.011111111111111096,1.0,3.5,NaN,0.0,9.0,3.8,NaN,0.011111111111111072,1.0,NaN,NaN,NaN,24.0,0.01,NaN,0.0,9.0,31.4,NaN,-0.12000000000000029,1.0,10.3,NaN,0.0,9.0,35.9,NaN,0.0,9.0,7.4,NaN,0.0,9.0,NaN,NaN,NaN,24.0,127.0,NaN,0.0,9.0,91.0,1.0,1.0,0.0,-7.616666666666666,10.0,0.0,1.0,1.0,0.0,0.0,0.0,0.0,0.0,0.0,0.0,1.0,0.0,0.0,0.0,0.0,0.0,NaN,NaN,NaN,1.0,NaN,NaN,NaN
106.0,NaN,-2.0,0.0,92.0,NaN,-8.0,0.0,37.11,NaN,0.07142857142857142,3.0,127.0,NaN,-34.0,0.0,83.0,NaN,-5.0,0.0,67.0,NaN,3.0,0.0,23.0,NaN,1.0,0.0,NaN,NaN,NaN,24.0,NaN,NaN,NaN,24.0,27.0,NaN,0.0,10.0,NaN,NaN,NaN,24.0,NaN,NaN,NaN,24.0,NaN,NaN,NaN,24.0,NaN,NaN,NaN,24.0,NaN,NaN,NaN,24.0,22.0,NaN,0.0,10.0,NaN,NaN,NaN,24.0,8.8,NaN,0.0,10.0,106.0,NaN,-0.2,2.0,1.3,NaN,0.010000000000000009,2.0,NaN,NaN,NaN,24.0,138.0,NaN,0.0,10.0,1.7,NaN,-0.11111111111111113,2.0,1.8,NaN,-0.009999999999999986,2.0,3.5,NaN,0.0,10.0,3.8,NaN,0.009999999999999964,2.0,NaN,NaN,NaN,24.0,0.01,NaN,0.0,10.0,31.4,NaN,-0.10000000000000024,2.0,10.3,NaN,0.0,10.0,35.9,NaN,0.0,10.0,7.4,NaN,0.0,10.0,NaN,NaN,NaN,24.0,127.0,NaN,0.0,10.0,91.0,1.0,1.0,0.0,-7.616666666666666,11.0,0.0,1.0,1.0,0.0,0.0,0.0,0.0,0.0,0.0,0.0,1.0,0.0,0.0,0.0,0.0,0.0,NaN,NaN,NaN,1.0,NaN,NaN,NaN
106.0,NaN,-1.0,1.0,92.0,NaN,-4.0,1.0,37.11,NaN,0.0625,4.0,127.0,NaN,-17.0,1.0,83.0,NaN,-2.5,1.0,67.0,NaN,1.5,1.0,23.0,NaN,0.5,1.0,NaN,NaN,NaN,24.0,NaN,NaN,NaN,24.0,27.0,NaN,0.0,11.0,NaN,NaN,NaN,24.0,NaN,NaN,NaN,24.0,NaN,NaN,NaN,24.0,NaN,NaN,NaN,24.0,NaN,NaN,NaN,24.0,22.0,NaN,0.0,11.0,NaN,NaN,NaN,24.0,8.8,NaN,0.0,11.0,106.0,NaN,-0.18181818181818182,3.0,1.3,NaN,0.0090909090909091,3.0,NaN,NaN,NaN,24.0,138.0,NaN,0.0,11.0,1.7,NaN,-0.10000000000000002,3.0,1.8,NaN,-0.009090909090909078,3.0,3.5,NaN,0.0,11.0,3.8,NaN,0.00909090909090906,3.0,NaN,NaN,NaN,24.0,0.01,NaN,0.0,11.0,31.4,NaN,-0.08571428571428592,3.0,10.3,NaN,0.0,11.0,35.9,NaN,0.0,11.0,7.4,NaN,0.0,11.0,NaN,NaN,NaN,24.0,127.0,NaN,0.0,11.0,91.0,1.0,1.0,0.0,-7.616666666666666,12.0,0.0,1.0,1.0,0.0,0.0,0.0,0.0,0.0,0.0,0.0,1.0,0.0,0.0,0.0,0.0,0.0,NaN,NaN,NaN,1.0,NaN,NaN,NaN
