NaN,NaN,NaN,24.0,NaN,NaN,NaN,24.0,NaN,NaN,NaN,24.0,NaN,NaN,NaN,24.0,NaN,NaN,NaN,24.0,NaN,NaN,NaN,24.0,NaN,NaN,NaN,24.0,NaN,NaN,NaN,24.0,NaN,NaN,NaN,24.0,NaN,NaN,NaN,24.0,NaN,NaN,NaN,24.0,NaN,NaN,NaN,24.0,NaN,NaN,NaN,24.0,NaN,NaN,NaN,24.0,NaN,NaN,NaN,24.0,NaN,NaN,NaN,24.0,NaN,NaN,NaN,24.0,NaN,NaN,NaN,24.0,NaN,NaN,NaN,24.0,NaN,NaN,NaN,24.0,NaN,NaN,NaN,24.0,NaN,NaN,NaN,24.0,NaN,NaN,NaN,24.0,NaN,NaN,NaN,24.0,NaN,NaN,NaN,24.0,NaN,NaN,NaN,24.0,NaN,NaN,NaN,24.0,NaN,NaN,NaN,24.0,NaN,NaN,NaN,24.0,NaN,NaN,NaN,24.0,NaN,NaN,NaN,24.0,NaN,NaN,NaN,24.0,NaN,NaN,NaN,24.0,NaN,NaN,NaN,24.0,73.0,1.0,0.0,1.0,-7.15,1.0,0.0,0.0,0.0,0.0,0.0,0.0,0.0,0.0,0.0,0.0,1.0,0.0,0.0,NaN,0.0,0.0,NaN,NaN,NaN,NaN,NaN,NaN,NaN
84.6666666666667,NaN,0.0,0.0,95.3333333333333,NaN,0.0,0.0,36.83,NaN,0.0,0.0,115.5,NaN,0.0,0.0,80.0,NaN,0.0,0.0,68.5,NaN,0.0,0.0,20.0,NaN,0.0,0.0,NaN,NaN,NaN,24.0,NaN,NaN,NaN,24.0,23.0,NaN,0.0,0.0,NaN,NaN,NaN,24.0,NaN,NaN,NaN,24.0,NaN,NaN,NaN,24.0,NaN,NaN,NaN,24.0,NaN,NaN,NaN,24.0,17.0,NaN,0.0,0.0,NaN,NaN,NaN,24.0,9.1,NaN,0.0,0.0,108.0,NaN,0.0,0.0,0.9,NaN,0.0,0.0,NaN,NaN,NaN,24.0,NaN,NaN,NaN,24.0,NaN,NaN,NaN,24.0,1.7,NaN,0.0,0.0,3.3,NaN,0.0,0.0,NaN,NaN,NaN,24.0,NaN,NaN,NaN,24.0,NaN,NaN,NaN,24.0,37.6,NaN,0.0,0.0,12.0,NaN,0.0,0.0,30.7,NaN,0.0,0.0,NaN,NaN,NaN,24.0,NaN,NaN,NaN,24.0,103.0,NaN,0.0,0.0,73.0,1.0,0.0,1.0,-7.15,2.0,0.0,0.0,0.0,0.0,0.0,1.0,0.0,0.0,0.0,0.0,1.0,0.0,0.0,NaN,0.0,0.0,NaN,NaN,NaN,NaN,NaN,NaN,NaN
78.0,NaN,-6.6666666666667,0.0,95.0,NaN,-0.3333333333333002,0.0,36.83,NaN,0.0,1.0,104.0,NaN,-11.5,0.0,68.0,NaN,-12.0,0.0,55.0,NaN,-13.5,0.0,20.0,NaN,0.0,0.0,NaN,NaN,NaN,24.0,NaN,NaN,NaN,24.0,23.0,NaN,0.0,1.0,NaN,NaN,NaN,24.0,NaN,NaN,NaN,24.0,NaN,NaN,NaN,24.0,NaN,NaN,NaN,24.0,NaN,NaN,NaN,24.0,17.0,NaN,0.0,1.0,NaN,NaN,NaN,24.0,9.1,NaN,0.0,1.0,108.0,NaN,0.0,1.0,0.9,NaN,0.0,1.0,NaN,NaN,NaN,24.0,NaN,NaN,NaN,24.0,NaN,NaN,NaN,24.0,1.7,NaN,0.0,1.0,3.3,NaN,0.0,1.0,NaN,NaN,NaN,24.0,NaN,NaN,NaN,24.0,NaN,NaN,NaN,24.0,37.6,NaN,0.0,1.0,12.0,NaN,0.0,1.0,30.7,NaN,0.0,1.0,NaN,NaN,NaN,24.0,NaN,NaN,NaN,24.0,103.0,NaN,0.0,1.0,73.0,1.0,0.0,1.0,-7.15,3.0,0.0,0.0,0.0,0.0,0.0,0.0,0.0,0.0,0.0,0.0,1.0,0.0,0.0,NaN,0.0,0.0,NaN,NaN,NaN,NaN,NaN,NaN,NaN
71.0,NaN,-7.0,0.0,94.0,NaN,-1.0,0.0,36.83,NaN,0.0,2.0,103.0,NaN,-1.0,0.0,71.0,NaN,3.0,0.0,60.0,NaN,5.0,0.0,16.0,NaN,-4.0,0.0,NaN,NaN,NaN,24.0,NaN,NaN,NaN,24.0,23.0,NaN,0.0,2.0,NaN,NaN,NaN,24.0,NaN,NaN,NaN,24.0,NaN,NaN,NaN,24.0,NaN,NaN,NaN,24.0,NaN,NaN,NaN,24.0,17.0,NaN,0.0,2.0,NaN,NaN,NaN,24.0,9.1,NaN,0.0,2.0,108.0,NaN,0.0,2.0,0.9,NaN,0.0,2.0,NaN,NaN,NaN,24.0,NaN,NaN,NaN,24.0,NaN,NaN,NaN,24.0,1.7,NaN,0.0,2.0,3.3,NaN,0.0,2.0,NaN,NaN,NaN,24.0,NaN,NaN,NaN,24.0,NaN,NaN,NaN,24.0,37.6,NaN,0.0,2.0,12.0,NaN,0.0,2.0,30.7,NaN,0.0,2.0,NaN,NaN,NaN,24.0,NaN,NaN,NaN,24.0,103.0,NaN,0.0,2.0,73.0,1.0,0.0,1.0,-7.15,4.0,0.0,0.0,0.0,0.0,0.0,0.0,0.0,0.0,0.0,0.0,1.0,0.0,0.0,NaN,0.0,0.0,NaN,NaN,NaN,NaN,NaN,NaN,NaN
69.0,NaN,-2.0,0.0,94.0,NaN,0.0,0.0,36.83,NaN,0.0,3.0,106.0,NaN,3.0,0.0,64.0,NaN,-7.0,0.0,54.0,NaN,-6.0,0.0,12.0,NaN,-4.0,0.0,NaN,NaN,NaN,24.0,NaN,NaN,NaN,24.0,23.0,NaN,0.0,3.0,NaN,NaN,NaN,24.0,NaN,NaN,NaN,24.0,NaN,NaN,NaN,24.0,NaN,NaN,NaN,24.0,NaN,NaN,NaN,24.0,17.0,NaN,0.0,3.0,NaN,NaN,NaN,24.0,9.1,NaN,0.0,3.0,108.0,NaN,0.0,3.0,0.9,NaN,0.0,3.0,NaN,NaN,NaN,24.0,NaN,NaN,NaN,24.0,NaN,NaN,NaN,24.0,1.7,NaN,0.0,3.0,3.3,NaN,0.0,3.0,NaN,NaN,NaN,24.0,NaN,NaN,NaN,24.0,NaN,NaN,NaN,24.0,37.6,NaN,0.0,3.0,12.0,NaN,0.0,3.0,30.7,NaN,0.0,3.0,NaN,NaN,NaN,24.0,NaN,NaN,NaN,24.0,103.0,NaN,0.0,3.0,73.0,1.0,0.0,1.0,-7.15,5.0,0.0,0.0,0.0,0.0,0.0,0.0,0.0,1.0,0.0,0.0,1.0,0.0,0.0,NaN,0.0,0.0,NaN,NaN,NaN,NaN,NaN,NaN,NaN
71.0,NaN,2.0,0.0,96.0,NaN,2.0,0.0,36.56,NaN,-0.067499999999999,0.0,107.0,NaN,1.0,0.0,68.0,NaN,4.0,0.0,56.0,NaN,2.0,0.0,14.0,NaN,2.0,0.0,NaN,NaN,NaN,24.0,NaN,NaN,NaN,24.0,23.0,NaN,0.0,4.0,NaN,NaN,NaN,24.0,NaN,NaN,NaN,24.0,NaN,NaN,NaN,24.0,NaN,NaN,NaN,24.0,NaN,NaN,NaN,24.0,17.0,NaN,0.0,4.0,NaN,NaN,NaN,24.0,9.1,NaN,0.0,4.0,108.0,NaN,0.0,4.0,0.9,NaN,0.0,4.0,NaN,NaN,NaN,24.0,NaN,NaN,NaN,24.0,NaN,NaN,NaN,24.0,1.7,NaN,0.0,4.0,3.3,NaN,0.0,4.0,NaN,NaN,NaN,24.0,NaN,NaN,NaN,24.0,NaN,NaN,NaN,24.0,37.6,NaN,0.0,4.0,12.0,NaN,0.0,4.0,30.7,NaN,0.0,4.0,NaN,NaN,NaN,24.0,NaN,NaN,NaN,24.0,103.0,NaN,0.0,4.0,73.0,1.0,0.0,1.0,-7.15,6.0,0.0,0.0,0.0,0.0,0.0,0.0,0.0,0.0,0.0,0.0,1.0,0.0,0.0,NaN,0.0,0.0,NaN,NaN,NaN,NaN,NaN,NaN,NaN
72.0,NaN,1.0,0.0,94.0,NaN,-2.0,0.0,36.56,NaN,-0.0539999999999992,1.0,104.0,NaN,-3.0,0.0,66.0,NaN,-2.0,0.0,54.0,NaN,-2.0,0.0,13.0,NaN,-1.0,0.0,NaN,NaN,NaN,24.0,NaN,NaN,NaN,24.0,23.0,NaN,0.0,5.0,NaN,NaN,NaN,24.0,NaN,NaN,NaN,24.0,NaN,NaN,NaN,24.0,NaN,NaN,NaN,24.0,NaN,NaN,NaN,24.0,17.0,NaN,0.0,5.0,NaN,NaN,NaN,24.0,9.1,NaN,0.0,5.0,108.0,NaN,0.0,5.0,0.9,NaN,0.0,5.0,NaN,NaN,NaN,24.0,NaN,NaN,NaN,24.0,NaN,NaN,NaN,24.0,1.7,NaN,0.0,5.0,3.3,NaN,0.0,5.0,NaN,NaN,NaN,24.0,NaN,NaN,NaN,24.0,NaN,NaN,NaN,24.0,37.6,NaN,0.0,5.0,12.0,NaN,0.0,5.0,30.7,NaN,0.0,5.0,NaN,NaN,NaN,24.0,NaN,NaN,NaN,24.0,103.0,NaN,0.0,5.0,73.0,1.0,0.0,1.0,-7.15,7.0,0.0,0.0,0.0,0.0,0.0,0.0,0.0,0.0,0.0,0.0,1.0,0.0,0.0,NaN,0.0,0.0,NaN,NaN,NaN,NaN,NaN,NaN,NaN
70.0,NaN,-2.0,0.0,94.0,NaN,0.0,0.0,36.56,NaN,-0.04499999999999934,2.0,101.0,NaN,-3.0,0.0,63.0,NaN,-3.0,0.0,50.0,NaN,-4.0,0.0,12.0,NaN,-1.0,0.0,NaN,NaN,NaN,24.0,NaN,NaN,NaN,24.0,23.0,NaN,0.0,6.0,NaN,NaN,NaN,24.0,NaN,NaN,NaN,24.0,NaN,NaN,NaN,24.0,NaN,NaN,NaN,24.0,NaN,NaN,NaN,24.0,17.0,NaN,0.0,6.0,NaN,NaN,NaN,24.0,9.1,NaN,0.0,6.0,108.0,NaN,0.0,6.0,0.9,NaN,0.0,6.0,NaN,NaN,NaN,24.0,NaN,NaN,NaN,24.0,NaN,NaN,NaN,24.0,1.7,NaN,0.0,6.0,3.3,NaN,0.0,6.0,NaN,NaN,NaN,24.0,NaN,NaN,NaN,24.0,NaN,NaN,NaN,24.0,37.6,NaN,0.0,6.0,12.0,NaN,0.0,6.0,30.7,NaN,0.0,6.0,NaN,NaN,NaN,24.0,NaN,NaN,NaN,24.0,103.0,NaN,0.0,6.0,73.0,1.0,0.0,1.0,-7.15,8.0,0.0,0.0,0.0,0.0,0.0,0.0,0.0,1.0,0.0,0.0,1.0,0.0,0.0,NaN,0.0,0.0,NaN,NaN,NaN,NaN,NaN,NaN,NaN
67.0,NaN,-3.0,0.0,93.0,NaN,-1.0,0.0,36.56,NaN,-0.038571428571428,3.0,94.0,NaN,-7.0,0.0,64.0,NaN,1.0,0.0,55.0,NaN,5.0,0.0,12.0,NaN,0.0,0.0,NaN,NaN,NaN,24.0,NaN,NaN,NaN,24.0,23.0,NaN,0.0,7.0,NaN,NaN,NaN,24.0,NaN,NaN,NaN,24.0,NaN,NaN,NaN,24.0,NaN,NaN,NaN,24.0,NaN,NaN,NaN,24.0,17.0,NaN,0.0,7.0,NaN,NaN,NaN,24.0,9.1,NaN,0.0,7.0,108.0,NaN,0.0,7.0,0.9,NaN,0.0,7.0,NaN,NaN,NaN,24.0,NaN,NaN,NaN,24.0,NaN,NaN,NaN,24.0,1.7,NaN,0.0,7.0,3.3,NaN,0.0,7.0,NaN,NaN,NaN,24.0,NaN,NaN,NaN,24.0,NaN,NaN,NaN,24.0,37.6,NaN,0.0,7.0,12.0,NaN,0.0,7.0,30.7,NaN,0.0,7.0,NaN,NaN,NaN,24.0,NaN,NaN,NaN,24.0,103.0,NaN,0.0,7.0,73.0,1.0,0.0,1.0,-7.15,9.0,0.0,0.0,0.0,0.0,0.0,0.0,0.0,1.0,0.0,0.0,1.0,0.0,0.0,NaN,0.0,0.0,NaN,NaN,NaN,NaN,NaN,NaN,NaN
70.0,NaN,3.0,0.0,94.0,NaN,1.0,0.0,36.61,NaN,0.01249999999999929,0.0,97.0,NaN,3.0,0.0,61.0,NaN,-3.0,0.0,50.0,NaN,-5.0,0.0,17.0,NaN,5.0,0.0,NaN,NaN,NaN,24.0,NaN,NaN,NaN,24.0,23.0,NaN,0.0,8.0,NaN,NaN,NaN,24.0,NaN,NaN,NaN,24.0,NaN,NaN,NaN,24.0,NaN,NaN,NaN,24.0,NaN,NaN,NaN,24.0,17.0,NaN,0.0,8.0,NaN,NaN,NaN,24.0,9.1,NaN,0.0,8.0,108.0,NaN,0.0,8.0,0.9,NaN,0.0,8.0,NaN,NaN,NaN,24.0,NaN,NaN,NaN,24.0,NaN,NaN,NaN,24.0,1.7,NaN,0.0,8.0,3.3,NaN,0.0,8.0,NaN,NaN,NaN,24.0,NaN,NaN,NaN,24.0,NaN,NaN,NaN,24.0,37.6,NaN,0.0,8.0,12.0,NaN,0.0,8.0,30.7,NaN,0.0,8.0,NaN,NaN,NaN,24.0,NaN,NaN,NaN,24.0,103.0,NaN,0.0,8.0,73.0,1.0,0.0,1.0,-7.15,10.0,0.0,0.0,0.0,0.0,0.0,0.0,0.0,1.0,0.0,0.0,1.0,0.0,0.0,NaN,0.0,0.0,NaN,NaN,NaN,NaN,NaN,NaN,NaN
74.0,NaN,4.0,0.0,93.0,NaN,-1.0,0.0,36.61,NaN,0.009999999999999431,1.0,103.0,NaN,6.0,0.0,68.0,NaN,7.0,0.0,56.0,NaN,6.0,0.0,22.0,NaN,5.0,0.0,NaN,NaN,NaN,24.0,NaN,NaN,NaN,24.0,23.0,NaN,0.0,9.0,NaN,NaN,NaN,24.0,NaN,NaN,NaN,24.0,NaN,NaN,NaN,24.0,NaN,NaN,NaN,24.0,NaN,NaN,NaN,24.0,17.0,NaN,0.0,9.0,NaN,NaN,NaN,24.0,9.1,NaN,0.0,9.0,108.0,NaN,0.0,9.0,0.9,NaN,0.0,9.0,NaN,NaN,NaN,24.0,NaN,NaN,NaN,24.0,NaN,NaN,NaN,24.0,1.7,NaN,0.0,9.0,3.3,NaN,0.0,9.0,NaN,NaN,NaN,24.0,NaN,NaN,NaN,24.0,NaN,NaN,NaN,24.0,37.6,NaN,0.0,9.0,12.0,NaN,0.0,9.0,30.7,NaN,0.0,9.0,NaN,NaN,NaN,24.0,NaN,NaN,NaN,24.0,103.0,NaN,0.0,9.0,73.0,1.0,0.0,1.0,-7.15,11.0,0.0,1.0,0.0,0.0,0.0,0.0,0.0,0.0,0.0,0.0,1.0,0.0,0.0,NaN,0.0,0.0,NaN,NaN,NaN,NaN,NaN,NaN,NaN
65.0,NaN,-9.0,0.0,93.0,NaN,0.0,0.0,36.61,NaN,0.00833333333333286,2.0,101.0,NaN,-2.0,0.0,63.0,NaN,-5.0,0.0,51.0,NaN,-5.0,0.0,11.0,NaN,-11.0,0.0,NaN,NaN,NaN,24.0,NaN,NaN,NaN,24.0,23.0,NaN,0.0,10.0,NaN,NaN,NaN,24.0,NaN,NaN,NaN,24.0,NaN,NaN,NaN,24.0,NaN,NaN,NaN,24.0,NaN,NaN,NaN,24.0,17.0,NaN,0.0,10.0,NaN,NaN,NaN,24.0,9.1,NaN,0.0,10.0,108.0,NaN,0.0,10.0,0.9,NaN,0.0,10.0,NaN,NaN,NaN,24.0,NaN,NaN,NaN,24.0,NaN,NaN,NaN,24.0,1.7,NaN,0.0,10.0,3.3,NaN,0.0,10.0,NaN,NaN,NaN,24.0,NaN,NaN,NaN,24.0,NaN,NaN,NaN,24.0,37.6,NaN,0.0,10.0,12.0,NaN,0.0,10.0,30.7,NaN,0.0,10.0,NaN,NaN,NaN,24.0,NaN,NaN,NaN,24.0,103.0,NaN,0.0,10.0,73.0,1.0,0.0,1.0,-7.15,12.0,0.0,0.0,0.0,0.0,0.0,0.0,0.0,1.0,0.0,0.0,1.0,0.0,0.0,NaN,0.0,0.0,NaN,NaN,NaN,NaN,NaN,NaN,NaN
