83.0,NaN,NaN,24.0,100.0,NaN,NaN,24.0,36.05,NaN,NaN,24.0,117.0,NaN,NaN,24.0,84.0,NaN,NaN,24.0,67.25,NaN,NaN,24.0,14.0,NaN,NaN,24.0,NaN,NaN,NaN,24.0,1.0,NaN,NaN,24.0,22.0,NaN,NaN,24.0,1.0,NaN,NaN,24.0,7.47,NaN,NaN,24.0,32.0,NaN,NaN,24.0,NaN,NaN,NaN,24.0,NaN,NaN,NaN,24.0,16.0,NaN,NaN,24.0,NaN,NaN,NaN,24.0,NaN,NaN,NaN,24.0,112.0,NaN,NaN,24.0,0.6,NaN,NaN,24.0,NaN,NaN,NaN,24.0,131.0,NaN,NaN,24.0,NaN,NaN,NaN,24.0,NaN,NaN,NaN,24.0,NaN,NaN,NaN,24.0,3.9,NaN,NaN,24.0,NaN,NaN,NaN,24.0,NaN,NaN,NaN,24.0,27.4,NaN,NaN,24.0,9.6,NaN,NaN,24.0,42.4,NaN,NaN,24.0,12.2,NaN,NaN,24.0,NaN,NaN,NaN,24.0,138.0,NaN,NaN,24.0,60.0,1.0,-1.0,-1.0,-16.342222222222222,1.0,0.0,0.0,0.0,1.0,3.0,1.0,0.0,0.0,0.0,0.0,1.0,0.0,1.0,1.0,0.0,0.0,NaN,9.0,9.0,9.0,NaN,NaN,NaN
85.5,NaN,2.5,0.0,100.0,NaN,0.0,0.0,36.1,NaN,0.05000000000000426,0.0,112.0,NaN,-5.0,0.0,80.5,NaN,-3.5,0.0,64.5,NaN,-2.75,0.0,12.5,NaN,-1.5,0.0,NaN,NaN,NaN,24.0,1.0,NaN,0.0,1.0,22.0,NaN,0.0,1.0,0.4,NaN,-0.6,0.0,7.47,NaN,0.0,1.0,32.0,NaN,0.0,1.0,63.0,NaN,0.0,0.0,NaN,NaN,NaN,24.0,16.0,NaN,0.0,1.0,NaN,NaN,NaN,24.0,NaN,NaN,NaN,24.0,112.0,NaN,0.0,1.0,0.6,NaN,0.0,1.0,NaN,NaN,NaN,24.0,132.0,NaN,1.0,0.0,NaN,NaN,NaN,24.0,NaN,NaN,NaN,24.0,NaN,NaN,NaN,24.0,3.9,NaN,0.0,1.0,NaN,NaN,NaN,24.0,NaN,NaN,NaN,24.0,27.4,NaN,0.0,1.0,9.6,NaN,0.0,1.0,42.4,NaN,0.0,1.0,12.2,NaN,0.0,1.0,NaN,NaN,NaN,24.0,138.0,NaN,0.0,1.0,60.0,1.0,-1.0,-1.0,-16.342222222222222,2.0,0.0,0.0,0.0,1.0,1.0,0.0,0.0,0.0,0.0,0.0,0.0,0.0,1.0,1.0,0.0,0.0,NaN,9.0,9.0,9.0,NaN,NaN,NaN
84.0,NaN,-1.5,0.0,100.0,NaN,0.0,0.0,36.4,NaN,0.29999999999999716,0.0,119.0,NaN,7.0,0.0,78.0,NaN,-2.5,0.0,59.0,NaN,-5.5,0.0,14.0,NaN,1.5,0.0,NaN,NaN,NaN,24.0,1.0,NaN,0.0,2.0,22.0,NaN,0.0,2.0,0.4,NaN,-0.3,1.0,7.47,NaN,0.0,2.0,32.0,NaN,0.0,2.0,63.0,NaN,0.0,1.0,NaN,NaN,NaN,24.0,16.0,NaN,0.0,2.0,NaN,NaN,NaN,24.0,NaN,NaN,NaN,24.0,112.0,NaN,0.0,2.0,0.6,NaN,0.0,2.0,NaN,NaN,NaN,24.0,132.0,NaN,0.5,1.0,NaN,NaN,NaN,24.0,NaN,NaN,NaN,24.0,NaN,NaN,NaN,24.0,3.9,NaN,0.0,2.0,NaN,NaN,NaN,24.0,NaN,NaN,NaN,24.0,27.4,NaN,0.0,2.0,9.6,NaN,0.0,2.0,42.4,NaN,0.0,2.0,12.2,NaN,0.0,2.0,NaN,NaN,NaN,24.0,138.0,NaN,0.0,2.0,60.0,1.0,-1.0,-1.0,-16.342222222222222,3.0,0.0,0.0,0.0,1.0,0.0,0.0,0.0,0.0,0.0,0.0,1.0,0.0,1.0,1.0,0.0,0.0,NaN,9.0,9.0,9.0,NaN,NaN,NaN
84.0,NaN,0.0,0.0,100.0,NaN,0.0,0.0,36.6,NaN,0.20000000000000284,0.0,104.0,NaN,-15.0,0.0,69.0,NaN,-9.0,0.0,55.0,NaN,-4.0,0.0,13.0,NaN,-1.0,0.0,NaN,NaN,NaN,24.0,1.0,NaN,0.0,3.0,22.0,NaN,0.0,3.0,0.4,NaN,-0.19999999999999998,2.0,7.38,NaN,-0.029999999999999954,0.0,32.0,NaN,0.0,3.0,61.0,NaN,-1.0,0.0,NaN,NaN,NaN,24.0,16.0,NaN,0.0,3.0,NaN,NaN,NaN,24.0,NaN,NaN,NaN,24.0,112.0,NaN,0.0,3.0,0.6,NaN,0.0,3.0,NaN,NaN,NaN,24.0,113.0,NaN,-9.5,0.0,NaN,NaN,NaN,24.0,NaN,NaN,NaN,24.0,NaN,NaN,NaN,24.0,3.9,NaN,0.0,3.0,NaN,NaN,NaN,24.0,NaN,NaN,NaN,24.0,27.4,NaN,0.0,3.0,9.6,NaN,0.0,3.0,42.4,NaN,0.0,3.0,12.2,NaN,0.0,3.0,NaN,NaN,NaN,24.0,138.0,NaN,0.0,3.0,60.0,1.0,-1.0,-1.0,-16.342222222222222,4.0,0.0,0.0,0.0,1.0,0.0,0.0,0.0,0.0,0.0,0.0,0.0,0.0,1.0,1.0,0.0,0.0,NaN,9.0,9.0,9.0,NaN,NaN,NaN
87.0,NaN,3.0,0.0,100.0,NaN,0.0,0.0,36.7,NaN,0.10000000000000142,0.0,109.0,NaN,5.0,0.0,70.0,NaN,1.0,0.0,54.0,NaN,-1.0,0.0,16.0,NaN,3.0,0.0,NaN,NaN,NaN,24.0,0.0,NaN,-0.25,0.0,22.0,NaN,0.0,4.0,0.5,NaN,0.033333333333333326,0.0,7.35,NaN,-0.03000000000000025,0.0,45.0,NaN,3.25,0.0,99.0,NaN,38.0,0.0,NaN,NaN,NaN,24.0,16.0,NaN,0.0,4.0,NaN,NaN,NaN,24.0,NaN,NaN,NaN,24.0,112.0,NaN,0.0,4.0,0.6,NaN,0.0,4.0,NaN,NaN,NaN,24.0,118.0,NaN,5.0,0.0,2.7,NaN,0.0,0.0,NaN,NaN,NaN,24.0,NaN,NaN,NaN,24.0,3.9,NaN,0.0,4.0,NaN,NaN,NaN,24.0,NaN,NaN,NaN,24.0,27.4,NaN,0.0,4.0,9.6,NaN,0.0,4.0,42.4,NaN,0.0,4.0,12.2,NaN,0.0,4.0,NaN,NaN,NaN,24.0,138.0,NaN,0.0,4.0,60.0,1.0,-1.0,-1.0,-16.342222222222222,5.0,0.0,0.0,0.0,1.0,2.0,0.0,0.0,0.0,1.0,0.0,1.0,0.0,1.0,1.0,0.0,0.0,NaN,9.0,9.0,9.0,NaN,NaN,NaN
93.0,NaN,6.0,0.0,100.0,NaN,0.0,0.0,36.6,NaN,-0.10000000000000142,0.0,96.0,NaN,-13.0,0.0,67.0,NaN,-3.0,0.0,53.0,NaN,-1.0,0.0,21.0,NaN,5.0,0.0,NaN,NaN,NaN,24.0,0.0,NaN,-0.2,1.0,22.0,NaN,0.0,5.0,0.5,NaN,0.024999999999999994,1.0,7.35,NaN,-0.015000000000000124,1.0,45.0,NaN,2.6,1.0,99.0,NaN,19.0,1.0,NaN,NaN,NaN,24.0,16.0,NaN,0.0,5.0,NaN,NaN,NaN,24.0,NaN,NaN,NaN,24.0,112.0,NaN,0.0,5.0,0.6,NaN,0.0,5.0,NaN,NaN,NaN,24.0,118.0,NaN,2.5,1.0,2.7,NaN,0.0,1.0,NaN,NaN,NaN,24.0,NaN,NaN,NaN,24.0,3.9,NaN,0.0,5.0,NaN,NaN,NaN,24.0,NaN,NaN,NaN,24.0,27.4,NaN,0.0,5.0,9.6,NaN,0.0,5.0,42.4,NaN,0.0,5.0,12.2,NaN,0.0,5.0,NaN,NaN,NaN,24.0,138.0,NaN,0.0,5.0,60.0,1.0,-1.0,-1.0,-16.342222222222222,6.0,0.0,1.0,1.0,1.0,0.0,0.0,0.0,0.0,0.0,0.0,1.0,1.0,1.0,1.0,0.0,0.0,NaN,9.0,9.0,9.0,NaN,NaN,NaN
91.0,NaN,-2.0,0.0,100.0,NaN,0.0,0.0,36.4,NaN,-0.20000000000000284,0.0,108.0,NaN,12.0,0.0,73.0,NaN,6.0,0.0,57.0,NaN,4.0,0.0,15.0,NaN,-6.0,0.0,NaN,NaN,NaN,24.0,0.0,NaN,-0.16666666666666666,2.0,22.0,NaN,0.0,6.0,0.5,NaN,0.019999999999999997,2.0,7.37,NaN,0.010000000000000231,0.0,45.0,NaN,2.1666666666666665,2.0,99.0,NaN,12.666666666666666,2.0,NaN,NaN,NaN,24.0,16.0,NaN,0.0,6.0,NaN,NaN,NaN,24.0,NaN,NaN,NaN,24.0,112.0,NaN,0.0,6.0,0.6,NaN,0.0,6.0,NaN,NaN,NaN,24.0,108.0,NaN,-5.0,0.0,0.9,NaN,-0.9000000000000001,0.0,NaN,NaN,NaN,24.0,NaN,NaN,NaN,24.0,4.3,NaN,0.06666666666666665,0.0,NaN,NaN,NaN,24.0,NaN,NaN,NaN,24.0,29.2,NaN,0.3000000000000001,0.0,10.1,NaN,0.08333333333333333,0.0,42.4,NaN,0.0,6.0,12.2,NaN,0.0,6.0,NaN,NaN,NaN,24.0,138.0,NaN,0.0,6.0,60.0,1.0,-1.0,-1.0,-16.342222222222222,7.0,0.0,0.0,1.0,1.0,0.0,0.0,0.0,0.0,0.0,0.0,1.0,1.0,1.0,1.0,0.0,0.0,NaN,9.0,9.0,9.0,NaN,NaN,NaN
89.0,NaN,-2.0,0.0,99.0,NaN,-1.0,0.0,36.1,NaN,-0.29999999999999716,0.0,101.0,NaN,-7.0,0.0,70.0,NaN,-3.0,0.0,55.0,NaN,-2.0,0.0,12.0,NaN,-3.0,0.0,NaN,NaN,NaN,24.0,0.0,NaN,-0.14285714285714285,3.0,22.0,NaN,0.0,7.0,0.5,NaN,0.016666666666666663,3.0,7.37,NaN,0.006666666666666821,1.0,45.0,NaN,1.8571428571428572,3.0,99.0,NaN,9.5,3.0,NaN,NaN,NaN,24.0,16.0,NaN,0.0,7.0,NaN,NaN,NaN,24.0,NaN,NaN,NaN,24.0,112.0,NaN,0.0,7.0,0.6,NaN,0.0,7.0,NaN,NaN,NaN,24.0,108.0,NaN,-3.3333333333333335,1.0,0.9,NaN,-0.6000000000000001,1.0,NaN,NaN,NaN,24.0,NaN,NaN,NaN,24.0,4.3,NaN,0.05714285714285713,1.0,NaN,NaN,NaN,24.0,NaN,NaN,NaN,24.0,29.2,NaN,0.25714285714285723,1.0,10.1,NaN,0.07142857142857142,1.0,42.4,NaN,0.0,7.0,12.2,NaN,0.0,7.0,NaN,NaN,NaN,24.0,138.0,NaN,0.0,7.0,60.0,1.0,-1.0,-1.0,-16.342222222222222,8.0,0.0,0.0,0.0,1.0,0.0,0.0,0.0,0.0,0.0,0.0,1.0,1.0,1.0,1.0,0.0,0.0,NaN,9.0,9.0,9.0,NaN,NaN,NaN
86.0,NaN,-3.0,0.0,100.0,NaN,1.0,0.0,36.0,NaN,-0.10000000000000142,0.0,108.0,NaN,7.0,0.0,73.0,NaN,3.0,0.0,56.0,NaN,1.0,0.0,16.0,NaN,4.0,0.0,NaN,NaN,NaN,24.0,0.0,NaN,-0.125,4.0,22.0,NaN,0.0,8.0,0.5,NaN,0.014285714285714282,4.0,7.37,NaN,0.0050000000000001155,2.0,45.0,NaN,1.625,4.0,99.0,NaN,7.6,4.0,NaN,NaN,NaN,24.0,16.0,NaN,0.0,8.0,NaN,NaN,NaN,24.0,NaN,NaN,NaN,24.0,112.0,NaN,0.0,8.0,0.6,NaN,0.0,8.0,NaN,NaN,NaN,24.0,108.0,NaN,-2.5,2.0,0.9,NaN,-0.45000000000000007,2.0,NaN,NaN,NaN,24.0,NaN,NaN,NaN,24.0,4.3,NaN,0.04999999999999999,2.0,NaN,NaN,NaN,24.0,NaN,NaN,NaN,24.0,29.2,NaN,0.2250000000000001,2.0,10.1,NaN,0.0625,2.0,42.4,NaN,0.0,8.0,12.2,NaN,0.0,8.0,NaN,NaN,NaN,24.0,138.0,NaN,0.0,8.0,60.0,1.0,-1.0,-1.0,-16.342222222222222,9.0,0.0,0.0,0.0,1.0,0.0,0.0,0.0,0.0,0.0,0.0,1.0,1.0,1.0,1.0,0.0,0.0,NaN,9.0,9.0,9.0,NaN,NaN,NaN
85.0,NaN,-1.0,0.0,100.0,NaN,0.0,0.0,36.0,NaN,0.0,0.0,111.0,NaN,3.0,0.0,73.0,NaN,0.0,0.0,55.0,NaN,-1.0,0.0,10.0,NaN,-6.0,0.0,NaN,NaN,NaN,24.0,0.0,NaN,-0.1111111111111111,5.0,22.0,NaN,0.0,9.0,0.5,NaN,0.012499999999999997,5.0,7.37,NaN,0.004000000000000092,3.0,45.0,NaN,1.4444444444444444,5.0,99.0,NaN,6.333333333333333,5.0,NaN,NaN,NaN,24.0,16.0,NaN,0.0,9.0,NaN,NaN,NaN,24.0,NaN,NaN,NaN,24.0,112.0,NaN,0.0,9.0,0.6,NaN,0.0,9.0,NaN,NaN,NaN,24.0,108.0,NaN,-2.0,3.0,0.9,NaN,-0.36000000000000004,3.0,NaN,NaN,NaN,24.0,NaN,NaN,NaN,24.0,4.3,NaN,0.04444444444444443,3.0,NaN,NaN,NaN,24.0,NaN,NaN,NaN,24.0,29.2,NaN,0.20000000000000007,3.0,10.1,NaN,0.05555555555555555,3.0,42.4,NaN,0.0,9.0,12.2,NaN,0.0,9.0,NaN,NaN,NaN,24.0,138.0,NaN,0.0,9.0,60.0,1.0,-1.0,-1.0,-16.342222222222222,10.0,0.0,0.0,0.0,1.0,0.0,0.0,0.0,0.0,0.0,0.0,1.0,1.0,1.0,1.0,0.0,0.0,NaN,9.0,9.0,9.0,NaN,NaN,NaN
77.0,NaN,-8.0,0.0,100.0,NaN,0.0,0.0,35.9,NaN,-0.10000000000000142,0.0,112.0,NaN,1.0,0.0,71.0,NaN,-2.0,0.0,53.0,NaN,-2.0,0.0,11.0,NaN,1.0,0.0,NaN,NaN,NaN,24.0,0.0,NaN,-0.1,6.0,22.0,NaN,0.0,10.0,0.5,NaN,0.011111111111111108,6.0,7.37,NaN,0.0033333333333334103,4.0,45.0,NaN,1.3,6.0,99.0,NaN,5.428571428571429,6.0,NaN,NaN,NaN,24.0,16.0,NaN,0.0,10.0,NaN,NaN,NaN,24.0,NaN,NaN,NaN,24.0,112.0,NaN,0.0,10.0,0.6,NaN,0.0,10.0,NaN,NaN,NaN,24.0,108.0,NaN,-1.6666666666666667,4.0,0.9,NaN,-0.30000000000000004,4.0,NaN,NaN,NaN,24.0,NaN,NaN,NaN,24.0,4.3,NaN,0.039999999999999994,4.0,NaN,NaN,NaN,24.0,NaN,NaN,NaN,24.0,29.2,NaN,0.18000000000000008,4.0,10.1,NaN,0.05,4.0,42.4,NaN,0.0,10.0,12.2,NaN,0.0,10.0,NaN,NaN,NaN,24.0,138.0,NaN,0.0,10.0,60.0,1.0,-1.0,-1.0,-16.342222222222222,11.0,1.0,0.0,0.0,1.0,0.0,0.0,0.0,0.0,0.0,0.0,1.0,1.0,1.0,1.0,0.0,0.0,NaN,9.0,9.0,9.0,NaN,NaN,NaN
78.0,NaN,1.0,0.0,100.0,NaN,0.0,0.0,36.1,NaN,0.20000000000000284,0.0,114.0,NaN,2.0,0.0,72.0,NaN,1.0,0.0,54.0,NaN,1.0,0.0,10.0,NaN,-1.0,0.0,NaN,NaN,NaN,24.0,0.0,NaN,-0.09090909090909091,7.0,22.0,NaN,0.0,11.0,0.5,NaN,0.009999999999999998,7.0,7.37,NaN,0.002857142857142923,5.0,45.0,NaN,1.1818181818181819,7.0,99.0,NaN,4.75,7.0,NaN,NaN,NaN,24.0,16.0,NaN,0.0,11.0,NaN,NaN,NaN,24.0,NaN,NaN,NaN,24.0,112.0,NaN,0.0,11.0,0.6,NaN,0.0,11.0,NaN,NaN,NaN,24.0,108.0,NaN,-1.4285714285714286,5.0,0.9,NaN,-0.2571428571428572,5.0,NaN,NaN,NaN,24.0,NaN,NaN,NaN,24.0,4.3,NaN,0.036363636363636355,5.0,NaN,NaN,NaN,24.0,NaN,NaN,NaN,24.0,29.2,NaN,0.1636363636363637,5.0,10.1,NaN,0.045454545454545456,5.0,42.4,NaN,0.0,11.0,12.2,NaN,0.0,11.0,NaN,NaN,NaN,24.0,138.0,NaN,0.0,11.0,60.0,1.0,-1.0,-1.0,-16.342222222222222,12.0,0.0,0.0,0.0,1.0,0.0,0.0,0.0,0.0,0.0,0.0,1.0,1.0,1.0,1.0,0.0,0.0,NaN,9.0,9.0,9.0,NaN,NaN,NaN
78.0,NaN,0.0,0.0,100.0,NaN,0.0,0.0,36.3,NaN,0.19999999999999574,0.0,116.0,NaN,2.0,0.0,72.0,NaN,0.0,0.0,54.0,NaN,0.0,0.0,14.0,NaN,4.0,0.0,NaN,NaN,NaN,24.0,0.0,NaN,-0.08333333333333333,8.0,22.0,NaN,0.0,12.0,0.5,NaN,0.009090909090909089,8.0,7.37,NaN,0.0025000000000000577,6.0,45.0,NaN,1.0833333333333333,8.0,99.0,NaN,4.222222222222222,8.0,NaN,NaN,NaN,24.0,16.0,NaN,0.0,12.0,NaN,NaN,NaN,24.0,7.5,NaN,0.0,0.0,107.0,NaN,-0.4166666666666667,0.0,0.6,NaN,0.0,12.0,NaN,NaN,NaN,24.0,96.0,NaN,-2.0,0.0,0.9,NaN,-0.22500000000000003,6.0,2.5,NaN,0.0,0.0,NaN,NaN,NaN,24.0,5.0,NaN,0.1166666666666667,0.0,NaN,NaN,NaN,24.0,NaN,NaN,NaN,24.0,29.2,NaN,0.15000000000000005,6.0,10.1,NaN,0.041666666666666664,6.0,42.4,NaN,0.0,12.0,12.2,NaN,0.0,12.0,NaN,NaN,NaN,24.0,138.0,NaN,0.0,12.0,60.0,1.0,-1.0,-1.0,-16.342222222222222,13.0,0.0,0.0,0.0,1.0,0.0,0.0,0.0,0.0,0.0,0.0,1.0,1.0,1.0,1.0,0.0,0.0,NaN,9.0,9.0,9.0,NaN,NaN,NaN
