69.5,NaN,NaN,24.0,96.0,NaN,NaN,24.0,35.94,NaN,NaN,24.0,104.0,NaN,NaN,24.0,66.0,NaN,NaN,24.0,58.0,NaN,NaN,24.0,17.0,NaN,NaN,24.0,NaN,NaN,NaN,24.0,NaN,NaN,NaN,24.0,NaN,NaN,NaN,24.0,NaN,NaN,NaN,24.0,NaN,NaN,NaN,24.0,NaN,NaN,NaN,24.0,NaN,NaN,NaN,24.0,NaN,NaN,NaN,24.0,NaN,NaN,NaN,24.0,NaN,NaN,NaN,24.0,NaN,NaN,NaN,24.0,NaN,NaN,NaN,24.0,NaN,NaN,NaN,24.0,NaN,NaN,NaN,24.0,NaN,NaN,NaN,24.0,NaN,NaN,NaN,24.0,NaN,NaN,NaN,24.0,NaN,NaN,NaN,24.0,NaN,NaN,NaN,24.0,NaN,NaN,NaN,24.0,NaN,NaN,NaN,24.0,NaN,NaN,NaN,24.0,NaN,NaN,NaN,24.0,NaN,NaN,NaN,24.0,NaN,NaN,NaN,24.0,NaN,NaN,NaN,24.0,NaN,NaN,NaN,24.0,89.0,0.0,0.0,1.0,-5.15,1.0,1.0,0.0,0.0,0.0,0.0,0.0,0.0,0.0,0.0,0.0,1.0,0.0,0.0,0.0,1.0,0.0,NaN,NaN,NaN,1.0,NaN,NaN,NaN
69.0,NaN,-0.5,0.0,98.0,NaN,2.0,0.0,35.94,NaN,0.0,1.0,97.0,NaN,-7.0,0.0,71.0,NaN,5.0,0.0,62.0,NaN,4.0,0.0,24.0,NaN,7.0,0.0,NaN,NaN,NaN,24.0,NaN,NaN,NaN,24.0,NaN,NaN,NaN,24.0,NaN,NaN,NaN,24.0,NaN,NaN,NaN,24.0,NaN,NaN,NaN,24.0,NaN,NaN,NaN,24.0,NaN,NaN,NaN,24.0,NaN,NaN,NaN,24.0,NaN,NaN,NaN,24.0,NaN,NaN,NaN,24.0,NaN,NaN,NaN,24.0,NaN,NaN,NaN,24.0,NaN,NaN,NaN,24.0,NaN,NaN,NaN,24.0,NaN,NaN,NaN,24.0,NaN,NaN,NaN,24.0,NaN,NaN,NaN,24.0,NaN,NaN,NaN,24.0,NaN,NaN,NaN,24.0,NaN,NaN,NaN,24.0,NaN,NaN,NaN,24.0,NaN,NaN,NaN,24.0,NaN,NaN,NaN,24.0,NaN,NaN,NaN,24.0,NaN,NaN,NaN,24.0,NaN,NaN,NaN,24.0,89.0,0.0,0.0,1.0,-5.15,2.0,1.0,1.0,0.0,0.0,0.0,0.0,0.0,0.0,0.0,0.0,1.0,0.0,0.0,0.0,1.0,0.0,NaN,NaN,NaN,1.0,NaN,NaN,NaN
63.0,NaN,-6.0,0.0,98.0,NaN,0.0,0.0,35.94,NaN,0.0,2.0,89.0,NaN,-8.0,0.0,71.0,NaN,0.0,0.0,42.0,NaN,-20.0,0.0,17.0,NaN,-7.0,0.0,NaN,NaN,NaN,24.0,NaN,NaN,NaN,24.0,NaN,NaN,NaN,24.0,NaN,NaN,NaN,24.0,NaN,NaN,NaN,24.0,NaN,NaN,NaN,24.0,NaN,NaN,NaN,24.0,NaN,NaN,NaN,24.0,NaN,NaN,NaN,24.0,NaN,NaN,NaN,24.0,NaN,NaN,NaN,24.0,NaN,NaN,NaN,24.0,NaN,NaN,NaN,24.0,NaN,NaN,NaN,24.0,NaN,NaN,NaN,24.0,NaN,NaN,NaN,24.0,NaN,NaN,NaN,24.0,NaN,NaN,NaN,24.0,NaN,NaN,NaN,24.0,NaN,NaN,NaN,24.0,NaN,NaN,NaN,24.0,NaN,NaN,NaN,24.0,NaN,NaN,NaN,24.0,NaN,NaN,NaN,24.0,NaN,NaN,NaN,24.0,NaN,NaN,NaN,24.0,NaN,NaN,NaN,24.0,89.0,0.0,0.0,1.0,-5.15,3.0,1.0,0.0,0.0,0.0,0.0,0.0,0.0,1.0,0.0,0.0,1.0,0.0,0.0,0.0,1.0,0.0,NaN,NaN,NaN,1.0,NaN,NaN,NaN
69.5,NaN,6.5,0.0,97.5,NaN,-0.5,0.0,35.89,NaN,-0.01666666666666572,0.0,115.0,NaN,26.0,0.0,37.0,NaN,-34.0,0.0,71.0,NaN,29.0,0.0,21.0,NaN,4.0,0.0,NaN,NaN,NaN,24.0,NaN,NaN,NaN,24.0,26.0,NaN,0.0,0.0,NaN,NaN,NaN,24.0,NaN,NaN,NaN,24.0,NaN,NaN,NaN,24.0,NaN,NaN,NaN,24.0,NaN,NaN,NaN,24.0,26.0,NaN,0.0,0.0,NaN,NaN,NaN,24.0,9.3,NaN,0.0,0.0,101.0,NaN,0.0,0.0,1.0,NaN,0.0,0.0,NaN,NaN,NaN,24.0,218.0,NaN,0.0,0.0,NaN,NaN,NaN,24.0,2.1,NaN,0.0,0.0,3.5,NaN,0.0,0.0,3.5,NaN,0.0,0.0,NaN,NaN,NaN,24.0,0.02,NaN,0.0,0.0,39.2,NaN,0.0,0.0,13.4,NaN,0.0,0.0,59.8,NaN,0.0,0.0,14.3,NaN,0.0,0.0,NaN,NaN,NaN,24.0,237.0,NaN,0.0,0.0,89.0,0.0,0.0,1.0,-5.15,4.0,1.0,1.0,0.0,1.0,0.0,0.0,0.0,1.0,0.0,0.0,1.0,0.0,0.0,0.0,1.0,0.0,NaN,NaN,NaN,1.0,NaN,NaN,NaN
65.0,NaN,-4.5,0.0,100.0,NaN,2.5,0.0,35.89,NaN,-0.01249999999999929,1.0,155.0,NaN,40.0,0.0,66.0,NaN,29.0,0.0,53.0,NaN,-18.0,0.0,16.0,NaN,-5.0,0.0,NaN,NaN,NaN,24.0,NaN,NaN,NaN,24.0,26.0,NaN,0.0,1.0,NaN,NaN,NaN,24.0,NaN,NaN,NaN,24.0,NaN,NaN,NaN,24.0,NaN,NaN,NaN,24.0,NaN,NaN,NaN,24.0,26.0,NaN,0.0,1.0,NaN,NaN,NaN,24.0,9.3,NaN,0.0,1.0,101.0,NaN,0.0,1.0,1.0,NaN,0.0,1.0,NaN,NaN,NaN,24.0,218.0,NaN,0.0,1.0,NaN,NaN,NaN,24.0,2.1,NaN,0.0,1.0,3.5,NaN,0.0,1.0,3.5,NaN,0.0,1.0,NaN,NaN,NaN,24.0,0.02,NaN,0.0,1.0,39.2,NaN,0.0,1.0,13.4,NaN,0.0,1.0,59.8,NaN,0.0,1.0,14.3,NaN,0.0,1.0,NaN,NaN,NaN,24.0,237.0,NaN,0.0,1.0,89.0,0.0,0.0,1.0,-5.15,5.0,1.0,0.0,0.0,1.0,0.0,0.0,0.0,0.0,0.0,0.0,1.0,0.0,0.0,0.0,1.0,0.0,NaN,NaN,NaN,1.0,NaN,NaN,NaN
65.0,NaN,0.0,0.0,99.0,NaN,-1.0,0.0,35.89,NaN,-0.009999999999999431,2.0,101.0,NaN,-54.0,0.0,60.0,NaN,-6.0,0.0,48.0,NaN,-5.0,0.0,23.0,NaN,7.0,0.0,NaN,NaN,NaN,24.0,NaN,NaN,NaN,24.0,26.0,NaN,0.0,2.0,NaN,NaN,NaN,24.0,NaN,NaN,NaN,24.0,NaN,NaN,NaN,24.0,NaN,NaN,NaN,24.0,NaN,NaN,NaN,24.0,26.0,NaN,0.0,2.0,NaN,NaN,NaN,24.0,9.3,NaN,0.0,2.0,101.0,NaN,0.0,2.0,1.0,NaN,0.0,2.0,NaN,NaN,NaN,24.0,218.0,NaN,0.0,2.0,NaN,NaN,NaN,24.0,2.1,NaN,0.0,2.0,3.5,NaN,0.0,2.0,3.5,NaN,0.0,2.0,NaN,NaN,NaN,24.0,0.02,NaN,0.0,2.0,39.2,NaN,0.0,2.0,13.4,NaN,0.0,2.0,59.8,NaN,0.0,2.0,14.3,NaN,0.0,2.0,NaN,NaN,NaN,24.0,237.0,NaN,0.0,2.0,89.0,0.0,0.0,1.0,-5.15,6.0,1.0,1.0,0.0,1.0,0.0,0.0,0.0,1.0,0.0,0.0,1.0,0.0,0.0,0.0,1.0,0.0,NaN,NaN,NaN,1.0,NaN,NaN,NaN
68.0,NaN,3.0,0.0,100.0,NaN,1.0,0.0,36.11,NaN,0.07333333333333296,0.0,122.0,NaN,21.0,0.0,78.0,NaN,18.0,0.0,70.0,NaN,22.0,0.0,18.0,NaN,-5.0,0.0,NaN,NaN,NaN,24.0,NaN,NaN,NaN,24.0,26.0,NaN,0.0,3.0,NaN,NaN,NaN,24.0,NaN,NaN,NaN,24.0,NaN,NaN,NaN,24.0,NaN,NaN,NaN,24.0,NaN,NaN,NaN,24.0,26.0,NaN,0.0,3.0,NaN,NaN,NaN,24.0,9.3,NaN,0.0,3.0,101.0,NaN,0.0,3.0,1.0,NaN,0.0,3.0,NaN,NaN,NaN,24.0,218.0,NaN,0.0,3.0,NaN,NaN,NaN,24.0,2.1,NaN,0.0,3.0,3.5,NaN,0.0,3.0,3.5,NaN,0.0,3.0,NaN,NaN,NaN,24.0,0.02,NaN,0.0,3.0,39.2,NaN,0.0,3.0,13.4,NaN,0.0,3.0,59.8,NaN,0.0,3.0,14.3,NaN,0.0,3.0,NaN,NaN,NaN,24.0,237.0,NaN,0.0,3.0,89.0,0.0,0.0,1.0,-5.15,7.0,0.0,0.0,0.0,1.0,0.0,0.0,0.0,0.0,0.0,0.0,1.0,0.0,0.0,0.0,1.0,0.0,NaN,NaN,NaN,1.0,NaN,NaN,NaN
58.0,NaN,-10.0,0.0,97.0,NaN,-3.0,0.0,36.11,NaN,0.054999999999999716,1.0,142.0,NaN,20.0,0.0,80.0,NaN,2.0,0.0,60.0,NaN,-10.0,0.0,21.0,NaN,3.0,0.0,NaN,NaN,NaN,24.0,NaN,NaN,NaN,24.0,26.0,NaN,0.0,4.0,NaN,NaN,NaN,24.0,NaN,NaN,NaN,24.0,NaN,NaN,NaN,24.0,NaN,NaN,NaN,24.0,NaN,NaN,NaN,24.0,26.0,NaN,0.0,4.0,NaN,NaN,NaN,24.0,9.3,NaN,0.0,4.0,101.0,NaN,0.0,4.0,1.0,NaN,0.0,4.0,NaN,NaN,NaN,24.0,200.0,NaN,-4.5,0.0,NaN,NaN,NaN,24.0,2.1,NaN,0.0,4.0,3.5,NaN,0.0,4.0,3.5,NaN,0.0,4.0,NaN,NaN,NaN,24.0,0.02,NaN,0.0,4.0,39.2,NaN,0.0,4.0,13.4,NaN,0.0,4.0,59.8,NaN,0.0,4.0,14.3,NaN,0.0,4.0,NaN,NaN,NaN,24.0,237.0,NaN,0.0,4.0,89.0,0.0,0.0,1.0,-5.15,8.0,0.0,1.0,0.0,1.0,0.0,0.0,0.0,0.0,0.0,0.0,1.0,0.0,0.0,0.0,1.0,0.0,NaN,NaN,NaN,1.0,NaN,NaN,NaN
58.0,NaN,0.0,0.0,100.0,NaN,3.0,0.0,36.11,NaN,0.043999999999999775,2.0,137.0,NaN,-5.0,0.0,84.0,NaN,4.0,0.0,70.0,NaN,10.0,0.0,22.0,NaN,1.0,0.0,NaN,NaN,NaN,24.0,NaN,NaN,NaN,24.0,26.0,NaN,0.0,5.0,NaN,NaN,NaN,24.0,NaN,NaN,NaN,24.0,NaN,NaN,NaN,24.0,NaN,NaN,NaN,24.0,NaN,NaN,NaN,24.0,26.0,NaN,0.0,5.0,NaN,NaN,NaN,24.0,9.3,NaN,0.0,5.0,101.0,NaN,0.0,5.0,1.0,NaN,0.0,5.0,NaN,NaN,NaN,24.0,200.0,NaN,-3.6,1.0,NaN,NaN,NaN,24.0,2.1,NaN,0.0,5.0,3.5,NaN,0.0,5.0,3.5,NaN,0.0,5.0,NaN,NaN,NaN,24.0,0.02,NaN,0.0,5.0,39.2,NaN,0.0,5.0,13.4,NaN,0.0,5.0,59.8,NaN,0.0,5.0,14.3,NaN,0.0,5.0,NaN,NaN,NaN,24.0,237.0,NaN,0.0,5.0,89.0,0.0,0.0,1.0,-5.15,9.0,0.0,1.0,0.0,1.0,0.0,0.0,0.0,0.0,0.0,0.0,1.0,0.0,0.0,0.0,1.0,0.0,NaN,NaN,NaN,1.0,NaN,NaN,NaN
55.0,NaN,-3.0,0.0,100.0,NaN,0.0,0.0,36.11,NaN,0.03666666666666648,3.0,140.0,NaN,3.0,0.0,117.0,NaN,33.0,0.0,109.0,NaN,39.0,0.0,26.0,NaN,4.0,0.0,NaN,NaN,NaN,24.0,NaN,NaN,NaN,24.0,26.0,NaN,0.0,6.0,NaN,NaN,NaN,24.0,NaN,NaN,NaN,24.0,NaN,NaN,NaN,24.0,NaN,NaN,NaN,24.0,NaN,NaN,NaN,24.0,26.0,NaN,0.0,6.0,NaN,NaN,NaN,24.0,9.3,NaN,0.0,6.0,101.0,NaN,0.0,6.0,1.0,NaN,0.0,6.0,NaN,NaN,NaN,24.0,200.0,NaN,-3.0,2.0,NaN,NaN,NaN,24.0,2.1,NaN,0.0,6.0,3.5,NaN,0.0,6.0,3.5,NaN,0.0,6.0,NaN,NaN,NaN,24.0,0.02,NaN,0.0,6.0,39.2,NaN,0.0,6.0,13.4,NaN,0.0,6.0,59.8,NaN,0.0,6.0,14.3,NaN,0.0,6.0,NaN,NaN,NaN,24.0,237.0,NaN,0.0,6.0,89.0,0.0,0.0,1.0,-5.15,10.0,0.0,1.0,0.0,1.0,0.0,0.0,0.0,0.0,0.0,0.0,1.0,0.0,0.0,0.0,1.0,0.0,NaN,NaN,NaN,1.0,NaN,NaN,NaN
56.0,NaN,1.0,0.0,100.0,NaN,0.0,0.0,36.39,NaN,0.07000000000000028,0.0,140.0,NaN,0.0,0.0,64.0,NaN,-53.0,0.0,46.0,NaN,-63.0,0.0,22.0,NaN,-4.0,0.0,NaN,NaN,NaN,24.0,NaN,NaN,NaN,24.0,26.0,NaN,0.0,7.0,NaN,NaN,NaN,24.0,NaN,NaN,NaN,24.0,NaN,NaN,NaN,24.0,NaN,NaN,NaN,24.0,NaN,NaN,NaN,24.0,26.0,NaN,0.0,7.0,NaN,NaN,NaN,24.0,9.3,NaN,0.0,7.0,101.0,NaN,0.0,7.0,1.0,NaN,0.0,7.0,NaN,NaN,NaN,24.0,200.0,NaN,-2.5714285714285716,3.0,NaN,NaN,NaN,24.0,2.1,NaN,0.0,7.0,3.5,NaN,0.0,7.0,3.5,NaN,0.0,7.0,NaN,NaN,NaN,24.0,0.02,NaN,0.0,7.0,39.2,NaN,0.0,7.0,13.4,NaN,0.0,7.0,59.8,NaN,0.0,7.0,14.3,NaN,0.0,7.0,NaN,NaN,NaN,24.0,237.0,NaN,0.0,7.0,89.0,0.0,0.0,1.0,-5.15,11.0,0.0,1.0,0.0,1.0,0.0,0.0,0.0,1.0,0.0,0.0,1.0,0.0,0.0,0.0,1.0,0.0,NaN,NaN,NaN,1.0,NaN,NaN,NaN
58.0,NaN,2.0,0.0,99.0,NaN,-1.0,0.0,36.39,NaN,0.05600000000000023,1.0,155.0,NaN,15.0,0.0,49.0,NaN,-15.0,0.0,26.0,NaN,-20.0,0.0,24.0,NaN,2.0,0.0,NaN,NaN,NaN,24.0,NaN,NaN,NaN,24.0,26.0,NaN,0.0,8.0,NaN,NaN,NaN,24.0,NaN,NaN,NaN,24.0,NaN,NaN,NaN,24.0,NaN,NaN,NaN,24.0,NaN,NaN,NaN,24.0,26.0,NaN,0.0,8.0,NaN,NaN,NaN,24.0,9.3,NaN,0.0,8.0,101.0,NaN,0.0,8.0,1.0,NaN,0.0,8.0,NaN,NaN,NaN,24.0,200.0,NaN,-2.25,4.0,NaN,NaN,NaN,24.0,2.1,NaN,0.0,8.0,3.5,NaN,0.0,8.0,3.5,NaN,0.0,8.0,NaN,NaN,NaN,24.0,0.02,NaN,0.0,8.0,39.2,NaN,0.0,8.0,13.4,NaN,0.0,8.0,59.8,NaN,0.0,8.0,14.3,NaN,0.0,8.0,NaN,NaN,NaN,24.0,237.0,NaN,0.0,8.0,89.0,0.0,0.0,1.0,-5.15,12.0,0.0,1.0,0.0,1.0,0.0,0.0,0.0,1.0,0.0,0.0,1.0,0.0,0.0,0.0,1.0,0.0,NaN,NaN,NaN,1.0,NaN,NaN,NaN
67.3333333333333,NaN,9.3333333333333,0.0,97.0,NaN,-2.0,0.0,36.39,NaN,0.046666666666666856,2.0,133.0,NaN,-22.0,0.0,69.0,NaN,20.0,0.0,48.0,NaN,22.0,0.0,18.5,NaN,-5.5,0.0,NaN,NaN,NaN,24.0,NaN,NaN,NaN,24.0,26.0,NaN,0.0,9.0,NaN,NaN,NaN,24.0,NaN,NaN,NaN,24.0,NaN,NaN,NaN,24.0,NaN,NaN,NaN,24.0,NaN,NaN,NaN,24.0,26.0,NaN,0.0,9.0,NaN,NaN,NaN,24.0,9.3,NaN,0.0,9.0,101.0,NaN,0.0,9.0,1.0,NaN,0.0,9.0,NaN,NaN,NaN,24.0,200.0,NaN,-2.0,5.0,NaN,NaN,NaN,24.0,2.1,NaN,0.0,9.0,3.5,NaN,0.0,9.0,3.5,NaN,0.0,9.0,NaN,NaN,NaN,24.0,0.02,NaN,0.0,9.0,39.2,NaN,0.0,9.0,13.4,NaN,0.0,9.0,59.8,NaN,0.0,9.0,14.3,NaN,0.0,9.0,NaN,NaN,NaN,24.0,237.0,NaN,0.0,9.0,89.0,0.0,0.0,1.0,-5.15,13.0,0.0,0.0,0.0,1.0,0.0,0.0,0.0,0.0,0.0,0.0,1.0,0.0,0.0,0.0,1.0,0.0,NaN,NaN,NaN,1.0,NaN,NaN,NaN
67.3333333333333,NaN,4.66666666666665,1.0,97.0,NaN,-1.0,1.0,36.39,NaN,0.04000000000000016,3.0,133.0,NaN,-11.0,1.0,69.0,NaN,10.0,1.0,48.0,NaN,11.0,1.0,18.5,NaN,-2.75,1.0,NaN,NaN,NaN,24.0,NaN,NaN,NaN,24.0,26.0,NaN,0.0,10.0,NaN,NaN,NaN,24.0,NaN,NaN,NaN,24.0,NaN,NaN,NaN,24.0,NaN,NaN,NaN,24.0,NaN,NaN,NaN,24.0,26.0,NaN,0.0,10.0,NaN,NaN,NaN,24.0,9.3,NaN,0.0,10.0,101.0,NaN,0.0,10.0,1.0,NaN,0.0,10.0,NaN,NaN,NaN,24.0,200.0,NaN,-1.8,6.0,NaN,NaN,NaN,24.0,2.1,NaN,0.0,10.0,3.5,NaN,0.0,10.0,3.5,NaN,0.0,10.0,NaN,NaN,NaN,24.0,0.02,NaN,0.0,10.0,39.2,NaN,0.0,10.0,13.4,NaN,0.0,10.0,59.8,NaN,0.0,10.0,14.3,NaN,0.0,10.0,NaN,NaN,NaN,24.0,237.0,NaN,0.0,10.0,89.0,0.0,0.0,1.0,-5.15,14.0,0.0,0.0,0.0,1.0,0.0,0.0,0.0,0.0,0.0,0.0,1.0,0.0,0.0,0.0,1.0,0.0,NaN,NaN,NaN,1.0,NaN,NaN,NaN
63.0,NaN,-2.16666666666665,0.0,99.0,NaN,1.0,0.0,36.44,NaN,0.01249999999999929,0.0,133.0,NaN,0.0,0.0,80.0,NaN,5.5,0.0,70.0,NaN,11.0,0.0,21.0,NaN,1.25,0.0,NaN,NaN,NaN,24.0,NaN,NaN,NaN,24.0,26.0,NaN,0.0,11.0,NaN,NaN,NaN,24.0,NaN,NaN,NaN,24.0,NaN,NaN,NaN,24.0,NaN,NaN,NaN,24.0,NaN,NaN,NaN,24.0,26.0,NaN,0.0,11.0,NaN,NaN,NaN,24.0,9.3,NaN,0.0,11.0,101.0,NaN,0.0,11.0,1.0,NaN,0.0,11.0,NaN,NaN,NaN,24.0,200.0,NaN,-1.6363636363636365,7.0,NaN,NaN,NaN,24.0,2.1,NaN,0.0,11.0,3.5,NaN,0.0,11.0,3.5,NaN,0.0,11.0,NaN,NaN,NaN,24.0,0.02,NaN,0.0,11.0,35.5,NaN,-0.33636363636363664,0.0,13.4,NaN,0.0,11.0,73.0,NaN,1.2000000000000002,0.0,14.3,NaN,0.0,11.0,NaN,NaN,NaN,24.0,237.0,NaN,0.0,11.0,89.0,0.0,0.0,1.0,-5.15,15.0,0.0,1.0,0.0,1.0,0.0,0.0,0.0,0.0,0.0,0.0,1.0,0.0,0.0,0.0,1.0,0.0,NaN,NaN,NaN,1.0,NaN,NaN,NaN
63.0,NaN,-1.4444444444444333,1.0,99.0,NaN,0.6666666666666666,1.0,36.44,NaN,0.009999999999999431,1.0,133.0,NaN,0.0,1.0,80.0,NaN,3.6666666666666665,1.0,70.0,NaN,7.333333333333333,1.0,21.0,NaN,0.8333333333333334,1.0,NaN,NaN,NaN,24.0,NaN,NaN,NaN,24.0,26.0,NaN,0.0,12.0,NaN,NaN,NaN,24.0,NaN,NaN,NaN,24.0,NaN,NaN,NaN,24.0,NaN,NaN,NaN,24.0,NaN,NaN,NaN,24.0,26.0,NaN,0.0,12.0,NaN,NaN,NaN,24.0,9.3,NaN,0.0,12.0,101.0,NaN,0.0,12.0,1.0,NaN,0.0,12.0,NaN,NaN,NaN,24.0,200.0,NaN,-1.5,8.0,NaN,NaN,NaN,24.0,2.1,NaN,0.0,12.0,3.5,NaN,0.0,12.0,3.5,NaN,0.0,12.0,NaN,NaN,NaN,24.0,0.02,NaN,0.0,12.0,35.5,NaN,-0.30833333333333357,1.0,13.4,NaN,0.0,12.0,73.0,NaN,1.1000000000000003,1.0,14.3,NaN,0.0,12.0,NaN,NaN,NaN,24.0,237.0,NaN,0.0,12.0,89.0,0.0,0.0,1.0,-5.15,16.0,0.0,1.0,0.0,1.0,0.0,0.0,0.0,0.0,0.0,0.0,1.0,0.0,0.0,0.0,1.0,0.0,NaN,NaN,NaN,1.0,NaN,NaN,NaN
