77.0,NaN,NaN,24.0,91.0,NaN,NaN,24.0,36.61,NaN,NaN,24.0,NaN,NaN,NaN,24.0,NaN,NaN,NaN,24.0,NaN,NaN,NaN,24.0,17.0,NaN,NaN,24.0,NaN,NaN,NaN,24.0,NaN,NaN,NaN,24.0,NaN,NaN,NaN,24.0,NaN,NaN,NaN,24.0,NaN,NaN,NaN,24.0,NaN,NaN,NaN,24.0,NaN,NaN,NaN,24.0,NaN,NaN,NaN,24.0,NaN,NaN,NaN,24.0,NaN,NaN,NaN,24.0,NaN,NaN,NaN,24.0,NaN,NaN,NaN,24.0,NaN,NaN,NaN,24.0,NaN,NaN,NaN,24.0,NaN,NaN,NaN,24.0,NaN,NaN,NaN,24.0,NaN,NaN,NaN,24.0,NaN,NaN,NaN,24.0,NaN,NaN,NaN,24.0,NaN,NaN,NaN,24.0,NaN,NaN,NaN,24.0,NaN,NaN,NaN,24.0,NaN,NaN,NaN,24.0,NaN,NaN,NaN,24.0,NaN,NaN,NaN,24.0,NaN,NaN,NaN,24.0,NaN,NaN,NaN,24.0,83.0,1.0,0.0,1.0,-12.2,1.0,0.0,0.0,0.0,0.0,0.0,0.0,0.0,0.0,0.0,0.0,1.0,0.0,0.0,NaN,0.0,0.0,NaN,NaN,NaN,NaN,NaN,NaN,NaN
76.0,NaN,-1.0,0.0,94.0,NaN,3.0,0.0,36.61,NaN,0.0,1.0,141.0,NaN,0.0,0.0,90.0,NaN,0.0,0.0,72.0,NaN,0.0,0.0,18.0,NaN,1.0,0.0,NaN,NaN,NaN,24.0,NaN,NaN,NaN,24.0,26.0,NaN,0.0,0.0,NaN,NaN,NaN,24.0,NaN,NaN,NaN,24.0,NaN,NaN,NaN,24.0,NaN,NaN,NaN,24.0,22.0,NaN,0.0,0.0,44.0,NaN,0.0,0.0,78.0,NaN,0.0,0.0,8.8,NaN,0.0,0.0,106.0,NaN,0.0,0.0,1.5,NaN,0.0,0.0,NaN,NaN,NaN,24.0,96.0,NaN,0.0,0.0,NaN,NaN,NaN,24.0,2.2,NaN,0.0,0.0,3.7,NaN,0.0,0.0,4.1,NaN,0.0,0.0,1.1,NaN,0.0,0.0,0.08,NaN,0.0,0.0,32.7,NaN,0.0,0.0,10.8,NaN,0.0,0.0,26.7,NaN,0.0,0.0,10.6,NaN,0.0,0.0,NaN,NaN,NaN,24.0,163.0,NaN,0.0,0.0,83.0,1.0,0.0,1.0,-12.2,2.0,0.0,0.0,0.0,0.0,0.0,0.0,0.0,0.0,0.0,1.0,1.0,0.0,0.0,NaN,0.0,0.0,NaN,NaN,NaN,NaN,NaN,NaN,NaN
69.0,NaN,-7.0,0.0,95.0,NaN,1.0,0.0,36.61,NaN,0.0,2.0,121.0,NaN,-20.0,0.0,102.0,NaN,12.0,0.0,91.0,NaN,19.0,0.0,22.0,NaN,4.0,0.0,NaN,NaN,NaN,24.0,NaN,NaN,NaN,24.0,26.0,NaN,0.0,1.0,NaN,NaN,NaN,24.0,NaN,NaN,NaN,24.0,NaN,NaN,NaN,24.0,NaN,NaN,NaN,24.0,22.0,NaN,0.0,1.0,44.0,NaN,0.0,1.0,78.0,NaN,0.0,1.0,8.8,NaN,0.0,1.0,106.0,NaN,0.0,1.0,1.5,NaN,0.0,1.0,NaN,NaN,NaN,24.0,96.0,NaN,0.0,1.0,NaN,NaN,NaN,24.0,2.2,NaN,0.0,1.0,3.7,NaN,0.0,1.0,4.1,NaN,0.0,1.0,1.1,NaN,0.0,1.0,0.08,NaN,0.0,1.0,32.7,NaN,0.0,1.0,10.8,NaN,0.0,1.0,26.7,NaN,0.0,1.0,10.6,NaN,0.0,1.0,NaN,NaN,NaN,24.0,163.0,NaN,0.0,1.0,83.0,1.0,0.0,1.0,-12.2,3.0,0.0,1.0,0.0,0.0,0.0,0.0,0.0,0.0,0.0,0.0,1.0,0.0,0.0,NaN,0.0,0.0,NaN,NaN,NaN,NaN,NaN,NaN,NaN
72.0,NaN,3.0,0.0,95.0,NaN,0.0,0.0,36.61,NaN,0.0,3.0,137.0,NaN,16.0,0.0,89.0,NaN,-13.0,0.0,68.0,NaN,-23.0,0.0,17.0,NaN,-5.0,0.0,NaN,NaN,NaN,24.0,NaN,NaN,NaN,24.0,26.0,NaN,0.0,2.0,NaN,NaN,NaN,24.0,NaN,NaN,NaN,24.0,NaN,NaN,NaN,24.0,NaN,NaN,NaN,24.0,22.0,NaN,0.0,2.0,44.0,NaN,0.0,2.0,78.0,NaN,0.0,2.0,8.8,NaN,0.0,2.0,106.0,NaN,0.0,2.0,1.5,NaN,0.0,2.0,NaN,NaN,NaN,24.0,96.0,NaN,0.0,2.0,NaN,NaN,NaN,24.0,2.2,NaN,0.0,2.0,3.7,NaN,0.0,2.0,4.1,NaN,0.0,2.0,1.1,NaN,0.0,2.0,0.08,NaN,0.0,2.0,32.7,NaN,0.0,2.0,10.8,NaN,0.0,2.0,26.7,NaN,0.0,2.0,10.6,NaN,0.0,2.0,NaN,NaN,NaN,24.0,163.0,NaN,0.0,2.0,83.0,1.0,0.0,1.0,-12.2,4.0,0.0,0.0,0.0,0.0,0.0,0.0,0.0,0.0,0.0,0.0,1.0,0.0,0.0,NaN,0.0,0.0,NaN,NaN,NaN,NaN,NaN,NaN,NaN
64.0,NaN,-8.0,0.0,95.0,NaN,0.0,0.0,36.61,NaN,0.0,4.0,139.0,NaN,2.0,0.0,88.0,NaN,-1.0,0.0,67.0,NaN,-1.0,0.0,16.0,NaN,-1.0,0.0,NaN,NaN,NaN,24.0,NaN,NaN,NaN,24.0,26.0,NaN,0.0,3.0,NaN,NaN,NaN,24.0,NaN,NaN,NaN,24.0,NaN,NaN,NaN,24.0,NaN,NaN,NaN,24.0,22.0,NaN,0.0,3.0,44.0,NaN,0.0,3.0,78.0,NaN,0.0,3.0,8.8,NaN,0.0,3.0,106.0,NaN,0.0,3.0,1.5,NaN,0.0,3.0,NaN,NaN,NaN,24.0,96.0,NaN,0.0,3.0,NaN,NaN,NaN,24.0,2.2,NaN,0.0,3.0,3.7,NaN,0.0,3.0,4.1,NaN,0.0,3.0,1.1,NaN,0.0,3.0,0.08,NaN,0.0,3.0,32.7,NaN,0.0,3.0,10.8,NaN,0.0,3.0,26.7,NaN,0.0,3.0,10.6,NaN,0.0,3.0,NaN,NaN,NaN,24.0,163.0,NaN,0.0,3.0,83.0,1.0,0.0,1.0,-12.2,5.0,0.0,0.0,0.0,0.0,0.0,0.0,0.0,0.0,0.0,0.0,1.0,0.0,0.0,NaN,0.0,0.0,NaN,NaN,NaN,NaN,NaN,NaN,NaN
68.0,NaN,4.0,0.0,91.0,NaN,-4.0,0.0,36.67,NaN,0.012000000000000455,0.0,127.0,NaN,-12.0,0.0,91.0,NaN,3.0,0.0,74.0,NaN,7.0,0.0,20.0,NaN,4.0,0.0,NaN,NaN,NaN,24.0,NaN,NaN,NaN,24.0,26.0,NaN,0.0,4.0,NaN,NaN,NaN,24.0,NaN,NaN,NaN,24.0,NaN,NaN,NaN,24.0,NaN,NaN,NaN,24.0,22.0,NaN,0.0,4.0,44.0,NaN,0.0,4.0,78.0,NaN,0.0,4.0,8.8,NaN,0.0,4.0,106.0,NaN,0.0,4.0,1.5,NaN,0.0,4.0,NaN,NaN,NaN,24.0,96.0,NaN,0.0,4.0,NaN,NaN,NaN,24.0,2.2,NaN,0.0,4.0,3.7,NaN,0.0,4.0,4.1,NaN,0.0,4.0,1.1,NaN,0.0,4.0,0.08,NaN,0.0,4.0,32.7,NaN,0.0,4.0,10.8,NaN,0.0,4.0,26.7,NaN,0.0,4.0,10.6,NaN,0.0,4.0,NaN,NaN,NaN,24.0,163.0,NaN,0.0,4.0,83.0,1.0,0.0,1.0,-12.2,6.0,0.0,0.0,0.0,0.0,0.0,0.0,0.0,0.0,0.0,0.0,1.0,0.0,0.0,NaN,0.0,0.0,NaN,NaN,NaN,NaN,NaN,NaN,NaN
64.0,NaN,-4.0,0.0,89.0,NaN,-2.0,0.0,36.67,NaN,0.010000000000000378,1.0,139.0,NaN,12.0,0.0,93.0,NaN,2.0,0.0,74.0,NaN,0.0,0.0,18.0,NaN,-2.0,0.0,NaN,NaN,NaN,24.0,NaN,NaN,NaN,24.0,26.0,NaN,0.0,5.0,NaN,NaN,NaN,24.0,NaN,NaN,NaN,24.0,NaN,NaN,NaN,24.0,NaN,NaN,NaN,24.0,22.0,NaN,0.0,5.0,44.0,NaN,0.0,5.0,78.0,NaN,0.0,5.0,8.8,NaN,0.0,5.0,106.0,NaN,0.0,5.0,1.5,NaN,0.0,5.0,NaN,NaN,NaN,24.0,96.0,NaN,0.0,5.0,NaN,NaN,NaN,24.0,2.2,NaN,0.0,5.0,3.7,NaN,0.0,5.0,4.1,NaN,0.0,5.0,1.1,NaN,0.0,5.0,0.08,NaN,0.0,5.0,32.7,NaN,0.0,5.0,10.8,NaN,0.0,5.0,26.7,NaN,0.0,5.0,10.6,NaN,0.0,5.0,NaN,NaN,NaN,24.0,163.0,NaN,0.0,5.0,83.0,1.0,0.0,1.0,-12.2,7.0,0.0,0.0,0.0,0.0,0.0,0.0,0.0,0.0,0.0,0.0,1.0,0.0,0.0,NaN,0.0,0.0,NaN,NaN,NaN,NaN,NaN,NaN,NaN
63.0,NaN,-1.0,0.0,96.0,NaN,7.0,0.0,36.67,NaN,0.008571428571428896,2.0,134.0,NaN,-5.0,0.0,89.0,NaN,-4.0,0.0,79.0,NaN,5.0,0.0,20.0,NaN,2.0,0.0,NaN,NaN,NaN,24.0,NaN,NaN,NaN,24.0,26.0,NaN,0.0,6.0,NaN,NaN,NaN,24.0,NaN,NaN,NaN,24.0,NaN,NaN,NaN,24.0,NaN,NaN,NaN,24.0,22.0,NaN,0.0,6.0,44.0,NaN,0.0,6.0,78.0,NaN,0.0,6.0,8.8,NaN,0.0,6.0,106.0,NaN,0.0,6.0,1.5,NaN,0.0,6.0,NaN,NaN,NaN,24.0,96.0,NaN,0.0,6.0,NaN,NaN,NaN,24.0,2.2,NaN,0.0,6.0,3.7,NaN,0.0,6.0,4.1,NaN,0.0,6.0,1.1,NaN,0.0,6.0,0.08,NaN,0.0,6.0,32.7,NaN,0.0,6.0,10.8,NaN,0.0,6.0,26.7,NaN,0.0,6.0,10.6,NaN,0.0,6.0,NaN,NaN,NaN,24.0,163.0,NaN,0.0,6.0,83.0,1.0,0.0,1.0,-12.2,8.0,0.0,0.0,0.0,0.0,0.0,0.0,0.0,0.0,0.0,0.0,1.0,0.0,0.0,NaN,0.0,0.0,NaN,NaN,NaN,NaN,NaN,NaN,NaN
60.0,NaN,-3.0,0.0,97.0,NaN,1.0,0.0,36.67,NaN,0.007500000000000284,3.0,133.0,NaN,-1.0,0.0,93.0,NaN,4.0,0.0,77.0,NaN,-2.0,0.0,16.0,NaN,-4.0,0.0,NaN,NaN,NaN,24.0,NaN,NaN,NaN,24.0,26.0,NaN,0.0,7.0,NaN,NaN,NaN,24.0,NaN,NaN,NaN,24.0,NaN,NaN,NaN,24.0,NaN,NaN,NaN,24.0,22.0,NaN,0.0,7.0,44.0,NaN,0.0,7.0,78.0,NaN,0.0,7.0,8.8,NaN,0.0,7.0,106.0,NaN,0.0,7.0,1.5,NaN,0.0,7.0,NaN,NaN,NaN,24.0,96.0,NaN,0.0,7.0,NaN,NaN,NaN,24.0,2.2,NaN,0.0,7.0,3.7,NaN,0.0,7.0,4.1,NaN,0.0,7.0,1.1,NaN,0.0,7.0,0.08,NaN,0.0,7.0,32.7,NaN,0.0,7.0,10.8,NaN,0.0,7.0,26.7,NaN,0.0,7.0,10.6,NaN,0.0,7.0,NaN,NaN,NaN,24.0,163.0,NaN,0.0,7.0,83.0,1.0,0.0,1.0,-12.2,9.0,0.0,0.0,0.0,0.0,0.0,0.0,0.0,0.0,0.0,0.0,1.0,0.0,0.0,NaN,0.0,0.0,NaN,NaN,NaN,NaN,NaN,NaN,NaN
56.0,NaN,-4.0,0.0,94.0,NaN,-3.0,0.0,36.67,NaN,0.0,0.0,142.0,NaN,9.0,0.0,109.0,NaN,16.0,0.0,93.0,NaN,16.0,0.0,13.0,NaN,-3.0,0.0,NaN,NaN,NaN,24.0,NaN,NaN,NaN,24.0,26.0,NaN,0.0,8.0,NaN,NaN,NaN,24.0,NaN,NaN,NaN,24.0,NaN,NaN,NaN,24.0,NaN,NaN,NaN,24.0,22.0,NaN,0.0,8.0,44.0,NaN,0.0,8.0,78.0,NaN,0.0,8.0,8.8,NaN,0.0,8.0,106.0,NaN,0.0,8.0,1.5,NaN,0.0,8.0,NaN,NaN,NaN,24.0,96.0,NaN,0.0,8.0,NaN,NaN,NaN,24.0,2.2,NaN,0.0,8.0,3.7,NaN,0.0,8.0,4.1,NaN,0.0,8.0,1.1,NaN,0.0,8.0,0.08,NaN,0.0,8.0,32.7,NaN,0.0,8.0,10.8,NaN,0.0,8.0,26.7,NaN,0.0,8.0,10.6,NaN,0.0,8.0,NaN,NaN,NaN,24.0,163.0,NaN,0.0,8.0,83.0,1.0,0.0,1.0,-12.2,10.0,0.0,0.0,0.0,0.0,0.0,0.0,0.0,0.0,0.0,0.0,1.0,0.0,0.0,NaN,0.0,0.0,NaN,NaN,NaN,NaN,NaN,NaN,NaN
59.0,NaN,3.0,0.0,90.0,NaN,-4.0,0.0,36.67,NaN,0.0,1.0,136.0,NaN,-6.0,0.0,82.0,NaN,-27.0,0.0,59.0,NaN,-34.0,0.0,19.0,NaN,6.0,0.0,NaN,NaN,NaN,24.0,NaN,NaN,NaN,24.0,26.0,NaN,0.0,9.0,NaN,NaN,NaN,24.0,NaN,NaN,NaN,24.0,NaN,NaN,NaN,24.0,NaN,NaN,NaN,24.0,22.0,NaN,0.0,9.0,44.0,NaN,0.0,9.0,78.0,NaN,0.0,9.0,8.8,NaN,0.0,9.0,106.0,NaN,0.0,9.0,1.5,NaN,0.0,9.0,NaN,NaN,NaN,24.0,96.0,NaN,0.0,9.0,NaN,NaN,NaN,24.0,2.2,NaN,0.0,9.0,3.7,NaN,0.0,9.0,4.1,NaN,0.0,9.0,1.1,NaN,0.0,9.0,0.08,NaN,0.0,9.0,32.7,NaN,0.0,9.0,10.8,NaN,0.0,9.0,26.7,NaN,0.0,9.0,10.6,NaN,0.0,9.0,NaN,NaN,NaN,24.0,163.0,NaN,0.0,9.0,83.0,1.0,0.0,1.0,-12.2,11.0,0.0,0.0,0.0,0.0,0.0,0.0,0.0,0.0,0.0,0.0,1.0,0.0,0.0,NaN,0.0,0.0,NaN,NaN,NaN,NaN,NaN,NaN,NaN
65.0,NaN,6.0,0.0,94.0,NaN,4.0,0.0,36.67,NaN,0.0,2.0,148.0,NaN,12.0,0.0,102.0,NaN,20.0,0.0,83.0,NaN,24.0,0.0,18.0,NaN,-1.0,0.0,NaN,NaN,NaN,24.0,NaN,NaN,NaN,24.0,26.0,NaN,0.0,10.0,NaN,NaN,NaN,24.0,NaN,NaN,NaN,24.0,NaN,NaN,NaN,24.0,NaN,NaN,NaN,24.0,22.0,NaN,0.0,10.0,44.0,NaN,0.0,10.0,78.0,NaN,0.0,10.0,8.8,NaN,0.0,10.0,106.0,NaN,0.0,10.0,1.5,NaN,0.0,10.0,NaN,NaN,NaN,24.0,96.0,NaN,0.0,10.0,NaN,NaN,NaN,24.0,2.2,NaN,0.0,10.0,3.7,NaN,0.0,10.0,4.1,NaN,0.0,10.0,1.1,NaN,0.0,10.0,0.08,NaN,0.0,10.0,32.7,NaN,0.0,10.0,10.8,NaN,0.0,10.0,26.7,NaN,0.0,10.0,10.6,NaN,0.0,10.0,NaN,NaN,NaN,24.0,163.0,NaN,0.0,10.0,83.0,1.0,0.0,1.0,-12.2,12.0,0.0,0.0,0.0,0.0,0.0,0.0,0.0,0.0,0.0,0.0,1.0,0.0,0.0,NaN,0.0,0.0,NaN,NaN,NaN,NaN,NaN,NaN,NaN
63.0,NaN,-2.0,0.0,96.0,NaN,2.0,0.0,36.67,NaN,0.0,3.0,140.0,NaN,-8.0,0.0,101.0,NaN,-1.0,0.0,82.0,NaN,-1.0,0.0,15.0,NaN,-3.0,0.0,NaN,NaN,NaN,24.0,NaN,NaN,NaN,24.0,26.0,NaN,0.0,11.0,NaN,NaN,NaN,24.0,NaN,NaN,NaN,24.0,NaN,NaN,NaN,24.0,NaN,NaN,NaN,24.0,22.0,NaN,0.0,11.0,44.0,NaN,0.0,11.0,78.0,NaN,0.0,11.0,8.8,NaN,0.0,11.0,106.0,NaN,0.0,11.0,1.5,NaN,0.0,11.0,NaN,NaN,NaN,24.0,96.0,NaN,0.0,11.0,NaN,NaN,NaN,24.0,2.2,NaN,0.0,11.0,3.7,NaN,0.0,11.0,4.1,NaN,0.0,11.0,1.1,NaN,0.0,11.0,0.08,NaN,0.0,11.0,32.7,NaN,0.0,11.0,10.8,NaN,0.0,11.0,26.7,NaN,0.0,11.0,10.6,NaN,0.0,11.0,NaN,NaN,NaN,24.0,163.0,NaN,0.0,11.0,83.0,1.0,0.0,1.0,-12.2,13.0,0.0,0.0,0.0,0.0,0.0,0.0,0.0,0.0,0.0,0.0,1.0,0.0,0.0,NaN,0.0,0.0,NaN,NaN,NaN,NaN,NaN,NaN,NaN
69.0,NaN,6.0,0.0,89.0,NaN,-7.0,0.0,36.67,NaN,0.0,0.0,155.0,NaN,15.0,0.0,107.0,NaN,6.0,0.0,86.0,NaN,4.0,0.0,18.0,NaN,3.0,0.0,NaN,NaN,NaN,24.0,NaN,NaN,NaN,24.0,26.0,NaN,0.0,12.0,NaN,NaN,NaN,24.0,NaN,NaN,NaN,24.0,NaN,NaN,NaN,24.0,NaN,NaN,NaN,24.0,22.0,NaN,0.0,12.0,44.0,NaN,0.0,12.0,78.0,NaN,0.0,12.0,8.8,NaN,0.0,12.0,106.0,NaN,0.0,12.0,1.5,NaN,0.0,12.0,NaN,NaN,NaN,24.0,96.0,NaN,0.0,12.0,NaN,NaN,NaN,24.0,2.2,NaN,0.0,12.0,3.7,NaN,0.0,12.0,4.1,NaN,0.0,12.0,1.1,NaN,0.0,12.0,0.08,NaN,0.0,12.0,32.7,NaN,0.0,12.0,10.8,NaN,0.0,12.0,26.7,NaN,0.0,12.0,10.6,NaN,0.0,12.0,NaN,NaN,NaN,24.0,163.0,NaN,0.0,12.0,83.0,1.0,0.0,1.0,-12.2,14.0,0.0,0.0,0.0,0.0,0.0,0.0,0.0,0.0,0.0,0.0,1.0,0.0,0.0,NaN,0.0,0.0,NaN,NaN,NaN,NaN,NaN,NaN,NaN
78.0,NaN,9.0,0.0,100.0,NaN,11.0,0.0,36.67,NaN,0.0,1.0,156.0,NaN,1.0,0.0,106.0,NaN,-1.0,0.0,87.0,NaN,1.0,0.0,18.0,NaN,0.0,0.0,NaN,NaN,NaN,24.0,NaN,NaN,NaN,24.0,26.0,NaN,0.0,13.0,NaN,NaN,NaN,24.0,NaN,NaN,NaN,24.0,NaN,NaN,NaN,24.0,NaN,NaN,NaN,24.0,22.0,NaN,0.0,13.0,44.0,NaN,0.0,13.0,78.0,NaN,0.0,13.0,8.8,NaN,0.0,13.0,106.0,NaN,0.0,13.0,1.5,NaN,0.0,13.0,NaN,NaN,NaN,24.0,96.0,NaN,0.0,13.0,NaN,NaN,NaN,24.0,2.2,NaN,0.0,13.0,3.7,NaN,0.0,13.0,4.1,NaN,0.0,13.0,1.1,NaN,0.0,13.0,0.08,NaN,0.0,13.0,32.7,NaN,0.0,13.0,10.8,NaN,0.0,13.0,26.1,NaN,-0.04615384615384599,0.0,10.6,NaN,0.0,13.0,NaN,NaN,NaN,24.0,163.0,NaN,0.0,13.0,83.0,1.0,0.0,1.0,-12.2,15.0,0.0,0.0,0.0,0.0,0.0,0.0,0.0,0.0,0.0,0.0,1.0,0.0,0.0,NaN,0.0,0.0,NaN,NaN,NaN,NaN,NaN,NaN,NaN
