94.0,NaN,NaN,24.0,97.6666666666667,NaN,NaN,24.0,NaN,NaN,NaN,24.0,101.666666666667,NaN,NaN,24.0,62.6666666666667,NaN,NaN,24.0,49.3333333333333,NaN,NaN,24.0,25.3333333333333,NaN,NaN,24.0,NaN,NaN,NaN,24.0,NaN,NaN,NaN,24.0,NaN,NaN,NaN,24.0,NaN,NaN,NaN,24.0,NaN,NaN,NaN,24.0,NaN,NaN,NaN,24.0,NaN,NaN,NaN,24.0,NaN,NaN,NaN,24.0,NaN,NaN,NaN,24.0,NaN,NaN,NaN,24.0,NaN,NaN,NaN,24.0,NaN,NaN,NaN,24.0,NaN,NaN,NaN,24.0,NaN,NaN,NaN,24.0,NaN,NaN,NaN,24.0,NaN,NaN,NaN,24.0,NaN,NaN,NaN,24.0,NaN,NaN,NaN,24.0,NaN,NaN,NaN,24.0,NaN,NaN,NaN,24.0,NaN,NaN,NaN,24.0,NaN,NaN,NaN,24.0,NaN,NaN,NaN,24.0,NaN,NaN,NaN,24.0,NaN,NaN,NaN,24.0,NaN,NaN,NaN,24.0,NaN,NaN,NaN,24.0,86.0,0.0,1.0,0.0,-110.68027777777777,1.0,0.0,1.0,1.0,0.0,0.0,0.0,0.0,1.0,0.0,0.0,1.0,0.0,1.0,1.0,0.0,0.0,3.0,5.0,4.0,1.0,NaN,NaN,NaN
88.5,NaN,-5.5,0.0,94.5,NaN,-3.1666666666667,0.0,NaN,NaN,NaN,24.0,98.5,NaN,-3.1666666666669983,0.0,61.5,NaN,-1.1666666666666998,0.0,49.75,NaN,0.4166666666666998,0.0,26.5,NaN,1.1666666666666998,0.0,NaN,NaN,NaN,24.0,-5.0,NaN,0.0,0.0,NaN,NaN,NaN,24.0,0.4,NaN,0.0,0.0,7.31,NaN,0.0,0.0,43.0,NaN,0.0,0.0,NaN,NaN,NaN,24.0,NaN,NaN,NaN,24.0,NaN,NaN,NaN,24.0,NaN,NaN,NaN,24.0,NaN,NaN,NaN,24.0,NaN,NaN,NaN,24.0,NaN,NaN,NaN,24.0,NaN,NaN,NaN,24.0,NaN,NaN,NaN,24.0,2.1,NaN,0.0,0.0,NaN,NaN,NaN,24.0,NaN,NaN,NaN,24.0,NaN,NaN,NaN,24.0,NaN,NaN,NaN,24.0,NaN,NaN,NaN,24.0,NaN,NaN,NaN,24.0,NaN,NaN,NaN,24.0,NaN,NaN,NaN,24.0,NaN,NaN,NaN,24.0,NaN,NaN,NaN,24.0,NaN,NaN,NaN,24.0,86.0,0.0,1.0,0.0,-110.68027777777777,2.0,0.0,1.0,0.0,0.0,1.0,0.0,0.0,1.0,1.0,0.0,1.0,1.0,1.0,1.0,0.0,0.0,3.0,5.0,4.0,1.0,NaN,NaN,NaN
77.75,NaN,-10.75,0.0,97.75,NaN,3.25,0.0,NaN,NaN,NaN,24.0,95.0,NaN,-3.5,0.0,57.25,NaN,-4.25,0.0,44.75,NaN,-5.0,0.0,25.0,NaN,-1.5,0.0,NaN,NaN,NaN,24.0,-5.0,NaN,0.0,1.0,NaN,NaN,NaN,24.0,0.4,NaN,0.0,1.0,7.31,NaN,0.0,1.0,43.0,NaN,0.0,1.0,NaN,NaN,NaN,24.0,NaN,NaN,NaN,24.0,NaN,NaN,NaN,24.0,NaN,NaN,NaN,24.0,NaN,NaN,NaN,24.0,NaN,NaN,NaN,24.0,NaN,NaN,NaN,24.0,NaN,NaN,NaN,24.0,NaN,NaN,NaN,24.0,2.1,NaN,0.0,1.0,NaN,NaN,NaN,24.0,NaN,NaN,NaN,24.0,NaN,NaN,NaN,24.0,NaN,NaN,NaN,24.0,NaN,NaN,NaN,24.0,NaN,NaN,NaN,24.0,NaN,NaN,NaN,24.0,NaN,NaN,NaN,24.0,NaN,NaN,NaN,24.0,NaN,NaN,NaN,24.0,NaN,NaN,NaN,24.0,86.0,0.0,1.0,0.0,-110.68027777777777,3.0,0.0,1.0,0.0,0.0,0.0,0.0,0.0,1.0,0.0,0.0,1.0,1.0,1.0,1.0,0.0,0.0,3.0,5.0,4.0,1.0,NaN,NaN,NaN
76.0,NaN,-1.75,0.0,98.0,NaN,0.25,0.0,NaN,NaN,NaN,24.0,75.0,NaN,-20.0,0.0,48.0,NaN,-9.25,0.0,41.0,NaN,-3.75,0.0,23.0,NaN,-2.0,0.0,NaN,NaN,NaN,24.0,-5.0,NaN,0.0,2.0,NaN,NaN,NaN,24.0,0.4,NaN,0.0,2.0,7.31,NaN,0.0,2.0,43.0,NaN,0.0,2.0,NaN,NaN,NaN,24.0,NaN,NaN,NaN,24.0,NaN,NaN,NaN,24.0,NaN,NaN,NaN,24.0,NaN,NaN,NaN,24.0,NaN,NaN,NaN,24.0,NaN,NaN,NaN,24.0,NaN,NaN,NaN,24.0,NaN,NaN,NaN,24.0,2.1,NaN,0.0,2.0,NaN,NaN,NaN,24.0,NaN,NaN,NaN,24.0,NaN,NaN,NaN,24.0,NaN,NaN,NaN,24.0,NaN,NaN,NaN,24.0,NaN,NaN,NaN,24.0,NaN,NaN,NaN,24.0,NaN,NaN,NaN,24.0,NaN,NaN,NaN,24.0,NaN,NaN,NaN,24.0,NaN,NaN,NaN,24.0,86.0,0.0,1.0,0.0,-110.68027777777777,4.0,0.0,1.0,0.0,0.0,0.0,0.0,0.0,1.0,0.0,0.0,1.0,1.0,1.0,1.0,0.0,0.0,3.0,5.0,4.0,1.0,NaN,NaN,NaN
79.25,NaN,3.25,0.0,95.75,NaN,-2.25,0.0,36.17,NaN,0.0,0.0,79.75,NaN,4.75,0.0,50.0,NaN,2.0,0.0,41.0,NaN,0.0,0.0,20.75,NaN,-2.25,0.0,NaN,NaN,NaN,24.0,-5.0,NaN,0.0,3.0,NaN,NaN,NaN,24.0,0.375,NaN,-0.00833333333333334,0.0,7.31,NaN,0.0,3.0,43.0,NaN,0.0,3.0,NaN,NaN,NaN,24.0,NaN,NaN,NaN,24.0,NaN,NaN,NaN,24.0,NaN,NaN,NaN,24.0,NaN,NaN,NaN,24.0,NaN,NaN,NaN,24.0,NaN,NaN,NaN,24.0,NaN,NaN,NaN,24.0,NaN,NaN,NaN,24.0,2.1,NaN,0.0,3.0,NaN,NaN,NaN,24.0,NaN,NaN,NaN,24.0,NaN,NaN,NaN,24.0,NaN,NaN,NaN,24.0,NaN,NaN,NaN,24.0,NaN,NaN,NaN,24.0,NaN,NaN,NaN,24.0,NaN,NaN,NaN,24.0,NaN,NaN,NaN,24.0,NaN,NaN,NaN,24.0,NaN,NaN,NaN,24.0,86.0,0.0,1.0,0.0,-110.68027777777777,5.0,0.0,1.0,0.0,0.0,1.0,0.0,0.0,1.0,0.0,0.0,1.0,1.0,1.0,1.0,0.0,0.0,3.0,5.0,4.0,1.0,NaN,NaN,NaN
84.0,NaN,4.75,0.0,95.0,NaN,-0.75,0.0,36.17,NaN,0.0,1.0,101.0,NaN,21.25,0.0,59.0,NaN,9.0,0.0,46.0,NaN,5.0,0.0,21.0,NaN,0.25,0.0,NaN,NaN,NaN,24.0,-5.0,NaN,0.0,4.0,NaN,NaN,NaN,24.0,0.375,NaN,-0.0062500000000000056,1.0,7.31,NaN,0.0,4.0,43.0,NaN,0.0,4.0,NaN,NaN,NaN,24.0,NaN,NaN,NaN,24.0,NaN,NaN,NaN,24.0,NaN,NaN,NaN,24.0,NaN,NaN,NaN,24.0,NaN,NaN,NaN,24.0,NaN,NaN,NaN,24.0,NaN,NaN,NaN,24.0,NaN,NaN,NaN,24.0,2.1,NaN,0.0,4.0,NaN,NaN,NaN,24.0,NaN,NaN,NaN,24.0,NaN,NaN,NaN,24.0,NaN,NaN,NaN,24.0,NaN,NaN,NaN,24.0,NaN,NaN,NaN,24.0,NaN,NaN,NaN,24.0,NaN,NaN,NaN,24.0,NaN,NaN,NaN,24.0,NaN,NaN,NaN,24.0,NaN,NaN,NaN,24.0,86.0,0.0,1.0,0.0,-110.68027777777777,6.0,0.0,1.0,0.0,0.0,0.0,0.0,0.0,1.0,0.0,0.0,1.0,1.0,1.0,1.0,0.0,0.0,3.0,5.0,4.0,1.0,NaN,NaN,NaN
79.0,NaN,-5.0,0.0,95.0,NaN,0.0,0.0,36.17,NaN,0.0,2.0,95.5,NaN,-5.5,0.0,53.0,NaN,-6.0,0.0,43.5,NaN,-2.5,0.0,23.0,NaN,2.0,0.0,NaN,NaN,NaN,24.0,-5.0,NaN,0.0,5.0,18.0,NaN,0.0,0.0,0.375,NaN,-0.0050000000000000044,2.0,7.31,NaN,0.0,5.0,43.0,NaN,0.0,5.0,NaN,NaN,NaN,24.0,15.0,NaN,0.0,0.0,16.0,NaN,0.0,0.0,81.0,NaN,0.0,0.0,6.4,NaN,0.0,0.0,106.0,NaN,0.0,0.0,0.7,NaN,0.0,0.0,NaN,NaN,NaN,24.0,86.0,NaN,0.0,0.0,2.1,NaN,0.0,5.0,1.5,NaN,0.0,0.0,2.2,NaN,0.0,0.0,3.4,NaN,0.0,0.0,0.2,NaN,0.0,0.0,0.01,NaN,0.0,0.0,20.4,NaN,0.0,0.0,6.5,NaN,0.0,0.0,24.6,NaN,0.0,0.0,9.8,NaN,0.0,0.0,NaN,NaN,NaN,24.0,167.0,NaN,0.0,0.0,86.0,0.0,1.0,0.0,-110.68027777777777,7.0,0.0,1.0,0.0,0.0,0.0,0.0,0.0,1.0,0.0,0.0,1.0,1.0,1.0,1.0,0.0,0.0,3.0,5.0,4.0,1.0,NaN,NaN,NaN
81.0,NaN,2.0,0.0,98.0,NaN,3.0,0.0,36.17,NaN,0.0,3.0,113.0,NaN,17.5,0.0,66.0,NaN,13.0,0.0,45.0,NaN,1.5,0.0,18.0,NaN,-5.0,0.0,NaN,NaN,NaN,24.0,-3.0,NaN,0.3333333333333333,0.0,18.0,NaN,0.0,1.0,0.375,NaN,-0.00416666666666667,3.0,7.37,NaN,0.010000000000000083,0.0,36.0,NaN,-1.1666666666666667,0.0,NaN,NaN,NaN,24.0,15.0,NaN,0.0,1.0,16.0,NaN,0.0,1.0,81.0,NaN,0.0,1.0,6.4,NaN,0.0,1.0,106.0,NaN,0.0,1.0,0.7,NaN,0.0,1.0,NaN,NaN,NaN,24.0,86.0,NaN,0.0,1.0,1.1,NaN,-0.16666666666666666,0.0,1.5,NaN,0.0,1.0,2.2,NaN,0.0,1.0,3.4,NaN,0.0,1.0,0.2,NaN,0.0,1.0,0.01,NaN,0.0,1.0,20.0,NaN,-0.3999999999999986,0.0,6.8,NaN,0.2999999999999998,0.0,24.6,NaN,0.0,1.0,9.8,NaN,0.0,1.0,NaN,NaN,NaN,24.0,167.0,NaN,0.0,1.0,86.0,0.0,1.0,0.0,-110.68027777777777,8.0,0.0,0.0,0.0,0.0,0.0,0.0,0.0,0.0,0.0,0.0,1.0,1.0,1.0,1.0,0.0,0.0,3.0,5.0,4.0,1.0,NaN,NaN,NaN
76.0,NaN,-5.0,0.0,98.0,NaN,0.0,0.0,36.56,NaN,0.09750000000000014,0.0,99.0,NaN,-14.0,0.0,62.0,NaN,-4.0,0.0,43.0,NaN,-2.0,0.0,22.0,NaN,4.0,0.0,NaN,NaN,NaN,24.0,-3.0,NaN,0.2857142857142857,1.0,18.0,NaN,0.0,2.0,0.375,NaN,-0.003571428571428575,4.0,7.37,NaN,0.008571428571428643,1.0,36.0,NaN,-1.0,1.0,NaN,NaN,NaN,24.0,15.0,NaN,0.0,2.0,16.0,NaN,0.0,2.0,81.0,NaN,0.0,2.0,6.4,NaN,0.0,2.0,106.0,NaN,0.0,2.0,0.7,NaN,0.0,2.0,NaN,NaN,NaN,24.0,86.0,NaN,0.0,2.0,1.1,NaN,-0.14285714285714285,1.0,1.5,NaN,0.0,2.0,2.2,NaN,0.0,2.0,3.4,NaN,0.0,2.0,0.2,NaN,0.0,2.0,0.01,NaN,0.0,2.0,20.0,NaN,-0.1999999999999993,1.0,6.8,NaN,0.1499999999999999,1.0,24.6,NaN,0.0,2.0,9.8,NaN,0.0,2.0,NaN,NaN,NaN,24.0,167.0,NaN,0.0,2.0,86.0,0.0,1.0,0.0,-110.68027777777777,9.0,0.0,1.0,0.0,0.0,0.0,0.0,0.0,1.0,0.0,0.0,1.0,1.0,1.0,1.0,0.0,0.0,3.0,5.0,4.0,1.0,NaN,NaN,NaN
