65.0,NaN,NaN,24.0,97.0,NaN,NaN,24.0,NaN,NaN,NaN,24.0,128.0,NaN,NaN,24.0,59.0,NaN,NaN,24.0,40.0,NaN,NaN,24.0,17.0,NaN,NaN,24.0,NaN,NaN,NaN,24.0,NaN,NaN,NaN,24.0,NaN,NaN,NaN,24.0,NaN,NaN,NaN,24.0,NaN,NaN,NaN,24.0,NaN,NaN,NaN,24.0,NaN,NaN,NaN,24.0,NaN,NaN,NaN,24.0,NaN,NaN,NaN,24.0,NaN,NaN,NaN,24.0,NaN,NaN,NaN,24.0,NaN,NaN,NaN,24.0,NaN,NaN,NaN,24.0,NaN,NaN,NaN,24.0,NaN,NaN,NaN,24.0,NaN,NaN,NaN,24.0,NaN,NaN,NaN,24.0,NaN,NaN,NaN,24.0,NaN,NaN,NaN,24.0,NaN,NaN,NaN,24.0,NaN,NaN,NaN,24.0,NaN,NaN,NaN,24.0,NaN,NaN,NaN,24.0,NaN,NaN,NaN,24.0,NaN,NaN,NaN,24.0,NaN,NaN,NaN,24.0,NaN,NaN,NaN,24.0,86.0,0.0,1.0,0.0,-36.970555555555556,1.0,0.0,0.0,0.0,0.0,0.0,0.0,0.0,1.0,0.0,0.0,1.0,0.0,0.0,NaN,0.0,0.0,NaN,NaN,NaN,NaN,NaN,NaN,NaN
74.0,NaN,9.0,0.0,98.0,NaN,1.0,0.0,NaN,NaN,NaN,24.0,101.0,NaN,-27.0,0.0,92.0,NaN,33.0,0.0,89.0,NaN,49.0,0.0,16.0,NaN,-1.0,0.0,NaN,NaN,NaN,24.0,NaN,NaN,NaN,24.0,NaN,NaN,NaN,24.0,NaN,NaN,NaN,24.0,NaN,NaN,NaN,24.0,NaN,NaN,NaN,24.0,NaN,NaN,NaN,24.0,NaN,NaN,NaN,24.0,NaN,NaN,NaN,24.0,NaN,NaN,NaN,24.0,NaN,NaN,NaN,24.0,NaN,NaN,NaN,24.0,NaN,NaN,NaN,24.0,NaN,NaN,NaN,24.0,NaN,NaN,NaN,24.0,NaN,NaN,NaN,24.0,NaN,NaN,NaN,24.0,NaN,NaN,NaN,24.0,NaN,NaN,NaN,24.0,NaN,NaN,NaN,24.0,NaN,NaN,NaN,24.0,NaN,NaN,NaN,24.0,NaN,NaN,NaN,24.0,NaN,NaN,NaN,24.0,NaN,NaN,NaN,24.0,NaN,NaN,NaN,24.0,NaN,NaN,NaN,24.0,86.0,0.0,1.0,0.0,-36.970555555555556,2.0,0.0,0.0,0.0,0.0,0.0,0.0,0.0,0.0,0.0,0.0,1.0,0.0,0.0,NaN,0.0,0.0,NaN,NaN,NaN,NaN,NaN,NaN,NaN
82.0,NaN,8.0,0.0,97.0,NaN,-1.0,0.0,NaN,NaN,NaN,24.0,155.0,NaN,54.0,0.0,88.0,NaN,-4.0,0.0,83.0,NaN,-6.0,0.0,23.0,NaN,7.0,0.0,NaN,NaN,NaN,24.0,NaN,NaN,NaN,24.0,NaN,NaN,NaN,24.0,NaN,NaN,NaN,24.0,NaN,NaN,NaN,24.0,NaN,NaN,NaN,24.0,NaN,NaN,NaN,24.0,NaN,NaN,NaN,24.0,NaN,NaN,NaN,24.0,NaN,NaN,NaN,24.0,NaN,NaN,NaN,24.0,NaN,NaN,NaN,24.0,NaN,NaN,NaN,24.0,NaN,NaN,NaN,24.0,NaN,NaN,NaN,24.0,NaN,NaN,NaN,24.0,NaN,NaN,NaN,24.0,NaN,NaN,NaN,24.0,NaN,NaN,NaN,24.0,NaN,NaN,NaN,24.0,NaN,NaN,NaN,24.0,NaN,NaN,NaN,24.0,NaN,NaN,NaN,24.0,NaN,NaN,NaN,24.0,NaN,NaN,NaN,24.0,NaN,NaN,NaN,24.0,NaN,NaN,NaN,24.0,86.0,0.0,1.0,0.0,-36.970555555555556,3.0,0.0,1.0,0.0,0.0,0.0,0.0,0.0,0.0,0.0,0.0,1.0,0.0,0.0,NaN,0.0,0.0,NaN,NaN,NaN,NaN,NaN,NaN,NaN
75.0,NaN,-7.0,0.0,96.0,NaN,-1.0,0.0,36.11,NaN,0.0,0.0,169.0,NaN,14.0,0.0,96.0,NaN,8.0,0.0,73.0,NaN,-10.0,0.0,25.0,NaN,2.0,0.0,NaN,NaN,NaN,24.0,NaN,NaN,NaN,24.0,NaN,NaN,NaN,24.0,NaN,NaN,NaN,24.0,NaN,NaN,NaN,24.0,NaN,NaN,NaN,24.0,NaN,NaN,NaN,24.0,NaN,NaN,NaN,24.0,NaN,NaN,NaN,24.0,NaN,NaN,NaN,24.0,NaN,NaN,NaN,24.0,NaN,NaN,NaN,24.0,NaN,NaN,NaN,24.0,NaN,NaN,NaN,24.0,NaN,NaN,NaN,24.0,NaN,NaN,NaN,24.0,NaN,NaN,NaN,24.0,NaN,NaN,NaN,24.0,NaN,NaN,NaN,24.0,NaN,NaN,NaN,24.0,NaN,NaN,NaN,24.0,NaN,NaN,NaN,24.0,NaN,NaN,NaN,24.0,NaN,NaN,NaN,24.0,NaN,NaN,NaN,24.0,NaN,NaN,NaN,24.0,NaN,NaN,NaN,24.0,86.0,0.0,1.0,0.0,-36.970555555555556,4.0,0.0,1.0,0.0,0.0,0.0,0.0,0.0,0.0,0.0,0.0,1.0,0.0,0.0,NaN,0.0,0.0,NaN,NaN,NaN,NaN,NaN,NaN,NaN
72.0,NaN,-3.0,0.0,94.0,NaN,-2.0,0.0,36.11,NaN,0.0,1.0,157.0,NaN,-12.0,0.0,90.0,NaN,-6.0,0.0,73.0,NaN,0.0,0.0,14.0,NaN,-11.0,0.0,NaN,NaN,NaN,24.0,NaN,NaN,NaN,24.0,NaN,NaN,NaN,24.0,NaN,NaN,NaN,24.0,NaN,NaN,NaN,24.0,NaN,NaN,NaN,24.0,NaN,NaN,NaN,24.0,NaN,NaN,NaN,24.0,NaN,NaN,NaN,24.0,NaN,NaN,NaN,24.0,NaN,NaN,NaN,24.0,NaN,NaN,NaN,24.0,NaN,NaN,NaN,24.0,NaN,NaN,NaN,24.0,NaN,NaN,NaN,24.0,NaN,NaN,NaN,24.0,NaN,NaN,NaN,24.0,NaN,NaN,NaN,24.0,NaN,NaN,NaN,24.0,NaN,NaN,NaN,24.0,NaN,NaN,NaN,24.0,NaN,NaN,NaN,24.0,NaN,NaN,NaN,24.0,NaN,NaN,NaN,24.0,NaN,NaN,NaN,24.0,NaN,NaN,NaN,24.0,NaN,NaN,NaN,24.0,86.0,0.0,1.0,0.0,-36.970555555555556,5.0,0.0,0.0,0.0,0.0,0.0,0.0,0.0,0.0,0.0,0.0,1.0,0.0,0.0,NaN,0.0,0.0,NaN,NaN,NaN,NaN,NaN,NaN,NaN
74.0,NaN,2.0,0.0,93.0,NaN,-1.0,0.0,36.11,NaN,0.0,2.0,170.0,NaN,13.0,0.0,98.0,NaN,8.0,0.0,76.0,NaN,3.0,0.0,15.0,NaN,1.0,0.0,NaN,NaN,NaN,24.0,NaN,NaN,NaN,24.0,NaN,NaN,NaN,24.0,NaN,NaN,NaN,24.0,NaN,NaN,NaN,24.0,NaN,NaN,NaN,24.0,NaN,NaN,NaN,24.0,NaN,NaN,NaN,24.0,NaN,NaN,NaN,24.0,NaN,NaN,NaN,24.0,NaN,NaN,NaN,24.0,NaN,NaN,NaN,24.0,NaN,NaN,NaN,24.0,NaN,NaN,NaN,24.0,NaN,NaN,NaN,24.0,NaN,NaN,NaN,24.0,NaN,NaN,NaN,24.0,NaN,NaN,NaN,24.0,NaN,NaN,NaN,24.0,NaN,NaN,NaN,24.0,NaN,NaN,NaN,24.0,NaN,NaN,NaN,24.0,NaN,NaN,NaN,24.0,NaN,NaN,NaN,24.0,NaN,NaN,NaN,24.0,NaN,NaN,NaN,24.0,NaN,NaN,NaN,24.0,86.0,0.0,1.0,0.0,-36.970555555555556,6.0,0.0,0.0,0.0,0.0,0.0,0.0,0.0,0.0,0.0,0.0,1.0,0.0,0.0,NaN,0.0,0.0,NaN,NaN,NaN,NaN,NaN,NaN,NaN
76.0,NaN,2.0,0.0,94.0,NaN,1.0,0.0,36.17,NaN,0.020000000000000757,0.0,172.0,NaN,2.0,0.0,88.0,NaN,-10.0,0.0,66.0,NaN,-10.0,0.0,19.0,NaN,4.0,0.0,NaN,NaN,NaN,24.0,NaN,NaN,NaN,24.0,NaN,NaN,NaN,24.0,NaN,NaN,NaN,24.0,NaN,NaN,NaN,24.0,NaN,NaN,NaN,24.0,NaN,NaN,NaN,24.0,NaN,NaN,NaN,24.0,NaN,NaN,NaN,24.0,NaN,NaN,NaN,24.0,NaN,NaN,NaN,24.0,NaN,NaN,NaN,24.0,NaN,NaN,NaN,24.0,NaN,NaN,NaN,24.0,NaN,NaN,NaN,24.0,NaN,NaN,NaN,24.0,NaN,NaN,NaN,24.0,NaN,NaN,NaN,24.0,NaN,NaN,NaN,24.0,NaN,NaN,NaN,24.0,NaN,NaN,NaN,24.0,NaN,NaN,NaN,24.0,NaN,NaN,NaN,24.0,NaN,NaN,NaN,24.0,NaN,NaN,NaN,24.0,NaN,NaN,NaN,24.0,NaN,NaN,NaN,24.0,86.0,0.0,1.0,0.0,-36.970555555555556,7.0,0.0,0.0,0.0,0.0,0.0,0.0,0.0,0.0,0.0,0.0,1.0,0.0,0.0,NaN,0.0,0.0,NaN,NaN,NaN,NaN,NaN,NaN,NaN
83.0,NaN,7.0,0.0,95.0,NaN,1.0,0.0,36.17,NaN,0.015000000000000568,1.0,186.0,NaN,14.0,0.0,92.0,NaN,4.0,0.0,62.0,NaN,-4.0,0.0,23.0,NaN,4.0,0.0,NaN,NaN,NaN,24.0,-1.0,NaN,0.0,0.0,22.0,NaN,0.0,0.0,NaN,NaN,NaN,24.0,7.4,NaN,0.0,0.0,35.0,NaN,0.0,0.0,NaN,NaN,NaN,24.0,NaN,NaN,NaN,24.0,18.0,NaN,0.0,0.0,NaN,NaN,NaN,24.0,9.1,NaN,0.0,0.0,111.0,NaN,0.0,0.0,0.9,NaN,0.0,0.0,NaN,NaN,NaN,24.0,138.0,NaN,0.0,0.0,1.9,NaN,0.0,0.0,2.2,NaN,0.0,0.0,3.5,NaN,0.0,0.0,4.5,NaN,0.0,0.0,NaN,NaN,NaN,24.0,0.01,NaN,0.0,0.0,NaN,NaN,NaN,24.0,NaN,NaN,NaN,24.0,NaN,NaN,NaN,24.0,NaN,NaN,NaN,24.0,NaN,NaN,NaN,24.0,NaN,NaN,NaN,24.0,86.0,0.0,1.0,0.0,-36.970555555555556,8.0,0.0,1.0,0.0,0.0,0.0,0.0,0.0,0.0,0.0,0.0,1.0,0.0,0.0,NaN,0.0,0.0,NaN,NaN,NaN,NaN,NaN,NaN,NaN
76.0,NaN,-7.0,0.0,98.0,NaN,3.0,0.0,36.17,NaN,0.012000000000000455,2.0,180.0,NaN,-6.0,0.0,97.0,NaN,5.0,0.0,71.0,NaN,9.0,0.0,19.0,NaN,-4.0,0.0,NaN,NaN,NaN,24.0,-1.0,NaN,0.0,1.0,22.0,NaN,0.0,1.0,NaN,NaN,NaN,24.0,7.4,NaN,0.0,1.0,35.0,NaN,0.0,1.0,NaN,NaN,NaN,24.0,NaN,NaN,NaN,24.0,18.0,NaN,0.0,1.0,NaN,NaN,NaN,24.0,9.1,NaN,0.0,1.0,111.0,NaN,0.0,1.0,0.9,NaN,0.0,1.0,NaN,NaN,NaN,24.0,138.0,NaN,0.0,1.0,1.9,NaN,0.0,1.0,2.2,NaN,0.0,1.0,3.5,NaN,0.0,1.0,4.5,NaN,0.0,1.0,NaN,NaN,NaN,24.0,0.01,NaN,0.0,1.0,NaN,NaN,NaN,24.0,NaN,NaN,NaN,24.0,NaN,NaN,NaN,24.0,NaN,NaN,NaN,24.0,NaN,NaN,NaN,24.0,NaN,NaN,NaN,24.0,86.0,0.0,1.0,0.0,-36.970555555555556,9.0,0.0,0.0,0.0,0.0,0.0,0.0,0.0,0.0,0.0,0.0,1.0,0.0,0.0,NaN,0.0,0.0,NaN,NaN,NaN,NaN,NaN,NaN,NaN
78.0,NaN,2.0,0.0,95.0,NaN,-3.0,0.0,36.17,NaN,0.010000000000000378,3.0,174.0,NaN,-6.0,0.0,86.0,NaN,-11.0,0.0,63.0,NaN,-8.0,0.0,14.0,NaN,-5.0,0.0,NaN,NaN,NaN,24.0,-1.0,NaN,0.0,2.0,22.0,NaN,0.0,2.0,NaN,NaN,NaN,24.0,7.4,NaN,0.0,2.0,35.0,NaN,0.0,2.0,NaN,NaN,NaN,24.0,NaN,NaN,NaN,24.0,18.0,NaN,0.0,2.0,NaN,NaN,NaN,24.0,9.1,NaN,0.0,2.0,111.0,NaN,0.0,2.0,0.9,NaN,0.0,2.0,NaN,NaN,NaN,24.0,138.0,NaN,0.0,2.0,1.9,NaN,0.0,2.0,2.2,NaN,0.0,2.0,3.5,NaN,0.0,2.0,4.5,NaN,0.0,2.0,NaN,NaN,NaN,24.0,0.01,NaN,0.0,2.0,NaN,NaN,NaN,24.0,NaN,NaN,NaN,24.0,NaN,NaN,NaN,24.0,NaN,NaN,NaN,24.0,NaN,NaN,NaN,24.0,NaN,NaN,NaN,24.0,86.0,0.0,1.0,0.0,-36.970555555555556,10.0,0.0,0.0,0.0,0.0,0.0,0.0,0.0,0.0,0.0,0.0,1.0,0.0,0.0,NaN,0.0,0.0,NaN,NaN,NaN,NaN,NaN,NaN,NaN
87.0,NaN,9.0,0.0,96.0,NaN,1.0,0.0,36.22,NaN,0.01249999999999929,0.0,164.0,NaN,-10.0,0.0,90.0,NaN,4.0,0.0,68.0,NaN,5.0,0.0,13.0,NaN,-1.0,0.0,NaN,NaN,NaN,24.0,-1.0,NaN,0.0,3.0,22.0,NaN,0.0,3.0,NaN,NaN,NaN,24.0,7.4,NaN,0.0,3.0,35.0,NaN,0.0,3.0,NaN,NaN,NaN,24.0,NaN,NaN,NaN,24.0,18.0,NaN,0.0,3.0,NaN,NaN,NaN,24.0,9.1,NaN,0.0,3.0,111.0,NaN,0.0,3.0,0.9,NaN,0.0,3.0,NaN,NaN,NaN,24.0,138.0,NaN,0.0,3.0,1.9,NaN,0.0,3.0,2.2,NaN,0.0,3.0,3.5,NaN,0.0,3.0,4.5,NaN,0.0,3.0,NaN,NaN,NaN,24.0,0.01,NaN,0.0,3.0,NaN,NaN,NaN,24.0,NaN,NaN,NaN,24.0,NaN,NaN,NaN,24.0,NaN,NaN,NaN,24.0,NaN,NaN,NaN,24.0,NaN,NaN,NaN,24.0,86.0,0.0,1.0,0.0,-36.970555555555556,11.0,0.0,0.0,0.0,0.0,0.0,0.0,0.0,0.0,0.0,0.0,1.0,0.0,0.0,NaN,0.0,0.0,NaN,NaN,NaN,NaN,NaN,NaN,NaN
86.0,NaN,-1.0,0.0,96.0,NaN,0.0,0.0,36.22,NaN,0.009999999999999431,1.0,143.0,NaN,-21.0,0.0,99.0,NaN,9.0,0.0,83.0,NaN,15.0,0.0,12.0,NaN,-1.0,0.0,NaN,NaN,NaN,24.0,-1.0,NaN,0.0,4.0,22.0,NaN,0.0,4.0,NaN,NaN,NaN,24.0,7.4,NaN,0.0,4.0,35.0,NaN,0.0,4.0,NaN,NaN,NaN,24.0,NaN,NaN,NaN,24.0,18.0,NaN,0.0,4.0,NaN,NaN,NaN,24.0,9.1,NaN,0.0,4.0,111.0,NaN,0.0,4.0,0.9,NaN,0.0,4.0,NaN,NaN,NaN,24.0,138.0,NaN,0.0,4.0,1.9,NaN,0.0,4.0,2.2,NaN,0.0,4.0,3.5,NaN,0.0,4.0,4.5,NaN,0.0,4.0,NaN,NaN,NaN,24.0,0.01,NaN,0.0,4.0,NaN,NaN,NaN,24.0,NaN,NaN,NaN,24.0,NaN,NaN,NaN,24.0,NaN,NaN,NaN,24.0,NaN,NaN,NaN,24.0,NaN,NaN,NaN,24.0,86.0,0.0,1.0,0.0,-36.970555555555556,12.0,0.0,0.0,0.0,0.0,0.0,0.0,0.0,0.0,0.0,0.0,1.0,0.0,0.0,NaN,0.0,0.0,NaN,NaN,NaN,NaN,NaN,NaN,NaN
83.0,NaN,-3.0,0.0,93.0,NaN,-3.0,0.0,36.22,NaN,0.00833333333333286,2.0,137.0,NaN,-6.0,0.0,79.0,NaN,-20.0,0.0,72.0,NaN,-11.0,0.0,14.0,NaN,2.0,0.0,NaN,NaN,NaN,24.0,-1.0,NaN,0.0,5.0,22.0,NaN,0.0,5.0,NaN,NaN,NaN,24.0,7.4,NaN,0.0,5.0,35.0,NaN,0.0,5.0,NaN,NaN,NaN,24.0,NaN,NaN,NaN,24.0,18.0,NaN,0.0,5.0,NaN,NaN,NaN,24.0,9.1,NaN,0.0,5.0,111.0,NaN,0.0,5.0,0.9,NaN,0.0,5.0,NaN,NaN,NaN,24.0,138.0,NaN,0.0,5.0,1.9,NaN,0.0,5.0,2.2,NaN,0.0,5.0,3.5,NaN,0.0,5.0,4.5,NaN,0.0,5.0,NaN,NaN,NaN,24.0,0.01,NaN,0.0,5.0,NaN,NaN,NaN,24.0,NaN,NaN,NaN,24.0,NaN,NaN,NaN,24.0,NaN,NaN,NaN,24.0,NaN,NaN,NaN,24.0,NaN,NaN,NaN,24.0,86.0,0.0,1.0,0.0,-36.970555555555556,13.0,0.0,0.0,0.0,0.0,0.0,0.0,0.0,0.0,0.0,0.0,1.0,0.0,0.0,NaN,0.0,0.0,NaN,NaN,NaN,NaN,NaN,NaN,NaN
81.0,NaN,-2.0,0.0,95.0,NaN,2.0,0.0,36.22,NaN,0.007142857142856737,3.0,137.0,NaN,-3.0,1.0,79.0,NaN,-10.0,1.0,72.0,NaN,-5.5,1.0,14.0,NaN,0.0,0.0,NaN,NaN,NaN,24.0,-1.0,NaN,0.0,6.0,22.0,NaN,0.0,6.0,NaN,NaN,NaN,24.0,7.4,NaN,0.0,6.0,35.0,NaN,0.0,6.0,NaN,NaN,NaN,24.0,NaN,NaN,NaN,24.0,18.0,NaN,0.0,6.0,NaN,NaN,NaN,24.0,9.1,NaN,0.0,6.0,111.0,NaN,0.0,6.0,0.9,NaN,0.0,6.0,NaN,NaN,NaN,24.0,138.0,NaN,0.0,6.0,1.9,NaN,0.0,6.0,2.2,NaN,0.0,6.0,3.5,NaN,0.0,6.0,4.5,NaN,0.0,6.0,NaN,NaN,NaN,24.0,0.01,NaN,0.0,6.0,NaN,NaN,NaN,24.0,NaN,NaN,NaN,24.0,NaN,NaN,NaN,24.0,NaN,NaN,NaN,24.0,NaN,NaN,NaN,24.0,NaN,NaN,NaN,24.0,86.0,0.0,1.0,0.0,-36.970555555555556,14.0,0.0,0.0,0.0,0.0,0.0,0.0,0.0,0.0,0.0,0.0,1.0,0.0,0.0,NaN,0.0,0.0,NaN,NaN,NaN,NaN,NaN,NaN,NaN
82.0,NaN,1.0,0.0,94.0,NaN,-1.0,0.0,36.22,NaN,0.006249999999999645,4.0,131.0,NaN,-3.0,0.0,60.0,NaN,-9.5,0.0,37.0,NaN,-17.5,0.0,15.0,NaN,1.0,0.0,NaN,NaN,NaN,24.0,-1.0,NaN,0.0,7.0,22.0,NaN,0.0,7.0,NaN,NaN,NaN,24.0,7.4,NaN,0.0,7.0,35.0,NaN,0.0,7.0,NaN,NaN,NaN,24.0,NaN,NaN,NaN,24.0,18.0,NaN,0.0,7.0,NaN,NaN,NaN,24.0,9.1,NaN,0.0,7.0,111.0,NaN,0.0,7.0,0.9,NaN,0.0,7.0,NaN,NaN,NaN,24.0,138.0,NaN,0.0,7.0,1.9,NaN,0.0,7.0,2.2,NaN,0.0,7.0,3.5,NaN,0.0,7.0,4.5,NaN,0.0,7.0,NaN,NaN,NaN,24.0,0.01,NaN,0.0,7.0,NaN,NaN,NaN,24.0,NaN,NaN,NaN,24.0,NaN,NaN,NaN,24.0,NaN,NaN,NaN,24.0,NaN,NaN,NaN,24.0,NaN,NaN,NaN,24.0,86.0,0.0,1.0,0.0,-36.970555555555556,15.0,0.0,0.0,0.0,0.0,0.0,0.0,0.0,1.0,0.0,0.0,1.0,0.0,0.0,NaN,0.0,0.0,NaN,NaN,NaN,NaN,NaN,NaN,NaN
76.0,NaN,-6.0,0.0,95.0,NaN,1.0,0.0,36.22,NaN,0.00555555555555524,5.0,141.0,NaN,10.0,0.0,79.0,NaN,19.0,0.0,62.0,NaN,25.0,0.0,19.0,NaN,4.0,0.0,NaN,NaN,NaN,24.0,-1.0,NaN,0.0,8.0,22.0,NaN,0.0,0.0,NaN,NaN,NaN,24.0,7.4,NaN,0.0,8.0,35.0,NaN,0.0,8.0,NaN,NaN,NaN,24.0,NaN,NaN,NaN,24.0,20.0,NaN,0.25,0.0,NaN,NaN,NaN,24.0,9.1,NaN,0.0,8.0,111.0,NaN,0.0,0.0,1.0,NaN,0.012499999999999997,0.0,NaN,NaN,NaN,24.0,138.0,NaN,0.0,8.0,1.9,NaN,0.0,8.0,2.2,NaN,0.0,8.0,3.5,NaN,0.0,8.0,4.5,NaN,0.0,8.0,NaN,NaN,NaN,24.0,0.01,NaN,0.0,8.0,NaN,NaN,NaN,24.0,NaN,NaN,NaN,24.0,NaN,NaN,NaN,24.0,NaN,NaN,NaN,24.0,NaN,NaN,NaN,24.0,NaN,NaN,NaN,24.0,86.0,0.0,1.0,0.0,-36.970555555555556,16.0,0.0,0.0,0.0,0.0,0.0,0.0,0.0,0.0,0.0,0.0,1.0,0.0,0.0,NaN,0.0,0.0,NaN,NaN,NaN,NaN,NaN,NaN,NaN
76.0,NaN,-3.0,1.0,95.0,NaN,0.5,1.0,36.22,NaN,0.004999999999999716,6.0,141.0,NaN,5.0,1.0,79.0,NaN,9.5,1.0,62.0,NaN,12.5,1.0,19.0,NaN,2.0,1.0,NaN,NaN,NaN,24.0,-1.0,NaN,0.0,9.0,22.0,NaN,0.0,1.0,NaN,NaN,NaN,24.0,7.4,NaN,0.0,9.0,35.0,NaN,0.0,9.0,NaN,NaN,NaN,24.0,NaN,NaN,NaN,24.0,20.0,NaN,0.2222222222222222,1.0,NaN,NaN,NaN,24.0,9.1,NaN,0.0,9.0,111.0,NaN,0.0,1.0,1.0,NaN,0.011111111111111108,1.0,NaN,NaN,NaN,24.0,138.0,NaN,0.0,9.0,1.9,NaN,0.0,9.0,2.2,NaN,0.0,9.0,3.5,NaN,0.0,9.0,4.5,NaN,0.0,9.0,NaN,NaN,NaN,24.0,0.01,NaN,0.0,9.0,NaN,NaN,NaN,24.0,NaN,NaN,NaN,24.0,NaN,NaN,NaN,24.0,NaN,NaN,NaN,24.0,NaN,NaN,NaN,24.0,NaN,NaN,NaN,24.0,86.0,0.0,1.0,0.0,-36.970555555555556,17.0,0.0,0.0,0.0,0.0,0.0,0.0,0.0,0.0,0.0,0.0,1.0,0.0,0.0,NaN,0.0,0.0,NaN,NaN,NaN,NaN,NaN,NaN,NaN
