74.5,NaN,NaN,24.0,100.0,NaN,NaN,24.0,37.17,NaN,NaN,24.0,157.0,NaN,NaN,24.0,98.0,NaN,NaN,24.0,86.0,NaN,NaN,24.0,12.0,NaN,NaN,24.0,NaN,NaN,NaN,24.0,NaN,NaN,NaN,24.0,NaN,NaN,NaN,24.0,NaN,NaN,NaN,24.0,NaN,NaN,NaN,24.0,NaN,NaN,NaN,24.0,NaN,NaN,NaN,24.0,NaN,NaN,NaN,24.0,NaN,NaN,NaN,24.0,NaN,NaN,NaN,24.0,NaN,NaN,NaN,24.0,NaN,NaN,NaN,24.0,NaN,NaN,NaN,24.0,NaN,NaN,NaN,24.0,NaN,NaN,NaN,24.0,NaN,NaN,NaN,24.0,NaN,NaN,NaN,24.0,NaN,NaN,NaN,24.0,NaN,NaN,NaN,24.0,NaN,NaN,NaN,24.0,NaN,NaN,NaN,24.0,NaN,NaN,NaN,24.0,NaN,NaN,NaN,24.0,NaN,NaN,NaN,24.0,NaN,NaN,NaN,24.0,NaN,NaN,NaN,24.0,NaN,NaN,NaN,24.0,74.0,1.0,0.0,1.0,-4.35,1.0,0.0,0.0,0.0,0.0,0.0,0.0,0.0,0.0,0.0,0.0,1.0,0.0,0.0,NaN,0.0,0.0,NaN,NaN,NaN,NaN,NaN,NaN,NaN
74.0,NaN,-0.5,0.0,98.0,NaN,-2.0,0.0,37.17,NaN,0.0,1.0,161.0,NaN,4.0,0.0,99.0,NaN,1.0,0.0,78.0,NaN,-8.0,0.0,18.0,NaN,6.0,0.0,NaN,NaN,NaN,24.0,NaN,NaN,NaN,24.0,NaN,NaN,NaN,24.0,NaN,NaN,NaN,24.0,NaN,NaN,NaN,24.0,NaN,NaN,NaN,24.0,NaN,NaN,NaN,24.0,NaN,NaN,NaN,24.0,NaN,NaN,NaN,24.0,NaN,NaN,NaN,24.0,NaN,NaN,NaN,24.0,NaN,NaN,NaN,24.0,NaN,NaN,NaN,24.0,NaN,NaN,NaN,24.0,NaN,NaN,NaN,24.0,NaN,NaN,NaN,24.0,NaN,NaN,NaN,24.0,NaN,NaN,NaN,24.0,NaN,NaN,NaN,24.0,NaN,NaN,NaN,24.0,NaN,NaN,NaN,24.0,NaN,NaN,NaN,24.0,NaN,NaN,NaN,24.0,NaN,NaN,NaN,24.0,NaN,NaN,NaN,24.0,NaN,NaN,NaN,24.0,NaN,NaN,NaN,24.0,74.0,1.0,0.0,1.0,-4.35,2.0,0.0,0.0,0.0,0.0,0.0,0.0,0.0,0.0,0.0,0.0,1.0,0.0,0.0,NaN,0.0,0.0,NaN,NaN,NaN,NaN,NaN,NaN,NaN
98.0,NaN,24.0,0.0,98.0,NaN,0.0,0.0,37.17,NaN,0.0,2.0,137.0,NaN,-24.0,0.0,84.0,NaN,-15.0,0.0,70.0,NaN,-8.0,0.0,31.0,NaN,13.0,0.0,NaN,NaN,NaN,24.0,NaN,NaN,NaN,24.0,NaN,NaN,NaN,24.0,NaN,NaN,NaN,24.0,NaN,NaN,NaN,24.0,NaN,NaN,NaN,24.0,NaN,NaN,NaN,24.0,NaN,NaN,NaN,24.0,NaN,NaN,NaN,24.0,NaN,NaN,NaN,24.0,NaN,NaN,NaN,24.0,NaN,NaN,NaN,24.0,NaN,NaN,NaN,24.0,NaN,NaN,NaN,24.0,NaN,NaN,NaN,24.0,NaN,NaN,NaN,24.0,NaN,NaN,NaN,24.0,NaN,NaN,NaN,24.0,NaN,NaN,NaN,24.0,NaN,NaN,NaN,24.0,NaN,NaN,NaN,24.0,NaN,NaN,NaN,24.0,NaN,NaN,NaN,24.0,NaN,NaN,NaN,24.0,NaN,NaN,NaN,24.0,NaN,NaN,NaN,24.0,NaN,NaN,NaN,24.0,74.0,1.0,0.0,1.0,-4.35,3.0,0.0,1.0,1.0,0.0,0.0,0.0,0.0,0.0,0.0,0.0,1.0,0.0,0.0,NaN,0.0,0.0,NaN,NaN,NaN,NaN,NaN,NaN,NaN
83.0,NaN,-15.0,0.0,100.0,NaN,2.0,0.0,37.17,NaN,0.0,3.0,135.0,NaN,-2.0,0.0,72.0,NaN,-12.0,0.0,52.0,NaN,-18.0,0.0,20.0,NaN,-11.0,0.0,NaN,NaN,NaN,24.0,NaN,NaN,NaN,24.0,24.0,NaN,0.0,0.0,NaN,NaN,NaN,24.0,NaN,NaN,NaN,24.0,NaN,NaN,NaN,24.0,NaN,NaN,NaN,24.0,NaN,NaN,NaN,24.0,61.0,NaN,0.0,0.0,NaN,NaN,NaN,24.0,8.3,NaN,0.0,0.0,105.0,NaN,0.0,0.0,1.4,NaN,0.0,0.0,NaN,NaN,NaN,24.0,97.0,NaN,0.0,0.0,NaN,NaN,NaN,24.0,2.4,NaN,0.0,0.0,3.4,NaN,0.0,0.0,4.9,NaN,0.0,0.0,NaN,NaN,NaN,24.0,NaN,NaN,NaN,24.0,27.3,NaN,0.0,0.0,8.7,NaN,0.0,0.0,NaN,NaN,NaN,24.0,12.5,NaN,0.0,0.0,NaN,NaN,NaN,24.0,444.0,NaN,0.0,0.0,74.0,1.0,0.0,1.0,-4.35,4.0,0.0,0.0,0.0,1.0,0.0,0.0,0.0,0.0,0.0,1.0,1.0,0.0,0.0,NaN,0.0,0.0,NaN,NaN,NaN,NaN,NaN,NaN,NaN
91.0,NaN,8.0,0.0,100.0,NaN,0.0,0.0,37.17,NaN,0.0,4.0,148.0,NaN,13.0,0.0,94.0,NaN,22.0,0.0,74.0,NaN,22.0,0.0,22.0,NaN,2.0,0.0,NaN,NaN,NaN,24.0,NaN,NaN,NaN,24.0,24.0,NaN,0.0,1.0,NaN,NaN,NaN,24.0,NaN,NaN,NaN,24.0,NaN,NaN,NaN,24.0,NaN,NaN,NaN,24.0,NaN,NaN,NaN,24.0,61.0,NaN,0.0,1.0,NaN,NaN,NaN,24.0,8.3,NaN,0.0,1.0,105.0,NaN,0.0,1.0,1.4,NaN,0.0,1.0,NaN,NaN,NaN,24.0,97.0,NaN,0.0,1.0,NaN,NaN,NaN,24.0,2.4,NaN,0.0,1.0,3.4,NaN,0.0,1.0,4.9,NaN,0.0,1.0,NaN,NaN,NaN,24.0,NaN,NaN,NaN,24.0,27.3,NaN,0.0,1.0,8.7,NaN,0.0,1.0,NaN,NaN,NaN,24.0,12.5,NaN,0.0,1.0,NaN,NaN,NaN,24.0,444.0,NaN,0.0,1.0,74.0,1.0,0.0,1.0,-4.35,5.0,0.0,1.0,1.0,1.0,0.0,0.0,0.0,0.0,0.0,0.0,1.0,0.0,0.0,NaN,0.0,0.0,NaN,NaN,NaN,NaN,NaN,NaN,NaN
100.0,NaN,9.0,0.0,98.0,NaN,-2.0,0.0,37.11,NaN,-0.012000000000000455,0.0,122.0,NaN,-26.0,0.0,80.0,NaN,-14.0,0.0,69.0,NaN,-5.0,0.0,21.0,NaN,-1.0,0.0,NaN,NaN,NaN,24.0,NaN,NaN,NaN,24.0,24.0,NaN,0.0,2.0,NaN,NaN,NaN,24.0,NaN,NaN,NaN,24.0,NaN,NaN,NaN,24.0,NaN,NaN,NaN,24.0,NaN,NaN,NaN,24.0,61.0,NaN,0.0,2.0,NaN,NaN,NaN,24.0,8.3,NaN,0.0,2.0,105.0,NaN,0.0,2.0,1.4,NaN,0.0,2.0,NaN,NaN,NaN,24.0,97.0,NaN,0.0,2.0,NaN,NaN,NaN,24.0,2.4,NaN,0.0,2.0,3.4,NaN,0.0,2.0,4.9,NaN,0.0,2.0,NaN,NaN,NaN,24.0,NaN,NaN,NaN,24.0,27.3,NaN,0.0,2.0,8.7,NaN,0.0,2.0,NaN,NaN,NaN,24.0,12.5,NaN,0.0,2.0,NaN,NaN,NaN,24.0,444.0,NaN,0.0,2.0,74.0,1.0,0.0,1.0,-4.35,6.0,0.0,1.0,1.0,1.0,0.0,0.0,0.0,0.0,0.0,0.0,1.0,0.0,0.0,NaN,0.0,0.0,NaN,NaN,NaN,NaN,NaN,NaN,NaN
97.0,NaN,-3.0,0.0,100.0,NaN,2.0,0.0,37.11,NaN,-0.010000000000000378,1.0,141.0,NaN,19.0,0.0,75.0,NaN,-5.0,0.0,58.0,NaN,-11.0,0.0,23.0,NaN,2.0,0.0,NaN,NaN,NaN,24.0,NaN,NaN,NaN,24.0,24.0,NaN,0.0,3.0,NaN,NaN,NaN,24.0,NaN,NaN,NaN,24.0,NaN,NaN,NaN,24.0,NaN,NaN,NaN,24.0,NaN,NaN,NaN,24.0,61.0,NaN,0.0,3.0,NaN,NaN,NaN,24.0,8.3,NaN,0.0,3.0,105.0,NaN,0.0,3.0,1.4,NaN,0.0,3.0,NaN,NaN,NaN,24.0,97.0,NaN,0.0,3.0,NaN,NaN,NaN,24.0,2.4,NaN,0.0,3.0,3.4,NaN,0.0,3.0,4.9,NaN,0.0,3.0,NaN,NaN,NaN,24.0,NaN,NaN,NaN,24.0,27.3,NaN,0.0,3.0,8.7,NaN,0.0,3.0,NaN,NaN,NaN,24.0,12.5,NaN,0.0,3.0,NaN,NaN,NaN,24.0,444.0,NaN,0.0,3.0,74.0,1.0,0.0,1.0,-4.35,7.0,0.0,1.0,1.0,1.0,0.0,0.0,0.0,0.0,0.0,0.0,1.0,0.0,0.0,NaN,0.0,0.0,NaN,NaN,NaN,NaN,NaN,NaN,NaN
93.0,NaN,-4.0,0.0,99.0,NaN,-1.0,0.0,37.11,NaN,-0.008571428571428896,2.0,105.0,NaN,-36.0,0.0,90.0,NaN,15.0,0.0,85.0,NaN,27.0,0.0,25.0,NaN,2.0,0.0,NaN,NaN,NaN,24.0,NaN,NaN,NaN,24.0,24.0,NaN,0.0,4.0,NaN,NaN,NaN,24.0,NaN,NaN,NaN,24.0,NaN,NaN,NaN,24.0,NaN,NaN,NaN,24.0,NaN,NaN,NaN,24.0,61.0,NaN,0.0,4.0,NaN,NaN,NaN,24.0,8.3,NaN,0.0,4.0,105.0,NaN,0.0,4.0,1.4,NaN,0.0,4.0,NaN,NaN,NaN,24.0,97.0,NaN,0.0,4.0,NaN,NaN,NaN,24.0,2.4,NaN,0.0,4.0,3.4,NaN,0.0,4.0,4.9,NaN,0.0,4.0,NaN,NaN,NaN,24.0,NaN,NaN,NaN,24.0,27.3,NaN,0.0,4.0,8.7,NaN,0.0,4.0,NaN,NaN,NaN,24.0,12.5,NaN,0.0,4.0,NaN,NaN,NaN,24.0,444.0,NaN,0.0,4.0,74.0,1.0,0.0,1.0,-4.35,8.0,0.0,1.0,1.0,1.0,0.0,0.0,0.0,0.0,0.0,0.0,1.0,0.0,0.0,NaN,0.0,0.0,NaN,NaN,NaN,NaN,NaN,NaN,NaN
92.0,NaN,-1.0,0.0,99.0,NaN,0.0,0.0,37.11,NaN,-0.007500000000000284,3.0,151.0,NaN,46.0,0.0,93.0,NaN,3.0,0.0,74.0,NaN,-11.0,0.0,21.0,NaN,-4.0,0.0,NaN,NaN,NaN,24.0,NaN,NaN,NaN,24.0,24.0,NaN,0.0,5.0,NaN,NaN,NaN,24.0,NaN,NaN,NaN,24.0,NaN,NaN,NaN,24.0,NaN,NaN,NaN,24.0,NaN,NaN,NaN,24.0,61.0,NaN,0.0,5.0,NaN,NaN,NaN,24.0,8.3,NaN,0.0,5.0,105.0,NaN,0.0,5.0,1.4,NaN,0.0,5.0,NaN,NaN,NaN,24.0,97.0,NaN,0.0,5.0,NaN,NaN,NaN,24.0,2.4,NaN,0.0,5.0,3.4,NaN,0.0,5.0,4.9,NaN,0.0,5.0,NaN,NaN,NaN,24.0,NaN,NaN,NaN,24.0,27.3,NaN,0.0,5.0,8.7,NaN,0.0,5.0,NaN,NaN,NaN,24.0,12.5,NaN,0.0,5.0,NaN,NaN,NaN,24.0,444.0,NaN,0.0,5.0,74.0,1.0,0.0,1.0,-4.35,9.0,0.0,1.0,1.0,1.0,0.0,0.0,0.0,0.0,0.0,0.0,1.0,0.0,0.0,NaN,0.0,0.0,NaN,NaN,NaN,NaN,NaN,NaN,NaN
89.0,NaN,-3.0,0.0,98.0,NaN,-1.0,0.0,36.72,NaN,-0.09750000000000014,0.0,149.0,NaN,-2.0,0.0,91.0,NaN,-2.0,0.0,69.0,NaN,-5.0,0.0,27.0,NaN,6.0,0.0,NaN,NaN,NaN,24.0,NaN,NaN,NaN,24.0,24.0,NaN,0.0,6.0,NaN,NaN,NaN,24.0,NaN,NaN,NaN,24.0,NaN,NaN,NaN,24.0,NaN,NaN,NaN,24.0,NaN,NaN,NaN,24.0,61.0,NaN,0.0,6.0,NaN,NaN,NaN,24.0,8.3,NaN,0.0,6.0,105.0,NaN,0.0,6.0,1.4,NaN,0.0,6.0,NaN,NaN,NaN,24.0,97.0,NaN,0.0,6.0,NaN,NaN,NaN,24.0,2.4,NaN,0.0,6.0,3.4,NaN,0.0,6.0,4.9,NaN,0.0,6.0,NaN,NaN,NaN,24.0,NaN,NaN,NaN,24.0,27.3,NaN,0.0,6.0,8.7,NaN,0.0,6.0,NaN,NaN,NaN,24.0,12.5,NaN,0.0,6.0,NaN,NaN,NaN,24.0,444.0,NaN,0.0,6.0,74.0,1.0,0.0,1.0,-4.35,10.0,0.0,1.0,0.0,1.0,0.0,0.0,0.0,0.0,0.0,0.0,1.0,0.0,0.0,NaN,0.0,0.0,NaN,NaN,NaN,NaN,NaN,NaN,NaN
88.0,NaN,-1.0,0.0,100.0,NaN,2.0,0.0,36.72,NaN,-0.07800000000000011,1.0,153.0,NaN,4.0,0.0,96.0,NaN,5.0,0.0,77.0,NaN,8.0,0.0,22.0,NaN,-5.0,0.0,NaN,NaN,NaN,24.0,NaN,NaN,NaN,24.0,24.0,NaN,0.0,7.0,NaN,NaN,NaN,24.0,NaN,NaN,NaN,24.0,NaN,NaN,NaN,24.0,NaN,NaN,NaN,24.0,NaN,NaN,NaN,24.0,61.0,NaN,0.0,7.0,NaN,NaN,NaN,24.0,8.3,NaN,0.0,7.0,105.0,NaN,0.0,7.0,1.4,NaN,0.0,7.0,NaN,NaN,NaN,24.0,97.0,NaN,0.0,7.0,NaN,NaN,NaN,24.0,2.4,NaN,0.0,7.0,3.4,NaN,0.0,7.0,4.9,NaN,0.0,7.0,NaN,NaN,NaN,24.0,NaN,NaN,NaN,24.0,27.3,NaN,0.0,7.0,8.7,NaN,0.0,7.0,NaN,NaN,NaN,24.0,12.5,NaN,0.0,7.0,NaN,NaN,NaN,24.0,444.0,NaN,0.0,7.0,74.0,1.0,0.0,1.0,-4.35,11.0,0.0,1.0,0.0,1.0,0.0,0.0,0.0,0.0,0.0,0.0,1.0,0.0,0.0,NaN,0.0,0.0,NaN,NaN,NaN,NaN,NaN,NaN,NaN
82.0,NaN,-6.0,0.0,100.0,NaN,0.0,0.0,36.72,NaN,-0.0650000000000001,2.0,133.0,NaN,-20.0,0.0,90.0,NaN,-6.0,0.0,74.0,NaN,-3.0,0.0,21.0,NaN,-1.0,0.0,NaN,NaN,NaN,24.0,NaN,NaN,NaN,24.0,24.0,NaN,0.0,8.0,NaN,NaN,NaN,24.0,NaN,NaN,NaN,24.0,NaN,NaN,NaN,24.0,NaN,NaN,NaN,24.0,NaN,NaN,NaN,24.0,61.0,NaN,0.0,8.0,NaN,NaN,NaN,24.0,8.3,NaN,0.0,8.0,105.0,NaN,0.0,8.0,1.4,NaN,0.0,8.0,NaN,NaN,NaN,24.0,97.0,NaN,0.0,8.0,NaN,NaN,NaN,24.0,2.4,NaN,0.0,8.0,3.4,NaN,0.0,8.0,4.9,NaN,0.0,8.0,NaN,NaN,NaN,24.0,NaN,NaN,NaN,24.0,27.3,NaN,0.0,8.0,8.7,NaN,0.0,8.0,NaN,NaN,NaN,24.0,12.5,NaN,0.0,8.0,NaN,NaN,NaN,24.0,444.0,NaN,0.0,8.0,74.0,1.0,0.0,1.0,-4.35,12.0,0.0,1.0,0.0,1.0,0.0,0.0,0.0,0.0,0.0,0.0,1.0,0.0,0.0,NaN,0.0,0.0,NaN,NaN,NaN,NaN,NaN,NaN,NaN
83.0,NaN,1.0,0.0,96.0,NaN,-4.0,0.0,36.72,NaN,-0.05571428571428579,3.0,138.0,NaN,5.0,0.0,85.0,NaN,-5.0,0.0,69.0,NaN,-5.0,0.0,18.0,NaN,-3.0,0.0,NaN,NaN,NaN,24.0,NaN,NaN,NaN,24.0,24.0,NaN,0.0,9.0,NaN,NaN,NaN,24.0,NaN,NaN,NaN,24.0,NaN,NaN,NaN,24.0,NaN,NaN,NaN,24.0,NaN,NaN,NaN,24.0,61.0,NaN,0.0,9.0,NaN,NaN,NaN,24.0,8.3,NaN,0.0,9.0,105.0,NaN,0.0,9.0,1.4,NaN,0.0,9.0,NaN,NaN,NaN,24.0,97.0,NaN,0.0,9.0,NaN,NaN,NaN,24.0,2.4,NaN,0.0,9.0,3.4,NaN,0.0,9.0,4.9,NaN,0.0,9.0,NaN,NaN,NaN,24.0,NaN,NaN,NaN,24.0,27.3,NaN,0.0,9.0,8.7,NaN,0.0,9.0,NaN,NaN,NaN,24.0,12.5,NaN,0.0,9.0,NaN,NaN,NaN,24.0,444.0,NaN,0.0,9.0,74.0,1.0,0.0,1.0,-4.35,13.0,0.0,0.0,0.0,1.0,0.0,0.0,0.0,0.0,0.0,0.0,1.0,0.0,0.0,NaN,0.0,0.0,NaN,NaN,NaN,NaN,NaN,NaN,NaN
86.0,NaN,3.0,0.0,100.0,NaN,4.0,0.0,36.72,NaN,-0.04875000000000007,4.0,134.0,NaN,-4.0,0.0,83.0,NaN,-2.0,0.0,66.0,NaN,-3.0,0.0,14.0,NaN,-4.0,0.0,NaN,NaN,NaN,24.0,NaN,NaN,NaN,24.0,24.0,NaN,0.0,10.0,NaN,NaN,NaN,24.0,NaN,NaN,NaN,24.0,NaN,NaN,NaN,24.0,NaN,NaN,NaN,24.0,NaN,NaN,NaN,24.0,61.0,NaN,0.0,10.0,NaN,NaN,NaN,24.0,8.3,NaN,0.0,10.0,105.0,NaN,0.0,10.0,1.4,NaN,0.0,10.0,NaN,NaN,NaN,24.0,97.0,NaN,0.0,10.0,NaN,NaN,NaN,24.0,2.4,NaN,0.0,10.0,3.4,NaN,0.0,10.0,4.9,NaN,0.0,10.0,NaN,NaN,NaN,24.0,NaN,NaN,NaN,24.0,27.3,NaN,0.0,10.0,8.7,NaN,0.0,10.0,NaN,NaN,NaN,24.0,12.5,NaN,0.0,10.0,NaN,NaN,NaN,24.0,444.0,NaN,0.0,10.0,74.0,1.0,0.0,1.0,-4.35,14.0,0.0,0.0,0.0,1.0,0.0,0.0,0.0,0.0,0.0,0.0,1.0,0.0,0.0,NaN,0.0,0.0,NaN,NaN,NaN,NaN,NaN,NaN,NaN
86.0,NaN,0.0,0.0,100.0,NaN,0.0,0.0,36.72,NaN,-0.0433333333333334,5.0,147.0,NaN,13.0,0.0,90.0,NaN,7.0,0.0,72.0,NaN,6.0,0.0,27.0,NaN,13.0,0.0,NaN,NaN,NaN,24.0,NaN,NaN,NaN,24.0,24.0,NaN,0.0,11.0,NaN,NaN,NaN,24.0,NaN,NaN,NaN,24.0,NaN,NaN,NaN,24.0,NaN,NaN,NaN,24.0,NaN,NaN,NaN,24.0,61.0,NaN,0.0,11.0,NaN,NaN,NaN,24.0,8.3,NaN,0.0,11.0,105.0,NaN,0.0,11.0,1.4,NaN,0.0,11.0,NaN,NaN,NaN,24.0,97.0,NaN,0.0,11.0,NaN,NaN,NaN,24.0,2.4,NaN,0.0,11.0,3.4,NaN,0.0,11.0,4.9,NaN,0.0,11.0,NaN,NaN,NaN,24.0,NaN,NaN,NaN,24.0,27.3,NaN,0.0,11.0,8.7,NaN,0.0,11.0,NaN,NaN,NaN,24.0,12.5,NaN,0.0,11.0,NaN,NaN,NaN,24.0,444.0,NaN,0.0,11.0,74.0,1.0,0.0,1.0,-4.35,15.0,0.0,1.0,0.0,1.0,0.0,0.0,0.0,0.0,0.0,0.0,1.0,0.0,0.0,NaN,0.0,0.0,NaN,NaN,NaN,NaN,NaN,NaN,NaN
