124.5,NaN,NaN,24.0,99.0,NaN,NaN,24.0,37.5,NaN,NaN,24.0,139.0,NaN,NaN,24.0,92.0,NaN,NaN,24.0,79.0,NaN,NaN,24.0,16.5,NaN,NaN,24.0,NaN,NaN,NaN,24.0,NaN,NaN,NaN,24.0,NaN,NaN,NaN,24.0,NaN,NaN,NaN,24.0,NaN,NaN,NaN,24.0,NaN,NaN,NaN,24.0,NaN,NaN,NaN,24.0,NaN,NaN,NaN,24.0,NaN,NaN,NaN,24.0,NaN,NaN,NaN,24.0,NaN,NaN,NaN,24.0,NaN,NaN,NaN,24.0,NaN,NaN,NaN,24.0,NaN,NaN,NaN,24.0,NaN,NaN,NaN,24.0,NaN,NaN,NaN,24.0,NaN,NaN,NaN,24.0,NaN,NaN,NaN,24.0,NaN,NaN,NaN,24.0,NaN,NaN,NaN,24.0,NaN,NaN,NaN,24.0,NaN,NaN,NaN,24.0,NaN,NaN,NaN,24.0,NaN,NaN,NaN,24.0,NaN,NaN,NaN,24.0,NaN,NaN,NaN,24.0,NaN,NaN,NaN,24.0,40.0,1.0,1.0,0.0,-2.1333333333333333,1.0,0.0,0.0,1.0,0.0,0.0,0.0,0.0,0.0,0.0,0.0,1.0,0.0,1.0,1.0,0.0,0.0,3.0,5.0,4.0,2.0,NaN,NaN,NaN
119.0,NaN,-5.5,0.0,100.0,NaN,1.0,0.0,37.5,NaN,0.0,1.0,136.0,NaN,-3.0,0.0,84.0,NaN,-8.0,0.0,70.0,NaN,-9.0,0.0,19.0,NaN,2.5,0.0,NaN,NaN,NaN,24.0,NaN,NaN,NaN,24.0,NaN,NaN,NaN,24.0,NaN,NaN,NaN,24.0,NaN,NaN,NaN,24.0,NaN,NaN,NaN,24.0,NaN,NaN,NaN,24.0,NaN,NaN,NaN,24.0,NaN,NaN,NaN,24.0,NaN,NaN,NaN,24.0,NaN,NaN,NaN,24.0,NaN,NaN,NaN,24.0,NaN,NaN,NaN,24.0,NaN,NaN,NaN,24.0,NaN,NaN,NaN,24.0,NaN,NaN,NaN,24.0,NaN,NaN,NaN,24.0,NaN,NaN,NaN,24.0,NaN,NaN,NaN,24.0,NaN,NaN,NaN,24.0,NaN,NaN,NaN,24.0,NaN,NaN,NaN,24.0,NaN,NaN,NaN,24.0,NaN,NaN,NaN,24.0,NaN,NaN,NaN,24.0,NaN,NaN,NaN,24.0,NaN,NaN,NaN,24.0,40.0,1.0,1.0,0.0,-2.1333333333333333,2.0,0.0,0.0,1.0,0.0,0.0,0.0,0.0,0.0,0.0,0.0,1.0,1.0,1.0,1.0,0.0,0.0,3.0,5.0,4.0,2.0,NaN,NaN,NaN
127.0,NaN,8.0,0.0,99.0,NaN,-1.0,0.0,37.39,NaN,-0.054999999999999716,0.0,126.5,NaN,-9.5,0.0,78.5,NaN,-5.5,0.0,62.5,NaN,-7.5,0.0,17.5,NaN,-1.5,0.0,NaN,NaN,NaN,24.0,-6.0,NaN,0.0,0.0,NaN,NaN,NaN,24.0,NaN,NaN,NaN,24.0,7.39,NaN,0.0,0.0,27.0,NaN,0.0,0.0,NaN,NaN,NaN,24.0,NaN,NaN,NaN,24.0,NaN,NaN,NaN,24.0,NaN,NaN,NaN,24.0,NaN,NaN,NaN,24.0,NaN,NaN,NaN,24.0,NaN,NaN,NaN,24.0,NaN,NaN,NaN,24.0,89.0,NaN,0.0,0.0,5.1,NaN,0.0,0.0,NaN,NaN,NaN,24.0,NaN,NaN,NaN,24.0,4.7,NaN,0.0,0.0,NaN,NaN,NaN,24.0,NaN,NaN,NaN,24.0,27.0,NaN,0.0,0.0,8.9,NaN,0.0,0.0,NaN,NaN,NaN,24.0,NaN,NaN,NaN,24.0,NaN,NaN,NaN,24.0,NaN,NaN,NaN,24.0,40.0,1.0,1.0,0.0,-2.1333333333333333,3.0,0.0,0.0,1.0,0.0,0.0,0.0,0.0,0.0,1.0,0.0,1.0,1.0,1.0,1.0,0.0,0.0,3.0,5.0,4.0,2.0,NaN,NaN,NaN
135.0,NaN,8.0,0.0,99.0,NaN,0.0,0.0,37.39,NaN,-0.03666666666666648,1.0,131.0,NaN,4.5,0.0,83.0,NaN,4.5,0.0,71.0,NaN,8.5,0.0,19.0,NaN,1.5,0.0,NaN,NaN,NaN,24.0,-6.0,NaN,0.0,1.0,NaN,NaN,NaN,24.0,NaN,NaN,NaN,24.0,7.39,NaN,0.0,1.0,27.0,NaN,0.0,1.0,NaN,NaN,NaN,24.0,NaN,NaN,NaN,24.0,NaN,NaN,NaN,24.0,NaN,NaN,NaN,24.0,NaN,NaN,NaN,24.0,NaN,NaN,NaN,24.0,NaN,NaN,NaN,24.0,NaN,NaN,NaN,24.0,89.0,NaN,0.0,1.0,5.1,NaN,0.0,1.0,NaN,NaN,NaN,24.0,NaN,NaN,NaN,24.0,4.7,NaN,0.0,1.0,NaN,NaN,NaN,24.0,NaN,NaN,NaN,24.0,27.0,NaN,0.0,1.0,8.9,NaN,0.0,1.0,NaN,NaN,NaN,24.0,NaN,NaN,NaN,24.0,NaN,NaN,NaN,24.0,NaN,NaN,NaN,24.0,40.0,1.0,1.0,0.0,-2.1333333333333333,4.0,0.0,0.0,1.0,0.0,0.0,0.0,0.0,0.0,0.0,0.0,1.0,1.0,1.0,1.0,0.0,0.0,3.0,5.0,4.0,2.0,NaN,NaN,NaN
131.0,NaN,-4.0,0.0,94.0,NaN,-5.0,0.0,36.94,NaN,-0.22500000000000142,0.0,118.0,NaN,-13.0,0.0,72.0,NaN,-11.0,0.0,60.0,NaN,-11.0,0.0,21.0,NaN,2.0,0.0,NaN,NaN,NaN,24.0,-6.0,NaN,0.0,2.0,NaN,NaN,NaN,24.0,NaN,NaN,NaN,24.0,7.39,NaN,0.0,2.0,27.0,NaN,0.0,2.0,NaN,NaN,NaN,24.0,NaN,NaN,NaN,24.0,NaN,NaN,NaN,24.0,NaN,NaN,NaN,24.0,NaN,NaN,NaN,24.0,NaN,NaN,NaN,24.0,NaN,NaN,NaN,24.0,NaN,NaN,NaN,24.0,89.0,NaN,0.0,2.0,5.1,NaN,0.0,2.0,NaN,NaN,NaN,24.0,NaN,NaN,NaN,24.0,4.7,NaN,0.0,2.0,NaN,NaN,NaN,24.0,NaN,NaN,NaN,24.0,27.0,NaN,0.0,2.0,8.9,NaN,0.0,2.0,NaN,NaN,NaN,24.0,NaN,NaN,NaN,24.0,NaN,NaN,NaN,24.0,NaN,NaN,NaN,24.0,40.0,1.0,1.0,0.0,-2.1333333333333333,5.0,0.0,1.0,1.0,0.0,0.0,0.0,0.0,0.0,0.0,0.0,1.0,1.0,1.0,1.0,0.0,0.0,3.0,5.0,4.0,2.0,NaN,NaN,NaN
130.0,NaN,-1.0,0.0,94.0,NaN,0.0,0.0,36.94,NaN,-0.15000000000000094,1.0,133.0,NaN,15.0,0.0,86.0,NaN,14.0,0.0,69.0,NaN,9.0,0.0,21.0,NaN,0.0,0.0,NaN,NaN,NaN,24.0,-6.0,NaN,0.0,3.0,15.0,NaN,0.0,0.0,NaN,NaN,NaN,24.0,7.39,NaN,0.0,3.0,27.0,NaN,0.0,3.0,NaN,NaN,NaN,24.0,379.0,NaN,0.0,0.0,12.0,NaN,0.0,0.0,105.0,NaN,0.0,0.0,7.2,NaN,0.0,0.0,104.0,NaN,0.0,0.0,0.8,NaN,0.0,0.0,NaN,NaN,NaN,24.0,96.0,NaN,2.3333333333333335,0.0,5.7,NaN,0.20000000000000018,0.0,1.7,NaN,0.0,0.0,2.1,NaN,0.0,0.0,4.5,NaN,-0.06666666666666672,0.0,2.8,NaN,0.0,0.0,NaN,NaN,NaN,24.0,25.1,NaN,-0.6333333333333329,0.0,8.3,NaN,-0.19999999999999987,0.0,32.6,NaN,0.0,0.0,6.4,NaN,0.0,0.0,NaN,NaN,NaN,24.0,34.0,NaN,0.0,0.0,40.0,1.0,1.0,0.0,-2.1333333333333333,6.0,0.0,1.0,1.0,0.0,0.0,3.0,2.0,0.0,1.0,0.0,1.0,1.0,1.0,1.0,0.0,0.0,3.0,5.0,4.0,2.0,NaN,NaN,NaN
127.0,NaN,-3.0,0.0,95.6666666666667,NaN,1.6666666666666998,0.0,37.695,NaN,0.3775000000000013,0.0,129.666666666667,NaN,-3.3333333333330017,0.0,79.6666666666667,NaN,-6.3333333333333,0.0,66.3333333333333,NaN,-2.6666666666667,0.0,20.6666666666667,NaN,-0.3333333333333002,0.0,NaN,NaN,NaN,24.0,-6.0,NaN,0.0,4.0,15.0,NaN,0.0,1.0,NaN,NaN,NaN,24.0,7.39,NaN,0.0,4.0,27.0,NaN,0.0,4.0,NaN,NaN,NaN,24.0,379.0,NaN,0.0,1.0,12.0,NaN,0.0,1.0,105.0,NaN,0.0,1.0,7.2,NaN,0.0,1.0,104.0,NaN,0.0,1.0,0.8,NaN,0.0,1.0,NaN,NaN,NaN,24.0,96.0,NaN,1.75,1.0,5.7,NaN,0.15000000000000013,1.0,1.7,NaN,0.0,1.0,2.1,NaN,0.0,1.0,4.5,NaN,-0.050000000000000044,1.0,2.8,NaN,0.0,1.0,NaN,NaN,NaN,24.0,25.1,NaN,-0.47499999999999964,1.0,8.3,NaN,-0.1499999999999999,1.0,32.6,NaN,0.0,1.0,6.4,NaN,0.0,1.0,NaN,NaN,NaN,24.0,34.0,NaN,0.0,1.0,40.0,1.0,1.0,0.0,-2.1333333333333333,7.0,0.0,1.0,1.0,0.0,0.0,0.0,0.0,0.0,0.0,0.0,1.0,1.0,1.0,1.0,0.0,0.0,3.0,5.0,4.0,2.0,NaN,NaN,NaN
131.0,NaN,4.0,0.0,95.0,NaN,-0.6666666666666998,0.0,39.39,NaN,1.6950000000000003,0.0,128.0,NaN,-1.6666666666669983,0.0,78.0,NaN,-1.6666666666666998,0.0,64.0,NaN,-2.3333333333333,0.0,23.5,NaN,2.8333333333333,0.0,NaN,NaN,NaN,24.0,-6.0,NaN,0.0,5.0,15.0,NaN,0.0,2.0,NaN,NaN,NaN,24.0,7.39,NaN,0.0,5.0,27.0,NaN,0.0,5.0,NaN,NaN,NaN,24.0,379.0,NaN,0.0,2.0,12.0,NaN,0.0,2.0,105.0,NaN,0.0,2.0,7.2,NaN,0.0,2.0,104.0,NaN,0.0,2.0,0.8,NaN,0.0,2.0,NaN,NaN,NaN,24.0,96.0,NaN,1.4,2.0,5.7,NaN,0.1200000000000001,2.0,1.7,NaN,0.0,2.0,2.1,NaN,0.0,2.0,4.5,NaN,-0.040000000000000036,2.0,2.8,NaN,0.0,2.0,NaN,NaN,NaN,24.0,25.1,NaN,-0.3799999999999997,2.0,8.3,NaN,-0.11999999999999993,2.0,32.6,NaN,0.0,2.0,6.4,NaN,0.0,2.0,NaN,NaN,NaN,24.0,34.0,NaN,0.0,2.0,40.0,1.0,1.0,0.0,-2.1333333333333333,8.0,1.0,1.0,1.0,0.0,0.0,0.0,0.0,0.0,0.0,0.0,1.0,1.0,1.0,1.0,0.0,0.0,3.0,5.0,4.0,2.0,NaN,NaN,NaN
130.0,NaN,-1.0,0.0,95.0,NaN,0.0,0.0,39.39,NaN,0.0,0.0,132.0,NaN,4.0,0.0,80.0,NaN,2.0,0.0,68.0,NaN,4.0,0.0,31.0,NaN,7.5,0.0,NaN,NaN,NaN,24.0,-6.0,NaN,0.0,6.0,15.0,NaN,0.0,3.0,NaN,NaN,NaN,24.0,7.39,NaN,0.0,6.0,27.0,NaN,0.0,6.0,NaN,NaN,NaN,24.0,379.0,NaN,0.0,3.0,12.0,NaN,0.0,3.0,105.0,NaN,0.0,3.0,7.2,NaN,0.0,3.0,104.0,NaN,0.0,3.0,0.8,NaN,0.0,3.0,NaN,NaN,NaN,24.0,96.0,NaN,1.1666666666666667,3.0,5.7,NaN,0.10000000000000009,3.0,1.7,NaN,0.0,3.0,2.1,NaN,0.0,3.0,4.5,NaN,-0.03333333333333336,3.0,2.8,NaN,0.0,3.0,NaN,NaN,NaN,24.0,25.1,NaN,-0.31666666666666643,3.0,8.3,NaN,-0.09999999999999994,3.0,32.6,NaN,0.0,3.0,6.4,NaN,0.0,3.0,NaN,NaN,NaN,24.0,34.0,NaN,0.0,3.0,40.0,1.0,1.0,0.0,-2.1333333333333333,9.0,1.0,1.0,1.0,0.0,0.0,0.0,0.0,0.0,0.0,0.0,1.0,1.0,1.0,1.0,0.0,0.0,3.0,5.0,4.0,2.0,NaN,NaN,NaN
