103.333333333333,NaN,NaN,24.0,100.0,NaN,NaN,24.0,37.28,NaN,NaN,24.0,163.333333333333,NaN,NaN,24.0,116.666666666667,NaN,NaN,24.0,82.3333333333333,NaN,NaN,24.0,23.0,NaN,NaN,24.0,NaN,NaN,NaN,24.0,NaN,NaN,NaN,24.0,27.0,NaN,NaN,24.0,NaN,NaN,NaN,24.0,NaN,NaN,NaN,24.0,NaN,NaN,NaN,24.0,NaN,NaN,NaN,24.0,NaN,NaN,NaN,24.0,9.0,NaN,NaN,24.0,NaN,NaN,NaN,24.0,8.6,NaN,NaN,24.0,99.0,NaN,NaN,24.0,0.3,NaN,NaN,24.0,NaN,NaN,NaN,24.0,280.0,NaN,NaN,24.0,NaN,NaN,NaN,24.0,1.4,NaN,NaN,24.0,3.7,NaN,NaN,24.0,4.4,NaN,NaN,24.0,NaN,NaN,NaN,24.0,NaN,NaN,NaN,24.0,31.2,NaN,NaN,24.0,10.2,NaN,NaN,24.0,NaN,NaN,NaN,24.0,11.9,NaN,NaN,24.0,NaN,NaN,NaN,24.0,210.0,NaN,NaN,24.0,40.0,0.0,0.0,1.0,-120.83083333333333,1.0,0.0,1.0,1.0,0.0,0.0,0.0,0.0,0.0,0.0,0.0,1.0,0.0,1.0,0.0,0.0,0.0,NaN,8.0,8.0,-90.0,NaN,NaN,NaN
106.0,NaN,2.6666666666669983,0.0,100.0,NaN,0.0,0.0,37.28,NaN,0.0,1.0,172.5,NaN,9.166666666666998,0.0,125.0,NaN,8.333333333333002,0.0,88.0,NaN,5.6666666666667,0.0,9.0,NaN,-14.0,0.0,NaN,NaN,NaN,24.0,NaN,NaN,NaN,24.0,27.0,NaN,0.0,1.0,NaN,NaN,NaN,24.0,NaN,NaN,NaN,24.0,NaN,NaN,NaN,24.0,NaN,NaN,NaN,24.0,NaN,NaN,NaN,24.0,9.0,NaN,0.0,1.0,NaN,NaN,NaN,24.0,8.6,NaN,0.0,1.0,99.0,NaN,0.0,1.0,0.3,NaN,0.0,1.0,NaN,NaN,NaN,24.0,280.0,NaN,0.0,1.0,NaN,NaN,NaN,24.0,1.4,NaN,0.0,1.0,3.7,NaN,0.0,1.0,4.4,NaN,0.0,1.0,NaN,NaN,NaN,24.0,NaN,NaN,NaN,24.0,31.2,NaN,0.0,1.0,10.2,NaN,0.0,1.0,NaN,NaN,NaN,24.0,11.9,NaN,0.0,1.0,NaN,NaN,NaN,24.0,210.0,NaN,0.0,1.0,40.0,0.0,0.0,1.0,-120.83083333333333,2.0,0.0,0.0,1.0,0.0,0.0,0.0,0.0,0.0,0.0,0.0,1.0,0.0,1.0,0.0,0.0,0.0,NaN,8.0,8.0,-90.0,NaN,NaN,NaN
96.0,NaN,-10.0,0.0,99.0,NaN,-1.0,0.0,37.28,NaN,0.0,2.0,150.0,NaN,-22.5,0.0,108.0,NaN,-17.0,0.0,78.0,NaN,-10.0,0.0,14.0,NaN,5.0,0.0,NaN,NaN,NaN,24.0,NaN,NaN,NaN,24.0,27.0,NaN,0.0,2.0,NaN,NaN,NaN,24.0,NaN,NaN,NaN,24.0,NaN,NaN,NaN,24.0,NaN,NaN,NaN,24.0,NaN,NaN,NaN,24.0,9.0,NaN,0.0,2.0,NaN,NaN,NaN,24.0,8.6,NaN,0.0,2.0,99.0,NaN,0.0,2.0,0.3,NaN,0.0,2.0,NaN,NaN,NaN,24.0,280.0,NaN,0.0,2.0,NaN,NaN,NaN,24.0,1.4,NaN,0.0,2.0,3.7,NaN,0.0,2.0,4.4,NaN,0.0,2.0,NaN,NaN,NaN,24.0,NaN,NaN,NaN,24.0,31.2,NaN,0.0,2.0,10.2,NaN,0.0,2.0,NaN,NaN,NaN,24.0,11.9,NaN,0.0,2.0,NaN,NaN,NaN,24.0,210.0,NaN,0.0,2.0,40.0,0.0,0.0,1.0,-120.83083333333333,3.0,0.0,0.0,1.0,0.0,0.0,0.0,0.0,0.0,0.0,0.0,1.0,0.0,1.0,0.0,0.0,0.0,NaN,8.0,8.0,-90.0,NaN,NaN,NaN
102.0,NaN,6.0,0.0,100.0,NaN,1.0,0.0,37.28,NaN,0.0,3.0,180.0,NaN,30.0,0.0,129.0,NaN,21.0,0.0,90.0,NaN,12.0,0.0,22.0,NaN,8.0,0.0,NaN,NaN,NaN,24.0,NaN,NaN,NaN,24.0,27.0,NaN,0.0,3.0,NaN,NaN,NaN,24.0,NaN,NaN,NaN,24.0,NaN,NaN,NaN,24.0,NaN,NaN,NaN,24.0,NaN,NaN,NaN,24.0,9.0,NaN,0.0,3.0,NaN,NaN,NaN,24.0,8.6,NaN,0.0,3.0,99.0,NaN,0.0,3.0,0.3,NaN,0.0,3.0,NaN,NaN,NaN,24.0,280.0,NaN,0.0,3.0,NaN,NaN,NaN,24.0,1.4,NaN,0.0,3.0,3.7,NaN,0.0,3.0,4.4,NaN,0.0,3.0,NaN,NaN,NaN,24.0,NaN,NaN,NaN,24.0,31.2,NaN,0.0,3.0,10.2,NaN,0.0,3.0,NaN,NaN,NaN,24.0,11.9,NaN,0.0,3.0,NaN,NaN,NaN,24.0,210.0,NaN,0.0,3.0,40.0,0.0,0.0,1.0,-120.83083333333333,4.0,0.0,1.0,1.0,0.0,0.0,0.0,0.0,0.0,0.0,0.0,1.0,0.0,1.0,0.0,0.0,0.0,NaN,8.0,8.0,-90.0,NaN,NaN,NaN
105.0,NaN,3.0,0.0,99.0,NaN,-1.0,0.0,37.28,NaN,0.0,4.0,161.0,NaN,-19.0,0.0,115.0,NaN,-14.0,0.0,81.0,NaN,-9.0,0.0,20.0,NaN,-2.0,0.0,NaN,NaN,NaN,24.0,NaN,NaN,NaN,24.0,27.0,NaN,0.0,4.0,NaN,NaN,NaN,24.0,NaN,NaN,NaN,24.0,NaN,NaN,NaN,24.0,NaN,NaN,NaN,24.0,NaN,NaN,NaN,24.0,9.0,NaN,0.0,4.0,NaN,NaN,NaN,24.0,8.6,NaN,0.0,4.0,99.0,NaN,0.0,4.0,0.3,NaN,0.0,4.0,NaN,NaN,NaN,24.0,280.0,NaN,0.0,4.0,NaN,NaN,NaN,24.0,1.4,NaN,0.0,4.0,3.7,NaN,0.0,4.0,4.4,NaN,0.0,4.0,NaN,NaN,NaN,24.0,NaN,NaN,NaN,24.0,31.2,NaN,0.0,4.0,10.2,NaN,0.0,4.0,NaN,NaN,NaN,24.0,11.9,NaN,0.0,4.0,NaN,NaN,NaN,24.0,210.0,NaN,0.0,4.0,40.0,0.0,0.0,1.0,-120.83083333333333,5.0,0.0,0.0,1.0,0.0,0.0,0.0,0.0,0.0,0.0,0.0,1.0,1.0,1.0,0.0,0.0,0.0,NaN,8.0,8.0,-90.0,NaN,NaN,NaN
109.0,NaN,4.0,0.0,100.0,NaN,1.0,0.0,37.28,NaN,0.0,5.0,174.0,NaN,13.0,0.0,124.0,NaN,9.0,0.0,86.0,NaN,5.0,0.0,23.0,NaN,3.0,0.0,NaN,NaN,NaN,24.0,NaN,NaN,NaN,24.0,27.0,NaN,0.0,5.0,NaN,NaN,NaN,24.0,NaN,NaN,NaN,24.0,NaN,NaN,NaN,24.0,NaN,NaN,NaN,24.0,NaN,NaN,NaN,24.0,9.0,NaN,0.0,5.0,NaN,NaN,NaN,24.0,8.6,NaN,0.0,5.0,99.0,NaN,0.0,5.0,0.3,NaN,0.0,5.0,NaN,NaN,NaN,24.0,280.0,NaN,0.0,5.0,NaN,NaN,NaN,24.0,1.4,NaN,0.0,5.0,3.7,NaN,0.0,5.0,4.4,NaN,0.0,5.0,NaN,NaN,NaN,24.0,NaN,NaN,NaN,24.0,31.2,NaN,0.0,5.0,10.2,NaN,0.0,5.0,NaN,NaN,NaN,24.0,11.9,NaN,0.0,5.0,NaN,NaN,NaN,24.0,210.0,NaN,0.0,5.0,40.0,0.0,0.0,1.0,-120.83083333333333,6.0,0.0,1.0,1.0,0.0,0.0,0.0,0.0,0.0,0.0,0.0,1.0,1.0,1.0,0.0,0.0,0.0,NaN,8.0,8.0,-90.0,NaN,NaN,NaN
112.0,NaN,3.0,0.0,94.0,NaN,-6.0,0.0,37.28,NaN,0.0,6.0,122.0,NaN,-52.0,0.0,93.0,NaN,-31.0,0.0,70.0,NaN,-16.0,0.0,20.0,NaN,-3.0,0.0,NaN,NaN,NaN,24.0,NaN,NaN,NaN,24.0,27.0,NaN,0.0,6.0,NaN,NaN,NaN,24.0,NaN,NaN,NaN,24.0,NaN,NaN,NaN,24.0,NaN,NaN,NaN,24.0,NaN,NaN,NaN,24.0,9.0,NaN,0.0,6.0,NaN,NaN,NaN,24.0,8.6,NaN,0.0,6.0,99.0,NaN,0.0,6.0,0.3,NaN,0.0,6.0,NaN,NaN,NaN,24.0,280.0,NaN,0.0,6.0,NaN,NaN,NaN,24.0,1.4,NaN,0.0,6.0,3.7,NaN,0.0,6.0,4.4,NaN,0.0,6.0,NaN,NaN,NaN,24.0,NaN,NaN,NaN,24.0,31.2,NaN,0.0,6.0,10.2,NaN,0.0,6.0,NaN,NaN,NaN,24.0,11.9,NaN,0.0,6.0,NaN,NaN,NaN,24.0,210.0,NaN,0.0,6.0,40.0,0.0,0.0,1.0,-120.83083333333333,7.0,0.0,0.0,1.0,0.0,0.0,0.0,0.0,0.0,0.0,0.0,1.0,1.0,1.0,0.0,0.0,0.0,NaN,8.0,8.0,-90.0,NaN,NaN,NaN
109.0,NaN,-3.0,0.0,98.0,NaN,4.0,0.0,37.67,NaN,0.05571428571428579,0.0,139.0,NaN,17.0,0.0,97.0,NaN,4.0,0.0,68.0,NaN,-2.0,0.0,14.0,NaN,-6.0,0.0,NaN,NaN,NaN,24.0,NaN,NaN,NaN,24.0,27.0,NaN,0.0,7.0,NaN,NaN,NaN,24.0,NaN,NaN,NaN,24.0,NaN,NaN,NaN,24.0,NaN,NaN,NaN,24.0,NaN,NaN,NaN,24.0,9.0,NaN,0.0,7.0,NaN,NaN,NaN,24.0,8.6,NaN,0.0,7.0,99.0,NaN,0.0,7.0,0.3,NaN,0.0,7.0,NaN,NaN,NaN,24.0,280.0,NaN,0.0,7.0,NaN,NaN,NaN,24.0,1.4,NaN,0.0,7.0,3.7,NaN,0.0,7.0,4.4,NaN,0.0,7.0,NaN,NaN,NaN,24.0,NaN,NaN,NaN,24.0,31.2,NaN,0.0,7.0,10.2,NaN,0.0,7.0,NaN,NaN,NaN,24.0,11.9,NaN,0.0,7.0,NaN,NaN,NaN,24.0,210.0,NaN,0.0,7.0,40.0,0.0,0.0,1.0,-120.83083333333333,8.0,0.0,0.0,1.0,0.0,0.0,0.0,0.0,0.0,0.0,0.0,1.0,1.0,1.0,0.0,0.0,0.0,NaN,8.0,8.0,-90.0,NaN,NaN,NaN
108.0,NaN,-1.0,0.0,98.0,NaN,0.0,0.0,37.67,NaN,0.04875000000000007,1.0,133.0,NaN,-6.0,0.0,92.0,NaN,-5.0,0.0,66.0,NaN,-2.0,0.0,12.0,NaN,-2.0,0.0,NaN,NaN,NaN,24.0,NaN,NaN,NaN,24.0,27.0,NaN,0.0,8.0,NaN,NaN,NaN,24.0,NaN,NaN,NaN,24.0,NaN,NaN,NaN,24.0,NaN,NaN,NaN,24.0,NaN,NaN,NaN,24.0,9.0,NaN,0.0,8.0,NaN,NaN,NaN,24.0,8.6,NaN,0.0,8.0,99.0,NaN,0.0,8.0,0.3,NaN,0.0,8.0,NaN,NaN,NaN,24.0,280.0,NaN,0.0,8.0,NaN,NaN,NaN,24.0,1.4,NaN,0.0,8.0,3.7,NaN,0.0,8.0,4.4,NaN,0.0,8.0,NaN,NaN,NaN,24.0,NaN,NaN,NaN,24.0,31.2,NaN,0.0,8.0,10.2,NaN,0.0,8.0,NaN,NaN,NaN,24.0,11.9,NaN,0.0,8.0,NaN,NaN,NaN,24.0,210.0,NaN,0.0,8.0,40.0,0.0,0.0,1.0,-120.83083333333333,9.0,0.0,0.0,1.0,0.0,0.0,0.0,0.0,0.0,0.0,0.0,1.0,1.0,1.0,0.0,0.0,0.0,NaN,8.0,8.0,-90.0,NaN,NaN,NaN
107.0,NaN,-1.0,0.0,99.0,NaN,1.0,0.0,37.67,NaN,0.0433333333333334,2.0,145.0,NaN,12.0,0.0,102.0,NaN,10.0,0.0,72.0,NaN,6.0,0.0,14.0,NaN,2.0,0.0,NaN,NaN,NaN,24.0,NaN,NaN,NaN,24.0,27.0,NaN,0.0,9.0,NaN,NaN,NaN,24.0,NaN,NaN,NaN,24.0,NaN,NaN,NaN,24.0,NaN,NaN,NaN,24.0,NaN,NaN,NaN,24.0,9.0,NaN,0.0,9.0,NaN,NaN,NaN,24.0,8.6,NaN,0.0,9.0,99.0,NaN,0.0,9.0,0.3,NaN,0.0,9.0,NaN,NaN,NaN,24.0,280.0,NaN,0.0,9.0,NaN,NaN,NaN,24.0,1.4,NaN,0.0,9.0,3.7,NaN,0.0,9.0,4.4,NaN,0.0,9.0,NaN,NaN,NaN,24.0,NaN,NaN,NaN,24.0,31.2,NaN,0.0,9.0,10.2,NaN,0.0,9.0,NaN,NaN,NaN,24.0,11.9,NaN,0.0,9.0,NaN,NaN,NaN,24.0,210.0,NaN,0.0,9.0,40.0,0.0,0.0,1.0,-120.83083333333333,10.0,0.0,0.0,1.0,0.0,0.0,0.0,0.0,0.0,0.0,0.0,1.0,1.0,1.0,0.0,0.0,0.0,NaN,8.0,8.0,-90.0,NaN,NaN,NaN
112.0,NaN,5.0,0.0,98.0,NaN,-1.0,0.0,37.67,NaN,0.039000000000000055,3.0,157.0,NaN,12.0,0.0,114.0,NaN,12.0,0.0,82.0,NaN,10.0,0.0,19.0,NaN,5.0,0.0,NaN,NaN,NaN,24.0,NaN,NaN,NaN,24.0,27.0,NaN,0.0,10.0,NaN,NaN,NaN,24.0,NaN,NaN,NaN,24.0,NaN,NaN,NaN,24.0,NaN,NaN,NaN,24.0,NaN,NaN,NaN,24.0,9.0,NaN,0.0,10.0,NaN,NaN,NaN,24.0,8.6,NaN,0.0,10.0,99.0,NaN,0.0,10.0,0.3,NaN,0.0,10.0,NaN,NaN,NaN,24.0,280.0,NaN,0.0,10.0,NaN,NaN,NaN,24.0,1.4,NaN,0.0,10.0,3.7,NaN,0.0,10.0,4.4,NaN,0.0,10.0,NaN,NaN,NaN,24.0,NaN,NaN,NaN,24.0,31.2,NaN,0.0,10.0,10.2,NaN,0.0,10.0,NaN,NaN,NaN,24.0,11.9,NaN,0.0,10.0,NaN,NaN,NaN,24.0,210.0,NaN,0.0,10.0,40.0,0.0,0.0,1.0,-120.83083333333333,11.0,0.0,0.0,1.0,0.0,0.0,0.0,0.0,0.0,0.0,0.0,1.0,1.0,1.0,0.0,0.0,0.0,NaN,8.0,8.0,-90.0,NaN,NaN,NaN
111.0,NaN,-1.0,0.0,99.0,NaN,1.0,0.0,36.83,NaN,-0.21000000000000085,0.0,138.0,NaN,-19.0,0.0,94.0,NaN,-20.0,0.0,65.0,NaN,-17.0,0.0,13.0,NaN,-6.0,0.0,NaN,NaN,NaN,24.0,NaN,NaN,NaN,24.0,27.0,NaN,0.0,11.0,NaN,NaN,NaN,24.0,NaN,NaN,NaN,24.0,NaN,NaN,NaN,24.0,NaN,NaN,NaN,24.0,NaN,NaN,NaN,24.0,9.0,NaN,0.0,11.0,NaN,NaN,NaN,24.0,8.6,NaN,0.0,11.0,99.0,NaN,0.0,11.0,0.3,NaN,0.0,11.0,NaN,NaN,NaN,24.0,280.0,NaN,0.0,11.0,NaN,NaN,NaN,24.0,1.4,NaN,0.0,11.0,3.7,NaN,0.0,11.0,4.4,NaN,0.0,11.0,NaN,NaN,NaN,24.0,NaN,NaN,NaN,24.0,31.2,NaN,0.0,11.0,10.2,NaN,0.0,11.0,NaN,NaN,NaN,24.0,11.9,NaN,0.0,11.0,NaN,NaN,NaN,24.0,210.0,NaN,0.0,11.0,40.0,0.0,0.0,1.0,-120.83083333333333,12.0,0.0,0.0,1.0,0.0,0.0,0.0,0.0,0.0,0.0,0.0,1.0,1.0,1.0,0.0,0.0,0.0,NaN,8.0,8.0,-90.0,NaN,NaN,NaN
