57.0,NaN,NaN,24.0,98.5,NaN,NaN,24.0,35.94,NaN,NaN,24.0,89.75,NaN,NaN,24.0,57.25,NaN,NaN,24.0,47.75,NaN,NaN,24.0,18.25,NaN,NaN,24.0,NaN,NaN,NaN,24.0,NaN,NaN,NaN,24.0,17.0,NaN,NaN,24.0,NaN,NaN,NaN,24.0,NaN,NaN,NaN,24.0,NaN,NaN,NaN,24.0,NaN,NaN,NaN,24.0,79.0,NaN,NaN,24.0,72.0,NaN,NaN,24.0,332.0,NaN,NaN,24.0,8.6,NaN,NaN,24.0,102.0,NaN,NaN,24.0,2.4,NaN,NaN,24.0,NaN,NaN,NaN,24.0,125.0,NaN,NaN,24.0,1.2,NaN,NaN,24.0,2.2,NaN,NaN,24.0,3.3,NaN,NaN,24.0,4.3,NaN,NaN,24.0,11.3,NaN,NaN,24.0,NaN,NaN,NaN,24.0,29.7,NaN,NaN,24.0,8.7,NaN,NaN,24.0,45.3,NaN,NaN,24.0,24.1,NaN,NaN,24.0,NaN,NaN,NaN,24.0,362.0,NaN,NaN,24.0,47.0,0.0,-1.0,-1.0,-7.833333333333333,1.0,1.0,0.0,0.0,1.0,0.0,0.0,3.0,1.0,0.0,2.0,1.0,0.0,1.0,0.0,1.0,0.0,NaN,123.0,123.0,4.0,NaN,NaN,NaN
57.0,NaN,0.0,0.0,100.0,NaN,1.5,0.0,35.94,NaN,0.0,1.0,119.5,NaN,29.75,0.0,78.0,NaN,20.75,0.0,67.0,NaN,19.25,0.0,18.5,NaN,0.25,0.0,NaN,NaN,NaN,24.0,NaN,NaN,NaN,24.0,17.0,NaN,0.0,1.0,NaN,NaN,NaN,24.0,NaN,NaN,NaN,24.0,NaN,NaN,NaN,24.0,NaN,NaN,NaN,24.0,79.0,NaN,0.0,1.0,72.0,NaN,0.0,1.0,332.0,NaN,0.0,1.0,8.6,NaN,0.0,1.0,102.0,NaN,0.0,1.0,2.4,NaN,0.0,1.0,NaN,NaN,NaN,24.0,125.0,NaN,0.0,1.0,1.2,NaN,0.0,1.0,2.2,NaN,0.0,1.0,3.3,NaN,0.0,1.0,4.3,NaN,0.0,1.0,11.3,NaN,0.0,1.0,NaN,NaN,NaN,24.0,29.7,NaN,0.0,1.0,8.7,NaN,0.0,1.0,45.3,NaN,0.0,1.0,24.1,NaN,0.0,1.0,NaN,NaN,NaN,24.0,362.0,NaN,0.0,1.0,47.0,0.0,-1.0,-1.0,-7.833333333333333,2.0,1.0,0.0,0.0,1.0,0.0,0.0,0.0,0.0,0.0,0.0,1.0,0.0,1.0,0.0,1.0,0.0,NaN,123.0,123.0,4.0,NaN,NaN,NaN
61.0,NaN,4.0,0.0,100.0,NaN,0.0,0.0,35.94,NaN,0.0,2.0,134.0,NaN,14.5,0.0,77.0,NaN,-1.0,0.0,59.0,NaN,-8.0,0.0,21.0,NaN,2.5,0.0,NaN,NaN,NaN,24.0,NaN,NaN,NaN,24.0,17.0,NaN,0.0,2.0,NaN,NaN,NaN,24.0,NaN,NaN,NaN,24.0,NaN,NaN,NaN,24.0,NaN,NaN,NaN,24.0,79.0,NaN,0.0,2.0,72.0,NaN,0.0,2.0,332.0,NaN,0.0,2.0,8.6,NaN,0.0,2.0,102.0,NaN,0.0,2.0,2.4,NaN,0.0,2.0,NaN,NaN,NaN,24.0,125.0,NaN,0.0,2.0,1.2,NaN,0.0,2.0,2.2,NaN,0.0,2.0,3.3,NaN,0.0,2.0,4.3,NaN,0.0,2.0,11.3,NaN,0.0,2.0,NaN,NaN,NaN,24.0,29.7,NaN,0.0,2.0,8.7,NaN,0.0,2.0,45.3,NaN,0.0,2.0,24.1,NaN,0.0,2.0,NaN,NaN,NaN,24.0,362.0,NaN,0.0,2.0,47.0,0.0,-1.0,-1.0,-7.833333333333333,3.0,1.0,1.0,0.0,1.0,0.0,0.0,0.0,0.0,0.0,0.0,1.0,0.0,1.0,0.0,1.0,0.0,NaN,123.0,123.0,4.0,NaN,NaN,NaN
60.0,NaN,-1.0,0.0,100.0,NaN,0.0,0.0,35.94,NaN,0.0,3.0,124.0,NaN,-10.0,0.0,70.0,NaN,-7.0,0.0,53.0,NaN,-6.0,0.0,16.0,NaN,-5.0,0.0,NaN,NaN,NaN,24.0,NaN,NaN,NaN,24.0,17.0,NaN,0.0,3.0,NaN,NaN,NaN,24.0,NaN,NaN,NaN,24.0,NaN,NaN,NaN,24.0,NaN,NaN,NaN,24.0,79.0,NaN,0.0,3.0,72.0,NaN,0.0,3.0,332.0,NaN,0.0,3.0,8.6,NaN,0.0,3.0,102.0,NaN,0.0,3.0,2.4,NaN,0.0,3.0,NaN,NaN,NaN,24.0,125.0,NaN,0.0,3.0,1.2,NaN,0.0,3.0,2.2,NaN,0.0,3.0,3.3,NaN,0.0,3.0,4.3,NaN,0.0,3.0,11.3,NaN,0.0,3.0,NaN,NaN,NaN,24.0,29.7,NaN,0.0,3.0,8.7,NaN,0.0,3.0,45.3,NaN,0.0,3.0,24.1,NaN,0.0,3.0,NaN,NaN,NaN,24.0,362.0,NaN,0.0,3.0,47.0,0.0,-1.0,-1.0,-7.833333333333333,4.0,1.0,0.0,0.0,1.0,0.0,0.0,0.0,0.0,0.0,0.0,1.0,0.0,1.0,0.0,1.0,0.0,NaN,123.0,123.0,4.0,NaN,NaN,NaN
61.0,NaN,1.0,0.0,100.0,NaN,0.0,0.0,35.94,NaN,0.0,4.0,116.0,NaN,-8.0,0.0,75.0,NaN,5.0,0.0,61.0,NaN,8.0,0.0,17.0,NaN,1.0,0.0,NaN,NaN,NaN,24.0,NaN,NaN,NaN,24.0,17.0,NaN,0.0,4.0,NaN,NaN,NaN,24.0,NaN,NaN,NaN,24.0,NaN,NaN,NaN,24.0,NaN,NaN,NaN,24.0,79.0,NaN,0.0,4.0,72.0,NaN,0.0,4.0,332.0,NaN,0.0,4.0,8.6,NaN,0.0,4.0,102.0,NaN,0.0,4.0,2.4,NaN,0.0,4.0,NaN,NaN,NaN,24.0,125.0,NaN,0.0,4.0,1.2,NaN,0.0,4.0,2.2,NaN,0.0,4.0,3.3,NaN,0.0,4.0,4.3,NaN,0.0,4.0,11.3,NaN,0.0,4.0,NaN,NaN,NaN,24.0,29.7,NaN,0.0,4.0,8.7,NaN,0.0,4.0,45.3,NaN,0.0,4.0,24.1,NaN,0.0,4.0,NaN,NaN,NaN,24.0,362.0,NaN,0.0,4.0,47.0,0.0,-1.0,-1.0,-7.833333333333333,5.0,1.0,0.0,0.0,1.0,0.0,0.0,0.0,0.0,0.0,0.0,1.0,0.0,1.0,0.0,1.0,0.0,NaN,123.0,123.0,4.0,NaN,NaN,NaN
61.0,NaN,0.0,0.0,100.0,NaN,0.0,0.0,35.94,NaN,0.0,5.0,128.0,NaN,12.0,0.0,79.0,NaN,4.0,0.0,63.0,NaN,2.0,0.0,22.0,NaN,5.0,0.0,NaN,NaN,NaN,24.0,NaN,NaN,NaN,24.0,17.0,NaN,0.0,5.0,NaN,NaN,NaN,24.0,NaN,NaN,NaN,24.0,NaN,NaN,NaN,24.0,NaN,NaN,NaN,24.0,79.0,NaN,0.0,5.0,72.0,NaN,0.0,5.0,332.0,NaN,0.0,5.0,8.6,NaN,0.0,5.0,102.0,NaN,0.0,5.0,2.4,NaN,0.0,5.0,NaN,NaN,NaN,24.0,125.0,NaN,0.0,5.0,1.2,NaN,0.0,5.0,2.2,NaN,0.0,5.0,3.3,NaN,0.0,5.0,4.3,NaN,0.0,5.0,11.3,NaN,0.0,5.0,NaN,NaN,NaN,24.0,29.7,NaN,0.0,5.0,8.7,NaN,0.0,5.0,45.3,NaN,0.0,5.0,24.1,NaN,0.0,5.0,NaN,NaN,NaN,24.0,362.0,NaN,0.0,5.0,47.0,0.0,-1.0,-1.0,-7.833333333333333,6.0,1.0,1.0,0.0,1.0,0.0,0.0,0.0,0.0,0.0,0.0,1.0,0.0,1.0,0.0,1.0,0.0,NaN,123.0,123.0,4.0,NaN,NaN,NaN
59.0,NaN,-2.0,0.0,100.0,NaN,0.0,0.0,36.39,NaN,0.07500000000000047,0.0,113.0,NaN,-15.0,0.0,65.0,NaN,-14.0,0.0,51.0,NaN,-12.0,0.0,20.0,NaN,-2.0,0.0,NaN,NaN,NaN,24.0,NaN,NaN,NaN,24.0,17.0,NaN,0.0,6.0,NaN,NaN,NaN,24.0,NaN,NaN,NaN,24.0,NaN,NaN,NaN,24.0,NaN,NaN,NaN,24.0,79.0,NaN,0.0,6.0,72.0,NaN,0.0,6.0,332.0,NaN,0.0,6.0,8.6,NaN,0.0,6.0,102.0,NaN,0.0,6.0,2.4,NaN,0.0,6.0,NaN,NaN,NaN,24.0,125.0,NaN,0.0,6.0,1.2,NaN,0.0,6.0,2.2,NaN,0.0,6.0,3.3,NaN,0.0,6.0,4.3,NaN,0.0,6.0,11.3,NaN,0.0,6.0,NaN,NaN,NaN,24.0,29.7,NaN,0.0,6.0,8.7,NaN,0.0,6.0,45.3,NaN,0.0,6.0,24.1,NaN,0.0,6.0,NaN,NaN,NaN,24.0,362.0,NaN,0.0,6.0,47.0,0.0,-1.0,-1.0,-7.833333333333333,7.0,0.0,0.0,0.0,1.0,0.0,0.0,0.0,1.0,0.0,0.0,1.0,0.0,1.0,0.0,1.0,0.0,NaN,123.0,123.0,4.0,NaN,NaN,NaN
58.0,NaN,-1.0,0.0,99.0,NaN,-1.0,0.0,36.39,NaN,0.0642857142857147,1.0,119.0,NaN,6.0,0.0,70.0,NaN,5.0,0.0,55.0,NaN,4.0,0.0,19.0,NaN,-1.0,0.0,NaN,NaN,NaN,24.0,NaN,NaN,NaN,24.0,17.0,NaN,0.0,7.0,NaN,NaN,NaN,24.0,NaN,NaN,NaN,24.0,NaN,NaN,NaN,24.0,NaN,NaN,NaN,24.0,79.0,NaN,0.0,7.0,72.0,NaN,0.0,7.0,332.0,NaN,0.0,7.0,8.6,NaN,0.0,7.0,102.0,NaN,0.0,7.0,2.4,NaN,0.0,7.0,NaN,NaN,NaN,24.0,125.0,NaN,0.0,7.0,1.2,NaN,0.0,7.0,2.2,NaN,0.0,7.0,3.3,NaN,0.0,7.0,4.3,NaN,0.0,7.0,11.3,NaN,0.0,7.0,NaN,NaN,NaN,24.0,29.7,NaN,0.0,7.0,8.7,NaN,0.0,7.0,45.3,NaN,0.0,7.0,24.1,NaN,0.0,7.0,NaN,NaN,NaN,24.0,362.0,NaN,0.0,7.0,47.0,0.0,-1.0,-1.0,-7.833333333333333,8.0,0.0,0.0,0.0,1.0,0.0,0.0,0.0,0.0,0.0,0.0,1.0,0.0,1.0,0.0,1.0,0.0,NaN,123.0,123.0,4.0,NaN,NaN,NaN
59.0,NaN,1.0,0.0,99.0,NaN,0.0,0.0,36.39,NaN,0.056250000000000355,2.0,102.0,NaN,-17.0,0.0,66.0,NaN,-4.0,0.0,54.0,NaN,-1.0,0.0,20.0,NaN,1.0,0.0,NaN,NaN,NaN,24.0,NaN,NaN,NaN,24.0,17.0,NaN,0.0,8.0,NaN,NaN,NaN,24.0,NaN,NaN,NaN,24.0,NaN,NaN,NaN,24.0,NaN,NaN,NaN,24.0,79.0,NaN,0.0,8.0,72.0,NaN,0.0,8.0,332.0,NaN,0.0,8.0,8.6,NaN,0.0,8.0,102.0,NaN,0.0,8.0,2.4,NaN,0.0,8.0,NaN,NaN,NaN,24.0,125.0,NaN,0.0,8.0,1.2,NaN,0.0,8.0,2.2,NaN,0.0,8.0,3.3,NaN,0.0,8.0,4.3,NaN,0.0,8.0,11.3,NaN,0.0,8.0,NaN,NaN,NaN,24.0,29.7,NaN,0.0,8.0,8.7,NaN,0.0,8.0,45.3,NaN,0.0,8.0,24.1,NaN,0.0,8.0,NaN,NaN,NaN,24.0,362.0,NaN,0.0,8.0,47.0,0.0,-1.0,-1.0,-7.833333333333333,9.0,0.0,0.0,0.0,1.0,0.0,0.0,0.0,0.0,0.0,0.0,1.0,0.0,1.0,0.0,1.0,0.0,NaN,123.0,123.0,4.0,NaN,NaN,NaN
59.0,NaN,0.0,0.0,98.0,NaN,-1.0,0.0,36.39,NaN,0.050000000000000315,3.0,107.0,NaN,5.0,0.0,63.0,NaN,-3.0,0.0,50.0,NaN,-4.0,0.0,19.0,NaN,-1.0,0.0,NaN,NaN,NaN,24.0,NaN,NaN,NaN,24.0,17.0,NaN,0.0,9.0,NaN,NaN,NaN,24.0,NaN,NaN,NaN,24.0,NaN,NaN,NaN,24.0,NaN,NaN,NaN,24.0,79.0,NaN,0.0,9.0,72.0,NaN,0.0,9.0,332.0,NaN,0.0,9.0,8.6,NaN,0.0,9.0,102.0,NaN,0.0,9.0,2.4,NaN,0.0,9.0,NaN,NaN,NaN,24.0,125.0,NaN,0.0,9.0,1.2,NaN,0.0,9.0,2.2,NaN,0.0,9.0,3.3,NaN,0.0,9.0,4.3,NaN,0.0,9.0,11.3,NaN,0.0,9.0,NaN,NaN,NaN,24.0,29.7,NaN,0.0,9.0,8.7,NaN,0.0,9.0,45.3,NaN,0.0,9.0,24.1,NaN,0.0,9.0,NaN,NaN,NaN,24.0,362.0,NaN,0.0,9.0,47.0,0.0,-1.0,-1.0,-7.833333333333333,10.0,0.0,0.0,0.0,1.0,0.0,0.0,0.0,1.0,0.0,0.0,1.0,0.0,1.0,0.0,1.0,0.0,NaN,123.0,123.0,4.0,NaN,NaN,NaN
57.0,NaN,-2.0,0.0,97.0,NaN,-1.0,0.0,36.39,NaN,0.0,0.0,116.0,NaN,9.0,0.0,71.0,NaN,8.0,0.0,57.0,NaN,7.0,0.0,20.0,NaN,1.0,0.0,NaN,NaN,NaN,24.0,NaN,NaN,NaN,24.0,17.0,NaN,0.0,10.0,NaN,NaN,NaN,24.0,NaN,NaN,NaN,24.0,NaN,NaN,NaN,24.0,NaN,NaN,NaN,24.0,79.0,NaN,0.0,10.0,72.0,NaN,0.0,10.0,332.0,NaN,0.0,10.0,8.6,NaN,0.0,10.0,102.0,NaN,0.0,10.0,2.4,NaN,0.0,10.0,NaN,NaN,NaN,24.0,125.0,NaN,0.0,10.0,1.2,NaN,0.0,10.0,2.2,NaN,0.0,10.0,3.3,NaN,0.0,10.0,4.3,NaN,0.0,10.0,11.3,NaN,0.0,10.0,NaN,NaN,NaN,24.0,29.7,NaN,0.0,10.0,8.7,NaN,0.0,10.0,45.3,NaN,0.0,10.0,24.1,NaN,0.0,10.0,NaN,NaN,NaN,24.0,362.0,NaN,0.0,10.0,47.0,0.0,-1.0,-1.0,-7.833333333333333,11.0,0.0,0.0,0.0,1.0,0.0,0.0,0.0,0.0,0.0,0.0,1.0,0.0,1.0,0.0,1.0,0.0,NaN,123.0,123.0,4.0,NaN,NaN,NaN
58.0,NaN,1.0,0.0,99.0,NaN,2.0,0.0,36.39,NaN,0.0,1.0,108.0,NaN,-8.0,0.0,71.0,NaN,0.0,0.0,59.0,NaN,2.0,0.0,13.0,NaN,-7.0,0.0,NaN,NaN,NaN,24.0,NaN,NaN,NaN,24.0,17.0,NaN,0.0,11.0,NaN,NaN,NaN,24.0,NaN,NaN,NaN,24.0,NaN,NaN,NaN,24.0,NaN,NaN,NaN,24.0,79.0,NaN,0.0,11.0,72.0,NaN,0.0,11.0,332.0,NaN,0.0,11.0,8.6,NaN,0.0,11.0,102.0,NaN,0.0,11.0,2.4,NaN,0.0,11.0,NaN,NaN,NaN,24.0,125.0,NaN,0.0,11.0,1.2,NaN,0.0,11.0,2.2,NaN,0.0,11.0,3.3,NaN,0.0,11.0,4.3,NaN,0.0,11.0,11.3,NaN,0.0,11.0,NaN,NaN,NaN,24.0,29.7,NaN,0.0,11.0,8.7,NaN,0.0,11.0,45.3,NaN,0.0,11.0,24.1,NaN,0.0,11.0,NaN,NaN,NaN,24.0,362.0,NaN,0.0,11.0,47.0,0.0,-1.0,-1.0,-7.833333333333333,12.0,0.0,0.0,0.0,1.0,0.0,0.0,0.0,0.0,0.0,0.0,1.0,0.0,1.0,0.0,1.0,0.0,NaN,123.0,123.0,4.0,NaN,NaN,NaN
60.0,NaN,2.0,0.0,100.0,NaN,1.0,0.0,36.39,NaN,0.0,2.0,113.0,NaN,5.0,0.0,70.0,NaN,-1.0,0.0,60.0,NaN,1.0,0.0,22.0,NaN,9.0,0.0,NaN,NaN,NaN,24.0,NaN,NaN,NaN,24.0,17.0,NaN,0.0,12.0,NaN,NaN,NaN,24.0,NaN,NaN,NaN,24.0,NaN,NaN,NaN,24.0,NaN,NaN,NaN,24.0,79.0,NaN,0.0,12.0,72.0,NaN,0.0,12.0,332.0,NaN,0.0,12.0,8.6,NaN,0.0,12.0,102.0,NaN,0.0,12.0,2.4,NaN,0.0,12.0,NaN,NaN,NaN,24.0,125.0,NaN,0.0,12.0,1.2,NaN,0.0,12.0,2.2,NaN,0.0,12.0,3.3,NaN,0.0,12.0,4.3,NaN,0.0,12.0,11.3,NaN,0.0,12.0,NaN,NaN,NaN,24.0,29.7,NaN,0.0,12.0,8.7,NaN,0.0,12.0,45.3,NaN,0.0,12.0,24.1,NaN,0.0,12.0,NaN,NaN,NaN,24.0,362.0,NaN,0.0,12.0,47.0,0.0,-1.0,-1.0,-7.833333333333333,13.0,0.0,1.0,0.0,1.0,0.0,0.0,0.0,0.0,0.0,0.0,1.0,0.0,1.0,0.0,1.0,0.0,NaN,123.0,123.0,4.0,NaN,NaN,NaN
55.0,NaN,-5.0,0.0,100.0,NaN,0.0,0.0,36.39,NaN,0.0,3.0,103.0,NaN,-10.0,0.0,61.0,NaN,-9.0,0.0,51.0,NaN,-9.0,0.0,10.0,NaN,-12.0,0.0,NaN,NaN,NaN,24.0,NaN,NaN,NaN,24.0,17.0,NaN,0.0,13.0,NaN,NaN,NaN,24.0,NaN,NaN,NaN,24.0,NaN,NaN,NaN,24.0,NaN,NaN,NaN,24.0,79.0,NaN,0.0,13.0,72.0,NaN,0.0,13.0,332.0,NaN,0.0,13.0,8.6,NaN,0.0,13.0,102.0,NaN,0.0,13.0,2.4,NaN,0.0,13.0,NaN,NaN,NaN,24.0,125.0,NaN,0.0,13.0,1.2,NaN,0.0,13.0,2.2,NaN,0.0,13.0,3.3,NaN,0.0,13.0,4.3,NaN,0.0,13.0,11.3,NaN,0.0,13.0,NaN,NaN,NaN,24.0,29.7,NaN,0.0,13.0,8.7,NaN,0.0,13.0,45.3,NaN,0.0,13.0,24.1,NaN,0.0,13.0,NaN,NaN,NaN,24.0,362.0,NaN,0.0,13.0,47.0,0.0,-1.0,-1.0,-7.833333333333333,14.0,0.0,0.0,0.0,1.0,0.0,0.0,0.0,1.0,0.0,0.0,1.0,0.0,1.0,0.0,1.0,0.0,NaN,123.0,123.0,4.0,NaN,NaN,NaN
57.0,NaN,2.0,0.0,100.0,NaN,0.0,0.0,36.39,NaN,0.0,4.0,122.0,NaN,19.0,0.0,78.0,NaN,17.0,0.0,64.0,NaN,13.0,0.0,19.0,NaN,9.0,0.0,NaN,NaN,NaN,24.0,NaN,NaN,NaN,24.0,17.0,NaN,0.0,14.0,NaN,NaN,NaN,24.0,NaN,NaN,NaN,24.0,NaN,NaN,NaN,24.0,NaN,NaN,NaN,24.0,79.0,NaN,0.0,14.0,72.0,NaN,0.0,14.0,332.0,NaN,0.0,14.0,8.6,NaN,0.0,14.0,102.0,NaN,0.0,14.0,2.4,NaN,0.0,14.0,NaN,NaN,NaN,24.0,125.0,NaN,0.0,14.0,1.2,NaN,0.0,14.0,2.2,NaN,0.0,14.0,3.3,NaN,0.0,14.0,4.3,NaN,0.0,14.0,11.3,NaN,0.0,14.0,NaN,NaN,NaN,24.0,29.7,NaN,0.0,14.0,8.7,NaN,0.0,14.0,45.3,NaN,0.0,14.0,24.1,NaN,0.0,14.0,NaN,NaN,NaN,24.0,362.0,NaN,0.0,14.0,47.0,0.0,-1.0,-1.0,-7.833333333333333,15.0,0.0,0.0,0.0,1.0,0.0,0.0,0.0,0.0,0.0,0.0,1.0,0.0,1.0,0.0,1.0,0.0,NaN,123.0,123.0,4.0,NaN,NaN,NaN
