59.6666666666667,NaN,NaN,24.0,95.0,NaN,NaN,24.0,29.44,NaN,NaN,24.0,102.0,NaN,NaN,24.0,68.0,NaN,NaN,24.0,56.0,NaN,NaN,24.0,16.0,NaN,NaN,24.0,NaN,NaN,NaN,24.0,NaN,NaN,NaN,24.0,21.0,NaN,NaN,24.0,NaN,NaN,NaN,24.0,NaN,NaN,NaN,24.0,NaN,NaN,NaN,24.0,NaN,NaN,NaN,24.0,54.0,NaN,NaN,24.0,128.0,NaN,NaN,24.0,125.0,NaN,NaN,24.0,8.7,NaN,NaN,24.0,100.0,NaN,NaN,24.0,4.8,NaN,NaN,24.0,NaN,NaN,NaN,24.0,116.0,NaN,NaN,24.0,NaN,NaN,NaN,24.0,2.9,NaN,NaN,24.0,5.7,NaN,NaN,24.0,5.5,NaN,NaN,24.0,1.3,NaN,NaN,24.0,NaN,NaN,NaN,24.0,26.1,NaN,NaN,24.0,8.9,NaN,NaN,24.0,46.1,NaN,NaN,24.0,3.2,NaN,NaN,24.0,357.0,NaN,NaN,24.0,75.0,NaN,NaN,24.0,80.0,0.0,1.0,0.0,0.0,1.0,1.0,0.0,0.0,1.0,0.0,2.0,1.0,0.0,0.0,3.0,1.0,0.0,1.0,1.0,1.0,0.0,3.0,5.0,4.0,2.0,NaN,NaN,NaN
49.0,NaN,-10.6666666666667,0.0,96.0,NaN,1.0,0.0,30.56,NaN,1.1199999999999974,0.0,99.0,NaN,-3.0,0.0,64.0,NaN,-4.0,0.0,54.0,NaN,-2.0,0.0,16.0,NaN,0.0,0.0,NaN,NaN,NaN,24.0,0.0,NaN,0.0,0.0,21.0,NaN,0.0,1.0,NaN,NaN,NaN,24.0,7.49,NaN,0.0,0.0,27.0,NaN,0.0,0.0,NaN,NaN,NaN,24.0,54.0,NaN,0.0,1.0,128.0,NaN,0.0,1.0,125.0,NaN,0.0,1.0,8.7,NaN,0.0,1.0,100.0,NaN,0.0,1.0,4.8,NaN,0.0,1.0,NaN,NaN,NaN,24.0,115.0,NaN,-1.0,0.0,1.1,NaN,0.0,0.0,2.9,NaN,0.0,1.0,5.7,NaN,0.0,1.0,5.6,NaN,0.09999999999999964,0.0,1.3,NaN,0.0,1.0,NaN,NaN,NaN,24.0,26.1,NaN,0.0,1.0,8.9,NaN,0.0,1.0,46.1,NaN,0.0,1.0,3.2,NaN,0.0,1.0,357.0,NaN,0.0,1.0,75.0,NaN,0.0,1.0,80.0,0.0,1.0,0.0,0.0,2.0,1.0,0.0,0.0,1.0,0.0,0.0,0.0,1.0,0.0,0.0,1.0,1.0,1.0,1.0,1.0,0.0,3.0,5.0,4.0,2.0,NaN,NaN,NaN
70.0,NaN,21.0,0.0,95.0,NaN,-1.0,0.0,31.11,NaN,0.5500000000000007,0.0,100.0,NaN,1.0,0.0,71.0,NaN,7.0,0.0,56.0,NaN,2.0,0.0,14.0,NaN,-2.0,0.0,NaN,NaN,NaN,24.0,0.0,NaN,0.0,1.0,21.0,NaN,0.0,2.0,NaN,NaN,NaN,24.0,7.49,NaN,0.0,1.0,27.0,NaN,0.0,1.0,NaN,NaN,NaN,24.0,54.0,NaN,0.0,2.0,128.0,NaN,0.0,2.0,125.0,NaN,0.0,2.0,8.7,NaN,0.0,2.0,100.0,NaN,0.0,2.0,4.8,NaN,0.0,2.0,NaN,NaN,NaN,24.0,115.0,NaN,-0.5,1.0,1.1,NaN,0.0,1.0,2.9,NaN,0.0,2.0,5.7,NaN,0.0,2.0,5.6,NaN,0.04999999999999982,1.0,1.3,NaN,0.0,2.0,NaN,NaN,NaN,24.0,26.1,NaN,0.0,2.0,8.9,NaN,0.0,2.0,46.1,NaN,0.0,2.0,3.2,NaN,0.0,2.0,357.0,NaN,0.0,2.0,75.0,NaN,0.0,2.0,80.0,0.0,1.0,0.0,0.0,3.0,1.0,0.0,0.0,1.0,0.0,0.0,0.0,0.0,0.0,0.0,1.0,1.0,1.0,1.0,1.0,0.0,3.0,5.0,4.0,2.0,NaN,NaN,NaN
78.0,NaN,8.0,0.0,94.0,NaN,-1.0,0.0,31.22,NaN,0.10999999999999943,0.0,102.0,NaN,2.0,0.0,58.0,NaN,-13.0,0.0,46.0,NaN,-10.0,0.0,14.0,NaN,0.0,0.0,NaN,NaN,NaN,24.0,0.0,NaN,0.0,2.0,21.0,NaN,0.0,3.0,NaN,NaN,NaN,24.0,7.49,NaN,0.0,2.0,27.0,NaN,0.0,2.0,NaN,NaN,NaN,24.0,54.0,NaN,0.0,3.0,128.0,NaN,0.0,3.0,125.0,NaN,0.0,3.0,8.7,NaN,0.0,3.0,100.0,NaN,0.0,3.0,4.8,NaN,0.0,3.0,NaN,NaN,NaN,24.0,115.0,NaN,-0.3333333333333333,2.0,1.1,NaN,0.0,2.0,2.9,NaN,0.0,3.0,5.7,NaN,0.0,3.0,5.6,NaN,0.033333333333333215,2.0,1.3,NaN,0.0,3.0,NaN,NaN,NaN,24.0,26.1,NaN,0.0,3.0,8.9,NaN,0.0,3.0,46.1,NaN,0.0,3.0,3.2,NaN,0.0,3.0,357.0,NaN,0.0,3.0,75.0,NaN,0.0,3.0,80.0,0.0,1.0,0.0,0.0,4.0,1.0,0.0,0.0,1.0,0.0,0.0,0.0,1.0,0.0,0.0,1.0,1.0,1.0,1.0,1.0,0.0,3.0,5.0,4.0,2.0,NaN,NaN,NaN
70.0,NaN,-8.0,0.0,93.0,NaN,-1.0,0.0,31.94,NaN,0.7200000000000024,0.0,102.0,NaN,0.0,0.0,64.0,NaN,6.0,0.0,51.0,NaN,5.0,0.0,19.0,NaN,5.0,0.0,NaN,NaN,NaN,24.0,0.0,NaN,0.0,3.0,21.0,NaN,0.0,4.0,NaN,NaN,NaN,24.0,7.49,NaN,0.0,3.0,27.0,NaN,0.0,3.0,NaN,NaN,NaN,24.0,54.0,NaN,0.0,4.0,128.0,NaN,0.0,4.0,125.0,NaN,0.0,4.0,8.7,NaN,0.0,4.0,100.0,NaN,0.0,4.0,4.8,NaN,0.0,4.0,NaN,NaN,NaN,24.0,115.0,NaN,-0.25,3.0,1.1,NaN,0.0,3.0,2.9,NaN,0.0,4.0,5.7,NaN,0.0,4.0,5.6,NaN,0.02499999999999991,3.0,1.3,NaN,0.0,4.0,NaN,NaN,NaN,24.0,26.1,NaN,0.0,4.0,8.9,NaN,0.0,4.0,46.1,NaN,0.0,4.0,3.2,NaN,0.0,4.0,357.0,NaN,0.0,4.0,75.0,NaN,0.0,4.0,80.0,0.0,1.0,0.0,0.0,5.0,1.0,0.0,0.0,1.0,0.0,0.0,0.0,1.0,0.0,0.0,1.0,1.0,1.0,1.0,1.0,0.0,3.0,5.0,4.0,2.0,NaN,NaN,NaN
72.0,NaN,2.0,0.0,94.0,NaN,1.0,0.0,32.56,NaN,0.620000000000001,0.0,107.0,NaN,5.0,0.0,65.0,NaN,1.0,0.0,51.0,NaN,0.0,0.0,16.0,NaN,-3.0,0.0,NaN,NaN,NaN,24.0,0.0,NaN,0.0,4.0,18.0,NaN,-0.6,0.0,NaN,NaN,NaN,24.0,7.49,NaN,0.0,4.0,27.0,NaN,0.0,4.0,NaN,NaN,NaN,24.0,54.0,NaN,0.0,5.0,129.0,NaN,0.2,0.0,125.0,NaN,0.0,5.0,8.7,NaN,0.0,5.0,100.0,NaN,0.0,0.0,4.9,NaN,0.020000000000000108,0.0,NaN,NaN,NaN,24.0,91.0,NaN,-6.0,0.0,1.1,NaN,0.0,4.0,2.9,NaN,0.0,0.0,5.7,NaN,0.0,5.0,7.1,NaN,0.375,0.0,1.3,NaN,0.0,5.0,NaN,NaN,NaN,24.0,22.4,NaN,-0.7400000000000005,0.0,8.9,NaN,0.0,5.0,46.1,NaN,0.0,5.0,3.2,NaN,0.0,5.0,357.0,NaN,0.0,5.0,75.0,NaN,0.0,5.0,80.0,0.0,1.0,0.0,0.0,6.0,1.0,0.0,0.0,1.0,0.0,0.0,0.0,1.0,0.0,3.0,1.0,1.0,1.0,1.0,1.0,0.0,3.0,5.0,4.0,2.0,NaN,NaN,NaN
71.0,NaN,-1.0,0.0,93.0,NaN,-1.0,0.0,33.33,NaN,0.769999999999996,0.0,83.5,NaN,-23.5,0.0,59.0,NaN,-6.0,0.0,48.0,NaN,-3.0,0.0,16.0,NaN,0.0,0.0,NaN,NaN,NaN,24.0,-4.0,NaN,-0.8,0.0,18.0,NaN,-0.5,1.0,NaN,NaN,NaN,24.0,7.39,NaN,-0.020000000000000108,0.0,32.0,NaN,1.0,0.0,NaN,NaN,NaN,24.0,54.0,NaN,0.0,6.0,129.0,NaN,0.16666666666666666,1.0,125.0,NaN,0.0,6.0,8.7,NaN,0.0,6.0,100.0,NaN,0.0,1.0,4.9,NaN,0.016666666666666757,1.0,NaN,NaN,NaN,24.0,91.0,NaN,-4.8,1.0,2.7,NaN,0.32,0.0,2.9,NaN,0.0,1.0,5.7,NaN,0.0,6.0,5.6,NaN,-1.5,0.0,1.3,NaN,0.0,6.0,NaN,NaN,NaN,24.0,22.4,NaN,-0.6166666666666671,1.0,8.9,NaN,0.0,6.0,46.1,NaN,0.0,6.0,3.2,NaN,0.0,6.0,357.0,NaN,0.0,6.0,75.0,NaN,0.0,6.0,80.0,0.0,1.0,0.0,0.0,7.0,1.0,0.0,0.0,1.0,0.0,0.0,0.0,1.0,1.0,0.0,1.0,1.0,1.0,1.0,1.0,0.0,3.0,5.0,4.0,2.0,NaN,NaN,NaN
70.0,NaN,-1.0,0.0,94.0,NaN,1.0,0.0,34.0,NaN,0.6700000000000017,0.0,111.0,NaN,27.5,0.0,61.0,NaN,2.0,0.0,43.75,NaN,-4.25,0.0,16.0,NaN,0.0,0.0,NaN,NaN,NaN,24.0,-4.0,NaN,-0.6666666666666666,1.0,18.0,NaN,-0.42857142857142855,2.0,0.6,NaN,0.0,0.0,7.39,NaN,-0.016666666666666757,1.0,32.0,NaN,0.8333333333333334,1.0,NaN,NaN,NaN,24.0,54.0,NaN,0.0,7.0,129.0,NaN,0.14285714285714285,2.0,125.0,NaN,0.0,7.0,8.7,NaN,0.0,7.0,100.0,NaN,0.0,2.0,4.9,NaN,0.014285714285714362,2.0,NaN,NaN,NaN,24.0,91.0,NaN,-4.0,2.0,2.7,NaN,0.26666666666666666,1.0,2.9,NaN,0.0,2.0,5.7,NaN,0.0,7.0,5.6,NaN,-0.75,1.0,1.3,NaN,0.0,7.0,NaN,NaN,NaN,24.0,22.4,NaN,-0.528571428571429,2.0,8.9,NaN,0.0,7.0,46.1,NaN,0.0,7.0,3.2,NaN,0.0,7.0,357.0,NaN,0.0,7.0,75.0,NaN,0.0,7.0,80.0,0.0,1.0,0.0,0.0,8.0,1.0,0.0,0.0,1.0,2.0,0.0,0.0,1.0,0.0,0.0,1.0,1.0,1.0,1.0,1.0,0.0,3.0,5.0,4.0,2.0,NaN,NaN,NaN
70.0,NaN,0.0,0.0,99.0,NaN,5.0,0.0,34.0,NaN,0.0,0.0,93.0,NaN,-18.0,0.0,67.0,NaN,6.0,0.0,51.0,NaN,7.25,0.0,16.0,NaN,0.0,0.0,NaN,NaN,NaN,24.0,-4.0,NaN,-0.5714285714285714,2.0,18.0,NaN,-0.375,3.0,0.6,NaN,0.0,1.0,7.39,NaN,-0.014285714285714362,2.0,32.0,NaN,0.7142857142857143,2.0,NaN,NaN,NaN,24.0,54.0,NaN,0.0,8.0,129.0,NaN,0.125,3.0,125.0,NaN,0.0,8.0,8.7,NaN,0.0,8.0,100.0,NaN,0.0,3.0,4.9,NaN,0.012500000000000067,3.0,NaN,NaN,NaN,24.0,91.0,NaN,-3.4285714285714284,3.0,2.7,NaN,0.2285714285714286,2.0,2.9,NaN,0.0,3.0,5.7,NaN,0.0,8.0,5.6,NaN,-0.5,2.0,1.3,NaN,0.0,8.0,NaN,NaN,NaN,24.0,22.4,NaN,-0.46250000000000036,3.0,8.9,NaN,0.0,8.0,46.1,NaN,0.0,8.0,3.2,NaN,0.0,8.0,357.0,NaN,0.0,8.0,75.0,NaN,0.0,8.0,80.0,0.0,1.0,0.0,0.0,9.0,1.0,0.0,0.0,1.0,0.0,0.0,0.0,0.0,0.0,0.0,1.0,1.0,1.0,1.0,1.0,0.0,3.0,5.0,4.0,2.0,NaN,NaN,NaN
