104.0,NaN,NaN,24.0,96.0,NaN,NaN,24.0,37.89,NaN,NaN,24.0,99.0,NaN,NaN,24.0,79.0,NaN,NaN,24.0,68.0,NaN,NaN,24.0,18.0,NaN,NaN,24.0,NaN,NaN,NaN,24.0,NaN,NaN,NaN,24.0,19.0,NaN,NaN,24.0,NaN,NaN,NaN,24.0,NaN,NaN,NaN,24.0,NaN,NaN,NaN,24.0,NaN,NaN,NaN,24.0,NaN,NaN,NaN,24.0,8.0,NaN,NaN,24.0,NaN,NaN,NaN,24.0,8.1,NaN,NaN,24.0,100.0,NaN,NaN,24.0,0.6,NaN,NaN,24.0,NaN,NaN,NaN,24.0,87.0,NaN,NaN,24.0,NaN,NaN,NaN,24.0,2.1,NaN,NaN,24.0,3.5,NaN,NaN,24.0,4.0,NaN,NaN,24.0,NaN,NaN,NaN,24.0,NaN,NaN,NaN,24.0,20.9,NaN,NaN,24.0,6.3,NaN,NaN,24.0,NaN,NaN,NaN,24.0,10.9,NaN,NaN,24.0,NaN,NaN,NaN,24.0,450.0,NaN,NaN,24.0,34.0,0.0,1.0,0.0,-4.683333333333334,1.0,0.0,0.0,1.0,0.0,0.0,0.0,0.0,0.0,0.0,0.0,1.0,0.0,0.0,0.0,0.0,0.0,NaN,NaN,NaN,26.0,NaN,NaN,NaN
108.0,NaN,4.0,0.0,95.0,NaN,-1.0,0.0,37.89,NaN,0.0,1.0,103.0,NaN,4.0,0.0,80.0,NaN,1.0,0.0,69.0,NaN,1.0,0.0,25.0,NaN,7.0,0.0,NaN,NaN,NaN,24.0,NaN,NaN,NaN,24.0,19.0,NaN,0.0,1.0,NaN,NaN,NaN,24.0,NaN,NaN,NaN,24.0,NaN,NaN,NaN,24.0,NaN,NaN,NaN,24.0,NaN,NaN,NaN,24.0,8.0,NaN,0.0,1.0,NaN,NaN,NaN,24.0,8.1,NaN,0.0,1.0,100.0,NaN,0.0,1.0,0.6,NaN,0.0,1.0,NaN,NaN,NaN,24.0,87.0,NaN,0.0,1.0,NaN,NaN,NaN,24.0,2.1,NaN,0.0,1.0,3.5,NaN,0.0,1.0,4.0,NaN,0.0,1.0,NaN,NaN,NaN,24.0,NaN,NaN,NaN,24.0,20.9,NaN,0.0,1.0,6.3,NaN,0.0,1.0,NaN,NaN,NaN,24.0,10.9,NaN,0.0,1.0,NaN,NaN,NaN,24.0,450.0,NaN,0.0,1.0,34.0,0.0,1.0,0.0,-4.683333333333334,2.0,0.0,1.0,1.0,0.0,0.0,0.0,0.0,0.0,0.0,0.0,1.0,0.0,0.0,0.0,0.0,0.0,NaN,NaN,NaN,26.0,NaN,NaN,NaN
99.0,NaN,-9.0,0.0,99.0,NaN,4.0,0.0,37.89,NaN,0.0,2.0,104.0,NaN,1.0,0.0,73.0,NaN,-7.0,0.0,62.0,NaN,-7.0,0.0,18.0,NaN,-7.0,0.0,NaN,NaN,NaN,24.0,NaN,NaN,NaN,24.0,19.0,NaN,0.0,2.0,NaN,NaN,NaN,24.0,NaN,NaN,NaN,24.0,NaN,NaN,NaN,24.0,NaN,NaN,NaN,24.0,NaN,NaN,NaN,24.0,8.0,NaN,0.0,2.0,NaN,NaN,NaN,24.0,8.1,NaN,0.0,2.0,100.0,NaN,0.0,2.0,0.6,NaN,0.0,2.0,NaN,NaN,NaN,24.0,87.0,NaN,0.0,2.0,NaN,NaN,NaN,24.0,2.1,NaN,0.0,2.0,3.5,NaN,0.0,2.0,4.0,NaN,0.0,2.0,NaN,NaN,NaN,24.0,NaN,NaN,NaN,24.0,20.9,NaN,0.0,2.0,6.3,NaN,0.0,2.0,NaN,NaN,NaN,24.0,10.9,NaN,0.0,2.0,NaN,NaN,NaN,24.0,450.0,NaN,0.0,2.0,34.0,0.0,1.0,0.0,-4.683333333333334,3.0,0.0,0.0,1.0,0.0,0.0,0.0,0.0,0.0,0.0,0.0,1.0,0.0,0.0,0.0,0.0,0.0,NaN,NaN,NaN,26.0,NaN,NaN,NaN
98.0,NaN,-1.0,0.0,100.0,NaN,1.0,0.0,37.11,NaN,-0.2600000000000004,0.0,105.0,NaN,1.0,0.0,79.0,NaN,6.0,0.0,67.0,NaN,5.0,0.0,23.0,NaN,5.0,0.0,NaN,NaN,NaN,24.0,NaN,NaN,NaN,24.0,19.0,NaN,0.0,3.0,NaN,NaN,NaN,24.0,NaN,NaN,NaN,24.0,NaN,NaN,NaN,24.0,NaN,NaN,NaN,24.0,NaN,NaN,NaN,24.0,8.0,NaN,0.0,3.0,NaN,NaN,NaN,24.0,8.1,NaN,0.0,3.0,100.0,NaN,0.0,3.0,0.6,NaN,0.0,3.0,NaN,NaN,NaN,24.0,87.0,NaN,0.0,3.0,NaN,NaN,NaN,24.0,2.1,NaN,0.0,3.0,3.5,NaN,0.0,3.0,4.0,NaN,0.0,3.0,NaN,NaN,NaN,24.0,NaN,NaN,NaN,24.0,20.9,NaN,0.0,3.0,6.3,NaN,0.0,3.0,NaN,NaN,NaN,24.0,10.9,NaN,0.0,3.0,NaN,NaN,NaN,24.0,450.0,NaN,0.0,3.0,34.0,0.0,1.0,0.0,-4.683333333333334,4.0,0.0,1.0,1.0,0.0,0.0,0.0,0.0,0.0,0.0,0.0,1.0,0.0,0.0,0.0,0.0,0.0,NaN,NaN,NaN,26.0,NaN,NaN,NaN
100.0,NaN,2.0,0.0,100.0,NaN,0.0,0.0,37.56,NaN,0.45000000000000284,0.0,117.0,NaN,12.0,0.0,88.0,NaN,9.0,0.0,76.0,NaN,9.0,0.0,17.0,NaN,-6.0,0.0,NaN,NaN,NaN,24.0,NaN,NaN,NaN,24.0,19.0,NaN,0.0,4.0,NaN,NaN,NaN,24.0,NaN,NaN,NaN,24.0,NaN,NaN,NaN,24.0,NaN,NaN,NaN,24.0,NaN,NaN,NaN,24.0,8.0,NaN,0.0,4.0,NaN,NaN,NaN,24.0,8.1,NaN,0.0,4.0,100.0,NaN,0.0,4.0,0.6,NaN,0.0,4.0,NaN,NaN,NaN,24.0,87.0,NaN,0.0,4.0,NaN,NaN,NaN,24.0,2.1,NaN,0.0,4.0,3.5,NaN,0.0,4.0,4.0,NaN,0.0,4.0,NaN,NaN,NaN,24.0,NaN,NaN,NaN,24.0,20.9,NaN,0.0,4.0,6.3,NaN,0.0,4.0,NaN,NaN,NaN,24.0,10.9,NaN,0.0,4.0,NaN,NaN,NaN,24.0,450.0,NaN,0.0,4.0,34.0,0.0,1.0,0.0,-4.683333333333334,5.0,0.0,0.0,1.0,0.0,0.0,0.0,0.0,0.0,0.0,0.0,1.0,0.0,0.0,0.0,0.0,0.0,NaN,NaN,NaN,26.0,NaN,NaN,NaN
103.0,NaN,3.0,0.0,100.0,NaN,0.0,0.0,37.56,NaN,0.22500000000000142,1.0,107.0,NaN,-10.0,0.0,78.0,NaN,-10.0,0.0,69.0,NaN,-7.0,0.0,13.0,NaN,-4.0,0.0,NaN,NaN,NaN,24.0,NaN,NaN,NaN,24.0,19.0,NaN,0.0,5.0,NaN,NaN,NaN,24.0,NaN,NaN,NaN,24.0,NaN,NaN,NaN,24.0,NaN,NaN,NaN,24.0,NaN,NaN,NaN,24.0,8.0,NaN,0.0,5.0,NaN,NaN,NaN,24.0,8.1,NaN,0.0,5.0,100.0,NaN,0.0,5.0,0.6,NaN,0.0,5.0,NaN,NaN,NaN,24.0,87.0,NaN,0.0,5.0,NaN,NaN,NaN,24.0,2.1,NaN,0.0,5.0,3.5,NaN,0.0,5.0,4.0,NaN,0.0,5.0,NaN,NaN,NaN,24.0,NaN,NaN,NaN,24.0,20.9,NaN,0.0,5.0,6.3,NaN,0.0,5.0,NaN,NaN,NaN,24.0,10.9,NaN,0.0,5.0,NaN,NaN,NaN,24.0,450.0,NaN,0.0,5.0,34.0,0.0,1.0,0.0,-4.683333333333334,6.0,0.0,0.0,1.0,0.0,0.0,0.0,0.0,0.0,0.0,0.0,1.0,0.0,0.0,0.0,0.0,0.0,NaN,NaN,NaN,26.0,NaN,NaN,NaN
101.0,NaN,-2.0,0.0,98.0,NaN,-2.0,0.0,37.44,NaN,-0.060000000000002274,0.0,100.0,NaN,-7.0,0.0,76.0,NaN,-2.0,0.0,65.0,NaN,-4.0,0.0,21.0,NaN,8.0,0.0,NaN,NaN,NaN,24.0,NaN,NaN,NaN,24.0,19.0,NaN,0.0,6.0,NaN,NaN,NaN,24.0,NaN,NaN,NaN,24.0,NaN,NaN,NaN,24.0,NaN,NaN,NaN,24.0,NaN,NaN,NaN,24.0,8.0,NaN,0.0,6.0,NaN,NaN,NaN,24.0,8.1,NaN,0.0,6.0,100.0,NaN,0.0,6.0,0.6,NaN,0.0,6.0,NaN,NaN,NaN,24.0,87.0,NaN,0.0,6.0,NaN,NaN,NaN,24.0,2.1,NaN,0.0,6.0,3.5,NaN,0.0,6.0,4.0,NaN,0.0,6.0,NaN,NaN,NaN,24.0,NaN,NaN,NaN,24.0,20.9,NaN,0.0,6.0,6.3,NaN,0.0,6.0,NaN,NaN,NaN,24.0,10.9,NaN,0.0,6.0,NaN,NaN,NaN,24.0,450.0,NaN,0.0,6.0,34.0,0.0,1.0,0.0,-4.683333333333334,7.0,0.0,1.0,1.0,0.0,0.0,0.0,0.0,0.0,0.0,0.0,1.0,0.0,0.0,0.0,0.0,0.0,NaN,NaN,NaN,26.0,NaN,NaN,NaN
100.0,NaN,-1.0,0.0,97.0,NaN,-1.0,0.0,37.44,NaN,-0.040000000000001514,1.0,98.0,NaN,-2.0,0.0,74.0,NaN,-2.0,0.0,64.0,NaN,-1.0,0.0,17.0,NaN,-4.0,0.0,NaN,NaN,NaN,24.0,NaN,NaN,NaN,24.0,19.0,NaN,0.0,0.0,NaN,NaN,NaN,24.0,NaN,NaN,NaN,24.0,NaN,NaN,NaN,24.0,NaN,NaN,NaN,24.0,64.0,NaN,0.0,0.0,10.0,NaN,0.2857142857142857,0.0,133.0,NaN,0.0,0.0,8.0,NaN,-0.014285714285714235,0.0,103.0,NaN,0.42857142857142855,0.0,0.6,NaN,0.0,0.0,NaN,NaN,NaN,24.0,91.0,NaN,0.5714285714285714,0.0,0.9,NaN,0.0,0.0,2.0,NaN,-0.0142857142857143,0.0,3.4,NaN,-0.0142857142857143,0.0,4.2,NaN,0.0285714285714286,0.0,1.4,NaN,0.0,0.0,0.01,NaN,0.0,0.0,23.4,NaN,0.35714285714285715,0.0,6.9,NaN,0.08571428571428578,0.0,28.0,NaN,0.0,0.0,10.4,NaN,-0.07142857142857142,0.0,NaN,NaN,NaN,24.0,426.0,NaN,-3.4285714285714284,0.0,34.0,0.0,1.0,0.0,-4.683333333333334,8.0,0.0,0.0,1.0,0.0,0.0,0.0,1.0,0.0,0.0,0.0,1.0,0.0,0.0,0.0,0.0,0.0,NaN,NaN,NaN,26.0,NaN,NaN,NaN
102.0,NaN,2.0,0.0,99.0,NaN,2.0,0.0,37.44,NaN,-0.030000000000001137,2.0,98.0,NaN,-1.0,1.0,74.0,NaN,-1.0,1.0,64.0,NaN,-0.5,1.0,17.0,NaN,0.0,0.0,NaN,NaN,NaN,24.0,NaN,NaN,NaN,24.0,19.0,NaN,0.0,1.0,NaN,NaN,NaN,24.0,NaN,NaN,NaN,24.0,NaN,NaN,NaN,24.0,NaN,NaN,NaN,24.0,64.0,NaN,0.0,1.0,10.0,NaN,0.25,1.0,133.0,NaN,0.0,1.0,8.0,NaN,-0.012499999999999956,1.0,103.0,NaN,0.375,1.0,0.6,NaN,0.0,1.0,NaN,NaN,NaN,24.0,91.0,NaN,0.5,1.0,0.9,NaN,0.0,1.0,2.0,NaN,-0.012500000000000011,1.0,3.4,NaN,-0.012500000000000011,1.0,4.2,NaN,0.025000000000000022,1.0,1.4,NaN,0.0,1.0,0.01,NaN,0.0,1.0,23.4,NaN,0.3125,1.0,6.9,NaN,0.07500000000000007,1.0,28.0,NaN,0.0,1.0,10.4,NaN,-0.0625,1.0,NaN,NaN,NaN,24.0,426.0,NaN,-3.0,1.0,34.0,0.0,1.0,0.0,-4.683333333333334,9.0,0.0,0.0,1.0,0.0,0.0,0.0,0.0,0.0,0.0,0.0,1.0,0.0,0.0,0.0,0.0,0.0,NaN,NaN,NaN,26.0,NaN,NaN,NaN
93.0,NaN,-9.0,0.0,99.0,NaN,0.0,0.0,37.44,NaN,-0.02400000000000091,3.0,122.0,NaN,12.0,0.0,76.0,NaN,1.0,0.0,65.0,NaN,0.5,0.0,16.0,NaN,-1.0,0.0,NaN,NaN,NaN,24.0,NaN,NaN,NaN,24.0,19.0,NaN,0.0,2.0,NaN,NaN,NaN,24.0,NaN,NaN,NaN,24.0,NaN,NaN,NaN,24.0,NaN,NaN,NaN,24.0,64.0,NaN,0.0,2.0,10.0,NaN,0.2222222222222222,2.0,133.0,NaN,0.0,2.0,8.0,NaN,-0.011111111111111072,2.0,103.0,NaN,0.3333333333333333,2.0,0.6,NaN,0.0,2.0,NaN,NaN,NaN,24.0,91.0,NaN,0.4444444444444444,2.0,0.9,NaN,0.0,2.0,2.0,NaN,-0.01111111111111112,2.0,3.4,NaN,-0.01111111111111112,2.0,4.2,NaN,0.02222222222222224,2.0,1.4,NaN,0.0,2.0,0.01,NaN,0.0,2.0,23.4,NaN,0.2777777777777778,2.0,6.9,NaN,0.06666666666666672,2.0,28.0,NaN,0.0,2.0,10.4,NaN,-0.05555555555555555,2.0,NaN,NaN,NaN,24.0,426.0,NaN,-2.6666666666666665,2.0,34.0,0.0,1.0,0.0,-4.683333333333334,10.0,0.0,0.0,1.0,0.0,0.0,0.0,0.0,0.0,0.0,0.0,1.0,0.0,0.0,0.0,0.0,0.0,NaN,NaN,NaN,26.0,NaN,NaN,NaN
94.0,NaN,1.0,0.0,97.0,NaN,-2.0,0.0,37.39,NaN,-0.01249999999999929,0.0,109.0,NaN,-13.0,0.0,77.0,NaN,1.0,0.0,66.0,NaN,1.0,0.0,15.0,NaN,-1.0,0.0,NaN,NaN,NaN,24.0,NaN,NaN,NaN,24.0,19.0,NaN,0.0,3.0,NaN,NaN,NaN,24.0,NaN,NaN,NaN,24.0,NaN,NaN,NaN,24.0,NaN,NaN,NaN,24.0,64.0,NaN,0.0,3.0,10.0,NaN,0.2,3.0,133.0,NaN,0.0,3.0,8.0,NaN,-0.009999999999999964,3.0,103.0,NaN,0.3,3.0,0.6,NaN,0.0,3.0,NaN,NaN,NaN,24.0,91.0,NaN,0.4,3.0,0.9,NaN,0.0,3.0,2.0,NaN,-0.010000000000000009,3.0,3.4,NaN,-0.010000000000000009,3.0,4.2,NaN,0.020000000000000018,3.0,1.4,NaN,0.0,3.0,0.01,NaN,0.0,3.0,23.4,NaN,0.25,3.0,6.9,NaN,0.06000000000000005,3.0,28.0,NaN,0.0,3.0,10.4,NaN,-0.05,3.0,NaN,NaN,NaN,24.0,426.0,NaN,-2.4,3.0,34.0,0.0,1.0,0.0,-4.683333333333334,11.0,0.0,0.0,1.0,0.0,0.0,0.0,0.0,0.0,0.0,0.0,1.0,0.0,0.0,0.0,0.0,0.0,NaN,NaN,NaN,26.0,NaN,NaN,NaN
96.0,NaN,2.0,0.0,93.0,NaN,-4.0,0.0,37.61,NaN,0.21999999999999886,0.0,144.0,NaN,35.0,0.0,91.0,NaN,14.0,0.0,78.0,NaN,12.0,0.0,19.0,NaN,4.0,0.0,NaN,NaN,NaN,24.0,NaN,NaN,NaN,24.0,19.0,NaN,0.0,4.0,NaN,NaN,NaN,24.0,NaN,NaN,NaN,24.0,NaN,NaN,NaN,24.0,NaN,NaN,NaN,24.0,64.0,NaN,0.0,4.0,10.0,NaN,0.18181818181818182,4.0,133.0,NaN,0.0,4.0,8.0,NaN,-0.00909090909090906,4.0,103.0,NaN,0.2727272727272727,4.0,0.6,NaN,0.0,4.0,NaN,NaN,NaN,24.0,91.0,NaN,0.36363636363636365,4.0,0.9,NaN,0.0,4.0,2.0,NaN,-0.0090909090909091,4.0,3.4,NaN,-0.0090909090909091,4.0,4.2,NaN,0.0181818181818182,4.0,1.4,NaN,0.0,4.0,0.01,NaN,0.0,4.0,23.4,NaN,0.22727272727272727,4.0,6.9,NaN,0.05454545454545459,4.0,28.0,NaN,0.0,4.0,10.4,NaN,-0.045454545454545456,4.0,NaN,NaN,NaN,24.0,426.0,NaN,-2.1818181818181817,4.0,34.0,0.0,1.0,0.0,-4.683333333333334,12.0,0.0,0.0,1.0,0.0,0.0,0.0,0.0,0.0,0.0,0.0,1.0,0.0,0.0,0.0,0.0,0.0,NaN,NaN,NaN,26.0,NaN,NaN,NaN
90.0,NaN,-6.0,0.0,98.0,NaN,5.0,0.0,37.61,NaN,0.10999999999999943,1.0,113.0,NaN,-31.0,0.0,88.0,NaN,-3.0,0.0,78.0,NaN,0.0,0.0,18.0,NaN,-1.0,0.0,NaN,NaN,NaN,24.0,NaN,NaN,NaN,24.0,19.0,NaN,0.0,5.0,NaN,NaN,NaN,24.0,NaN,NaN,NaN,24.0,NaN,NaN,NaN,24.0,NaN,NaN,NaN,24.0,64.0,NaN,0.0,5.0,10.0,NaN,0.16666666666666666,5.0,133.0,NaN,0.0,5.0,8.0,NaN,-0.008333333333333304,5.0,103.0,NaN,0.25,5.0,0.6,NaN,0.0,5.0,NaN,NaN,NaN,24.0,91.0,NaN,0.3333333333333333,5.0,0.9,NaN,0.0,5.0,2.0,NaN,-0.00833333333333334,5.0,3.4,NaN,-0.00833333333333334,5.0,4.2,NaN,0.01666666666666668,5.0,1.4,NaN,0.0,5.0,0.01,NaN,0.0,5.0,23.4,NaN,0.20833333333333334,5.0,6.9,NaN,0.050000000000000044,5.0,28.0,NaN,0.0,5.0,10.4,NaN,-0.041666666666666664,5.0,NaN,NaN,NaN,24.0,426.0,NaN,-2.0,5.0,34.0,0.0,1.0,0.0,-4.683333333333334,13.0,0.0,0.0,0.0,0.0,0.0,0.0,0.0,0.0,0.0,0.0,1.0,0.0,0.0,0.0,0.0,0.0,NaN,NaN,NaN,26.0,NaN,NaN,NaN
90.0,NaN,-3.0,1.0,98.0,NaN,2.5,1.0,37.61,NaN,0.07333333333333296,2.0,113.0,NaN,-15.5,1.0,88.0,NaN,-1.5,1.0,78.0,NaN,0.0,1.0,18.0,NaN,-0.5,1.0,NaN,NaN,NaN,24.0,NaN,NaN,NaN,24.0,19.0,NaN,0.0,6.0,NaN,NaN,NaN,24.0,NaN,NaN,NaN,24.0,NaN,NaN,NaN,24.0,NaN,NaN,NaN,24.0,64.0,NaN,0.0,6.0,10.0,NaN,0.15384615384615385,6.0,133.0,NaN,0.0,6.0,8.0,NaN,-0.007692307692307665,6.0,103.0,NaN,0.23076923076923078,6.0,0.6,NaN,0.0,6.0,NaN,NaN,NaN,24.0,91.0,NaN,0.3076923076923077,6.0,0.9,NaN,0.0,6.0,2.0,NaN,-0.007692307692307699,6.0,3.4,NaN,-0.007692307692307699,6.0,4.2,NaN,0.015384615384615398,6.0,1.4,NaN,0.0,6.0,0.01,NaN,0.0,6.0,23.4,NaN,0.19230769230769232,6.0,6.9,NaN,0.0461538461538462,6.0,28.0,NaN,0.0,6.0,10.4,NaN,-0.038461538461538464,6.0,NaN,NaN,NaN,24.0,426.0,NaN,-1.8461538461538463,6.0,34.0,0.0,1.0,0.0,-4.683333333333334,14.0,0.0,0.0,0.0,0.0,0.0,0.0,0.0,0.0,0.0,0.0,1.0,0.0,0.0,0.0,0.0,0.0,NaN,NaN,NaN,26.0,NaN,NaN,NaN
