93.0,NaN,NaN,24.0,100.0,NaN,NaN,24.0,NaN,NaN,NaN,24.0,116.0,NaN,NaN,24.0,80.0,NaN,NaN,24.0,64.0,NaN,NaN,24.0,15.0,NaN,NaN,24.0,NaN,NaN,NaN,24.0,NaN,NaN,NaN,24.0,NaN,NaN,NaN,24.0,1.0,NaN,NaN,24.0,NaN,NaN,NaN,24.0,NaN,NaN,NaN,24.0,NaN,NaN,NaN,24.0,NaN,NaN,NaN,24.0,NaN,NaN,NaN,24.0,NaN,NaN,NaN,24.0,NaN,NaN,NaN,24.0,NaN,NaN,NaN,24.0,NaN,NaN,NaN,24.0,NaN,NaN,NaN,24.0,NaN,NaN,NaN,24.0,NaN,NaN,NaN,24.0,NaN,NaN,NaN,24.0,NaN,NaN,NaN,24.0,NaN,NaN,NaN,24.0,NaN,NaN,NaN,24.0,NaN,NaN,NaN,24.0,NaN,NaN,NaN,24.0,NaN,NaN,NaN,24.0,NaN,NaN,NaN,24.0,NaN,NaN,NaN,24.0,NaN,NaN,NaN,24.0,NaN,NaN,NaN,24.0,49.0,0.0,0.0,1.0,-13.94111111111111,1.0,0.0,0.0,1.0,0.0,3.0,0.0,0.0,0.0,0.0,0.0,0.0,0.0,1.0,1.0,0.0,0.0,3.0,5.0,4.0,1.0,NaN,NaN,NaN
95.0,NaN,2.0,0.0,100.0,NaN,0.0,0.0,37.0,NaN,0.0,0.0,147.0,NaN,31.0,0.0,106.0,NaN,26.0,0.0,81.0,NaN,17.0,0.0,14.0,NaN,-1.0,0.0,NaN,NaN,NaN,24.0,NaN,NaN,NaN,24.0,NaN,NaN,NaN,24.0,1.0,NaN,0.0,1.0,NaN,NaN,NaN,24.0,NaN,NaN,NaN,24.0,NaN,NaN,NaN,24.0,NaN,NaN,NaN,24.0,NaN,NaN,NaN,24.0,NaN,NaN,NaN,24.0,NaN,NaN,NaN,24.0,NaN,NaN,NaN,24.0,NaN,NaN,NaN,24.0,NaN,NaN,NaN,24.0,NaN,NaN,NaN,24.0,NaN,NaN,NaN,24.0,NaN,NaN,NaN,24.0,NaN,NaN,NaN,24.0,NaN,NaN,NaN,24.0,NaN,NaN,NaN,24.0,NaN,NaN,NaN,24.0,NaN,NaN,NaN,24.0,NaN,NaN,NaN,24.0,NaN,NaN,NaN,24.0,NaN,NaN,NaN,24.0,NaN,NaN,NaN,24.0,NaN,NaN,NaN,24.0,49.0,0.0,0.0,1.0,-13.94111111111111,2.0,0.0,0.0,1.0,0.0,0.0,0.0,0.0,0.0,0.0,0.0,1.0,1.0,1.0,1.0,0.0,0.0,3.0,5.0,4.0,1.0,NaN,NaN,NaN
93.0,NaN,-2.0,0.0,100.0,NaN,0.0,0.0,37.0,NaN,0.0,1.0,141.0,NaN,-6.0,0.0,93.5,NaN,-12.5,0.0,73.0,NaN,-8.0,0.0,14.0,NaN,0.0,0.0,NaN,NaN,NaN,24.0,NaN,NaN,NaN,24.0,NaN,NaN,NaN,24.0,1.0,NaN,0.0,2.0,NaN,NaN,NaN,24.0,NaN,NaN,NaN,24.0,NaN,NaN,NaN,24.0,NaN,NaN,NaN,24.0,NaN,NaN,NaN,24.0,NaN,NaN,NaN,24.0,NaN,NaN,NaN,24.0,NaN,NaN,NaN,24.0,NaN,NaN,NaN,24.0,NaN,NaN,NaN,24.0,NaN,NaN,NaN,24.0,NaN,NaN,NaN,24.0,NaN,NaN,NaN,24.0,NaN,NaN,NaN,24.0,NaN,NaN,NaN,24.0,NaN,NaN,NaN,24.0,NaN,NaN,NaN,24.0,NaN,NaN,NaN,24.0,NaN,NaN,NaN,24.0,NaN,NaN,NaN,24.0,NaN,NaN,NaN,24.0,NaN,NaN,NaN,24.0,NaN,NaN,NaN,24.0,49.0,0.0,0.0,1.0,-13.94111111111111,3.0,0.0,0.0,1.0,0.0,0.0,0.0,0.0,0.0,0.0,0.0,1.0,1.0,1.0,1.0,0.0,0.0,3.0,5.0,4.0,1.0,NaN,NaN,NaN
109.0,NaN,16.0,0.0,100.0,NaN,0.0,0.0,36.94,NaN,-0.030000000000001137,0.0,146.0,NaN,5.0,0.0,108.0,NaN,14.5,0.0,83.0,NaN,10.0,0.0,21.5,NaN,7.5,0.0,NaN,NaN,NaN,24.0,-8.0,NaN,0.0,0.0,16.0,NaN,0.0,0.0,1.0,NaN,0.0,0.0,7.27,NaN,0.0,0.0,37.0,NaN,0.0,0.0,NaN,NaN,NaN,24.0,NaN,NaN,NaN,24.0,12.0,NaN,0.0,0.0,NaN,NaN,NaN,24.0,9.1,NaN,0.0,0.0,107.0,NaN,0.0,0.0,1.0,NaN,0.0,0.0,NaN,NaN,NaN,24.0,209.0,NaN,0.0,0.0,5.6,NaN,0.0,0.0,1.7,NaN,0.0,0.0,4.1,NaN,0.0,0.0,3.6,NaN,0.0,0.0,NaN,NaN,NaN,24.0,NaN,NaN,NaN,24.0,35.5,NaN,0.0,0.0,12.5,NaN,0.0,0.0,19.7,NaN,0.0,0.0,14.5,NaN,0.0,0.0,NaN,NaN,NaN,24.0,279.0,NaN,0.0,0.0,49.0,0.0,0.0,1.0,-13.94111111111111,4.0,0.0,1.0,1.0,1.0,3.0,0.0,0.0,0.0,1.0,0.0,1.0,1.0,1.0,1.0,0.0,0.0,3.0,5.0,4.0,1.0,NaN,NaN,NaN
107.0,NaN,-2.0,0.0,100.0,NaN,0.0,0.0,36.94,NaN,-0.020000000000000757,1.0,150.0,NaN,4.0,0.0,104.0,NaN,-4.0,0.0,81.0,NaN,-2.0,0.0,15.0,NaN,-6.5,0.0,NaN,NaN,NaN,24.0,-8.0,NaN,0.0,1.0,16.0,NaN,0.0,1.0,0.4,NaN,-0.6,0.0,7.27,NaN,0.0,1.0,37.0,NaN,0.0,1.0,NaN,NaN,NaN,24.0,NaN,NaN,NaN,24.0,12.0,NaN,0.0,1.0,NaN,NaN,NaN,24.0,9.1,NaN,0.0,1.0,107.0,NaN,0.0,1.0,1.0,NaN,0.0,1.0,NaN,NaN,NaN,24.0,209.0,NaN,0.0,1.0,5.6,NaN,0.0,1.0,1.7,NaN,0.0,1.0,4.1,NaN,0.0,1.0,3.6,NaN,0.0,1.0,NaN,NaN,NaN,24.0,NaN,NaN,NaN,24.0,35.5,NaN,0.0,1.0,12.5,NaN,0.0,1.0,19.7,NaN,0.0,1.0,14.5,NaN,0.0,1.0,NaN,NaN,NaN,24.0,279.0,NaN,0.0,1.0,49.0,0.0,0.0,1.0,-13.94111111111111,5.0,0.0,0.0,1.0,1.0,1.0,0.0,0.0,0.0,0.0,0.0,0.0,1.0,1.0,1.0,0.0,0.0,3.0,5.0,4.0,1.0,NaN,NaN,NaN
103.0,NaN,-4.0,0.0,100.0,NaN,0.0,0.0,36.94,NaN,-0.015000000000000568,2.0,139.0,NaN,-11.0,0.0,97.0,NaN,-7.0,0.0,74.0,NaN,-7.0,0.0,12.0,NaN,-3.0,0.0,NaN,NaN,NaN,24.0,NaN,NaN,NaN,0.0,16.0,NaN,0.0,2.0,0.4,NaN,0.0,0.0,7.26,NaN,-0.004999999999999893,0.0,30.0,NaN,-3.5,0.0,NaN,NaN,NaN,24.0,NaN,NaN,NaN,24.0,12.0,NaN,0.0,2.0,NaN,NaN,NaN,24.0,9.1,NaN,0.0,2.0,107.0,NaN,0.0,2.0,1.0,NaN,0.0,2.0,NaN,NaN,NaN,24.0,209.0,NaN,0.0,2.0,5.6,NaN,0.0,2.0,1.7,NaN,0.0,2.0,4.1,NaN,0.0,2.0,3.6,NaN,0.0,2.0,NaN,NaN,NaN,24.0,NaN,NaN,NaN,24.0,35.5,NaN,0.0,2.0,12.5,NaN,0.0,2.0,19.7,NaN,0.0,2.0,14.5,NaN,0.0,2.0,NaN,NaN,NaN,24.0,279.0,NaN,0.0,2.0,49.0,0.0,0.0,1.0,-13.94111111111111,6.0,0.0,0.0,1.0,1.0,1.0,0.0,0.0,0.0,0.0,0.0,0.0,1.0,1.0,1.0,0.0,0.0,3.0,5.0,4.0,1.0,NaN,NaN,NaN
98.0,NaN,-5.0,0.0,99.0,NaN,-1.0,0.0,36.94,NaN,-0.012000000000000455,3.0,133.0,NaN,-6.0,0.0,87.0,NaN,-10.0,0.0,67.0,NaN,-7.0,0.0,14.0,NaN,2.0,0.0,NaN,NaN,NaN,24.0,NaN,NaN,NaN,1.0,16.0,NaN,0.0,3.0,0.4,NaN,0.0,1.0,7.26,NaN,-0.0033333333333332624,1.0,30.0,NaN,-2.3333333333333335,1.0,NaN,NaN,NaN,24.0,NaN,NaN,NaN,24.0,12.0,NaN,0.0,3.0,NaN,NaN,NaN,24.0,9.1,NaN,0.0,3.0,107.0,NaN,0.0,3.0,1.0,NaN,0.0,3.0,NaN,NaN,NaN,24.0,209.0,NaN,0.0,3.0,5.6,NaN,0.0,3.0,1.7,NaN,0.0,3.0,4.1,NaN,0.0,3.0,3.6,NaN,0.0,3.0,NaN,NaN,NaN,24.0,NaN,NaN,NaN,24.0,35.5,NaN,0.0,3.0,12.5,NaN,0.0,3.0,19.7,NaN,0.0,3.0,14.5,NaN,0.0,3.0,NaN,NaN,NaN,24.0,279.0,NaN,0.0,3.0,49.0,0.0,0.0,1.0,-13.94111111111111,7.0,0.0,0.0,1.0,1.0,0.0,0.0,0.0,0.0,0.0,0.0,1.0,1.0,1.0,1.0,0.0,0.0,3.0,5.0,4.0,1.0,NaN,NaN,NaN
97.0,NaN,-1.0,0.0,100.0,NaN,1.0,0.0,37.39,NaN,0.11250000000000071,0.0,124.0,NaN,-9.0,0.0,88.0,NaN,1.0,0.0,69.0,NaN,2.0,0.0,14.0,NaN,0.0,0.0,NaN,NaN,NaN,24.0,-10.0,NaN,NaN,0.0,16.0,NaN,0.0,4.0,0.4,NaN,0.0,0.0,7.3,NaN,0.020000000000000018,0.0,28.0,NaN,-1.0,0.0,NaN,NaN,NaN,24.0,NaN,NaN,NaN,24.0,12.0,NaN,0.0,4.0,NaN,NaN,NaN,24.0,9.1,NaN,0.0,4.0,107.0,NaN,0.0,4.0,1.0,NaN,0.0,4.0,NaN,NaN,NaN,24.0,209.0,NaN,0.0,4.0,5.7,NaN,0.025000000000000133,0.0,1.7,NaN,0.0,4.0,4.1,NaN,0.0,4.0,3.6,NaN,0.0,4.0,NaN,NaN,NaN,24.0,NaN,NaN,NaN,24.0,35.5,NaN,0.0,4.0,12.5,NaN,0.0,4.0,19.7,NaN,0.0,4.0,14.5,NaN,0.0,4.0,NaN,NaN,NaN,24.0,279.0,NaN,0.0,4.0,49.0,0.0,0.0,1.0,-13.94111111111111,8.0,0.0,0.0,1.0,1.0,1.0,0.0,0.0,0.0,1.0,0.0,1.0,1.0,1.0,1.0,0.0,0.0,3.0,5.0,4.0,1.0,NaN,NaN,NaN
104.0,NaN,7.0,0.0,98.0,NaN,-2.0,0.0,37.39,NaN,0.09000000000000057,1.0,142.0,NaN,18.0,0.0,94.0,NaN,6.0,0.0,72.0,NaN,3.0,0.0,14.0,NaN,0.0,0.0,NaN,NaN,NaN,24.0,-10.0,NaN,NaN,1.0,16.0,NaN,0.0,5.0,0.4,NaN,0.0,1.0,7.3,NaN,0.013333333333333345,1.0,28.0,NaN,-0.6666666666666666,1.0,NaN,NaN,NaN,24.0,NaN,NaN,NaN,24.0,12.0,NaN,0.0,5.0,NaN,NaN,NaN,24.0,9.1,NaN,0.0,5.0,107.0,NaN,0.0,5.0,1.0,NaN,0.0,5.0,NaN,NaN,NaN,24.0,209.0,NaN,0.0,5.0,5.7,NaN,0.020000000000000108,1.0,1.7,NaN,0.0,5.0,4.1,NaN,0.0,5.0,3.6,NaN,0.0,5.0,NaN,NaN,NaN,24.0,NaN,NaN,NaN,24.0,35.5,NaN,0.0,5.0,12.5,NaN,0.0,5.0,19.7,NaN,0.0,5.0,14.5,NaN,0.0,5.0,NaN,NaN,NaN,24.0,279.0,NaN,0.0,5.0,49.0,0.0,0.0,1.0,-13.94111111111111,9.0,0.0,0.0,1.0,1.0,0.0,0.0,0.0,0.0,0.0,0.0,1.0,1.0,1.0,1.0,0.0,0.0,3.0,5.0,4.0,1.0,NaN,NaN,NaN
