60.5,NaN,NaN,24.0,99.5,NaN,NaN,24.0,36.0,NaN,NaN,24.0,114.0,NaN,NaN,24.0,74.6666666666667,NaN,NaN,24.0,52.0,NaN,NaN,24.0,14.5,NaN,NaN,24.0,NaN,NaN,NaN,24.0,NaN,NaN,NaN,24.0,NaN,NaN,NaN,24.0,NaN,NaN,NaN,24.0,NaN,NaN,NaN,24.0,NaN,NaN,NaN,24.0,NaN,NaN,NaN,24.0,NaN,NaN,NaN,24.0,NaN,NaN,NaN,24.0,NaN,NaN,NaN,24.0,NaN,NaN,NaN,24.0,NaN,NaN,NaN,24.0,NaN,NaN,NaN,24.0,NaN,NaN,NaN,24.0,NaN,NaN,NaN,24.0,NaN,NaN,NaN,24.0,NaN,NaN,NaN,24.0,NaN,NaN,NaN,24.0,NaN,NaN,NaN,24.0,NaN,NaN,NaN,24.0,NaN,NaN,NaN,24.0,NaN,NaN,NaN,24.0,NaN,NaN,NaN,24.0,NaN,NaN,NaN,24.0,NaN,NaN,NaN,24.0,NaN,NaN,NaN,24.0,NaN,NaN,NaN,24.0,69.0,0.0,0.0,1.0,0.0,1.0,0.0,0.0,0.0,0.0,0.0,0.0,0.0,0.0,0.0,0.0,1.0,0.0,0.0,NaN,0.0,0.0,NaN,NaN,NaN,NaN,NaN,NaN,NaN
58.0,NaN,-2.5,0.0,93.0,NaN,-6.5,0.0,36.0,NaN,0.0,1.0,90.0,NaN,-24.0,0.0,64.0,NaN,-10.6666666666667,0.0,42.0,NaN,-10.0,0.0,13.0,NaN,-1.5,0.0,NaN,NaN,NaN,24.0,NaN,NaN,NaN,24.0,NaN,NaN,NaN,24.0,NaN,NaN,NaN,24.0,NaN,NaN,NaN,24.0,NaN,NaN,NaN,24.0,NaN,NaN,NaN,24.0,NaN,NaN,NaN,24.0,NaN,NaN,NaN,24.0,NaN,NaN,NaN,24.0,NaN,NaN,NaN,24.0,NaN,NaN,NaN,24.0,NaN,NaN,NaN,24.0,NaN,NaN,NaN,24.0,NaN,NaN,NaN,24.0,NaN,NaN,NaN,24.0,NaN,NaN,NaN,24.0,NaN,NaN,NaN,24.0,NaN,NaN,NaN,24.0,NaN,NaN,NaN,24.0,NaN,NaN,NaN,24.0,NaN,NaN,NaN,24.0,NaN,NaN,NaN,24.0,NaN,NaN,NaN,24.0,NaN,NaN,NaN,24.0,NaN,NaN,NaN,24.0,NaN,NaN,NaN,24.0,69.0,0.0,0.0,1.0,0.0,2.0,0.0,0.0,0.0,0.0,0.0,0.0,0.0,1.0,0.0,0.0,1.0,0.0,0.0,NaN,0.0,0.0,NaN,NaN,NaN,NaN,NaN,NaN,NaN
58.5,NaN,0.5,0.0,96.5,NaN,3.5,0.0,36.0,NaN,0.0,2.0,86.0,NaN,-4.0,0.0,64.5,NaN,0.5,0.0,41.5,NaN,-0.5,0.0,13.5,NaN,0.5,0.0,NaN,NaN,NaN,24.0,NaN,NaN,NaN,24.0,NaN,NaN,NaN,24.0,NaN,NaN,NaN,24.0,NaN,NaN,NaN,24.0,NaN,NaN,NaN,24.0,NaN,NaN,NaN,24.0,NaN,NaN,NaN,24.0,NaN,NaN,NaN,24.0,NaN,NaN,NaN,24.0,NaN,NaN,NaN,24.0,NaN,NaN,NaN,24.0,NaN,NaN,NaN,24.0,NaN,NaN,NaN,24.0,NaN,NaN,NaN,24.0,NaN,NaN,NaN,24.0,NaN,NaN,NaN,24.0,NaN,NaN,NaN,24.0,NaN,NaN,NaN,24.0,NaN,NaN,NaN,24.0,NaN,NaN,NaN,24.0,NaN,NaN,NaN,24.0,NaN,NaN,NaN,24.0,NaN,NaN,NaN,24.0,NaN,NaN,NaN,24.0,NaN,NaN,NaN,24.0,NaN,NaN,NaN,24.0,69.0,0.0,0.0,1.0,0.0,3.0,0.0,0.0,0.0,0.0,0.0,0.0,0.0,1.0,0.0,0.0,1.0,0.0,0.0,NaN,0.0,0.0,NaN,NaN,NaN,NaN,NaN,NaN,NaN
60.0,NaN,1.5,0.0,99.0,NaN,2.5,0.0,36.0,NaN,0.0,3.0,83.0,NaN,-3.0,0.0,60.5,NaN,-4.0,0.0,38.0,NaN,-3.5,0.0,13.0,NaN,-0.5,0.0,NaN,NaN,NaN,24.0,NaN,NaN,NaN,24.0,21.0,NaN,0.0,0.0,NaN,NaN,NaN,24.0,NaN,NaN,NaN,24.0,NaN,NaN,NaN,24.0,NaN,NaN,NaN,24.0,NaN,NaN,NaN,24.0,8.0,NaN,0.0,0.0,NaN,NaN,NaN,24.0,7.9,NaN,0.0,0.0,106.0,NaN,0.0,0.0,0.6,NaN,0.0,0.0,NaN,NaN,NaN,24.0,95.0,NaN,0.0,0.0,NaN,NaN,NaN,24.0,1.9,NaN,0.0,0.0,3.3,NaN,0.0,0.0,3.8,NaN,0.0,0.0,NaN,NaN,NaN,24.0,NaN,NaN,NaN,24.0,32.2,NaN,0.0,0.0,11.3,NaN,0.0,0.0,150.0,NaN,0.0,0.0,7.5,NaN,0.0,0.0,NaN,NaN,NaN,24.0,227.0,NaN,0.0,0.0,69.0,0.0,0.0,1.0,0.0,4.0,0.0,0.0,0.0,0.0,0.0,0.0,0.0,1.0,0.0,0.0,1.0,0.0,0.0,NaN,0.0,0.0,NaN,NaN,NaN,NaN,NaN,NaN,NaN
66.0,NaN,6.0,0.0,94.5,NaN,-4.5,0.0,36.0,NaN,0.0,4.0,101.5,NaN,18.5,0.0,69.75,NaN,9.25,0.0,45.5,NaN,7.5,0.0,14.0,NaN,1.0,0.0,NaN,NaN,NaN,24.0,NaN,NaN,NaN,24.0,21.0,NaN,0.0,1.0,NaN,NaN,NaN,24.0,NaN,NaN,NaN,24.0,NaN,NaN,NaN,24.0,NaN,NaN,NaN,24.0,NaN,NaN,NaN,24.0,8.0,NaN,0.0,1.0,NaN,NaN,NaN,24.0,7.9,NaN,0.0,1.0,106.0,NaN,0.0,1.0,0.6,NaN,0.0,1.0,NaN,NaN,NaN,24.0,95.0,NaN,0.0,1.0,NaN,NaN,NaN,24.0,1.9,NaN,0.0,1.0,3.3,NaN,0.0,1.0,3.8,NaN,0.0,1.0,NaN,NaN,NaN,24.0,NaN,NaN,NaN,24.0,32.2,NaN,0.0,1.0,11.3,NaN,0.0,1.0,150.0,NaN,0.0,1.0,7.5,NaN,0.0,1.0,NaN,NaN,NaN,24.0,227.0,NaN,0.0,1.0,69.0,0.0,0.0,1.0,0.0,5.0,0.0,0.0,0.0,0.0,0.0,0.0,0.0,0.0,0.0,0.0,1.0,0.0,0.0,NaN,0.0,0.0,NaN,NaN,NaN,NaN,NaN,NaN,NaN
70.0,NaN,4.0,0.0,95.0,NaN,0.5,0.0,36.0,NaN,0.0,5.0,99.0,NaN,-2.5,0.0,63.5,NaN,-6.25,0.0,44.0,NaN,-1.5,0.0,18.0,NaN,4.0,0.0,NaN,NaN,NaN,24.0,NaN,NaN,NaN,24.0,21.0,NaN,0.0,2.0,NaN,NaN,NaN,24.0,NaN,NaN,NaN,24.0,NaN,NaN,NaN,24.0,NaN,NaN,NaN,24.0,NaN,NaN,NaN,24.0,8.0,NaN,0.0,2.0,NaN,NaN,NaN,24.0,7.9,NaN,0.0,2.0,106.0,NaN,0.0,2.0,0.6,NaN,0.0,2.0,NaN,NaN,NaN,24.0,95.0,NaN,0.0,2.0,NaN,NaN,NaN,24.0,1.9,NaN,0.0,2.0,3.3,NaN,0.0,2.0,3.8,NaN,0.0,2.0,NaN,NaN,NaN,24.0,NaN,NaN,NaN,24.0,32.2,NaN,0.0,2.0,11.3,NaN,0.0,2.0,150.0,NaN,0.0,2.0,7.5,NaN,0.0,2.0,NaN,NaN,NaN,24.0,227.0,NaN,0.0,2.0,69.0,0.0,0.0,1.0,0.0,6.0,0.0,0.0,0.0,0.0,0.0,0.0,0.0,1.0,0.0,0.0,1.0,0.0,0.0,NaN,0.0,0.0,NaN,NaN,NaN,NaN,NaN,NaN,NaN
70.0,NaN,2.0,1.0,95.0,NaN,0.25,1.0,36.0,NaN,0.0,6.0,92.0,NaN,-7.0,0.0,59.0,NaN,-4.5,0.0,40.0,NaN,-4.0,0.0,14.0,NaN,-4.0,0.0,NaN,NaN,NaN,24.0,NaN,NaN,NaN,24.0,21.0,NaN,0.0,3.0,NaN,NaN,NaN,24.0,NaN,NaN,NaN,24.0,NaN,NaN,NaN,24.0,NaN,NaN,NaN,24.0,NaN,NaN,NaN,24.0,8.0,NaN,0.0,3.0,NaN,NaN,NaN,24.0,7.9,NaN,0.0,3.0,106.0,NaN,0.0,3.0,0.6,NaN,0.0,3.0,NaN,NaN,NaN,24.0,95.0,NaN,0.0,3.0,NaN,NaN,NaN,24.0,1.9,NaN,0.0,3.0,3.3,NaN,0.0,3.0,3.8,NaN,0.0,3.0,NaN,NaN,NaN,24.0,NaN,NaN,NaN,24.0,32.2,NaN,0.0,3.0,11.3,NaN,0.0,3.0,150.0,NaN,0.0,3.0,7.5,NaN,0.0,3.0,NaN,NaN,NaN,24.0,227.0,NaN,0.0,3.0,69.0,0.0,0.0,1.0,0.0,7.0,0.0,0.0,0.0,0.0,0.0,0.0,0.0,1.0,0.0,0.0,1.0,0.0,0.0,NaN,0.0,0.0,NaN,NaN,NaN,NaN,NaN,NaN,NaN
70.0,NaN,1.3333333333333333,2.0,95.0,NaN,0.16666666666666666,2.0,36.0,NaN,0.0,7.0,106.0,NaN,14.0,0.0,72.0,NaN,13.0,0.0,53.0,NaN,13.0,0.0,18.0,NaN,4.0,0.0,NaN,NaN,NaN,24.0,NaN,NaN,NaN,24.0,21.0,NaN,0.0,4.0,NaN,NaN,NaN,24.0,NaN,NaN,NaN,24.0,NaN,NaN,NaN,24.0,NaN,NaN,NaN,24.0,NaN,NaN,NaN,24.0,8.0,NaN,0.0,4.0,NaN,NaN,NaN,24.0,7.9,NaN,0.0,4.0,106.0,NaN,0.0,4.0,0.6,NaN,0.0,4.0,NaN,NaN,NaN,24.0,95.0,NaN,0.0,4.0,NaN,NaN,NaN,24.0,1.9,NaN,0.0,4.0,3.3,NaN,0.0,4.0,3.8,NaN,0.0,4.0,NaN,NaN,NaN,24.0,NaN,NaN,NaN,24.0,32.2,NaN,0.0,4.0,11.3,NaN,0.0,4.0,150.0,NaN,0.0,4.0,7.5,NaN,0.0,4.0,NaN,NaN,NaN,24.0,227.0,NaN,0.0,4.0,69.0,0.0,0.0,1.0,0.0,8.0,0.0,0.0,0.0,0.0,0.0,0.0,0.0,0.0,0.0,0.0,1.0,0.0,0.0,NaN,0.0,0.0,NaN,NaN,NaN,NaN,NaN,NaN,NaN
74.0,NaN,1.3333333333333333,0.0,95.0,NaN,0.0,0.0,36.0,NaN,0.0,8.0,76.0,NaN,-30.0,0.0,56.0,NaN,-16.0,0.0,43.0,NaN,-10.0,0.0,19.0,NaN,1.0,0.0,NaN,NaN,NaN,24.0,NaN,NaN,NaN,24.0,21.0,NaN,0.0,5.0,NaN,NaN,NaN,24.0,NaN,NaN,NaN,24.0,NaN,NaN,NaN,24.0,NaN,NaN,NaN,24.0,NaN,NaN,NaN,24.0,8.0,NaN,0.0,5.0,NaN,NaN,NaN,24.0,7.9,NaN,0.0,5.0,106.0,NaN,0.0,5.0,0.6,NaN,0.0,5.0,NaN,NaN,NaN,24.0,95.0,NaN,0.0,5.0,NaN,NaN,NaN,24.0,1.9,NaN,0.0,5.0,3.3,NaN,0.0,5.0,3.8,NaN,0.0,5.0,NaN,NaN,NaN,24.0,NaN,NaN,NaN,24.0,32.2,NaN,0.0,5.0,11.3,NaN,0.0,5.0,150.0,NaN,0.0,5.0,7.5,NaN,0.0,5.0,NaN,NaN,NaN,24.0,227.0,NaN,0.0,5.0,69.0,0.0,0.0,1.0,0.0,9.0,0.0,0.0,0.0,0.0,0.0,0.0,0.0,1.0,0.0,0.0,1.0,0.0,0.0,NaN,0.0,0.0,NaN,NaN,NaN,NaN,NaN,NaN,NaN
71.0,NaN,-3.0,0.0,93.0,NaN,-2.0,0.0,37.06,NaN,0.11777777777777804,0.0,108.0,NaN,32.0,0.0,74.0,NaN,18.0,0.0,54.0,NaN,11.0,0.0,15.0,NaN,-4.0,0.0,NaN,NaN,NaN,24.0,NaN,NaN,NaN,24.0,21.0,NaN,0.0,6.0,NaN,NaN,NaN,24.0,NaN,NaN,NaN,24.0,NaN,NaN,NaN,24.0,NaN,NaN,NaN,24.0,NaN,NaN,NaN,24.0,8.0,NaN,0.0,6.0,NaN,NaN,NaN,24.0,7.9,NaN,0.0,6.0,106.0,NaN,0.0,6.0,0.6,NaN,0.0,6.0,NaN,NaN,NaN,24.0,95.0,NaN,0.0,6.0,NaN,NaN,NaN,24.0,1.9,NaN,0.0,6.0,3.3,NaN,0.0,6.0,3.8,NaN,0.0,6.0,NaN,NaN,NaN,24.0,NaN,NaN,NaN,24.0,32.2,NaN,0.0,6.0,11.3,NaN,0.0,6.0,61.0,NaN,-14.833333333333334,0.0,7.5,NaN,0.0,6.0,NaN,NaN,NaN,24.0,227.0,NaN,0.0,6.0,69.0,0.0,0.0,1.0,0.0,10.0,0.0,0.0,0.0,0.0,0.0,0.0,0.0,0.0,0.0,0.0,1.0,0.0,0.0,NaN,0.0,0.0,NaN,NaN,NaN,NaN,NaN,NaN,NaN
68.0,NaN,-3.0,0.0,92.0,NaN,-1.0,0.0,37.06,NaN,0.10600000000000023,1.0,118.0,NaN,10.0,0.0,79.0,NaN,5.0,0.0,57.0,NaN,3.0,0.0,13.0,NaN,-2.0,0.0,NaN,NaN,NaN,24.0,NaN,NaN,NaN,24.0,21.0,NaN,0.0,7.0,NaN,NaN,NaN,24.0,NaN,NaN,NaN,24.0,NaN,NaN,NaN,24.0,NaN,NaN,NaN,24.0,NaN,NaN,NaN,24.0,8.0,NaN,0.0,7.0,NaN,NaN,NaN,24.0,7.9,NaN,0.0,7.0,106.0,NaN,0.0,7.0,0.6,NaN,0.0,7.0,NaN,NaN,NaN,24.0,95.0,NaN,0.0,7.0,NaN,NaN,NaN,24.0,1.9,NaN,0.0,7.0,3.3,NaN,0.0,7.0,3.8,NaN,0.0,7.0,NaN,NaN,NaN,24.0,NaN,NaN,NaN,24.0,32.2,NaN,0.0,7.0,11.3,NaN,0.0,7.0,61.0,NaN,-12.714285714285714,1.0,7.5,NaN,0.0,7.0,NaN,NaN,NaN,24.0,227.0,NaN,0.0,7.0,69.0,0.0,0.0,1.0,0.0,11.0,0.0,0.0,0.0,0.0,0.0,0.0,0.0,0.0,0.0,0.0,1.0,0.0,0.0,NaN,0.0,0.0,NaN,NaN,NaN,NaN,NaN,NaN,NaN
76.0,NaN,8.0,0.0,95.0,NaN,3.0,0.0,37.06,NaN,0.09636363636363657,2.0,119.0,NaN,1.0,0.0,80.0,NaN,1.0,0.0,55.0,NaN,-2.0,0.0,22.0,NaN,9.0,0.0,NaN,NaN,NaN,24.0,NaN,NaN,NaN,24.0,21.0,NaN,0.0,8.0,NaN,NaN,NaN,24.0,NaN,NaN,NaN,24.0,NaN,NaN,NaN,24.0,NaN,NaN,NaN,24.0,NaN,NaN,NaN,24.0,8.0,NaN,0.0,8.0,NaN,NaN,NaN,24.0,7.9,NaN,0.0,8.0,106.0,NaN,0.0,8.0,0.6,NaN,0.0,8.0,NaN,NaN,NaN,24.0,95.0,NaN,0.0,8.0,NaN,NaN,NaN,24.0,1.9,NaN,0.0,8.0,3.3,NaN,0.0,8.0,3.8,NaN,0.0,8.0,NaN,NaN,NaN,24.0,NaN,NaN,NaN,24.0,32.2,NaN,0.0,8.0,11.3,NaN,0.0,8.0,61.0,NaN,-11.125,2.0,7.5,NaN,0.0,8.0,NaN,NaN,NaN,24.0,227.0,NaN,0.0,8.0,69.0,0.0,0.0,1.0,0.0,12.0,0.0,1.0,0.0,0.0,0.0,0.0,0.0,0.0,0.0,0.0,1.0,0.0,0.0,NaN,0.0,0.0,NaN,NaN,NaN,NaN,NaN,NaN,NaN
80.0,NaN,4.0,0.0,93.0,NaN,-2.0,0.0,37.06,NaN,0.08833333333333353,3.0,130.5,NaN,11.5,0.0,87.0,NaN,7.0,0.0,58.5,NaN,3.5,0.0,18.0,NaN,-4.0,0.0,NaN,NaN,NaN,24.0,NaN,NaN,NaN,24.0,21.0,NaN,0.0,9.0,NaN,NaN,NaN,24.0,NaN,NaN,NaN,24.0,NaN,NaN,NaN,24.0,NaN,NaN,NaN,24.0,NaN,NaN,NaN,24.0,8.0,NaN,0.0,9.0,NaN,NaN,NaN,24.0,7.9,NaN,0.0,9.0,106.0,NaN,0.0,9.0,0.6,NaN,0.0,9.0,NaN,NaN,NaN,24.0,95.0,NaN,0.0,9.0,NaN,NaN,NaN,24.0,1.9,NaN,0.0,9.0,3.3,NaN,0.0,9.0,3.8,NaN,0.0,9.0,NaN,NaN,NaN,24.0,NaN,NaN,NaN,24.0,32.2,NaN,0.0,9.0,11.3,NaN,0.0,9.0,61.0,NaN,-9.88888888888889,3.0,7.5,NaN,0.0,9.0,NaN,NaN,NaN,24.0,227.0,NaN,0.0,9.0,69.0,0.0,0.0,1.0,0.0,13.0,0.0,0.0,0.0,0.0,0.0,0.0,0.0,0.0,0.0,0.0,1.0,0.0,0.0,NaN,0.0,0.0,NaN,NaN,NaN,NaN,NaN,NaN,NaN
