NaN,NaN,NaN,24.0,NaN,NaN,NaN,24.0,NaN,NaN,NaN,24.0,NaN,NaN,NaN,24.0,NaN,NaN,NaN,24.0,NaN,NaN,NaN,24.0,NaN,NaN,NaN,24.0,NaN,NaN,NaN,24.0,NaN,NaN,NaN,24.0,NaN,NaN,NaN,24.0,NaN,NaN,NaN,24.0,NaN,NaN,NaN,24.0,NaN,NaN,NaN,24.0,NaN,NaN,NaN,24.0,NaN,NaN,NaN,24.0,NaN,NaN,NaN,24.0,NaN,NaN,NaN,24.0,NaN,NaN,NaN,24.0,NaN,NaN,NaN,24.0,NaN,NaN,NaN,24.0,NaN,NaN,NaN,24.0,NaN,NaN,NaN,24.0,NaN,NaN,NaN,24.0,NaN,NaN,NaN,24.0,NaN,NaN,NaN,24.0,NaN,NaN,NaN,24.0,NaN,NaN,NaN,24.0,NaN,NaN,NaN,24.0,NaN,NaN,NaN,24.0,NaN,NaN,NaN,24.0,NaN,NaN,NaN,24.0,NaN,NaN,NaN,24.0,NaN,NaN,NaN,24.0,NaN,NaN,NaN,24.0,66.0,1.0,1.0,0.0,-8.405555555555555,1.0,0.0,0.0,0.0,0.0,0.0,0.0,0.0,0.0,0.0,0.0,1.0,0.0,0.0,NaN,0.0,0.0,NaN,NaN,NaN,NaN,NaN,NaN,NaN
NaN,NaN,NaN,24.0,NaN,NaN,NaN,24.0,NaN,NaN,NaN,24.0,NaN,NaN,NaN,24.0,NaN,NaN,NaN,24.0,NaN,NaN,NaN,24.0,NaN,NaN,NaN,24.0,NaN,NaN,NaN,24.0,NaN,NaN,NaN,24.0,NaN,NaN,NaN,24.0,NaN,NaN,NaN,24.0,NaN,NaN,NaN,24.0,NaN,NaN,NaN,24.0,NaN,NaN,NaN,24.0,NaN,NaN,NaN,24.0,NaN,NaN,NaN,24.0,NaN,NaN,NaN,24.0,NaN,NaN,NaN,24.0,NaN,NaN,NaN,24.0,NaN,NaN,NaN,24.0,NaN,NaN,NaN,24.0,NaN,NaN,NaN,24.0,NaN,NaN,NaN,24.0,NaN,NaN,NaN,24.0,NaN,NaN,NaN,24.0,NaN,NaN,NaN,24.0,NaN,NaN,NaN,24.0,NaN,NaN,NaN,24.0,NaN,NaN,NaN,24.0,NaN,NaN,NaN,24.0,NaN,NaN,NaN,24.0,NaN,NaN,NaN,24.0,NaN,NaN,NaN,24.0,NaN,NaN,NaN,24.0,66.0,1.0,1.0,0.0,-8.405555555555555,2.0,0.0,0.0,0.0,0.0,0.0,0.0,0.0,0.0,0.0,0.0,1.0,0.0,0.0,NaN,0.0,0.0,NaN,NaN,NaN,NaN,NaN,NaN,NaN
73.0,NaN,0.0,0.0,92.0,NaN,0.0,0.0,37.0,NaN,0.0,0.0,127.0,NaN,0.0,0.0,87.0,NaN,0.0,0.0,71.0,NaN,0.0,0.0,18.0,NaN,0.0,0.0,NaN,NaN,NaN,24.0,NaN,NaN,NaN,24.0,NaN,NaN,NaN,24.0,NaN,NaN,NaN,24.0,NaN,NaN,NaN,24.0,NaN,NaN,NaN,24.0,NaN,NaN,NaN,24.0,NaN,NaN,NaN,24.0,NaN,NaN,NaN,24.0,NaN,NaN,NaN,24.0,NaN,NaN,NaN,24.0,NaN,NaN,NaN,24.0,NaN,NaN,NaN,24.0,NaN,NaN,NaN,24.0,NaN,NaN,NaN,24.0,NaN,NaN,NaN,24.0,NaN,NaN,NaN,24.0,NaN,NaN,NaN,24.0,NaN,NaN,NaN,24.0,NaN,NaN,NaN,24.0,NaN,NaN,NaN,24.0,NaN,NaN,NaN,24.0,NaN,NaN,NaN,24.0,NaN,NaN,NaN,24.0,NaN,NaN,NaN,24.0,NaN,NaN,NaN,24.0,NaN,NaN,NaN,24.0,66.0,1.0,1.0,0.0,-8.405555555555555,3.0,0.0,0.0,0.0,0.0,0.0,0.0,0.0,0.0,0.0,0.0,1.0,0.0,0.0,NaN,0.0,0.0,NaN,NaN,NaN,NaN,NaN,NaN,NaN
74.0,NaN,1.0,0.0,97.0,NaN,5.0,0.0,37.0,NaN,0.0,1.0,110.0,NaN,-17.0,0.0,80.0,NaN,-7.0,0.0,66.0,NaN,-5.0,0.0,18.0,NaN,0.0,0.0,NaN,NaN,NaN,24.0,NaN,NaN,NaN,24.0,NaN,NaN,NaN,24.0,NaN,NaN,NaN,24.0,NaN,NaN,NaN,24.0,NaN,NaN,NaN,24.0,NaN,NaN,NaN,24.0,NaN,NaN,NaN,24.0,NaN,NaN,NaN,24.0,NaN,NaN,NaN,24.0,NaN,NaN,NaN,24.0,NaN,NaN,NaN,24.0,NaN,NaN,NaN,24.0,NaN,NaN,NaN,24.0,NaN,NaN,NaN,24.0,NaN,NaN,NaN,24.0,NaN,NaN,NaN,24.0,NaN,NaN,NaN,24.0,NaN,NaN,NaN,24.0,NaN,NaN,NaN,24.0,NaN,NaN,NaN,24.0,NaN,NaN,NaN,24.0,NaN,NaN,NaN,24.0,NaN,NaN,NaN,24.0,NaN,NaN,NaN,24.0,NaN,NaN,NaN,24.0,NaN,NaN,NaN,24.0,66.0,1.0,1.0,0.0,-8.405555555555555,4.0,0.0,0.0,0.0,0.0,0.0,0.0,0.0,0.0,0.0,0.0,1.0,0.0,0.0,NaN,0.0,0.0,NaN,NaN,NaN,NaN,NaN,NaN,NaN
76.0,NaN,2.0,0.0,98.0,NaN,1.0,0.0,37.0,NaN,0.0,2.0,119.0,NaN,9.0,0.0,87.0,NaN,7.0,0.0,73.0,NaN,7.0,0.0,17.0,NaN,-1.0,0.0,NaN,NaN,NaN,24.0,NaN,NaN,NaN,24.0,20.0,NaN,0.0,0.0,NaN,NaN,NaN,24.0,NaN,NaN,NaN,24.0,NaN,NaN,NaN,24.0,NaN,NaN,NaN,24.0,19.0,NaN,0.0,0.0,18.0,NaN,0.0,0.0,45.0,NaN,0.0,0.0,7.7,NaN,0.0,0.0,102.0,NaN,0.0,0.0,1.3,NaN,0.0,0.0,NaN,NaN,NaN,24.0,154.0,NaN,0.0,0.0,NaN,NaN,NaN,24.0,1.9,NaN,0.0,0.0,3.5,NaN,0.0,0.0,4.6,NaN,0.0,0.0,0.4,NaN,0.0,0.0,NaN,NaN,NaN,24.0,40.4,NaN,0.0,0.0,13.1,NaN,0.0,0.0,25.1,NaN,0.0,0.0,4.7,NaN,0.0,0.0,NaN,NaN,NaN,24.0,121.0,NaN,0.0,0.0,66.0,1.0,1.0,0.0,-8.405555555555555,5.0,0.0,0.0,0.0,0.0,0.0,1.0,0.0,0.0,0.0,1.0,1.0,0.0,0.0,NaN,0.0,0.0,NaN,NaN,NaN,NaN,NaN,NaN,NaN
72.0,NaN,-4.0,0.0,96.0,NaN,-2.0,0.0,37.22,NaN,0.07333333333333296,0.0,122.0,NaN,3.0,0.0,91.0,NaN,4.0,0.0,78.0,NaN,5.0,0.0,22.0,NaN,5.0,0.0,NaN,NaN,NaN,24.0,NaN,NaN,NaN,24.0,20.0,NaN,0.0,1.0,NaN,NaN,NaN,24.0,NaN,NaN,NaN,24.0,NaN,NaN,NaN,24.0,NaN,NaN,NaN,24.0,19.0,NaN,0.0,1.0,18.0,NaN,0.0,1.0,45.0,NaN,0.0,1.0,7.7,NaN,0.0,1.0,102.0,NaN,0.0,1.0,1.3,NaN,0.0,1.0,NaN,NaN,NaN,24.0,154.0,NaN,0.0,1.0,NaN,NaN,NaN,24.0,1.9,NaN,0.0,1.0,3.5,NaN,0.0,1.0,4.6,NaN,0.0,1.0,0.4,NaN,0.0,1.0,NaN,NaN,NaN,24.0,40.4,NaN,0.0,1.0,13.1,NaN,0.0,1.0,25.1,NaN,0.0,1.0,4.7,NaN,0.0,1.0,NaN,NaN,NaN,24.0,121.0,NaN,0.0,1.0,66.0,1.0,1.0,0.0,-8.405555555555555,6.0,0.0,1.0,0.0,0.0,0.0,0.0,0.0,0.0,0.0,0.0,1.0,0.0,0.0,NaN,0.0,0.0,NaN,NaN,NaN,NaN,NaN,NaN,NaN
92.0,NaN,20.0,0.0,100.0,NaN,4.0,0.0,37.28,NaN,0.060000000000002274,0.0,122.0,NaN,1.5,1.0,121.0,NaN,30.0,0.0,78.0,NaN,2.5,1.0,18.0,NaN,-4.0,0.0,NaN,NaN,NaN,24.0,NaN,NaN,NaN,24.0,20.0,NaN,0.0,2.0,NaN,NaN,NaN,24.0,NaN,NaN,NaN,24.0,NaN,NaN,NaN,24.0,NaN,NaN,NaN,24.0,19.0,NaN,0.0,2.0,18.0,NaN,0.0,2.0,45.0,NaN,0.0,2.0,7.7,NaN,0.0,2.0,102.0,NaN,0.0,2.0,1.3,NaN,0.0,2.0,NaN,NaN,NaN,24.0,154.0,NaN,0.0,2.0,NaN,NaN,NaN,24.0,1.9,NaN,0.0,2.0,3.5,NaN,0.0,2.0,4.6,NaN,0.0,2.0,0.4,NaN,0.0,2.0,NaN,NaN,NaN,24.0,40.4,NaN,0.0,2.0,13.1,NaN,0.0,2.0,25.1,NaN,0.0,2.0,4.7,NaN,0.0,2.0,NaN,NaN,NaN,24.0,121.0,NaN,0.0,2.0,66.0,1.0,1.0,0.0,-8.405555555555555,7.0,0.0,0.0,1.0,0.0,0.0,0.0,0.0,0.0,0.0,0.0,1.0,0.0,0.0,NaN,0.0,0.0,NaN,NaN,NaN,NaN,NaN,NaN,NaN
82.0,NaN,-10.0,0.0,97.0,NaN,-3.0,0.0,37.28,NaN,0.030000000000001137,1.0,174.0,NaN,26.0,0.0,126.0,NaN,5.0,0.0,106.0,NaN,14.0,0.0,19.0,NaN,1.0,0.0,NaN,NaN,NaN,24.0,NaN,NaN,NaN,24.0,20.0,NaN,0.0,3.0,NaN,NaN,NaN,24.0,NaN,NaN,NaN,24.0,NaN,NaN,NaN,24.0,NaN,NaN,NaN,24.0,19.0,NaN,0.0,3.0,18.0,NaN,0.0,3.0,45.0,NaN,0.0,3.0,7.7,NaN,0.0,3.0,102.0,NaN,0.0,3.0,1.3,NaN,0.0,3.0,NaN,NaN,NaN,24.0,154.0,NaN,0.0,3.0,NaN,NaN,NaN,24.0,1.9,NaN,0.0,3.0,3.5,NaN,0.0,3.0,4.6,NaN,0.0,3.0,0.4,NaN,0.0,3.0,NaN,NaN,NaN,24.0,40.4,NaN,0.0,3.0,13.1,NaN,0.0,3.0,25.1,NaN,0.0,3.0,4.7,NaN,0.0,3.0,NaN,NaN,NaN,24.0,121.0,NaN,0.0,3.0,66.0,1.0,1.0,0.0,-8.405555555555555,8.0,0.0,0.0,0.0,0.0,0.0,0.0,0.0,0.0,0.0,0.0,1.0,0.0,0.0,NaN,0.0,0.0,NaN,NaN,NaN,NaN,NaN,NaN,NaN
92.0,NaN,10.0,0.0,100.0,NaN,3.0,0.0,37.28,NaN,0.020000000000000757,2.0,169.0,NaN,-5.0,0.0,115.0,NaN,-11.0,0.0,93.0,NaN,-13.0,0.0,17.0,NaN,-2.0,0.0,NaN,NaN,NaN,24.0,NaN,NaN,NaN,24.0,20.0,NaN,0.0,4.0,NaN,NaN,NaN,24.0,NaN,NaN,NaN,24.0,NaN,NaN,NaN,24.0,NaN,NaN,NaN,24.0,19.0,NaN,0.0,4.0,18.0,NaN,0.0,4.0,45.0,NaN,0.0,4.0,7.7,NaN,0.0,4.0,102.0,NaN,0.0,4.0,1.3,NaN,0.0,4.0,NaN,NaN,NaN,24.0,154.0,NaN,0.0,4.0,NaN,NaN,NaN,24.0,1.9,NaN,0.0,4.0,3.5,NaN,0.0,4.0,4.6,NaN,0.0,4.0,0.4,NaN,0.0,4.0,NaN,NaN,NaN,24.0,40.4,NaN,0.0,4.0,13.1,NaN,0.0,4.0,25.1,NaN,0.0,4.0,4.7,NaN,0.0,4.0,NaN,NaN,NaN,24.0,121.0,NaN,0.0,4.0,66.0,1.0,1.0,0.0,-8.405555555555555,9.0,0.0,0.0,1.0,0.0,0.0,0.0,0.0,0.0,0.0,0.0,1.0,0.0,0.0,NaN,0.0,0.0,NaN,NaN,NaN,NaN,NaN,NaN,NaN
86.0,NaN,-6.0,0.0,98.0,NaN,-2.0,0.0,37.11,NaN,-0.05666666666666723,0.0,155.0,NaN,-14.0,0.0,103.0,NaN,-12.0,0.0,85.0,NaN,-8.0,0.0,20.0,NaN,3.0,0.0,NaN,NaN,NaN,24.0,NaN,NaN,NaN,24.0,20.0,NaN,0.0,5.0,NaN,NaN,NaN,24.0,NaN,NaN,NaN,24.0,NaN,NaN,NaN,24.0,NaN,NaN,NaN,24.0,19.0,NaN,0.0,5.0,18.0,NaN,0.0,5.0,45.0,NaN,0.0,5.0,7.7,NaN,0.0,5.0,102.0,NaN,0.0,5.0,1.3,NaN,0.0,5.0,NaN,NaN,NaN,24.0,154.0,NaN,0.0,5.0,NaN,NaN,NaN,24.0,1.9,NaN,0.0,5.0,3.5,NaN,0.0,5.0,4.6,NaN,0.0,5.0,0.4,NaN,0.0,5.0,NaN,NaN,NaN,24.0,40.4,NaN,0.0,5.0,13.1,NaN,0.0,5.0,25.1,NaN,0.0,5.0,4.7,NaN,0.0,5.0,NaN,NaN,NaN,24.0,121.0,NaN,0.0,5.0,66.0,1.0,1.0,0.0,-8.405555555555555,10.0,0.0,0.0,0.0,0.0,0.0,0.0,0.0,0.0,0.0,0.0,1.0,0.0,0.0,NaN,0.0,0.0,NaN,NaN,NaN,NaN,NaN,NaN,NaN
93.0,NaN,7.0,0.0,98.0,NaN,0.0,0.0,37.11,NaN,-0.042500000000000426,1.0,155.0,NaN,-7.0,1.0,103.0,NaN,-6.0,1.0,85.0,NaN,-4.0,1.0,18.0,NaN,-2.0,0.0,NaN,NaN,NaN,24.0,NaN,NaN,NaN,24.0,20.0,NaN,0.0,6.0,NaN,NaN,NaN,24.0,NaN,NaN,NaN,24.0,NaN,NaN,NaN,24.0,NaN,NaN,NaN,24.0,19.0,NaN,0.0,6.0,18.0,NaN,0.0,6.0,45.0,NaN,0.0,6.0,7.7,NaN,0.0,6.0,102.0,NaN,0.0,6.0,1.3,NaN,0.0,6.0,NaN,NaN,NaN,24.0,154.0,NaN,0.0,6.0,NaN,NaN,NaN,24.0,1.9,NaN,0.0,6.0,3.5,NaN,0.0,6.0,4.6,NaN,0.0,6.0,0.4,NaN,0.0,6.0,NaN,NaN,NaN,24.0,40.4,NaN,0.0,6.0,13.1,NaN,0.0,6.0,25.1,NaN,0.0,6.0,4.7,NaN,0.0,6.0,NaN,NaN,NaN,24.0,121.0,NaN,0.0,6.0,66.0,1.0,1.0,0.0,-8.405555555555555,11.0,0.0,0.0,1.0,0.0,0.0,0.0,0.0,0.0,0.0,0.0,1.0,0.0,0.0,NaN,0.0,0.0,NaN,NaN,NaN,NaN,NaN,NaN,NaN
93.0,NaN,3.5,1.0,98.0,NaN,0.0,1.0,37.11,NaN,-0.03400000000000034,2.0,155.0,NaN,-4.666666666666667,2.0,103.0,NaN,-4.0,2.0,85.0,NaN,-2.6666666666666665,2.0,18.0,NaN,-1.0,1.0,NaN,NaN,NaN,24.0,NaN,NaN,NaN,24.0,20.0,NaN,0.0,7.0,NaN,NaN,NaN,24.0,NaN,NaN,NaN,24.0,NaN,NaN,NaN,24.0,NaN,NaN,NaN,24.0,19.0,NaN,0.0,7.0,18.0,NaN,0.0,7.0,45.0,NaN,0.0,7.0,7.7,NaN,0.0,7.0,102.0,NaN,0.0,7.0,1.3,NaN,0.0,7.0,NaN,NaN,NaN,24.0,154.0,NaN,0.0,7.0,NaN,NaN,NaN,24.0,1.9,NaN,0.0,7.0,3.5,NaN,0.0,7.0,4.6,NaN,0.0,7.0,0.4,NaN,0.0,7.0,NaN,NaN,NaN,24.0,40.4,NaN,0.0,7.0,13.1,NaN,0.0,7.0,25.1,NaN,0.0,7.0,4.7,NaN,0.0,7.0,NaN,NaN,NaN,24.0,121.0,NaN,0.0,7.0,66.0,1.0,1.0,0.0,-8.405555555555555,12.0,0.0,0.0,1.0,0.0,0.0,0.0,0.0,0.0,0.0,0.0,1.0,0.0,0.0,NaN,0.0,0.0,NaN,NaN,NaN,NaN,NaN,NaN,NaN
