164.0,NaN,NaN,24.0,96.0,NaN,NaN,24.0,NaN,NaN,NaN,24.0,119.0,NaN,NaN,24.0,107.0,NaN,NaN,24.0,100.0,NaN,NaN,24.0,58.0,NaN,NaN,24.0,NaN,NaN,NaN,24.0,NaN,NaN,NaN,24.0,NaN,NaN,NaN,24.0,NaN,NaN,NaN,24.0,7.15,NaN,NaN,24.0,37.0,NaN,NaN,24.0,NaN,NaN,NaN,24.0,NaN,NaN,NaN,24.0,NaN,NaN,NaN,24.0,NaN,NaN,NaN,24.0,NaN,NaN,NaN,24.0,NaN,NaN,NaN,24.0,NaN,NaN,NaN,24.0,NaN,NaN,NaN,24.0,NaN,NaN,NaN,24.0,NaN,NaN,NaN,24.0,NaN,NaN,NaN,24.0,NaN,NaN,NaN,24.0,NaN,NaN,NaN,24.0,NaN,NaN,NaN,24.0,NaN,NaN,NaN,24.0,39.1,NaN,NaN,24.0,11.8,NaN,NaN,24.0,NaN,NaN,NaN,24.0,25.6,NaN,NaN,24.0,NaN,NaN,NaN,24.0,521.0,NaN,NaN,24.0,32.0,0.0,0.0,1.0,-88.13666666666667,1.0,0.0,1.0,1.0,1.0,0.0,0.0,0.0,0.0,0.0,0.0,1.0,0.0,1.0,1.0,0.0,0.0,NaN,10.0,10.0,9.0,NaN,NaN,NaN
170.0,NaN,6.0,0.0,97.0,NaN,1.0,0.0,35.4,NaN,0.0,0.0,136.0,NaN,17.0,0.0,128.0,NaN,21.0,0.0,123.0,NaN,23.0,0.0,54.0,NaN,-4.0,0.0,NaN,NaN,NaN,24.0,NaN,NaN,NaN,0.0,NaN,NaN,NaN,24.0,NaN,NaN,NaN,24.0,7.18,NaN,0.02999999999999936,0.0,33.0,NaN,-4.0,0.0,NaN,NaN,NaN,24.0,NaN,NaN,NaN,24.0,NaN,NaN,NaN,24.0,NaN,NaN,NaN,24.0,NaN,NaN,NaN,24.0,NaN,NaN,NaN,24.0,NaN,NaN,NaN,24.0,NaN,NaN,NaN,24.0,NaN,NaN,NaN,24.0,NaN,NaN,NaN,24.0,NaN,NaN,NaN,24.0,NaN,NaN,NaN,24.0,NaN,NaN,NaN,24.0,NaN,NaN,NaN,24.0,NaN,NaN,NaN,24.0,39.1,NaN,0.0,1.0,11.8,NaN,0.0,1.0,NaN,NaN,NaN,24.0,25.6,NaN,0.0,1.0,NaN,NaN,NaN,24.0,521.0,NaN,0.0,1.0,32.0,0.0,0.0,1.0,-88.13666666666667,2.0,1.0,1.0,1.0,1.0,0.0,0.0,0.0,0.0,0.0,0.0,1.0,0.0,1.0,1.0,0.0,0.0,NaN,10.0,10.0,9.0,NaN,NaN,NaN
180.0,NaN,10.0,0.0,98.0,NaN,1.0,0.0,35.4,NaN,0.0,1.0,119.0,NaN,-17.0,0.0,104.0,NaN,-24.0,0.0,96.0,NaN,-27.0,0.0,34.5,NaN,-19.5,0.0,NaN,NaN,NaN,24.0,NaN,NaN,NaN,1.0,NaN,NaN,NaN,24.0,1.0,NaN,0.0,0.0,7.18,NaN,0.01499999999999968,1.0,33.0,NaN,-2.0,1.0,NaN,NaN,NaN,24.0,NaN,NaN,NaN,24.0,NaN,NaN,NaN,24.0,NaN,NaN,NaN,24.0,NaN,NaN,NaN,24.0,NaN,NaN,NaN,24.0,NaN,NaN,NaN,24.0,NaN,NaN,NaN,24.0,NaN,NaN,NaN,24.0,NaN,NaN,NaN,24.0,NaN,NaN,NaN,24.0,NaN,NaN,NaN,24.0,NaN,NaN,NaN,24.0,NaN,NaN,NaN,24.0,NaN,NaN,NaN,24.0,39.1,NaN,0.0,2.0,11.8,NaN,0.0,2.0,NaN,NaN,NaN,24.0,25.6,NaN,0.0,2.0,NaN,NaN,NaN,24.0,521.0,NaN,0.0,2.0,32.0,0.0,0.0,1.0,-88.13666666666667,3.0,1.0,1.0,1.0,1.0,3.0,0.0,0.0,0.0,0.0,0.0,0.0,0.0,1.0,1.0,0.0,0.0,NaN,10.0,10.0,9.0,NaN,NaN,NaN
170.0,NaN,-10.0,0.0,100.0,NaN,2.0,0.0,36.2,NaN,0.40000000000000213,0.0,111.5,NaN,-7.5,0.0,100.0,NaN,-4.0,0.0,92.0,NaN,-4.0,0.0,25.0,NaN,-9.5,0.0,NaN,NaN,NaN,24.0,-9.0,NaN,NaN,0.0,16.0,NaN,0.0,0.0,1.0,NaN,0.0,0.0,7.2,NaN,0.010000000000000231,0.0,48.0,NaN,7.5,0.0,NaN,NaN,NaN,24.0,NaN,NaN,NaN,24.0,9.0,NaN,0.0,0.0,NaN,NaN,NaN,24.0,7.9,NaN,0.0,0.0,104.0,NaN,0.0,0.0,0.6,NaN,0.0,0.0,NaN,NaN,NaN,24.0,218.0,NaN,0.0,0.0,4.0,NaN,0.0,0.0,2.4,NaN,0.0,0.0,6.1,NaN,0.0,0.0,4.2,NaN,0.0,0.0,NaN,NaN,NaN,24.0,NaN,NaN,NaN,24.0,39.1,NaN,0.0,3.0,11.8,NaN,0.0,3.0,NaN,NaN,NaN,24.0,25.6,NaN,0.0,3.0,NaN,NaN,NaN,24.0,521.0,NaN,0.0,3.0,32.0,0.0,0.0,1.0,-88.13666666666667,4.0,0.0,1.0,1.0,1.0,3.0,0.0,0.0,0.0,1.0,0.0,1.0,0.0,1.0,1.0,0.0,0.0,NaN,10.0,10.0,9.0,NaN,NaN,NaN
178.0,NaN,8.0,0.0,100.0,NaN,0.0,0.0,36.5,NaN,0.29999999999999716,0.0,128.0,NaN,16.5,0.0,104.0,NaN,4.0,0.0,92.0,NaN,0.0,0.0,25.0,NaN,0.0,0.0,NaN,NaN,NaN,24.0,-9.0,NaN,NaN,1.0,16.0,NaN,0.0,1.0,1.0,NaN,0.0,1.0,7.2,NaN,0.006666666666666821,1.0,48.0,NaN,5.0,1.0,NaN,NaN,NaN,24.0,NaN,NaN,NaN,24.0,9.0,NaN,0.0,1.0,NaN,NaN,NaN,24.0,7.9,NaN,0.0,1.0,104.0,NaN,0.0,1.0,0.6,NaN,0.0,1.0,NaN,NaN,NaN,24.0,218.0,NaN,0.0,1.0,4.0,NaN,0.0,1.0,2.4,NaN,0.0,1.0,6.1,NaN,0.0,1.0,4.2,NaN,0.0,1.0,NaN,NaN,NaN,24.0,NaN,NaN,NaN,24.0,39.1,NaN,0.0,4.0,11.8,NaN,0.0,4.0,NaN,NaN,NaN,24.0,25.6,NaN,0.0,4.0,NaN,NaN,NaN,24.0,521.0,NaN,0.0,4.0,32.0,0.0,0.0,1.0,-88.13666666666667,5.0,0.0,1.0,1.0,1.0,0.0,0.0,0.0,0.0,0.0,0.0,1.0,0.0,1.0,1.0,0.0,0.0,NaN,10.0,10.0,9.0,NaN,NaN,NaN
170.0,NaN,-8.0,0.0,100.0,NaN,0.0,0.0,36.5,NaN,0.14999999999999858,1.0,98.0,NaN,-30.0,0.0,94.0,NaN,-10.0,0.0,91.0,NaN,-1.0,0.0,27.5,NaN,2.5,0.0,NaN,NaN,NaN,24.0,-9.0,NaN,NaN,2.0,16.0,NaN,0.0,2.0,0.4,NaN,-0.3,0.0,7.2,NaN,0.0050000000000001155,2.0,48.0,NaN,3.75,2.0,NaN,NaN,NaN,24.0,NaN,NaN,NaN,24.0,9.0,NaN,0.0,2.0,NaN,NaN,NaN,24.0,7.9,NaN,0.0,2.0,104.0,NaN,0.0,2.0,0.6,NaN,0.0,2.0,NaN,NaN,NaN,24.0,218.0,NaN,0.0,2.0,4.0,NaN,0.0,2.0,2.4,NaN,0.0,2.0,6.1,NaN,0.0,2.0,4.2,NaN,0.0,2.0,NaN,NaN,NaN,24.0,NaN,NaN,NaN,24.0,39.1,NaN,0.0,5.0,11.8,NaN,0.0,5.0,NaN,NaN,NaN,24.0,25.6,NaN,0.0,5.0,NaN,NaN,NaN,24.0,521.0,NaN,0.0,5.0,32.0,0.0,0.0,1.0,-88.13666666666667,6.0,0.0,1.0,1.0,1.0,1.0,0.0,0.0,0.0,0.0,0.0,0.0,0.0,1.0,1.0,0.0,0.0,NaN,10.0,10.0,9.0,NaN,NaN,NaN
180.0,NaN,10.0,0.0,100.0,NaN,0.0,0.0,37.1,NaN,0.3000000000000007,0.0,113.0,NaN,15.0,0.0,103.0,NaN,9.0,0.0,100.0,NaN,9.0,0.0,31.0,NaN,3.5,0.0,NaN,NaN,NaN,24.0,-5.0,NaN,1.3333333333333333,0.0,16.0,NaN,0.0,3.0,0.4,NaN,-0.19999999999999998,1.0,7.37,NaN,0.05666666666666664,0.0,32.0,NaN,-5.333333333333333,0.0,NaN,NaN,NaN,24.0,NaN,NaN,NaN,24.0,9.0,NaN,0.0,3.0,NaN,NaN,NaN,24.0,7.9,NaN,0.0,3.0,104.0,NaN,0.0,3.0,0.6,NaN,0.0,3.0,NaN,NaN,NaN,24.0,218.0,NaN,0.0,3.0,2.9,NaN,-0.3666666666666667,0.0,2.4,NaN,0.0,3.0,6.1,NaN,0.0,3.0,4.2,NaN,0.0,3.0,NaN,NaN,NaN,24.0,NaN,NaN,NaN,24.0,39.1,NaN,0.0,6.0,11.8,NaN,0.0,6.0,NaN,NaN,NaN,24.0,25.6,NaN,0.0,6.0,NaN,NaN,NaN,24.0,521.0,NaN,0.0,6.0,32.0,0.0,0.0,1.0,-88.13666666666667,7.0,0.0,1.0,1.0,1.0,0.0,0.0,0.0,0.0,1.0,0.0,1.0,1.0,1.0,1.0,0.0,0.0,NaN,10.0,10.0,9.0,NaN,NaN,NaN
164.0,NaN,-16.0,0.0,100.0,NaN,0.0,0.0,36.5,NaN,-0.6000000000000014,0.0,110.0,NaN,-3.0,0.0,90.0,NaN,-13.0,0.0,78.0,NaN,-22.0,0.0,30.0,NaN,-1.0,0.0,NaN,NaN,NaN,24.0,-5.0,NaN,1.0,1.0,18.0,NaN,0.5,0.0,0.4,NaN,0.0,0.0,7.37,NaN,0.04249999999999998,1.0,32.0,NaN,-4.0,1.0,NaN,NaN,NaN,24.0,11.0,NaN,0.0,0.0,9.0,NaN,0.0,0.0,75.0,NaN,0.0,0.0,8.1,NaN,0.04999999999999982,0.0,103.0,NaN,-0.25,0.0,0.5,NaN,-0.024999999999999994,0.0,NaN,NaN,NaN,24.0,121.0,NaN,-24.25,0.0,2.9,NaN,-0.275,1.0,2.2,NaN,-0.04999999999999993,0.0,3.7,NaN,-0.5999999999999999,0.0,4.1,NaN,-0.025000000000000133,0.0,0.2,NaN,0.0,0.0,0.01,NaN,0.0,0.0,36.7,NaN,-0.34285714285714264,0.0,11.9,NaN,0.014285714285714235,0.0,27.1,NaN,0.0,0.0,35.6,NaN,1.4285714285714286,0.0,NaN,NaN,NaN,24.0,435.0,NaN,-12.285714285714286,0.0,32.0,0.0,0.0,1.0,-88.13666666666667,8.0,0.0,1.0,1.0,1.0,1.0,0.0,0.0,0.0,0.0,0.0,0.0,1.0,1.0,1.0,0.0,0.0,NaN,10.0,10.0,9.0,NaN,NaN,NaN
165.0,NaN,1.0,0.0,100.0,NaN,0.0,0.0,36.5,NaN,-0.3000000000000007,1.0,125.0,NaN,15.0,0.0,105.0,NaN,15.0,0.0,93.0,NaN,15.0,0.0,30.0,NaN,0.0,0.0,NaN,NaN,NaN,24.0,-5.0,NaN,0.8,2.0,18.0,NaN,0.4,1.0,0.4,NaN,0.0,1.0,7.37,NaN,0.03399999999999999,2.0,32.0,NaN,-3.2,2.0,NaN,NaN,NaN,24.0,11.0,NaN,0.0,1.0,9.0,NaN,0.0,1.0,75.0,NaN,0.0,1.0,8.1,NaN,0.039999999999999855,1.0,103.0,NaN,-0.2,1.0,0.5,NaN,-0.019999999999999997,1.0,NaN,NaN,NaN,24.0,121.0,NaN,-19.4,1.0,2.4,NaN,-0.25,0.0,2.2,NaN,-0.039999999999999945,1.0,3.7,NaN,-0.47999999999999987,1.0,4.1,NaN,-0.020000000000000108,1.0,0.2,NaN,0.0,1.0,0.01,NaN,0.0,1.0,36.7,NaN,-0.2999999999999998,1.0,11.9,NaN,0.012499999999999956,1.0,27.1,NaN,0.0,1.0,35.6,NaN,1.25,1.0,NaN,NaN,NaN,24.0,435.0,NaN,-10.75,1.0,32.0,0.0,0.0,1.0,-88.13666666666667,9.0,0.0,1.0,1.0,1.0,0.0,0.0,0.0,0.0,1.0,0.0,1.0,1.0,1.0,1.0,0.0,0.0,NaN,10.0,10.0,9.0,NaN,NaN,NaN
168.0,NaN,3.0,0.0,100.0,NaN,0.0,0.0,37.3,NaN,0.3999999999999986,0.0,125.0,NaN,0.0,0.0,104.0,NaN,-1.0,0.0,91.0,NaN,-2.0,0.0,28.0,NaN,-2.0,0.0,NaN,NaN,NaN,24.0,-2.0,NaN,1.0,0.0,18.0,NaN,0.3333333333333333,2.0,0.4,NaN,0.0,2.0,7.43,NaN,0.01999999999999987,0.0,30.0,NaN,-0.6666666666666666,0.0,NaN,NaN,NaN,24.0,11.0,NaN,0.0,2.0,9.0,NaN,0.0,2.0,75.0,NaN,0.0,2.0,8.1,NaN,0.033333333333333215,2.0,103.0,NaN,-0.16666666666666666,2.0,0.5,NaN,-0.016666666666666663,2.0,NaN,NaN,NaN,24.0,121.0,NaN,-16.166666666666668,2.0,2.4,NaN,-0.16666666666666666,1.0,2.2,NaN,-0.03333333333333329,2.0,3.7,NaN,-0.3999999999999999,2.0,4.1,NaN,-0.016666666666666757,2.0,0.2,NaN,0.0,2.0,0.01,NaN,0.0,2.0,36.7,NaN,-0.2666666666666665,2.0,11.9,NaN,0.011111111111111072,2.0,27.1,NaN,0.0,2.0,35.6,NaN,1.1111111111111112,2.0,NaN,NaN,NaN,24.0,435.0,NaN,-9.555555555555555,2.0,32.0,0.0,0.0,1.0,-88.13666666666667,10.0,0.0,1.0,1.0,1.0,0.0,0.0,0.0,0.0,0.0,0.0,1.0,1.0,1.0,1.0,0.0,0.0,NaN,10.0,10.0,9.0,NaN,NaN,NaN
164.0,NaN,-4.0,0.0,100.0,NaN,0.0,0.0,37.6,NaN,0.30000000000000426,0.0,108.0,NaN,-17.0,0.0,92.0,NaN,-12.0,0.0,80.0,NaN,-11.0,0.0,30.0,NaN,2.0,0.0,NaN,NaN,NaN,24.0,-2.0,NaN,0.75,1.0,18.0,NaN,0.2857142857142857,3.0,0.4,NaN,0.0,3.0,7.43,NaN,0.014999999999999902,1.0,30.0,NaN,-0.5,1.0,NaN,NaN,NaN,24.0,11.0,NaN,0.0,3.0,9.0,NaN,0.0,3.0,75.0,NaN,0.0,3.0,8.1,NaN,0.02857142857142847,3.0,103.0,NaN,-0.14285714285714285,3.0,0.5,NaN,-0.014285714285714282,3.0,NaN,NaN,NaN,24.0,121.0,NaN,-13.857142857142858,3.0,2.4,NaN,-0.125,2.0,2.2,NaN,-0.028571428571428532,3.0,3.7,NaN,-0.3428571428571428,3.0,4.1,NaN,-0.014285714285714362,3.0,0.2,NaN,0.0,3.0,0.01,NaN,0.0,3.0,36.7,NaN,-0.23999999999999985,3.0,11.9,NaN,0.009999999999999964,3.0,27.1,NaN,0.0,3.0,35.6,NaN,1.0,3.0,NaN,NaN,NaN,24.0,435.0,NaN,-8.6,3.0,32.0,0.0,0.0,1.0,-88.13666666666667,11.0,0.0,1.0,1.0,1.0,0.0,0.0,0.0,0.0,0.0,0.0,1.0,1.0,1.0,1.0,0.0,0.0,NaN,10.0,10.0,9.0,NaN,NaN,NaN
164.0,NaN,0.0,0.0,100.0,NaN,0.0,0.0,37.7,NaN,0.10000000000000142,0.0,104.0,NaN,-4.0,0.0,85.0,NaN,-7.0,0.0,73.0,NaN,-7.0,0.0,26.0,NaN,-4.0,0.0,NaN,NaN,NaN,24.0,-2.0,NaN,0.0,0.0,18.0,NaN,0.25,4.0,0.4,NaN,0.0,0.0,7.43,NaN,0.0,0.0,31.0,NaN,0.5,0.0,NaN,NaN,NaN,24.0,11.0,NaN,0.0,4.0,9.0,NaN,0.0,4.0,75.0,NaN,0.0,4.0,8.1,NaN,0.02499999999999991,4.0,103.0,NaN,-0.125,4.0,0.5,NaN,-0.012499999999999997,4.0,NaN,NaN,NaN,24.0,125.0,NaN,1.0,0.0,1.6,NaN,-0.2666666666666666,0.0,2.2,NaN,-0.024999999999999967,4.0,3.7,NaN,-0.29999999999999993,4.0,4.1,NaN,-0.012500000000000067,4.0,0.2,NaN,0.0,4.0,0.01,NaN,0.0,4.0,36.7,NaN,-0.21818181818181806,4.0,11.9,NaN,0.00909090909090906,4.0,27.1,NaN,0.0,4.0,35.6,NaN,0.9090909090909091,4.0,NaN,NaN,NaN,24.0,435.0,NaN,-7.818181818181818,4.0,32.0,0.0,0.0,1.0,-88.13666666666667,12.0,0.0,1.0,1.0,1.0,1.0,0.0,0.0,0.0,0.0,0.0,0.0,1.0,1.0,1.0,0.0,0.0,NaN,10.0,10.0,9.0,NaN,NaN,NaN
163.0,NaN,-1.0,0.0,100.0,NaN,0.0,0.0,37.8,NaN,0.09999999999999432,0.0,104.0,NaN,0.0,0.0,86.0,NaN,1.0,0.0,73.0,NaN,0.0,0.0,31.0,NaN,5.0,0.0,NaN,NaN,NaN,24.0,-2.0,NaN,0.0,1.0,18.0,NaN,0.2222222222222222,5.0,0.3,NaN,-0.10000000000000003,0.0,7.43,NaN,0.0,1.0,31.0,NaN,0.3333333333333333,1.0,NaN,NaN,NaN,24.0,11.0,NaN,0.0,5.0,9.0,NaN,0.0,5.0,75.0,NaN,0.0,5.0,8.1,NaN,0.022222222222222143,5.0,103.0,NaN,-0.1111111111111111,5.0,0.5,NaN,-0.011111111111111108,5.0,NaN,NaN,NaN,24.0,125.0,NaN,0.8,1.0,1.6,NaN,-0.19999999999999996,1.0,2.2,NaN,-0.022222222222222192,5.0,3.7,NaN,-0.2666666666666666,5.0,4.1,NaN,-0.01111111111111117,5.0,0.2,NaN,0.0,5.0,0.01,NaN,0.0,5.0,36.7,NaN,-0.19999999999999987,5.0,11.9,NaN,0.008333333333333304,5.0,27.1,NaN,0.0,5.0,35.6,NaN,0.8333333333333334,5.0,NaN,NaN,NaN,24.0,435.0,NaN,-7.166666666666667,5.0,32.0,0.0,0.0,1.0,-88.13666666666667,13.0,0.0,1.0,1.0,1.0,0.0,0.0,0.0,0.0,0.0,0.0,0.0,1.0,1.0,1.0,0.0,0.0,NaN,10.0,10.0,9.0,NaN,NaN,NaN
158.0,NaN,-5.0,0.0,100.0,NaN,0.0,0.0,37.8,NaN,0.0,0.0,101.0,NaN,-3.0,0.0,83.0,NaN,-3.0,0.0,71.0,NaN,-2.0,0.0,25.0,NaN,-6.0,0.0,NaN,NaN,NaN,24.0,-2.0,NaN,0.0,2.0,18.0,NaN,0.2,6.0,0.3,NaN,-0.05000000000000002,1.0,7.43,NaN,0.0,2.0,31.0,NaN,0.25,2.0,NaN,NaN,NaN,24.0,11.0,NaN,0.0,6.0,9.0,NaN,0.0,6.0,75.0,NaN,0.0,6.0,8.1,NaN,0.019999999999999928,6.0,103.0,NaN,-0.1,6.0,0.5,NaN,-0.009999999999999998,6.0,NaN,NaN,NaN,24.0,125.0,NaN,0.6666666666666666,2.0,1.6,NaN,-0.15999999999999998,2.0,2.2,NaN,-0.019999999999999973,6.0,3.7,NaN,-0.23999999999999994,6.0,4.1,NaN,-0.010000000000000054,6.0,0.2,NaN,0.0,6.0,0.01,NaN,0.0,6.0,36.7,NaN,-0.18461538461538451,6.0,11.9,NaN,0.007692307692307665,6.0,27.1,NaN,0.0,6.0,35.6,NaN,0.7692307692307693,6.0,NaN,NaN,NaN,24.0,435.0,NaN,-6.615384615384615,6.0,32.0,0.0,0.0,1.0,-88.13666666666667,14.0,0.0,1.0,1.0,1.0,0.0,0.0,0.0,0.0,0.0,0.0,1.0,1.0,1.0,1.0,0.0,0.0,NaN,10.0,10.0,9.0,NaN,NaN,NaN
