99.6666666666667,NaN,NaN,24.0,100.0,NaN,NaN,24.0,35.56,NaN,NaN,24.0,120.0,NaN,NaN,24.0,87.6666666666667,NaN,NaN,24.0,63.3333333333333,NaN,NaN,24.0,14.0,NaN,NaN,24.0,NaN,NaN,NaN,24.0,4.0,NaN,NaN,24.0,28.0,NaN,NaN,24.0,1.0,NaN,NaN,24.0,7.47,NaN,NaN,24.0,38.0,NaN,NaN,24.0,NaN,NaN,NaN,24.0,NaN,NaN,NaN,24.0,18.0,NaN,NaN,24.0,NaN,NaN,NaN,24.0,NaN,NaN,NaN,24.0,104.0,NaN,NaN,24.0,4.4,NaN,NaN,24.0,NaN,NaN,NaN,24.0,120.0,NaN,NaN,24.0,NaN,NaN,NaN,24.0,NaN,NaN,NaN,24.0,NaN,NaN,NaN,24.0,4.75,NaN,NaN,24.0,NaN,NaN,NaN,24.0,NaN,NaN,NaN,24.0,27.5,NaN,NaN,24.0,9.2,NaN,NaN,24.0,39.7,NaN,NaN,24.0,7.0,NaN,NaN,24.0,NaN,NaN,NaN,24.0,234.0,NaN,NaN,24.0,74.0,0.0,-1.0,-1.0,-10.520555555555555,1.0,1.0,0.0,1.0,0.0,3.0,0.0,0.0,0.0,0.0,3.0,1.0,0.0,1.0,1.0,0.0,0.0,3.0,5.0,4.0,0.0,NaN,NaN,NaN
100.5,NaN,0.8333333333333002,0.0,100.0,NaN,0.0,0.0,35.56,NaN,0.0,1.0,133.25,NaN,13.25,0.0,95.5,NaN,7.8333333333333,0.0,69.75,NaN,6.4166666666667,0.0,13.75,NaN,-0.25,0.0,NaN,NaN,NaN,24.0,4.0,NaN,0.0,1.0,28.0,NaN,0.0,1.0,1.0,NaN,0.0,1.0,7.47,NaN,0.0,1.0,38.0,NaN,0.0,1.0,NaN,NaN,NaN,24.0,NaN,NaN,NaN,24.0,18.0,NaN,0.0,1.0,NaN,NaN,NaN,24.0,NaN,NaN,NaN,24.0,104.0,NaN,0.0,1.0,4.4,NaN,0.0,1.0,NaN,NaN,NaN,24.0,120.0,NaN,0.0,1.0,NaN,NaN,NaN,24.0,NaN,NaN,NaN,24.0,NaN,NaN,NaN,24.0,4.75,NaN,0.0,1.0,NaN,NaN,NaN,24.0,NaN,NaN,NaN,24.0,27.5,NaN,0.0,1.0,9.2,NaN,0.0,1.0,39.7,NaN,0.0,1.0,7.0,NaN,0.0,1.0,NaN,NaN,NaN,24.0,234.0,NaN,0.0,1.0,74.0,0.0,-1.0,-1.0,-10.520555555555555,2.0,1.0,0.0,1.0,0.0,0.0,0.0,0.0,0.0,0.0,0.0,1.0,1.0,1.0,1.0,0.0,0.0,3.0,5.0,4.0,0.0,NaN,NaN,NaN
110.0,NaN,9.5,0.0,100.0,NaN,0.0,0.0,35.0,NaN,-0.28000000000000114,0.0,145.0,NaN,11.75,0.0,103.5,NaN,8.0,0.0,74.0,NaN,4.25,0.0,14.0,NaN,0.25,0.0,NaN,NaN,NaN,24.0,4.0,NaN,0.0,2.0,28.0,NaN,0.0,2.0,0.5,NaN,-0.25,0.0,7.47,NaN,0.0,2.0,38.0,NaN,0.0,2.0,NaN,NaN,NaN,24.0,NaN,NaN,NaN,24.0,18.0,NaN,0.0,2.0,NaN,NaN,NaN,24.0,NaN,NaN,NaN,24.0,104.0,NaN,0.0,2.0,4.4,NaN,0.0,2.0,NaN,NaN,NaN,24.0,120.0,NaN,0.0,2.0,NaN,NaN,NaN,24.0,NaN,NaN,NaN,24.0,NaN,NaN,NaN,24.0,4.75,NaN,0.0,2.0,NaN,NaN,NaN,24.0,NaN,NaN,NaN,24.0,27.5,NaN,0.0,2.0,9.2,NaN,0.0,2.0,39.7,NaN,0.0,2.0,7.0,NaN,0.0,2.0,NaN,NaN,NaN,24.0,234.0,NaN,0.0,2.0,74.0,0.0,-1.0,-1.0,-10.520555555555555,3.0,1.0,0.0,1.0,0.0,2.0,0.0,0.0,0.0,0.0,0.0,0.0,1.0,1.0,1.0,0.0,0.0,3.0,5.0,4.0,0.0,NaN,NaN,NaN
102.0,NaN,-8.0,0.0,100.0,NaN,0.0,0.0,35.0,NaN,-0.18666666666666742,1.0,128.0,NaN,-17.0,0.0,85.0,NaN,-18.5,0.0,60.0,NaN,-14.0,0.0,14.0,NaN,0.0,0.0,NaN,NaN,NaN,24.0,4.0,NaN,0.0,3.0,28.0,NaN,0.0,3.0,0.5,NaN,-0.16666666666666666,1.0,7.47,NaN,0.0,3.0,38.0,NaN,0.0,3.0,NaN,NaN,NaN,24.0,NaN,NaN,NaN,24.0,18.0,NaN,0.0,3.0,NaN,NaN,NaN,24.0,NaN,NaN,NaN,24.0,104.0,NaN,0.0,3.0,4.4,NaN,0.0,3.0,NaN,NaN,NaN,24.0,120.0,NaN,0.0,3.0,NaN,NaN,NaN,24.0,NaN,NaN,NaN,24.0,NaN,NaN,NaN,24.0,4.75,NaN,0.0,3.0,NaN,NaN,NaN,24.0,NaN,NaN,NaN,24.0,27.5,NaN,0.0,3.0,9.2,NaN,0.0,3.0,39.7,NaN,0.0,3.0,7.0,NaN,0.0,3.0,NaN,NaN,NaN,24.0,234.0,NaN,0.0,3.0,74.0,0.0,-1.0,-1.0,-10.520555555555555,4.0,1.0,0.0,1.0,0.0,0.0,0.0,0.0,0.0,0.0,0.0,1.0,1.0,1.0,1.0,0.0,0.0,3.0,5.0,4.0,0.0,NaN,NaN,NaN
100.0,NaN,-2.0,0.0,100.0,NaN,0.0,0.0,35.0,NaN,-0.14000000000000057,2.0,111.0,NaN,-17.0,0.0,71.0,NaN,-14.0,0.0,51.0,NaN,-9.0,0.0,14.0,NaN,0.0,1.0,NaN,NaN,NaN,24.0,4.0,NaN,0.0,4.0,28.0,NaN,0.0,4.0,0.5,NaN,-0.125,2.0,7.47,NaN,0.0,4.0,38.0,NaN,0.0,4.0,NaN,NaN,NaN,24.0,NaN,NaN,NaN,24.0,18.0,NaN,0.0,4.0,NaN,NaN,NaN,24.0,NaN,NaN,NaN,24.0,104.0,NaN,0.0,4.0,4.4,NaN,0.0,4.0,NaN,NaN,NaN,24.0,120.0,NaN,0.0,4.0,NaN,NaN,NaN,24.0,NaN,NaN,NaN,24.0,NaN,NaN,NaN,24.0,4.75,NaN,0.0,4.0,NaN,NaN,NaN,24.0,NaN,NaN,NaN,24.0,27.5,NaN,0.0,4.0,9.2,NaN,0.0,4.0,39.7,NaN,0.0,4.0,7.0,NaN,0.0,4.0,NaN,NaN,NaN,24.0,234.0,NaN,0.0,4.0,74.0,0.0,-1.0,-1.0,-10.520555555555555,5.0,1.0,0.0,1.0,0.0,0.0,0.0,0.0,0.0,0.0,0.0,1.0,1.0,1.0,1.0,0.0,0.0,3.0,5.0,4.0,0.0,NaN,NaN,NaN
102.0,NaN,2.0,0.0,100.0,NaN,0.0,0.0,34.94,NaN,-0.020000000000000757,0.0,126.0,NaN,15.0,0.0,84.0,NaN,13.0,0.0,62.0,NaN,11.0,0.0,14.0,NaN,0.0,0.0,NaN,NaN,NaN,24.0,4.0,NaN,0.0,5.0,28.0,NaN,0.0,5.0,0.5,NaN,-0.1,3.0,7.47,NaN,0.0,5.0,38.0,NaN,0.0,5.0,NaN,NaN,NaN,24.0,NaN,NaN,NaN,24.0,19.0,NaN,0.2,0.0,NaN,NaN,NaN,24.0,10.7,NaN,0.0,0.0,105.0,NaN,0.2,0.0,4.4,NaN,0.0,0.0,NaN,NaN,NaN,24.0,120.0,NaN,0.0,5.0,NaN,NaN,NaN,24.0,3.2,NaN,0.0,0.0,5.0,NaN,0.0,0.0,4.2,NaN,-0.10999999999999996,0.0,NaN,NaN,NaN,24.0,NaN,NaN,NaN,24.0,26.5,NaN,-0.2,0.0,9.1,NaN,-0.019999999999999928,0.0,34.0,NaN,-1.1400000000000006,0.0,4.8,NaN,-0.44000000000000006,0.0,244.0,NaN,0.0,0.0,200.0,NaN,-6.8,0.0,74.0,0.0,-1.0,-1.0,-10.520555555555555,6.0,1.0,0.0,1.0,0.0,0.0,0.0,0.0,0.0,0.0,3.0,1.0,1.0,1.0,1.0,0.0,0.0,3.0,5.0,4.0,0.0,NaN,NaN,NaN
99.0,NaN,-3.0,0.0,100.0,NaN,0.0,0.0,34.94,NaN,-0.015000000000000568,1.0,119.0,NaN,-7.0,0.0,79.0,NaN,-5.0,0.0,58.0,NaN,-4.0,0.0,14.0,NaN,0.0,0.0,NaN,NaN,NaN,24.0,3.0,NaN,-0.16666666666666666,0.0,28.0,NaN,0.0,6.0,0.5,NaN,0.0,0.0,7.52,NaN,0.008333333333333304,0.0,31.0,NaN,-1.1666666666666667,0.0,NaN,NaN,NaN,24.0,NaN,NaN,NaN,24.0,19.0,NaN,0.16666666666666666,1.0,NaN,NaN,NaN,24.0,10.7,NaN,0.0,1.0,105.0,NaN,0.16666666666666666,1.0,4.4,NaN,0.0,1.0,NaN,NaN,NaN,24.0,83.0,NaN,-6.166666666666667,0.0,NaN,NaN,NaN,24.0,3.2,NaN,0.0,1.0,5.0,NaN,0.0,1.0,4.2,NaN,-0.09166666666666663,1.0,NaN,NaN,NaN,24.0,NaN,NaN,NaN,24.0,26.5,NaN,-0.16666666666666666,1.0,9.1,NaN,-0.016666666666666607,1.0,34.0,NaN,-0.9500000000000005,1.0,4.8,NaN,-0.3666666666666667,1.0,244.0,NaN,0.0,1.0,200.0,NaN,-5.666666666666667,1.0,74.0,0.0,-1.0,-1.0,-10.520555555555555,7.0,1.0,0.0,1.0,0.0,2.0,0.0,0.0,0.0,0.0,0.0,0.0,1.0,1.0,1.0,0.0,0.0,3.0,5.0,4.0,0.0,NaN,NaN,NaN
108.0,NaN,9.0,0.0,100.0,NaN,0.0,0.0,34.94,NaN,-0.012000000000000455,2.0,124.0,NaN,5.0,0.0,84.0,NaN,5.0,0.0,61.0,NaN,3.0,0.0,17.0,NaN,3.0,0.0,NaN,NaN,NaN,24.0,3.0,NaN,-0.14285714285714285,1.0,28.0,NaN,0.0,7.0,0.5,NaN,0.0,1.0,7.52,NaN,0.0071428571428571175,1.0,31.0,NaN,-1.0,1.0,NaN,NaN,NaN,24.0,NaN,NaN,NaN,24.0,19.0,NaN,0.14285714285714285,2.0,NaN,NaN,NaN,24.0,10.7,NaN,0.0,2.0,105.0,NaN,0.14285714285714285,2.0,4.4,NaN,0.0,2.0,NaN,NaN,NaN,24.0,83.0,NaN,-5.285714285714286,1.0,NaN,NaN,NaN,24.0,3.2,NaN,0.0,2.0,5.0,NaN,0.0,2.0,4.2,NaN,-0.07857142857142854,2.0,NaN,NaN,NaN,24.0,NaN,NaN,NaN,24.0,26.5,NaN,-0.14285714285714285,2.0,9.1,NaN,-0.014285714285714235,2.0,34.0,NaN,-0.8142857142857147,2.0,4.8,NaN,-0.31428571428571433,2.0,244.0,NaN,0.0,2.0,200.0,NaN,-4.857142857142857,2.0,74.0,0.0,-1.0,-1.0,-10.520555555555555,8.0,1.0,0.0,1.0,0.0,0.0,0.0,0.0,0.0,0.0,0.0,1.0,1.0,1.0,1.0,0.0,0.0,3.0,5.0,4.0,0.0,NaN,NaN,NaN
110.0,NaN,2.0,0.0,100.0,NaN,0.0,0.0,35.67,NaN,0.24333333333333465,0.0,110.0,NaN,-14.0,0.0,73.0,NaN,-11.0,0.0,55.0,NaN,-6.0,0.0,12.0,NaN,-5.0,0.0,NaN,NaN,NaN,24.0,3.0,NaN,-0.125,2.0,28.0,NaN,0.0,8.0,0.5,NaN,0.0,2.0,7.52,NaN,0.006249999999999978,2.0,31.0,NaN,-0.875,2.0,NaN,NaN,NaN,24.0,NaN,NaN,NaN,24.0,19.0,NaN,0.125,3.0,NaN,NaN,NaN,24.0,10.7,NaN,0.0,3.0,105.0,NaN,0.125,3.0,4.4,NaN,0.0,3.0,NaN,NaN,NaN,24.0,83.0,NaN,-4.625,2.0,NaN,NaN,NaN,24.0,3.2,NaN,0.0,3.0,5.0,NaN,0.0,3.0,4.2,NaN,-0.06874999999999998,3.0,NaN,NaN,NaN,24.0,NaN,NaN,NaN,24.0,26.5,NaN,-0.125,3.0,9.1,NaN,-0.012499999999999956,3.0,34.0,NaN,-0.7125000000000004,3.0,4.8,NaN,-0.275,3.0,244.0,NaN,0.0,3.0,200.0,NaN,-4.25,3.0,74.0,0.0,-1.0,-1.0,-10.520555555555555,9.0,1.0,0.0,1.0,0.0,0.0,0.0,0.0,0.0,0.0,0.0,1.0,1.0,1.0,1.0,0.0,0.0,3.0,5.0,4.0,0.0,NaN,NaN,NaN
