101.5,NaN,NaN,24.0,100.0,NaN,NaN,24.0,36.44,NaN,NaN,24.0,130.0,NaN,NaN,24.0,100.0,NaN,NaN,24.0,90.0,NaN,NaN,24.0,19.5,NaN,NaN,24.0,NaN,NaN,NaN,24.0,NaN,NaN,NaN,24.0,29.0,NaN,NaN,24.0,NaN,NaN,NaN,24.0,NaN,NaN,NaN,24.0,NaN,NaN,NaN,24.0,NaN,NaN,NaN,24.0,NaN,NaN,NaN,24.0,14.0,NaN,NaN,24.0,NaN,NaN,NaN,24.0,9.9,NaN,NaN,24.0,96.0,NaN,NaN,24.0,0.9,NaN,NaN,24.0,NaN,NaN,NaN,24.0,123.0,NaN,NaN,24.0,NaN,NaN,NaN,24.0,1.7,NaN,NaN,24.0,4.8,NaN,NaN,24.0,4.4,NaN,NaN,24.0,NaN,NaN,NaN,24.0,NaN,NaN,NaN,24.0,42.3,NaN,NaN,24.0,14.6,NaN,NaN,24.0,NaN,NaN,NaN,24.0,7.3,NaN,NaN,24.0,NaN,NaN,NaN,24.0,211.0,NaN,NaN,24.0,31.0,1.0,1.0,0.0,-3.35,1.0,0.0,0.0,1.0,0.0,0.0,0.0,0.0,0.0,0.0,0.0,1.0,0.0,0.0,NaN,0.0,0.0,NaN,NaN,NaN,NaN,NaN,NaN,NaN
76.0,NaN,-25.5,0.0,100.0,NaN,0.0,0.0,36.44,NaN,0.0,1.0,127.0,NaN,-3.0,0.0,89.0,NaN,-11.0,0.0,83.0,NaN,-7.0,0.0,13.0,NaN,-6.5,0.0,NaN,NaN,NaN,24.0,NaN,NaN,NaN,24.0,29.0,NaN,0.0,1.0,NaN,NaN,NaN,24.0,NaN,NaN,NaN,24.0,NaN,NaN,NaN,24.0,NaN,NaN,NaN,24.0,NaN,NaN,NaN,24.0,14.0,NaN,0.0,1.0,NaN,NaN,NaN,24.0,9.9,NaN,0.0,1.0,96.0,NaN,0.0,1.0,0.9,NaN,0.0,1.0,NaN,NaN,NaN,24.0,123.0,NaN,0.0,1.0,NaN,NaN,NaN,24.0,1.7,NaN,0.0,1.0,4.8,NaN,0.0,1.0,4.4,NaN,0.0,1.0,NaN,NaN,NaN,24.0,NaN,NaN,NaN,24.0,42.3,NaN,0.0,1.0,14.6,NaN,0.0,1.0,NaN,NaN,NaN,24.0,7.3,NaN,0.0,1.0,NaN,NaN,NaN,24.0,211.0,NaN,0.0,1.0,31.0,1.0,1.0,0.0,-3.35,2.0,0.0,0.0,0.0,0.0,0.0,0.0,0.0,0.0,0.0,0.0,1.0,0.0,0.0,NaN,0.0,0.0,NaN,NaN,NaN,NaN,NaN,NaN,NaN
85.0,NaN,9.0,0.0,94.0,NaN,-6.0,0.0,36.44,NaN,0.0,2.0,119.0,NaN,-8.0,0.0,85.0,NaN,-4.0,0.0,74.0,NaN,-9.0,0.0,13.0,NaN,0.0,0.0,NaN,NaN,NaN,24.0,NaN,NaN,NaN,24.0,29.0,NaN,0.0,2.0,NaN,NaN,NaN,24.0,NaN,NaN,NaN,24.0,NaN,NaN,NaN,24.0,NaN,NaN,NaN,24.0,NaN,NaN,NaN,24.0,14.0,NaN,0.0,2.0,NaN,NaN,NaN,24.0,9.9,NaN,0.0,2.0,96.0,NaN,0.0,2.0,0.9,NaN,0.0,2.0,NaN,NaN,NaN,24.0,123.0,NaN,0.0,2.0,NaN,NaN,NaN,24.0,1.7,NaN,0.0,2.0,4.8,NaN,0.0,2.0,4.4,NaN,0.0,2.0,NaN,NaN,NaN,24.0,NaN,NaN,NaN,24.0,42.3,NaN,0.0,2.0,14.6,NaN,0.0,2.0,NaN,NaN,NaN,24.0,7.3,NaN,0.0,2.0,NaN,NaN,NaN,24.0,211.0,NaN,0.0,2.0,31.0,1.0,1.0,0.0,-3.35,3.0,0.0,0.0,0.0,0.0,0.0,0.0,0.0,0.0,0.0,0.0,1.0,0.0,0.0,NaN,0.0,0.0,NaN,NaN,NaN,NaN,NaN,NaN,NaN
97.0,NaN,12.0,0.0,93.0,NaN,-1.0,0.0,36.44,NaN,0.0,3.0,114.0,NaN,-5.0,0.0,82.0,NaN,-3.0,0.0,73.0,NaN,-1.0,0.0,16.0,NaN,3.0,0.0,NaN,NaN,NaN,24.0,NaN,NaN,NaN,24.0,29.0,NaN,0.0,3.0,NaN,NaN,NaN,24.0,NaN,NaN,NaN,24.0,NaN,NaN,NaN,24.0,NaN,NaN,NaN,24.0,NaN,NaN,NaN,24.0,14.0,NaN,0.0,3.0,NaN,NaN,NaN,24.0,9.9,NaN,0.0,3.0,96.0,NaN,0.0,3.0,0.9,NaN,0.0,3.0,NaN,NaN,NaN,24.0,123.0,NaN,0.0,3.0,NaN,NaN,NaN,24.0,1.7,NaN,0.0,3.0,4.8,NaN,0.0,3.0,4.4,NaN,0.0,3.0,NaN,NaN,NaN,24.0,NaN,NaN,NaN,24.0,42.3,NaN,0.0,3.0,14.6,NaN,0.0,3.0,NaN,NaN,NaN,24.0,7.3,NaN,0.0,3.0,NaN,NaN,NaN,24.0,211.0,NaN,0.0,3.0,31.0,1.0,1.0,0.0,-3.35,4.0,0.0,0.0,1.0,0.0,0.0,0.0,0.0,0.0,0.0,0.0,1.0,0.0,0.0,NaN,0.0,0.0,NaN,NaN,NaN,NaN,NaN,NaN,NaN
75.0,NaN,-22.0,0.0,97.0,NaN,4.0,0.0,36.44,NaN,0.0,4.0,110.0,NaN,-4.0,0.0,74.0,NaN,-8.0,0.0,65.0,NaN,-8.0,0.0,16.0,NaN,0.0,0.0,NaN,NaN,NaN,24.0,NaN,NaN,NaN,24.0,29.0,NaN,0.0,4.0,NaN,NaN,NaN,24.0,NaN,NaN,NaN,24.0,NaN,NaN,NaN,24.0,NaN,NaN,NaN,24.0,NaN,NaN,NaN,24.0,14.0,NaN,0.0,4.0,NaN,NaN,NaN,24.0,9.9,NaN,0.0,4.0,96.0,NaN,0.0,4.0,0.9,NaN,0.0,4.0,NaN,NaN,NaN,24.0,123.0,NaN,0.0,4.0,NaN,NaN,NaN,24.0,1.7,NaN,0.0,4.0,4.8,NaN,0.0,4.0,4.4,NaN,0.0,4.0,NaN,NaN,NaN,24.0,NaN,NaN,NaN,24.0,42.3,NaN,0.0,4.0,14.6,NaN,0.0,4.0,NaN,NaN,NaN,24.0,7.3,NaN,0.0,4.0,NaN,NaN,NaN,24.0,211.0,NaN,0.0,4.0,31.0,1.0,1.0,0.0,-3.35,5.0,0.0,0.0,0.0,0.0,0.0,0.0,0.0,0.0,0.0,0.0,1.0,0.0,0.0,NaN,0.0,0.0,NaN,NaN,NaN,NaN,NaN,NaN,NaN
80.0,NaN,5.0,0.0,98.0,NaN,1.0,0.0,36.67,NaN,0.0460000000000008,0.0,110.0,NaN,0.0,0.0,76.0,NaN,2.0,0.0,65.0,NaN,0.0,0.0,14.0,NaN,-2.0,0.0,NaN,NaN,NaN,24.0,NaN,NaN,NaN,24.0,29.0,NaN,0.0,5.0,NaN,NaN,NaN,24.0,NaN,NaN,NaN,24.0,NaN,NaN,NaN,24.0,NaN,NaN,NaN,24.0,NaN,NaN,NaN,24.0,14.0,NaN,0.0,5.0,NaN,NaN,NaN,24.0,9.9,NaN,0.0,5.0,96.0,NaN,0.0,5.0,0.9,NaN,0.0,5.0,NaN,NaN,NaN,24.0,123.0,NaN,0.0,5.0,NaN,NaN,NaN,24.0,1.7,NaN,0.0,5.0,4.8,NaN,0.0,5.0,4.4,NaN,0.0,5.0,NaN,NaN,NaN,24.0,NaN,NaN,NaN,24.0,42.3,NaN,0.0,5.0,14.6,NaN,0.0,5.0,NaN,NaN,NaN,24.0,7.3,NaN,0.0,5.0,NaN,NaN,NaN,24.0,211.0,NaN,0.0,5.0,31.0,1.0,1.0,0.0,-3.35,6.0,0.0,0.0,0.0,0.0,0.0,0.0,0.0,0.0,0.0,0.0,1.0,0.0,0.0,NaN,0.0,0.0,NaN,NaN,NaN,NaN,NaN,NaN,NaN
95.0,NaN,15.0,0.0,99.0,NaN,1.0,0.0,36.67,NaN,0.038333333333333997,1.0,115.0,NaN,5.0,0.0,87.0,NaN,11.0,0.0,80.0,NaN,15.0,0.0,18.0,NaN,4.0,0.0,NaN,NaN,NaN,24.0,NaN,NaN,NaN,24.0,29.0,NaN,0.0,6.0,NaN,NaN,NaN,24.0,NaN,NaN,NaN,24.0,NaN,NaN,NaN,24.0,NaN,NaN,NaN,24.0,NaN,NaN,NaN,24.0,14.0,NaN,0.0,6.0,NaN,NaN,NaN,24.0,9.9,NaN,0.0,6.0,96.0,NaN,0.0,6.0,0.9,NaN,0.0,6.0,NaN,NaN,NaN,24.0,123.0,NaN,0.0,6.0,NaN,NaN,NaN,24.0,1.7,NaN,0.0,6.0,4.8,NaN,0.0,6.0,4.4,NaN,0.0,6.0,NaN,NaN,NaN,24.0,NaN,NaN,NaN,24.0,42.3,NaN,0.0,6.0,14.6,NaN,0.0,6.0,NaN,NaN,NaN,24.0,7.3,NaN,0.0,6.0,NaN,NaN,NaN,24.0,211.0,NaN,0.0,6.0,31.0,1.0,1.0,0.0,-3.35,7.0,0.0,0.0,1.0,0.0,0.0,0.0,0.0,0.0,0.0,0.0,1.0,0.0,0.0,NaN,0.0,0.0,NaN,NaN,NaN,NaN,NaN,NaN,NaN
96.0,NaN,1.0,0.0,97.0,NaN,-2.0,0.0,36.67,NaN,0.032857142857143425,2.0,121.0,NaN,6.0,0.0,75.0,NaN,-12.0,0.0,60.0,NaN,-20.0,0.0,20.0,NaN,2.0,0.0,NaN,NaN,NaN,24.0,NaN,NaN,NaN,24.0,29.0,NaN,0.0,7.0,NaN,NaN,NaN,24.0,NaN,NaN,NaN,24.0,NaN,NaN,NaN,24.0,NaN,NaN,NaN,24.0,NaN,NaN,NaN,24.0,14.0,NaN,0.0,7.0,NaN,NaN,NaN,24.0,9.9,NaN,0.0,7.0,96.0,NaN,0.0,7.0,0.9,NaN,0.0,7.0,NaN,NaN,NaN,24.0,123.0,NaN,0.0,7.0,NaN,NaN,NaN,24.0,1.7,NaN,0.0,7.0,4.8,NaN,0.0,7.0,4.4,NaN,0.0,7.0,NaN,NaN,NaN,24.0,NaN,NaN,NaN,24.0,42.3,NaN,0.0,7.0,14.6,NaN,0.0,7.0,NaN,NaN,NaN,24.0,7.3,NaN,0.0,7.0,NaN,NaN,NaN,24.0,211.0,NaN,0.0,7.0,31.0,1.0,1.0,0.0,-3.35,8.0,0.0,0.0,1.0,0.0,0.0,0.0,0.0,0.0,0.0,0.0,1.0,0.0,0.0,NaN,0.0,0.0,NaN,NaN,NaN,NaN,NaN,NaN,NaN
87.0,NaN,-9.0,0.0,94.0,NaN,-3.0,0.0,36.67,NaN,0.028750000000000497,3.0,111.0,NaN,-10.0,0.0,79.0,NaN,4.0,0.0,72.0,NaN,12.0,0.0,18.0,NaN,-2.0,0.0,NaN,NaN,NaN,24.0,NaN,NaN,NaN,24.0,29.0,NaN,0.0,8.0,NaN,NaN,NaN,24.0,NaN,NaN,NaN,24.0,NaN,NaN,NaN,24.0,NaN,NaN,NaN,24.0,NaN,NaN,NaN,24.0,14.0,NaN,0.0,8.0,NaN,NaN,NaN,24.0,9.9,NaN,0.0,8.0,96.0,NaN,0.0,8.0,0.9,NaN,0.0,8.0,NaN,NaN,NaN,24.0,123.0,NaN,0.0,8.0,NaN,NaN,NaN,24.0,1.7,NaN,0.0,8.0,4.8,NaN,0.0,8.0,4.4,NaN,0.0,8.0,NaN,NaN,NaN,24.0,NaN,NaN,NaN,24.0,42.3,NaN,0.0,8.0,14.6,NaN,0.0,8.0,NaN,NaN,NaN,24.0,7.3,NaN,0.0,8.0,NaN,NaN,NaN,24.0,211.0,NaN,0.0,8.0,31.0,1.0,1.0,0.0,-3.35,9.0,0.0,0.0,0.0,0.0,0.0,0.0,0.0,0.0,0.0,0.0,1.0,0.0,0.0,NaN,0.0,0.0,NaN,NaN,NaN,NaN,NaN,NaN,NaN
76.0,NaN,-11.0,0.0,93.0,NaN,-1.0,0.0,36.67,NaN,0.025555555555555998,4.0,103.0,NaN,-8.0,0.0,91.0,NaN,12.0,0.0,67.0,NaN,-5.0,0.0,15.0,NaN,-3.0,0.0,NaN,NaN,NaN,24.0,NaN,NaN,NaN,24.0,29.0,NaN,0.0,9.0,NaN,NaN,NaN,24.0,NaN,NaN,NaN,24.0,NaN,NaN,NaN,24.0,NaN,NaN,NaN,24.0,NaN,NaN,NaN,24.0,14.0,NaN,0.0,9.0,NaN,NaN,NaN,24.0,9.9,NaN,0.0,9.0,96.0,NaN,0.0,9.0,0.9,NaN,0.0,9.0,NaN,NaN,NaN,24.0,123.0,NaN,0.0,9.0,NaN,NaN,NaN,24.0,1.7,NaN,0.0,9.0,4.8,NaN,0.0,9.0,4.4,NaN,0.0,9.0,NaN,NaN,NaN,24.0,NaN,NaN,NaN,24.0,42.3,NaN,0.0,9.0,14.6,NaN,0.0,9.0,NaN,NaN,NaN,24.0,7.3,NaN,0.0,9.0,NaN,NaN,NaN,24.0,211.0,NaN,0.0,9.0,31.0,1.0,1.0,0.0,-3.35,10.0,0.0,0.0,0.0,0.0,0.0,0.0,0.0,0.0,0.0,0.0,1.0,0.0,0.0,NaN,0.0,0.0,NaN,NaN,NaN,NaN,NaN,NaN,NaN
64.0,NaN,-12.0,0.0,93.0,NaN,0.0,0.0,36.67,NaN,0.0230000000000004,5.0,99.0,NaN,-4.0,0.0,74.0,NaN,-17.0,0.0,66.0,NaN,-1.0,0.0,11.0,NaN,-4.0,0.0,NaN,NaN,NaN,24.0,NaN,NaN,NaN,24.0,29.0,NaN,0.0,10.0,NaN,NaN,NaN,24.0,NaN,NaN,NaN,24.0,NaN,NaN,NaN,24.0,NaN,NaN,NaN,24.0,NaN,NaN,NaN,24.0,14.0,NaN,0.0,10.0,NaN,NaN,NaN,24.0,9.9,NaN,0.0,10.0,96.0,NaN,0.0,10.0,0.9,NaN,0.0,10.0,NaN,NaN,NaN,24.0,123.0,NaN,0.0,10.0,NaN,NaN,NaN,24.0,1.7,NaN,0.0,10.0,4.8,NaN,0.0,10.0,4.4,NaN,0.0,10.0,NaN,NaN,NaN,24.0,NaN,NaN,NaN,24.0,42.3,NaN,0.0,10.0,14.6,NaN,0.0,10.0,NaN,NaN,NaN,24.0,7.3,NaN,0.0,10.0,NaN,NaN,NaN,24.0,211.0,NaN,0.0,10.0,31.0,1.0,1.0,0.0,-3.35,11.0,0.0,0.0,0.0,0.0,0.0,0.0,0.0,0.0,0.0,0.0,1.0,0.0,0.0,NaN,0.0,0.0,NaN,NaN,NaN,NaN,NaN,NaN,NaN
76.0,NaN,12.0,0.0,93.0,NaN,0.0,0.0,36.67,NaN,0.02090909090909127,6.0,104.0,NaN,5.0,0.0,67.0,NaN,-7.0,0.0,52.0,NaN,-14.0,0.0,17.0,NaN,6.0,0.0,NaN,NaN,NaN,24.0,NaN,NaN,NaN,24.0,29.0,NaN,0.0,11.0,NaN,NaN,NaN,24.0,NaN,NaN,NaN,24.0,NaN,NaN,NaN,24.0,NaN,NaN,NaN,24.0,NaN,NaN,NaN,24.0,14.0,NaN,0.0,11.0,NaN,NaN,NaN,24.0,9.9,NaN,0.0,11.0,96.0,NaN,0.0,11.0,0.9,NaN,0.0,11.0,NaN,NaN,NaN,24.0,123.0,NaN,0.0,11.0,NaN,NaN,NaN,24.0,1.7,NaN,0.0,11.0,4.8,NaN,0.0,11.0,4.4,NaN,0.0,11.0,NaN,NaN,NaN,24.0,NaN,NaN,NaN,24.0,42.3,NaN,0.0,11.0,14.6,NaN,0.0,11.0,NaN,NaN,NaN,24.0,7.3,NaN,0.0,11.0,NaN,NaN,NaN,24.0,211.0,NaN,0.0,11.0,31.0,1.0,1.0,0.0,-3.35,12.0,0.0,0.0,0.0,0.0,0.0,0.0,0.0,0.0,0.0,0.0,1.0,0.0,0.0,NaN,0.0,0.0,NaN,NaN,NaN,NaN,NaN,NaN,NaN
67.0,NaN,-9.0,0.0,93.0,NaN,0.0,0.0,36.83,NaN,0.02285714285714237,0.0,99.0,NaN,-5.0,0.0,69.0,NaN,2.0,0.0,59.0,NaN,7.0,0.0,11.0,NaN,-6.0,0.0,NaN,NaN,NaN,24.0,NaN,NaN,NaN,24.0,29.0,NaN,0.0,12.0,NaN,NaN,NaN,24.0,NaN,NaN,NaN,24.0,NaN,NaN,NaN,24.0,NaN,NaN,NaN,24.0,NaN,NaN,NaN,24.0,14.0,NaN,0.0,12.0,NaN,NaN,NaN,24.0,9.9,NaN,0.0,12.0,96.0,NaN,0.0,12.0,0.9,NaN,0.0,12.0,NaN,NaN,NaN,24.0,123.0,NaN,0.0,12.0,NaN,NaN,NaN,24.0,1.7,NaN,0.0,12.0,4.8,NaN,0.0,12.0,4.4,NaN,0.0,12.0,NaN,NaN,NaN,24.0,NaN,NaN,NaN,24.0,42.3,NaN,0.0,12.0,14.6,NaN,0.0,12.0,NaN,NaN,NaN,24.0,7.3,NaN,0.0,12.0,NaN,NaN,NaN,24.0,211.0,NaN,0.0,12.0,31.0,1.0,1.0,0.0,-3.35,13.0,0.0,0.0,0.0,0.0,0.0,0.0,0.0,0.0,0.0,0.0,1.0,0.0,0.0,NaN,0.0,0.0,NaN,NaN,NaN,NaN,NaN,NaN,NaN
67.0,NaN,-4.5,1.0,93.0,NaN,0.0,1.0,36.83,NaN,0.019999999999999574,1.0,99.0,NaN,-2.5,1.0,69.0,NaN,1.0,1.0,59.0,NaN,3.5,1.0,11.0,NaN,-3.0,1.0,NaN,NaN,NaN,24.0,NaN,NaN,NaN,24.0,29.0,NaN,0.0,13.0,NaN,NaN,NaN,24.0,NaN,NaN,NaN,24.0,NaN,NaN,NaN,24.0,NaN,NaN,NaN,24.0,NaN,NaN,NaN,24.0,14.0,NaN,0.0,13.0,NaN,NaN,NaN,24.0,9.9,NaN,0.0,13.0,96.0,NaN,0.0,13.0,0.9,NaN,0.0,13.0,NaN,NaN,NaN,24.0,123.0,NaN,0.0,13.0,NaN,NaN,NaN,24.0,1.7,NaN,0.0,13.0,4.8,NaN,0.0,13.0,4.4,NaN,0.0,13.0,NaN,NaN,NaN,24.0,NaN,NaN,NaN,24.0,42.3,NaN,0.0,13.0,14.6,NaN,0.0,13.0,NaN,NaN,NaN,24.0,7.3,NaN,0.0,13.0,NaN,NaN,NaN,24.0,211.0,NaN,0.0,13.0,31.0,1.0,1.0,0.0,-3.35,14.0,0.0,0.0,0.0,0.0,0.0,0.0,0.0,0.0,0.0,0.0,1.0,0.0,0.0,NaN,0.0,0.0,NaN,NaN,NaN,NaN,NaN,NaN,NaN
