NaN,NaN,NaN,24.0,NaN,NaN,NaN,24.0,NaN,NaN,NaN,24.0,NaN,NaN,NaN,24.0,NaN,NaN,NaN,24.0,NaN,NaN,NaN,24.0,NaN,NaN,NaN,24.0,NaN,NaN,NaN,24.0,NaN,NaN,NaN,24.0,NaN,NaN,NaN,24.0,NaN,NaN,NaN,24.0,NaN,NaN,NaN,24.0,NaN,NaN,NaN,24.0,NaN,NaN,NaN,24.0,NaN,NaN,NaN,24.0,NaN,NaN,NaN,24.0,NaN,NaN,NaN,24.0,NaN,NaN,NaN,24.0,NaN,NaN,NaN,24.0,NaN,NaN,NaN,24.0,NaN,NaN,NaN,24.0,NaN,NaN,NaN,24.0,NaN,NaN,NaN,24.0,NaN,NaN,NaN,24.0,NaN,NaN,NaN,24.0,NaN,NaN,NaN,24.0,NaN,NaN,NaN,24.0,NaN,NaN,NaN,24.0,NaN,NaN,NaN,24.0,NaN,NaN,NaN,24.0,NaN,NaN,NaN,24.0,NaN,NaN,NaN,24.0,NaN,NaN,NaN,24.0,NaN,NaN,NaN,24.0,82.0,1.0,1.0,0.0,-4.516666666666667,1.0,0.0,0.0,0.0,0.0,0.0,0.0,0.0,0.0,0.0,0.0,1.0,0.0,1.0,1.0,0.0,0.0,NaN,12.0,4.0,4.0,NaN,NaN,NaN
70.5,NaN,0.0,0.0,98.0,NaN,0.0,0.0,36.5,NaN,0.0,0.0,108.0,NaN,0.0,0.0,64.0,NaN,0.0,0.0,49.0,NaN,0.0,0.0,18.3333333333333,NaN,0.0,0.0,NaN,NaN,NaN,24.0,NaN,NaN,NaN,24.0,NaN,NaN,NaN,24.0,0.35,NaN,0.0,0.0,NaN,NaN,NaN,24.0,NaN,NaN,NaN,24.0,NaN,NaN,NaN,24.0,NaN,NaN,NaN,24.0,NaN,NaN,NaN,24.0,NaN,NaN,NaN,24.0,NaN,NaN,NaN,24.0,NaN,NaN,NaN,24.0,NaN,NaN,NaN,24.0,NaN,NaN,NaN,24.0,NaN,NaN,NaN,24.0,NaN,NaN,NaN,24.0,NaN,NaN,NaN,24.0,NaN,NaN,NaN,24.0,NaN,NaN,NaN,24.0,NaN,NaN,NaN,24.0,NaN,NaN,NaN,24.0,NaN,NaN,NaN,24.0,NaN,NaN,NaN,24.0,NaN,NaN,NaN,24.0,NaN,NaN,NaN,24.0,NaN,NaN,NaN,24.0,NaN,NaN,NaN,24.0,82.0,1.0,1.0,0.0,-4.516666666666667,2.0,0.0,0.0,0.0,0.0,1.0,0.0,0.0,1.0,0.0,0.0,1.0,0.0,1.0,1.0,0.0,0.0,NaN,12.0,4.0,4.0,NaN,NaN,NaN
71.0,NaN,0.5,0.0,99.0,NaN,1.0,0.0,36.5,NaN,0.0,1.0,98.0,NaN,-10.0,0.0,58.0,NaN,-6.0,0.0,46.0,NaN,-3.0,0.0,15.0,NaN,-3.3333333333333,0.0,NaN,NaN,NaN,24.0,NaN,NaN,NaN,24.0,NaN,NaN,NaN,24.0,0.35,NaN,0.0,1.0,NaN,NaN,NaN,24.0,NaN,NaN,NaN,24.0,NaN,NaN,NaN,24.0,NaN,NaN,NaN,24.0,NaN,NaN,NaN,24.0,NaN,NaN,NaN,24.0,NaN,NaN,NaN,24.0,NaN,NaN,NaN,24.0,NaN,NaN,NaN,24.0,NaN,NaN,NaN,24.0,NaN,NaN,NaN,24.0,NaN,NaN,NaN,24.0,NaN,NaN,NaN,24.0,NaN,NaN,NaN,24.0,NaN,NaN,NaN,24.0,NaN,NaN,NaN,24.0,NaN,NaN,NaN,24.0,NaN,NaN,NaN,24.0,NaN,NaN,NaN,24.0,NaN,NaN,NaN,24.0,NaN,NaN,NaN,24.0,NaN,NaN,NaN,24.0,NaN,NaN,NaN,24.0,82.0,1.0,1.0,0.0,-4.516666666666667,3.0,0.0,0.0,0.0,0.0,0.0,0.0,0.0,1.0,0.0,0.0,1.0,0.0,1.0,1.0,0.0,0.0,NaN,12.0,4.0,4.0,NaN,NaN,NaN
71.0,NaN,0.0,0.0,99.0,NaN,0.0,0.0,36.5,NaN,0.0,2.0,108.0,NaN,10.0,0.0,59.0,NaN,1.0,0.0,46.0,NaN,0.0,0.0,15.5,NaN,0.5,0.0,NaN,NaN,NaN,24.0,NaN,NaN,NaN,24.0,NaN,NaN,NaN,24.0,0.35,NaN,0.0,0.0,NaN,NaN,NaN,24.0,NaN,NaN,NaN,24.0,NaN,NaN,NaN,24.0,NaN,NaN,NaN,24.0,NaN,NaN,NaN,24.0,NaN,NaN,NaN,24.0,NaN,NaN,NaN,24.0,NaN,NaN,NaN,24.0,NaN,NaN,NaN,24.0,NaN,NaN,NaN,24.0,NaN,NaN,NaN,24.0,NaN,NaN,NaN,24.0,NaN,NaN,NaN,24.0,NaN,NaN,NaN,24.0,NaN,NaN,NaN,24.0,NaN,NaN,NaN,24.0,NaN,NaN,NaN,24.0,NaN,NaN,NaN,24.0,NaN,NaN,NaN,24.0,NaN,NaN,NaN,24.0,NaN,NaN,NaN,24.0,NaN,NaN,NaN,24.0,NaN,NaN,NaN,24.0,82.0,1.0,1.0,0.0,-4.516666666666667,4.0,0.0,0.0,0.0,0.0,1.0,0.0,0.0,1.0,0.0,0.0,1.0,0.0,1.0,1.0,0.0,0.0,NaN,12.0,4.0,4.0,NaN,NaN,NaN
71.0,NaN,0.0,0.0,97.0,NaN,-2.0,0.0,37.61,NaN,0.36999999999999983,0.0,105.0,NaN,-3.0,0.0,61.0,NaN,2.0,0.0,45.0,NaN,-1.0,0.0,14.0,NaN,-1.5,0.0,NaN,NaN,NaN,24.0,NaN,NaN,NaN,24.0,NaN,NaN,NaN,24.0,0.35,NaN,0.0,1.0,NaN,NaN,NaN,24.0,NaN,NaN,NaN,24.0,NaN,NaN,NaN,24.0,NaN,NaN,NaN,24.0,NaN,NaN,NaN,24.0,NaN,NaN,NaN,24.0,NaN,NaN,NaN,24.0,NaN,NaN,NaN,24.0,NaN,NaN,NaN,24.0,NaN,NaN,NaN,24.0,NaN,NaN,NaN,24.0,NaN,NaN,NaN,24.0,NaN,NaN,NaN,24.0,NaN,NaN,NaN,24.0,NaN,NaN,NaN,24.0,NaN,NaN,NaN,24.0,NaN,NaN,NaN,24.0,NaN,NaN,NaN,24.0,NaN,NaN,NaN,24.0,NaN,NaN,NaN,24.0,NaN,NaN,NaN,24.0,NaN,NaN,NaN,24.0,NaN,NaN,NaN,24.0,82.0,1.0,1.0,0.0,-4.516666666666667,5.0,0.0,0.0,0.0,0.0,0.0,0.0,0.0,1.0,0.0,0.0,1.0,0.0,1.0,1.0,0.0,0.0,NaN,12.0,4.0,4.0,NaN,NaN,NaN
71.0,NaN,0.0,0.0,98.0,NaN,1.0,0.0,37.61,NaN,0.27749999999999986,1.0,101.0,NaN,-4.0,0.0,58.0,NaN,-3.0,0.0,44.0,NaN,-1.0,0.0,15.0,NaN,1.0,0.0,NaN,NaN,NaN,24.0,NaN,NaN,NaN,24.0,NaN,NaN,NaN,24.0,0.35,NaN,0.0,2.0,NaN,NaN,NaN,24.0,NaN,NaN,NaN,24.0,NaN,NaN,NaN,24.0,NaN,NaN,NaN,24.0,NaN,NaN,NaN,24.0,NaN,NaN,NaN,24.0,NaN,NaN,NaN,24.0,NaN,NaN,NaN,24.0,NaN,NaN,NaN,24.0,NaN,NaN,NaN,24.0,NaN,NaN,NaN,24.0,NaN,NaN,NaN,24.0,NaN,NaN,NaN,24.0,NaN,NaN,NaN,24.0,NaN,NaN,NaN,24.0,NaN,NaN,NaN,24.0,NaN,NaN,NaN,24.0,NaN,NaN,NaN,24.0,NaN,NaN,NaN,24.0,NaN,NaN,NaN,24.0,NaN,NaN,NaN,24.0,NaN,NaN,NaN,24.0,NaN,NaN,NaN,24.0,82.0,1.0,1.0,0.0,-4.516666666666667,6.0,0.0,0.0,0.0,0.0,0.0,0.0,0.0,1.0,0.0,0.0,1.0,0.0,1.0,1.0,0.0,0.0,NaN,12.0,4.0,4.0,NaN,NaN,NaN
70.0,NaN,-1.0,0.0,99.0,NaN,1.0,0.0,37.61,NaN,0.2219999999999999,2.0,106.0,NaN,5.0,0.0,60.0,NaN,2.0,0.0,46.0,NaN,2.0,0.0,14.0,NaN,-1.0,0.0,NaN,NaN,NaN,24.0,NaN,NaN,NaN,24.0,NaN,NaN,NaN,24.0,0.35,NaN,0.0,3.0,NaN,NaN,NaN,24.0,NaN,NaN,NaN,24.0,NaN,NaN,NaN,24.0,NaN,NaN,NaN,24.0,NaN,NaN,NaN,24.0,NaN,NaN,NaN,24.0,NaN,NaN,NaN,24.0,NaN,NaN,NaN,24.0,NaN,NaN,NaN,24.0,NaN,NaN,NaN,24.0,NaN,NaN,NaN,24.0,NaN,NaN,NaN,24.0,NaN,NaN,NaN,24.0,NaN,NaN,NaN,24.0,NaN,NaN,NaN,24.0,NaN,NaN,NaN,24.0,NaN,NaN,NaN,24.0,NaN,NaN,NaN,24.0,NaN,NaN,NaN,24.0,NaN,NaN,NaN,24.0,NaN,NaN,NaN,24.0,NaN,NaN,NaN,24.0,NaN,NaN,NaN,24.0,82.0,1.0,1.0,0.0,-4.516666666666667,7.0,0.0,0.0,0.0,0.0,0.0,0.0,0.0,1.0,0.0,0.0,1.0,0.0,1.0,1.0,0.0,0.0,NaN,12.0,4.0,4.0,NaN,NaN,NaN
70.0,NaN,0.0,0.0,99.0,NaN,0.0,0.0,37.61,NaN,0.18499999999999991,3.0,98.0,NaN,-8.0,0.0,59.0,NaN,-1.0,0.0,47.0,NaN,1.0,0.0,13.0,NaN,-1.0,0.0,NaN,NaN,NaN,24.0,NaN,NaN,NaN,24.0,27.0,NaN,0.0,0.0,0.35,NaN,0.0,4.0,NaN,NaN,NaN,24.0,NaN,NaN,NaN,24.0,NaN,NaN,NaN,24.0,NaN,NaN,NaN,24.0,69.0,NaN,0.0,0.0,NaN,NaN,NaN,24.0,8.1,NaN,0.0,0.0,100.0,NaN,0.0,0.0,1.6,NaN,0.0,0.0,NaN,NaN,NaN,24.0,103.0,NaN,0.0,0.0,NaN,NaN,NaN,24.0,1.9,NaN,0.0,0.0,3.9,NaN,0.0,0.0,4.3,NaN,0.0,0.0,NaN,NaN,NaN,24.0,NaN,NaN,NaN,24.0,24.9,NaN,0.0,0.0,8.1,NaN,0.0,0.0,29.1,NaN,0.0,0.0,9.8,NaN,0.0,0.0,NaN,NaN,NaN,24.0,200.0,NaN,0.0,0.0,82.0,1.0,1.0,0.0,-4.516666666666667,8.0,0.0,0.0,0.0,0.0,0.0,0.0,0.0,1.0,0.0,1.0,1.0,0.0,1.0,1.0,0.0,0.0,NaN,12.0,4.0,4.0,NaN,NaN,NaN
70.0,NaN,0.0,0.0,99.0,NaN,0.0,0.0,37.78,NaN,0.042500000000000426,0.0,110.0,NaN,12.0,0.0,64.0,NaN,5.0,0.0,51.0,NaN,4.0,0.0,13.5,NaN,0.5,0.0,NaN,NaN,NaN,24.0,5.0,NaN,0.0,0.0,27.0,NaN,0.0,1.0,0.35,NaN,0.0,0.0,7.5,NaN,0.0,0.0,38.0,NaN,0.0,0.0,NaN,NaN,NaN,24.0,NaN,NaN,NaN,24.0,69.0,NaN,0.0,1.0,NaN,NaN,NaN,24.0,8.1,NaN,0.0,1.0,100.0,NaN,0.0,1.0,1.6,NaN,0.0,1.0,NaN,NaN,NaN,24.0,103.0,NaN,0.0,1.0,0.8,NaN,0.0,0.0,1.9,NaN,0.0,1.0,3.9,NaN,0.0,1.0,4.3,NaN,0.0,1.0,NaN,NaN,NaN,24.0,NaN,NaN,NaN,24.0,24.9,NaN,0.0,1.0,8.1,NaN,0.0,1.0,29.1,NaN,0.0,1.0,9.8,NaN,0.0,1.0,NaN,NaN,NaN,24.0,200.0,NaN,0.0,1.0,82.0,1.0,1.0,0.0,-4.516666666666667,9.0,0.0,0.0,0.0,0.0,1.0,0.0,0.0,1.0,0.0,0.0,1.0,1.0,1.0,1.0,0.0,0.0,NaN,12.0,4.0,4.0,NaN,NaN,NaN
70.0,NaN,0.0,0.0,97.0,NaN,-2.0,0.0,37.78,NaN,0.03400000000000034,1.0,106.0,NaN,-4.0,0.0,62.0,NaN,-2.0,0.0,48.0,NaN,-3.0,0.0,15.0,NaN,1.5,0.0,NaN,NaN,NaN,24.0,5.0,NaN,0.0,1.0,27.0,NaN,0.0,2.0,0.35,NaN,0.0,1.0,7.5,NaN,0.0,1.0,38.0,NaN,0.0,1.0,NaN,NaN,NaN,24.0,NaN,NaN,NaN,24.0,69.0,NaN,0.0,2.0,NaN,NaN,NaN,24.0,8.1,NaN,0.0,2.0,100.0,NaN,0.0,2.0,1.6,NaN,0.0,2.0,NaN,NaN,NaN,24.0,103.0,NaN,0.0,2.0,0.8,NaN,0.0,1.0,1.9,NaN,0.0,2.0,3.9,NaN,0.0,2.0,4.3,NaN,0.0,2.0,NaN,NaN,NaN,24.0,NaN,NaN,NaN,24.0,24.9,NaN,0.0,2.0,8.1,NaN,0.0,2.0,29.1,NaN,0.0,2.0,9.8,NaN,0.0,2.0,NaN,NaN,NaN,24.0,200.0,NaN,0.0,2.0,82.0,1.0,1.0,0.0,-4.516666666666667,10.0,0.0,0.0,0.0,0.0,0.0,0.0,0.0,1.0,0.0,0.0,1.0,1.0,1.0,1.0,0.0,0.0,NaN,12.0,4.0,4.0,NaN,NaN,NaN
70.0,NaN,0.0,0.0,96.0,NaN,-1.0,0.0,37.78,NaN,0.028333333333333616,2.0,107.0,NaN,1.0,0.0,61.0,NaN,-1.0,0.0,46.0,NaN,-2.0,0.0,15.0,NaN,0.0,0.0,NaN,NaN,NaN,24.0,5.0,NaN,0.0,2.0,27.0,NaN,0.0,3.0,0.35,NaN,0.0,2.0,7.5,NaN,0.0,2.0,38.0,NaN,0.0,2.0,NaN,NaN,NaN,24.0,NaN,NaN,NaN,24.0,69.0,NaN,0.0,3.0,NaN,NaN,NaN,24.0,8.1,NaN,0.0,3.0,100.0,NaN,0.0,3.0,1.6,NaN,0.0,3.0,NaN,NaN,NaN,24.0,103.0,NaN,0.0,3.0,0.8,NaN,0.0,2.0,1.9,NaN,0.0,3.0,3.9,NaN,0.0,3.0,4.3,NaN,0.0,3.0,NaN,NaN,NaN,24.0,NaN,NaN,NaN,24.0,24.9,NaN,0.0,3.0,8.1,NaN,0.0,3.0,29.1,NaN,0.0,3.0,9.8,NaN,0.0,3.0,NaN,NaN,NaN,24.0,200.0,NaN,0.0,3.0,82.0,1.0,1.0,0.0,-4.516666666666667,11.0,0.0,0.0,0.0,0.0,0.0,0.0,0.0,1.0,0.0,0.0,1.0,1.0,1.0,1.0,0.0,0.0,NaN,12.0,4.0,4.0,NaN,NaN,NaN
70.0,NaN,0.0,0.0,99.0,NaN,3.0,0.0,37.78,NaN,0.02428571428571453,3.0,107.0,NaN,0.0,0.0,60.0,NaN,-1.0,0.0,46.0,NaN,0.0,0.0,17.0,NaN,2.0,0.0,NaN,NaN,NaN,24.0,5.0,NaN,0.0,3.0,27.0,NaN,0.0,4.0,0.35,NaN,0.0,3.0,7.5,NaN,0.0,3.0,38.0,NaN,0.0,3.0,NaN,NaN,NaN,24.0,NaN,NaN,NaN,24.0,69.0,NaN,0.0,4.0,NaN,NaN,NaN,24.0,8.1,NaN,0.0,4.0,100.0,NaN,0.0,4.0,1.6,NaN,0.0,4.0,NaN,NaN,NaN,24.0,103.0,NaN,0.0,4.0,0.8,NaN,0.0,3.0,1.9,NaN,0.0,4.0,3.9,NaN,0.0,4.0,4.3,NaN,0.0,4.0,NaN,NaN,NaN,24.0,NaN,NaN,NaN,24.0,24.9,NaN,0.0,4.0,8.1,NaN,0.0,4.0,29.1,NaN,0.0,4.0,9.8,NaN,0.0,4.0,NaN,NaN,NaN,24.0,200.0,NaN,0.0,4.0,82.0,1.0,1.0,0.0,-4.516666666666667,12.0,0.0,0.0,0.0,0.0,0.0,0.0,0.0,1.0,0.0,0.0,1.0,1.0,1.0,1.0,0.0,0.0,NaN,12.0,4.0,4.0,NaN,NaN,NaN
70.0,NaN,0.0,0.0,99.0,NaN,0.0,0.0,37.78,NaN,0.021250000000000213,4.0,110.0,NaN,3.0,0.0,59.0,NaN,-1.0,0.0,44.0,NaN,-2.0,0.0,14.0,NaN,-3.0,0.0,NaN,NaN,NaN,24.0,5.0,NaN,0.0,4.0,27.0,NaN,0.0,5.0,0.35,NaN,0.0,0.0,7.5,NaN,0.0,4.0,38.0,NaN,0.0,4.0,NaN,NaN,NaN,24.0,NaN,NaN,NaN,24.0,69.0,NaN,0.0,5.0,NaN,NaN,NaN,24.0,8.1,NaN,0.0,5.0,100.0,NaN,0.0,5.0,1.6,NaN,0.0,5.0,NaN,NaN,NaN,24.0,103.0,NaN,0.0,5.0,0.8,NaN,0.0,4.0,1.9,NaN,0.0,5.0,3.9,NaN,0.0,5.0,4.3,NaN,0.0,5.0,NaN,NaN,NaN,24.0,NaN,NaN,NaN,24.0,24.9,NaN,0.0,5.0,8.1,NaN,0.0,5.0,29.1,NaN,0.0,5.0,9.8,NaN,0.0,5.0,NaN,NaN,NaN,24.0,200.0,NaN,0.0,5.0,82.0,1.0,1.0,0.0,-4.516666666666667,13.0,0.0,0.0,0.0,0.0,1.0,0.0,0.0,1.0,0.0,0.0,1.0,1.0,1.0,1.0,0.0,0.0,NaN,12.0,4.0,4.0,NaN,NaN,NaN
70.0,NaN,0.0,0.0,97.0,NaN,-2.0,0.0,37.11,NaN,-0.13400000000000034,0.0,104.0,NaN,-6.0,0.0,58.0,NaN,-1.0,0.0,43.0,NaN,-1.0,0.0,17.0,NaN,3.0,0.0,NaN,NaN,NaN,24.0,5.0,NaN,0.0,5.0,27.0,NaN,0.0,6.0,0.35,NaN,0.0,1.0,7.5,NaN,0.0,5.0,38.0,NaN,0.0,5.0,NaN,NaN,NaN,24.0,NaN,NaN,NaN,24.0,69.0,NaN,0.0,6.0,NaN,NaN,NaN,24.0,8.1,NaN,0.0,6.0,100.0,NaN,0.0,6.0,1.6,NaN,0.0,6.0,NaN,NaN,NaN,24.0,103.0,NaN,0.0,6.0,0.8,NaN,0.0,5.0,1.9,NaN,0.0,6.0,3.9,NaN,0.0,6.0,4.3,NaN,0.0,6.0,NaN,NaN,NaN,24.0,NaN,NaN,NaN,24.0,24.9,NaN,0.0,6.0,8.1,NaN,0.0,6.0,29.1,NaN,0.0,6.0,9.8,NaN,0.0,6.0,NaN,NaN,NaN,24.0,200.0,NaN,0.0,6.0,82.0,1.0,1.0,0.0,-4.516666666666667,14.0,0.0,0.0,0.0,0.0,0.0,0.0,0.0,1.0,0.0,0.0,1.0,1.0,1.0,1.0,0.0,0.0,NaN,12.0,4.0,4.0,NaN,NaN,NaN
70.0,NaN,0.0,0.0,94.0,NaN,-3.0,0.0,37.11,NaN,-0.11166666666666696,1.0,102.0,NaN,-2.0,0.0,70.0,NaN,12.0,0.0,42.0,NaN,-1.0,0.0,15.0,NaN,-2.0,0.0,NaN,NaN,NaN,24.0,5.0,NaN,0.0,6.0,27.0,NaN,0.0,7.0,0.35,NaN,0.0,2.0,7.5,NaN,0.0,6.0,38.0,NaN,0.0,6.0,NaN,NaN,NaN,24.0,NaN,NaN,NaN,24.0,69.0,NaN,0.0,7.0,NaN,NaN,NaN,24.0,8.1,NaN,0.0,7.0,100.0,NaN,0.0,7.0,1.6,NaN,0.0,7.0,NaN,NaN,NaN,24.0,103.0,NaN,0.0,7.0,0.8,NaN,0.0,6.0,1.9,NaN,0.0,7.0,3.9,NaN,0.0,7.0,4.3,NaN,0.0,7.0,NaN,NaN,NaN,24.0,NaN,NaN,NaN,24.0,24.9,NaN,0.0,7.0,8.1,NaN,0.0,7.0,29.1,NaN,0.0,7.0,9.8,NaN,0.0,7.0,NaN,NaN,NaN,24.0,200.0,NaN,0.0,7.0,82.0,1.0,1.0,0.0,-4.516666666666667,15.0,0.0,0.0,0.0,0.0,0.0,0.0,0.0,0.0,0.0,0.0,1.0,1.0,1.0,1.0,0.0,0.0,NaN,12.0,4.0,4.0,NaN,NaN,NaN
74.0,NaN,4.0,0.0,96.0,NaN,2.0,0.0,37.11,NaN,-0.09571428571428596,2.0,100.0,NaN,-2.0,0.0,58.0,NaN,-12.0,0.0,43.0,NaN,1.0,0.0,14.0,NaN,-1.0,0.0,NaN,NaN,NaN,24.0,5.0,NaN,0.0,7.0,27.0,NaN,0.0,8.0,0.35,NaN,0.0,0.0,7.5,NaN,0.0,7.0,38.0,NaN,0.0,7.0,NaN,NaN,NaN,24.0,NaN,NaN,NaN,24.0,69.0,NaN,0.0,8.0,NaN,NaN,NaN,24.0,8.1,NaN,0.0,8.0,100.0,NaN,0.0,8.0,1.6,NaN,0.0,8.0,NaN,NaN,NaN,24.0,103.0,NaN,0.0,8.0,0.8,NaN,0.0,7.0,1.9,NaN,0.0,8.0,3.9,NaN,0.0,8.0,4.3,NaN,0.0,8.0,NaN,NaN,NaN,24.0,NaN,NaN,NaN,24.0,24.9,NaN,0.0,8.0,8.1,NaN,0.0,8.0,29.1,NaN,0.0,8.0,9.8,NaN,0.0,8.0,NaN,NaN,NaN,24.0,200.0,NaN,0.0,8.0,82.0,1.0,1.0,0.0,-4.516666666666667,16.0,0.0,0.0,0.0,0.0,1.0,0.0,0.0,1.0,0.0,0.0,1.0,1.0,1.0,1.0,0.0,0.0,NaN,12.0,4.0,4.0,NaN,NaN,NaN
