NaN,NaN,NaN,24.0,NaN,NaN,NaN,24.0,NaN,NaN,NaN,24.0,NaN,NaN,NaN,24.0,NaN,NaN,NaN,24.0,NaN,NaN,NaN,24.0,NaN,NaN,NaN,24.0,NaN,NaN,NaN,24.0,NaN,NaN,NaN,24.0,NaN,NaN,NaN,24.0,NaN,NaN,NaN,24.0,NaN,NaN,NaN,24.0,NaN,NaN,NaN,24.0,87.0,NaN,NaN,24.0,NaN,NaN,NaN,24.0,NaN,NaN,NaN,24.0,NaN,NaN,NaN,24.0,NaN,NaN,NaN,24.0,NaN,NaN,NaN,24.0,NaN,NaN,NaN,24.0,NaN,NaN,NaN,24.0,NaN,NaN,NaN,24.0,0.5,NaN,NaN,24.0,NaN,NaN,NaN,24.0,NaN,NaN,NaN,24.0,NaN,NaN,NaN,24.0,NaN,NaN,NaN,24.0,NaN,NaN,NaN,24.0,NaN,NaN,NaN,24.0,NaN,NaN,NaN,24.0,NaN,NaN,NaN,24.0,NaN,NaN,NaN,24.0,NaN,NaN,NaN,24.0,NaN,NaN,NaN,24.0,49.0,0.0,1.0,0.0,-16.36,1.0,0.0,0.0,0.0,0.0,0.0,0.0,0.0,0.0,0.0,0.0,1.0,0.0,1.0,1.0,0.0,0.0,NaN,9.0,9.0,9.0,NaN,NaN,NaN
NaN,NaN,NaN,24.0,NaN,NaN,NaN,24.0,NaN,NaN,NaN,24.0,NaN,NaN,NaN,24.0,NaN,NaN,NaN,24.0,NaN,NaN,NaN,24.0,NaN,NaN,NaN,24.0,NaN,NaN,NaN,24.0,NaN,NaN,NaN,24.0,NaN,NaN,NaN,24.0,NaN,NaN,NaN,24.0,NaN,NaN,NaN,24.0,NaN,NaN,NaN,24.0,87.0,NaN,0.0,1.0,NaN,NaN,NaN,24.0,NaN,NaN,NaN,24.0,NaN,NaN,NaN,24.0,NaN,NaN,NaN,24.0,NaN,NaN,NaN,24.0,NaN,NaN,NaN,24.0,NaN,NaN,NaN,24.0,NaN,NaN,NaN,24.0,0.5,NaN,0.0,1.0,NaN,NaN,NaN,24.0,NaN,NaN,NaN,24.0,NaN,NaN,NaN,24.0,NaN,NaN,NaN,24.0,NaN,NaN,NaN,24.0,NaN,NaN,NaN,24.0,NaN,NaN,NaN,24.0,NaN,NaN,NaN,24.0,NaN,NaN,NaN,24.0,NaN,NaN,NaN,24.0,NaN,NaN,NaN,24.0,49.0,0.0,1.0,0.0,-16.36,2.0,0.0,0.0,0.0,0.0,0.0,0.0,0.0,0.0,0.0,0.0,1.0,0.0,1.0,1.0,0.0,0.0,NaN,9.0,9.0,9.0,NaN,NaN,NaN
71.0,NaN,0.0,0.0,NaN,NaN,NaN,24.0,36.33,NaN,0.0,0.0,112.0,NaN,0.0,0.0,76.0,NaN,0.0,0.0,66.0,NaN,0.0,0.0,23.0,NaN,0.0,0.0,NaN,NaN,NaN,24.0,NaN,NaN,NaN,24.0,NaN,NaN,NaN,24.0,NaN,NaN,NaN,24.0,NaN,NaN,NaN,24.0,NaN,NaN,NaN,24.0,87.0,NaN,0.0,2.0,NaN,NaN,NaN,24.0,NaN,NaN,NaN,24.0,NaN,NaN,NaN,24.0,NaN,NaN,NaN,24.0,NaN,NaN,NaN,24.0,NaN,NaN,NaN,24.0,NaN,NaN,NaN,24.0,NaN,NaN,NaN,24.0,0.5,NaN,0.0,2.0,NaN,NaN,NaN,24.0,NaN,NaN,NaN,24.0,NaN,NaN,NaN,24.0,NaN,NaN,NaN,24.0,NaN,NaN,NaN,24.0,NaN,NaN,NaN,24.0,NaN,NaN,NaN,24.0,NaN,NaN,NaN,24.0,NaN,NaN,NaN,24.0,NaN,NaN,NaN,24.0,NaN,NaN,NaN,24.0,49.0,0.0,1.0,0.0,-16.36,3.0,0.0,1.0,0.0,0.0,0.0,0.0,0.0,0.0,0.0,0.0,1.0,0.0,1.0,1.0,0.0,0.0,NaN,9.0,9.0,9.0,NaN,NaN,NaN
74.0,NaN,3.0,0.0,100.0,NaN,0.0,0.0,36.33,NaN,0.0,1.0,102.0,NaN,-10.0,0.0,76.0,NaN,0.0,0.0,69.0,NaN,3.0,0.0,26.0,NaN,3.0,0.0,NaN,NaN,NaN,24.0,NaN,NaN,NaN,24.0,NaN,NaN,NaN,24.0,NaN,NaN,NaN,24.0,NaN,NaN,NaN,24.0,NaN,NaN,NaN,24.0,87.0,NaN,0.0,3.0,NaN,NaN,NaN,24.0,NaN,NaN,NaN,24.0,NaN,NaN,NaN,24.0,NaN,NaN,NaN,24.0,NaN,NaN,NaN,24.0,NaN,NaN,NaN,24.0,NaN,NaN,NaN,24.0,NaN,NaN,NaN,24.0,0.5,NaN,0.0,3.0,NaN,NaN,NaN,24.0,NaN,NaN,NaN,24.0,NaN,NaN,NaN,24.0,NaN,NaN,NaN,24.0,NaN,NaN,NaN,24.0,NaN,NaN,NaN,24.0,NaN,NaN,NaN,24.0,NaN,NaN,NaN,24.0,NaN,NaN,NaN,24.0,NaN,NaN,NaN,24.0,NaN,NaN,NaN,24.0,49.0,0.0,1.0,0.0,-16.36,4.0,0.0,1.0,0.0,0.0,0.0,0.0,0.0,0.0,0.0,0.0,1.0,0.0,1.0,1.0,0.0,0.0,NaN,9.0,9.0,9.0,NaN,NaN,NaN
73.0,NaN,-1.0,0.0,99.0,NaN,-1.0,0.0,36.33,NaN,0.0,2.0,102.0,NaN,0.0,0.0,70.0,NaN,-6.0,0.0,62.0,NaN,-7.0,0.0,18.0,NaN,-8.0,0.0,NaN,NaN,NaN,24.0,NaN,NaN,NaN,24.0,19.0,NaN,0.0,0.0,NaN,NaN,NaN,24.0,NaN,NaN,NaN,24.0,NaN,NaN,NaN,24.0,87.0,NaN,0.0,4.0,17.0,NaN,0.0,0.0,15.0,NaN,0.0,0.0,44.0,NaN,0.0,0.0,7.8,NaN,0.0,0.0,114.0,NaN,0.0,0.0,1.3,NaN,0.0,0.0,NaN,NaN,NaN,24.0,71.0,NaN,0.0,0.0,0.5,NaN,0.0,4.0,1.7,NaN,0.0,0.0,4.0,NaN,0.0,0.0,4.5,NaN,0.0,0.0,0.1,NaN,0.0,0.0,NaN,NaN,NaN,24.0,19.6,NaN,0.0,0.0,6.2,NaN,0.0,0.0,NaN,NaN,NaN,24.0,3.6,NaN,0.0,0.0,NaN,NaN,NaN,24.0,256.0,NaN,0.0,0.0,49.0,0.0,1.0,0.0,-16.36,5.0,0.0,0.0,0.0,1.0,0.0,0.0,0.0,0.0,0.0,1.0,1.0,0.0,1.0,1.0,0.0,0.0,NaN,9.0,9.0,9.0,NaN,NaN,NaN
85.0,NaN,12.0,0.0,99.0,NaN,0.0,0.0,36.33,NaN,0.0,3.0,101.0,NaN,-1.0,0.0,87.0,NaN,17.0,0.0,81.0,NaN,19.0,0.0,24.0,NaN,6.0,0.0,NaN,NaN,NaN,24.0,NaN,NaN,NaN,24.0,19.0,NaN,0.0,1.0,NaN,NaN,NaN,24.0,NaN,NaN,NaN,24.0,NaN,NaN,NaN,24.0,87.0,NaN,0.0,5.0,17.0,NaN,0.0,1.0,15.0,NaN,0.0,1.0,44.0,NaN,0.0,1.0,7.8,NaN,0.0,1.0,114.0,NaN,0.0,1.0,1.3,NaN,0.0,1.0,NaN,NaN,NaN,24.0,71.0,NaN,0.0,1.0,0.5,NaN,0.0,5.0,1.7,NaN,0.0,1.0,4.0,NaN,0.0,1.0,4.5,NaN,0.0,1.0,0.1,NaN,0.0,1.0,NaN,NaN,NaN,24.0,19.6,NaN,0.0,1.0,6.2,NaN,0.0,1.0,NaN,NaN,NaN,24.0,3.6,NaN,0.0,1.0,NaN,NaN,NaN,24.0,256.0,NaN,0.0,1.0,49.0,0.0,1.0,0.0,-16.36,6.0,0.0,1.0,0.0,1.0,0.0,0.0,0.0,0.0,0.0,0.0,1.0,1.0,1.0,1.0,0.0,0.0,NaN,9.0,9.0,9.0,NaN,NaN,NaN
84.0,NaN,-1.0,0.0,96.0,NaN,-3.0,0.0,36.33,NaN,0.0,4.0,102.0,NaN,1.0,0.0,70.0,NaN,-17.0,0.0,61.0,NaN,-20.0,0.0,18.0,NaN,-6.0,0.0,NaN,NaN,NaN,24.0,NaN,NaN,NaN,24.0,19.0,NaN,0.0,2.0,NaN,NaN,NaN,24.0,NaN,NaN,NaN,24.0,NaN,NaN,NaN,24.0,87.0,NaN,0.0,6.0,17.0,NaN,0.0,2.0,15.0,NaN,0.0,2.0,44.0,NaN,0.0,2.0,7.8,NaN,0.0,2.0,114.0,NaN,0.0,2.0,1.3,NaN,0.0,2.0,NaN,NaN,NaN,24.0,71.0,NaN,0.0,2.0,0.5,NaN,0.0,6.0,1.7,NaN,0.0,2.0,4.0,NaN,0.0,2.0,4.5,NaN,0.0,2.0,0.1,NaN,0.0,2.0,NaN,NaN,NaN,24.0,19.6,NaN,0.0,2.0,6.2,NaN,0.0,2.0,NaN,NaN,NaN,24.0,3.6,NaN,0.0,2.0,NaN,NaN,NaN,24.0,256.0,NaN,0.0,2.0,49.0,0.0,1.0,0.0,-16.36,7.0,0.0,0.0,0.0,1.0,0.0,0.0,0.0,0.0,0.0,0.0,1.0,1.0,1.0,1.0,0.0,0.0,NaN,9.0,9.0,9.0,NaN,NaN,NaN
85.0,NaN,1.0,0.0,96.0,NaN,-1.5,1.0,36.33,NaN,0.0,5.0,103.0,NaN,1.0,0.0,74.0,NaN,4.0,0.0,66.0,NaN,5.0,0.0,21.0,NaN,3.0,0.0,NaN,NaN,NaN,24.0,NaN,NaN,NaN,24.0,19.0,NaN,0.0,3.0,NaN,NaN,NaN,24.0,NaN,NaN,NaN,24.0,NaN,NaN,NaN,24.0,87.0,NaN,0.0,7.0,17.0,NaN,0.0,3.0,15.0,NaN,0.0,3.0,44.0,NaN,0.0,3.0,7.8,NaN,0.0,3.0,114.0,NaN,0.0,3.0,1.3,NaN,0.0,3.0,NaN,NaN,NaN,24.0,71.0,NaN,0.0,3.0,0.5,NaN,0.0,7.0,1.7,NaN,0.0,3.0,4.0,NaN,0.0,3.0,4.5,NaN,0.0,3.0,0.1,NaN,0.0,3.0,NaN,NaN,NaN,24.0,19.6,NaN,0.0,3.0,6.2,NaN,0.0,3.0,NaN,NaN,NaN,24.0,3.6,NaN,0.0,3.0,NaN,NaN,NaN,24.0,256.0,NaN,0.0,3.0,49.0,0.0,1.0,0.0,-16.36,8.0,0.0,1.0,0.0,1.0,0.0,0.0,0.0,0.0,0.0,0.0,1.0,1.0,1.0,1.0,0.0,0.0,NaN,9.0,9.0,9.0,NaN,NaN,NaN
80.0,NaN,-5.0,0.0,93.0,NaN,-1.5,0.0,36.33,NaN,0.0,6.0,100.0,NaN,-3.0,0.0,72.0,NaN,-2.0,0.0,63.0,NaN,-3.0,0.0,19.0,NaN,-2.0,0.0,NaN,NaN,NaN,24.0,NaN,NaN,NaN,24.0,19.0,NaN,0.0,4.0,NaN,NaN,NaN,24.0,NaN,NaN,NaN,24.0,NaN,NaN,NaN,24.0,87.0,NaN,0.0,8.0,17.0,NaN,0.0,4.0,15.0,NaN,0.0,4.0,44.0,NaN,0.0,4.0,7.8,NaN,0.0,4.0,114.0,NaN,0.0,4.0,1.3,NaN,0.0,4.0,NaN,NaN,NaN,24.0,71.0,NaN,0.0,4.0,0.5,NaN,0.0,8.0,1.7,NaN,0.0,4.0,4.0,NaN,0.0,4.0,4.5,NaN,0.0,4.0,0.1,NaN,0.0,4.0,NaN,NaN,NaN,24.0,19.6,NaN,0.0,4.0,6.2,NaN,0.0,4.0,NaN,NaN,NaN,24.0,3.6,NaN,0.0,4.0,NaN,NaN,NaN,24.0,256.0,NaN,0.0,4.0,49.0,0.0,1.0,0.0,-16.36,9.0,0.0,0.0,0.0,1.0,0.0,0.0,0.0,0.0,0.0,0.0,1.0,1.0,1.0,1.0,0.0,0.0,NaN,9.0,9.0,9.0,NaN,NaN,NaN
87.0,NaN,7.0,0.0,94.0,NaN,1.0,0.0,36.67,NaN,0.04857142857142906,0.0,100.0,NaN,0.0,0.0,70.0,NaN,-2.0,0.0,61.0,NaN,-2.0,0.0,20.0,NaN,1.0,0.0,NaN,NaN,NaN,24.0,NaN,NaN,NaN,24.0,19.0,NaN,0.0,5.0,NaN,NaN,NaN,24.0,NaN,NaN,NaN,24.0,NaN,NaN,NaN,24.0,87.0,NaN,0.0,9.0,17.0,NaN,0.0,5.0,15.0,NaN,0.0,5.0,44.0,NaN,0.0,5.0,7.8,NaN,0.0,5.0,114.0,NaN,0.0,5.0,1.3,NaN,0.0,5.0,NaN,NaN,NaN,24.0,71.0,NaN,0.0,5.0,0.5,NaN,0.0,9.0,1.7,NaN,0.0,5.0,4.0,NaN,0.0,5.0,4.5,NaN,0.0,5.0,0.1,NaN,0.0,5.0,NaN,NaN,NaN,24.0,19.6,NaN,0.0,5.0,6.2,NaN,0.0,5.0,NaN,NaN,NaN,24.0,3.6,NaN,0.0,5.0,NaN,NaN,NaN,24.0,256.0,NaN,0.0,5.0,49.0,0.0,1.0,0.0,-16.36,10.0,0.0,0.0,0.0,1.0,0.0,0.0,0.0,0.0,0.0,0.0,1.0,1.0,1.0,1.0,0.0,0.0,NaN,9.0,9.0,9.0,NaN,NaN,NaN
89.0,NaN,2.0,0.0,96.0,NaN,2.0,0.0,36.67,NaN,0.042500000000000426,1.0,108.0,NaN,8.0,0.0,78.0,NaN,8.0,0.0,67.0,NaN,6.0,0.0,21.0,NaN,1.0,0.0,NaN,NaN,NaN,24.0,NaN,NaN,NaN,24.0,19.0,NaN,0.0,6.0,NaN,NaN,NaN,24.0,NaN,NaN,NaN,24.0,NaN,NaN,NaN,24.0,87.0,NaN,0.0,10.0,17.0,NaN,0.0,6.0,15.0,NaN,0.0,6.0,44.0,NaN,0.0,6.0,7.8,NaN,0.0,6.0,114.0,NaN,0.0,6.0,1.3,NaN,0.0,6.0,NaN,NaN,NaN,24.0,71.0,NaN,0.0,6.0,0.5,NaN,0.0,10.0,1.7,NaN,0.0,6.0,4.0,NaN,0.0,6.0,4.5,NaN,0.0,6.0,0.1,NaN,0.0,6.0,NaN,NaN,NaN,24.0,19.6,NaN,0.0,6.0,6.2,NaN,0.0,6.0,NaN,NaN,NaN,24.0,3.6,NaN,0.0,6.0,NaN,NaN,NaN,24.0,256.0,NaN,0.0,6.0,49.0,0.0,1.0,0.0,-16.36,11.0,0.0,1.0,0.0,1.0,0.0,0.0,0.0,0.0,0.0,0.0,1.0,1.0,1.0,1.0,0.0,0.0,NaN,9.0,9.0,9.0,NaN,NaN,NaN
89.0,NaN,0.0,0.0,98.0,NaN,2.0,0.0,36.67,NaN,0.03777777777777816,2.0,105.0,NaN,-3.0,0.0,77.0,NaN,-1.0,0.0,68.0,NaN,1.0,0.0,24.0,NaN,3.0,0.0,NaN,NaN,NaN,24.0,NaN,NaN,NaN,24.0,19.0,NaN,0.0,7.0,NaN,NaN,NaN,24.0,NaN,NaN,NaN,24.0,NaN,NaN,NaN,24.0,87.0,NaN,0.0,11.0,17.0,NaN,0.0,7.0,15.0,NaN,0.0,7.0,44.0,NaN,0.0,7.0,7.8,NaN,0.0,7.0,114.0,NaN,0.0,7.0,1.3,NaN,0.0,7.0,NaN,NaN,NaN,24.0,71.0,NaN,0.0,7.0,0.5,NaN,0.0,11.0,1.7,NaN,0.0,7.0,4.0,NaN,0.0,7.0,4.5,NaN,0.0,7.0,0.1,NaN,0.0,7.0,NaN,NaN,NaN,24.0,20.1,NaN,0.07142857142857142,0.0,6.2,NaN,0.0,7.0,NaN,NaN,NaN,24.0,3.6,NaN,0.0,7.0,NaN,NaN,NaN,24.0,256.0,NaN,0.0,7.0,49.0,0.0,1.0,0.0,-16.36,12.0,0.0,1.0,0.0,1.0,0.0,0.0,0.0,0.0,0.0,0.0,1.0,1.0,1.0,1.0,0.0,0.0,NaN,9.0,9.0,9.0,NaN,NaN,NaN
81.0,NaN,-8.0,0.0,94.0,NaN,-4.0,0.0,36.67,NaN,0.03400000000000034,3.0,107.0,NaN,2.0,0.0,77.0,NaN,0.0,0.0,69.0,NaN,1.0,0.0,23.0,NaN,-1.0,0.0,NaN,NaN,NaN,24.0,NaN,NaN,NaN,24.0,19.0,NaN,0.0,8.0,NaN,NaN,NaN,24.0,NaN,NaN,NaN,24.0,NaN,NaN,NaN,24.0,87.0,NaN,0.0,12.0,17.0,NaN,0.0,8.0,15.0,NaN,0.0,8.0,44.0,NaN,0.0,8.0,7.8,NaN,0.0,8.0,114.0,NaN,0.0,8.0,1.3,NaN,0.0,8.0,NaN,NaN,NaN,24.0,71.0,NaN,0.0,8.0,0.5,NaN,0.0,12.0,1.7,NaN,0.0,8.0,4.0,NaN,0.0,8.0,4.5,NaN,0.0,8.0,0.1,NaN,0.0,8.0,NaN,NaN,NaN,24.0,20.1,NaN,0.0625,1.0,6.2,NaN,0.0,8.0,NaN,NaN,NaN,24.0,3.6,NaN,0.0,8.0,NaN,NaN,NaN,24.0,256.0,NaN,0.0,8.0,49.0,0.0,1.0,0.0,-16.36,13.0,0.0,1.0,0.0,1.0,0.0,0.0,0.0,0.0,0.0,0.0,1.0,1.0,1.0,1.0,0.0,0.0,NaN,9.0,9.0,9.0,NaN,NaN,NaN
