67.0,NaN,NaN,24.0,100.0,NaN,NaN,24.0,NaN,NaN,NaN,24.0,116.0,NaN,NaN,24.0,75.0,NaN,NaN,24.0,50.0,NaN,NaN,24.0,19.0,NaN,NaN,24.0,NaN,NaN,NaN,24.0,NaN,NaN,NaN,24.0,NaN,NaN,NaN,24.0,NaN,NaN,NaN,24.0,NaN,NaN,NaN,24.0,NaN,NaN,NaN,24.0,NaN,NaN,NaN,24.0,NaN,NaN,NaN,24.0,NaN,NaN,NaN,24.0,NaN,NaN,NaN,24.0,NaN,NaN,NaN,24.0,NaN,NaN,NaN,24.0,NaN,NaN,NaN,24.0,NaN,NaN,NaN,24.0,NaN,NaN,NaN,24.0,NaN,NaN,NaN,24.0,NaN,NaN,NaN,24.0,NaN,NaN,NaN,24.0,NaN,NaN,NaN,24.0,NaN,NaN,NaN,24.0,NaN,NaN,NaN,24.0,NaN,NaN,NaN,24.0,NaN,NaN,NaN,24.0,NaN,NaN,NaN,24.0,NaN,NaN,NaN,24.0,NaN,NaN,NaN,24.0,NaN,NaN,NaN,24.0,79.0,0.0,1.0,0.0,0.0,1.0,0.0,0.0,0.0,0.0,0.0,0.0,0.0,0.0,0.0,0.0,1.0,0.0,0.0,NaN,0.0,0.0,NaN,NaN,NaN,NaN,NaN,NaN,NaN
63.0,NaN,-4.0,0.0,100.0,NaN,0.0,0.0,36.83,NaN,0.0,0.0,124.0,NaN,8.0,0.0,75.0,NaN,0.0,0.0,48.0,NaN,-2.0,0.0,23.0,NaN,4.0,0.0,NaN,NaN,NaN,24.0,NaN,NaN,NaN,24.0,24.0,NaN,0.0,0.0,0.4,NaN,0.0,0.0,NaN,NaN,NaN,24.0,NaN,NaN,NaN,24.0,NaN,NaN,NaN,24.0,12.0,NaN,0.0,0.0,16.0,NaN,0.0,0.0,76.0,NaN,0.0,0.0,9.1,NaN,0.0,0.0,104.0,NaN,0.0,0.0,0.9,NaN,0.0,0.0,NaN,NaN,NaN,24.0,83.0,NaN,0.0,0.0,NaN,NaN,NaN,24.0,1.9,NaN,0.0,0.0,2.5,NaN,0.0,0.0,3.6,NaN,0.0,0.0,0.4,NaN,0.0,0.0,NaN,NaN,NaN,24.0,30.1,NaN,0.0,0.0,9.4,NaN,0.0,0.0,33.5,NaN,0.0,0.0,6.8,NaN,0.0,0.0,NaN,NaN,NaN,24.0,286.0,NaN,0.0,0.0,79.0,0.0,1.0,0.0,0.0,2.0,0.0,1.0,0.0,0.0,1.0,0.0,0.0,0.0,0.0,0.0,0.0,0.0,0.0,NaN,0.0,0.0,NaN,NaN,NaN,NaN,NaN,NaN,NaN
65.0,NaN,2.0,0.0,100.0,NaN,0.0,0.0,36.83,NaN,0.0,1.0,135.0,NaN,11.0,0.0,85.0,NaN,10.0,0.0,55.0,NaN,7.0,0.0,20.0,NaN,-3.0,0.0,NaN,NaN,NaN,24.0,NaN,NaN,NaN,24.0,24.0,NaN,0.0,1.0,0.4,NaN,0.0,1.0,NaN,NaN,NaN,24.0,NaN,NaN,NaN,24.0,NaN,NaN,NaN,24.0,12.0,NaN,0.0,1.0,16.0,NaN,0.0,1.0,76.0,NaN,0.0,1.0,9.1,NaN,0.0,1.0,104.0,NaN,0.0,1.0,0.9,NaN,0.0,1.0,NaN,NaN,NaN,24.0,83.0,NaN,0.0,1.0,NaN,NaN,NaN,24.0,1.9,NaN,0.0,1.0,2.5,NaN,0.0,1.0,3.6,NaN,0.0,1.0,0.4,NaN,0.0,1.0,NaN,NaN,NaN,24.0,30.1,NaN,0.0,1.0,9.4,NaN,0.0,1.0,33.5,NaN,0.0,1.0,6.8,NaN,0.0,1.0,NaN,NaN,NaN,24.0,286.0,NaN,0.0,1.0,79.0,0.0,1.0,0.0,0.0,3.0,0.0,0.0,0.0,0.0,0.0,0.0,0.0,0.0,0.0,0.0,1.0,0.0,0.0,NaN,0.0,0.0,NaN,NaN,NaN,NaN,NaN,NaN,NaN
71.0,NaN,6.0,0.0,100.0,NaN,0.0,0.0,36.83,NaN,0.0,2.0,130.0,NaN,-5.0,0.0,84.0,NaN,-1.0,0.0,56.0,NaN,1.0,0.0,15.0,NaN,-5.0,0.0,NaN,NaN,NaN,24.0,NaN,NaN,NaN,24.0,24.0,NaN,0.0,2.0,0.4,NaN,0.0,0.0,NaN,NaN,NaN,24.0,NaN,NaN,NaN,24.0,NaN,NaN,NaN,24.0,12.0,NaN,0.0,2.0,16.0,NaN,0.0,2.0,76.0,NaN,0.0,2.0,9.1,NaN,0.0,2.0,104.0,NaN,0.0,2.0,0.9,NaN,0.0,2.0,NaN,NaN,NaN,24.0,83.0,NaN,0.0,2.0,NaN,NaN,NaN,24.0,1.9,NaN,0.0,2.0,2.5,NaN,0.0,2.0,3.6,NaN,0.0,2.0,0.4,NaN,0.0,2.0,NaN,NaN,NaN,24.0,30.1,NaN,0.0,2.0,9.4,NaN,0.0,2.0,33.5,NaN,0.0,2.0,6.8,NaN,0.0,2.0,NaN,NaN,NaN,24.0,286.0,NaN,0.0,2.0,79.0,0.0,1.0,0.0,0.0,4.0,0.0,0.0,0.0,0.0,1.0,0.0,0.0,0.0,0.0,0.0,0.0,0.0,0.0,NaN,0.0,0.0,NaN,NaN,NaN,NaN,NaN,NaN,NaN
74.0,NaN,3.0,0.0,100.0,NaN,0.0,0.0,36.83,NaN,0.0,3.0,121.0,NaN,-9.0,0.0,76.0,NaN,-8.0,0.0,50.0,NaN,-6.0,0.0,19.0,NaN,4.0,0.0,NaN,NaN,NaN,24.0,NaN,NaN,NaN,24.0,24.0,NaN,0.0,3.0,0.4,NaN,0.0,1.0,NaN,NaN,NaN,24.0,NaN,NaN,NaN,24.0,NaN,NaN,NaN,24.0,12.0,NaN,0.0,3.0,16.0,NaN,0.0,3.0,76.0,NaN,0.0,3.0,9.1,NaN,0.0,3.0,104.0,NaN,0.0,3.0,0.9,NaN,0.0,3.0,NaN,NaN,NaN,24.0,83.0,NaN,0.0,3.0,NaN,NaN,NaN,24.0,1.9,NaN,0.0,3.0,2.5,NaN,0.0,3.0,3.6,NaN,0.0,3.0,0.4,NaN,0.0,3.0,NaN,NaN,NaN,24.0,30.1,NaN,0.0,3.0,9.4,NaN,0.0,3.0,33.5,NaN,0.0,3.0,6.8,NaN,0.0,3.0,NaN,NaN,NaN,24.0,286.0,NaN,0.0,3.0,79.0,0.0,1.0,0.0,0.0,5.0,0.0,0.0,0.0,0.0,0.0,0.0,0.0,0.0,0.0,0.0,1.0,0.0,0.0,NaN,0.0,0.0,NaN,NaN,NaN,NaN,NaN,NaN,NaN
77.0,NaN,3.0,0.0,100.0,NaN,0.0,0.0,36.83,NaN,0.0,4.0,100.0,NaN,-21.0,0.0,65.0,NaN,-11.0,0.0,44.0,NaN,-6.0,0.0,17.0,NaN,-2.0,0.0,NaN,NaN,NaN,24.0,NaN,NaN,NaN,24.0,24.0,NaN,0.0,4.0,0.4,NaN,0.0,2.0,NaN,NaN,NaN,24.0,NaN,NaN,NaN,24.0,NaN,NaN,NaN,24.0,12.0,NaN,0.0,4.0,16.0,NaN,0.0,4.0,76.0,NaN,0.0,4.0,9.1,NaN,0.0,4.0,104.0,NaN,0.0,4.0,0.9,NaN,0.0,4.0,NaN,NaN,NaN,24.0,83.0,NaN,0.0,4.0,NaN,NaN,NaN,24.0,1.9,NaN,0.0,4.0,2.5,NaN,0.0,4.0,3.6,NaN,0.0,4.0,0.4,NaN,0.0,4.0,NaN,NaN,NaN,24.0,30.1,NaN,0.0,4.0,9.4,NaN,0.0,4.0,33.5,NaN,0.0,4.0,6.8,NaN,0.0,4.0,NaN,NaN,NaN,24.0,286.0,NaN,0.0,4.0,79.0,0.0,1.0,0.0,0.0,6.0,0.0,0.0,0.0,0.0,0.0,0.0,0.0,1.0,0.0,0.0,1.0,0.0,0.0,NaN,0.0,0.0,NaN,NaN,NaN,NaN,NaN,NaN,NaN
78.0,NaN,1.0,0.0,100.0,NaN,0.0,0.0,36.83,NaN,0.0,5.0,116.0,NaN,16.0,0.0,74.0,NaN,9.0,0.0,50.0,NaN,6.0,0.0,19.0,NaN,2.0,0.0,NaN,NaN,NaN,24.0,NaN,NaN,NaN,24.0,24.0,NaN,0.0,5.0,0.4,NaN,0.0,0.0,NaN,NaN,NaN,24.0,NaN,NaN,NaN,24.0,NaN,NaN,NaN,24.0,12.0,NaN,0.0,5.0,16.0,NaN,0.0,5.0,76.0,NaN,0.0,5.0,9.1,NaN,0.0,5.0,104.0,NaN,0.0,5.0,0.9,NaN,0.0,5.0,NaN,NaN,NaN,24.0,83.0,NaN,0.0,5.0,NaN,NaN,NaN,24.0,1.9,NaN,0.0,5.0,2.5,NaN,0.0,5.0,3.6,NaN,0.0,5.0,0.4,NaN,0.0,5.0,NaN,NaN,NaN,24.0,30.1,NaN,0.0,5.0,9.4,NaN,0.0,5.0,33.5,NaN,0.0,5.0,6.8,NaN,0.0,5.0,NaN,NaN,NaN,24.0,286.0,NaN,0.0,5.0,79.0,0.0,1.0,0.0,0.0,7.0,0.0,0.0,0.0,0.0,1.0,0.0,0.0,0.0,0.0,0.0,0.0,0.0,0.0,NaN,0.0,0.0,NaN,NaN,NaN,NaN,NaN,NaN,NaN
66.0,NaN,-12.0,0.0,100.0,NaN,0.0,0.0,36.72,NaN,-0.01833333333333324,0.0,102.5,NaN,-13.5,0.0,62.5,NaN,-11.5,0.0,48.0,NaN,-2.0,0.0,14.0,NaN,-5.0,0.0,NaN,NaN,NaN,24.0,NaN,NaN,NaN,24.0,24.0,NaN,0.0,6.0,0.4,NaN,0.0,1.0,NaN,NaN,NaN,24.0,NaN,NaN,NaN,24.0,NaN,NaN,NaN,24.0,12.0,NaN,0.0,6.0,16.0,NaN,0.0,6.0,76.0,NaN,0.0,6.0,9.1,NaN,0.0,6.0,104.0,NaN,0.0,6.0,0.9,NaN,0.0,6.0,NaN,NaN,NaN,24.0,83.0,NaN,0.0,6.0,NaN,NaN,NaN,24.0,1.9,NaN,0.0,6.0,2.5,NaN,0.0,6.0,3.6,NaN,0.0,6.0,0.4,NaN,0.0,6.0,NaN,NaN,NaN,24.0,30.1,NaN,0.0,6.0,9.4,NaN,0.0,6.0,33.5,NaN,0.0,6.0,6.8,NaN,0.0,6.0,NaN,NaN,NaN,24.0,286.0,NaN,0.0,6.0,79.0,0.0,1.0,0.0,0.0,8.0,0.0,0.0,0.0,0.0,0.0,0.0,0.0,1.0,0.0,0.0,1.0,0.0,0.0,NaN,0.0,0.0,NaN,NaN,NaN,NaN,NaN,NaN,NaN
81.0,NaN,15.0,0.0,96.0,NaN,-4.0,0.0,36.72,NaN,-0.015714285714285632,1.0,121.0,NaN,18.5,0.0,83.0,NaN,20.5,0.0,60.0,NaN,12.0,0.0,17.0,NaN,3.0,0.0,NaN,NaN,NaN,24.0,NaN,NaN,NaN,24.0,24.0,NaN,0.0,7.0,0.4,NaN,0.0,2.0,NaN,NaN,NaN,24.0,NaN,NaN,NaN,24.0,NaN,NaN,NaN,24.0,12.0,NaN,0.0,7.0,16.0,NaN,0.0,7.0,76.0,NaN,0.0,7.0,9.1,NaN,0.0,7.0,104.0,NaN,0.0,7.0,0.9,NaN,0.0,7.0,NaN,NaN,NaN,24.0,83.0,NaN,0.0,7.0,NaN,NaN,NaN,24.0,1.9,NaN,0.0,7.0,2.5,NaN,0.0,7.0,3.6,NaN,0.0,7.0,0.4,NaN,0.0,7.0,NaN,NaN,NaN,24.0,30.1,NaN,0.0,7.0,9.4,NaN,0.0,7.0,33.5,NaN,0.0,7.0,6.8,NaN,0.0,7.0,NaN,NaN,NaN,24.0,286.0,NaN,0.0,7.0,79.0,0.0,1.0,0.0,0.0,9.0,0.0,0.0,0.0,0.0,0.0,0.0,0.0,0.0,0.0,0.0,1.0,0.0,0.0,NaN,0.0,0.0,NaN,NaN,NaN,NaN,NaN,NaN,NaN
83.0,NaN,2.0,0.0,100.0,NaN,4.0,0.0,36.72,NaN,-0.013749999999999929,2.0,119.0,NaN,-2.0,0.0,77.0,NaN,-6.0,0.0,53.0,NaN,-7.0,0.0,21.0,NaN,4.0,0.0,NaN,NaN,NaN,24.0,NaN,NaN,NaN,24.0,24.0,NaN,0.0,8.0,0.4,NaN,0.0,3.0,NaN,NaN,NaN,24.0,NaN,NaN,NaN,24.0,NaN,NaN,NaN,24.0,12.0,NaN,0.0,8.0,16.0,NaN,0.0,8.0,76.0,NaN,0.0,8.0,9.1,NaN,0.0,8.0,104.0,NaN,0.0,8.0,0.9,NaN,0.0,8.0,NaN,NaN,NaN,24.0,83.0,NaN,0.0,8.0,NaN,NaN,NaN,24.0,1.9,NaN,0.0,8.0,2.5,NaN,0.0,8.0,3.6,NaN,0.0,8.0,0.4,NaN,0.0,8.0,NaN,NaN,NaN,24.0,30.1,NaN,0.0,8.0,9.4,NaN,0.0,8.0,33.5,NaN,0.0,8.0,6.8,NaN,0.0,8.0,NaN,NaN,NaN,24.0,286.0,NaN,0.0,8.0,79.0,0.0,1.0,0.0,0.0,10.0,0.0,1.0,0.0,0.0,0.0,0.0,0.0,0.0,0.0,0.0,1.0,0.0,0.0,NaN,0.0,0.0,NaN,NaN,NaN,NaN,NaN,NaN,NaN
81.0,NaN,-2.0,0.0,100.0,NaN,0.0,0.0,36.89,NaN,0.05666666666666723,0.0,124.0,NaN,5.0,0.0,79.0,NaN,2.0,0.0,54.0,NaN,1.0,0.0,17.0,NaN,-4.0,0.0,NaN,NaN,NaN,24.0,NaN,NaN,NaN,24.0,24.0,NaN,0.0,9.0,0.4,NaN,0.0,4.0,NaN,NaN,NaN,24.0,NaN,NaN,NaN,24.0,NaN,NaN,NaN,24.0,12.0,NaN,0.0,9.0,16.0,NaN,0.0,9.0,76.0,NaN,0.0,9.0,9.1,NaN,0.0,9.0,104.0,NaN,0.0,9.0,0.9,NaN,0.0,9.0,NaN,NaN,NaN,24.0,83.0,NaN,0.0,9.0,NaN,NaN,NaN,24.0,1.9,NaN,0.0,9.0,2.5,NaN,0.0,9.0,3.6,NaN,0.0,9.0,0.4,NaN,0.0,9.0,NaN,NaN,NaN,24.0,30.1,NaN,0.0,9.0,9.4,NaN,0.0,9.0,33.5,NaN,0.0,9.0,6.8,NaN,0.0,9.0,NaN,NaN,NaN,24.0,286.0,NaN,0.0,9.0,79.0,0.0,1.0,0.0,0.0,11.0,0.0,0.0,0.0,0.0,0.0,0.0,0.0,0.0,0.0,0.0,1.0,0.0,0.0,NaN,0.0,0.0,NaN,NaN,NaN,NaN,NaN,NaN,NaN
79.0,NaN,-2.0,0.0,100.0,NaN,0.0,0.0,36.89,NaN,0.042500000000000426,1.0,115.333333333333,NaN,-8.666666666666998,0.0,80.0,NaN,1.0,0.0,62.0,NaN,8.0,0.0,17.0,NaN,0.0,0.0,NaN,NaN,NaN,24.0,NaN,NaN,NaN,24.0,24.0,NaN,0.0,10.0,0.4,NaN,0.0,5.0,NaN,NaN,NaN,24.0,NaN,NaN,NaN,24.0,NaN,NaN,NaN,24.0,12.0,NaN,0.0,10.0,16.0,NaN,0.0,10.0,76.0,NaN,0.0,10.0,9.1,NaN,0.0,10.0,104.0,NaN,0.0,10.0,0.9,NaN,0.0,10.0,NaN,NaN,NaN,24.0,83.0,NaN,0.0,10.0,NaN,NaN,NaN,24.0,1.9,NaN,0.0,10.0,2.5,NaN,0.0,10.0,3.6,NaN,0.0,10.0,0.4,NaN,0.0,10.0,NaN,NaN,NaN,24.0,30.1,NaN,0.0,10.0,9.4,NaN,0.0,10.0,33.5,NaN,0.0,10.0,6.8,NaN,0.0,10.0,NaN,NaN,NaN,24.0,286.0,NaN,0.0,10.0,79.0,0.0,1.0,0.0,0.0,12.0,0.0,0.0,0.0,0.0,0.0,0.0,0.0,0.0,0.0,0.0,1.0,0.0,0.0,NaN,0.0,0.0,NaN,NaN,NaN,NaN,NaN,NaN,NaN
88.0,NaN,9.0,0.0,100.0,NaN,0.0,0.0,36.89,NaN,0.03400000000000034,2.0,107.5,NaN,-7.833333333333002,0.0,74.0,NaN,-6.0,0.0,59.5,NaN,-2.5,0.0,21.0,NaN,4.0,0.0,NaN,NaN,NaN,24.0,NaN,NaN,NaN,24.0,24.0,NaN,0.0,11.0,0.4,NaN,0.0,6.0,NaN,NaN,NaN,24.0,NaN,NaN,NaN,24.0,NaN,NaN,NaN,24.0,12.0,NaN,0.0,11.0,16.0,NaN,0.0,11.0,76.0,NaN,0.0,11.0,9.1,NaN,0.0,11.0,104.0,NaN,0.0,11.0,0.9,NaN,0.0,11.0,NaN,NaN,NaN,24.0,83.0,NaN,0.0,11.0,NaN,NaN,NaN,24.0,1.9,NaN,0.0,11.0,2.5,NaN,0.0,11.0,3.6,NaN,0.0,11.0,0.4,NaN,0.0,11.0,NaN,NaN,NaN,24.0,30.1,NaN,0.0,11.0,9.4,NaN,0.0,11.0,33.5,NaN,0.0,11.0,6.8,NaN,0.0,11.0,NaN,NaN,NaN,24.0,286.0,NaN,0.0,11.0,79.0,0.0,1.0,0.0,0.0,13.0,0.0,1.0,0.0,0.0,0.0,0.0,0.0,0.0,0.0,0.0,1.0,0.0,0.0,NaN,0.0,0.0,NaN,NaN,NaN,NaN,NaN,NaN,NaN
71.0,NaN,-17.0,0.0,100.0,NaN,0.0,0.0,36.89,NaN,0.028333333333333616,3.0,106.0,NaN,-1.5,0.0,66.5,NaN,-7.5,0.0,51.0,NaN,-8.5,0.0,20.0,NaN,-1.0,0.0,NaN,NaN,NaN,24.0,NaN,NaN,NaN,24.0,24.0,NaN,0.0,12.0,0.4,NaN,0.0,7.0,NaN,NaN,NaN,24.0,NaN,NaN,NaN,24.0,NaN,NaN,NaN,24.0,12.0,NaN,0.0,12.0,16.0,NaN,0.0,12.0,76.0,NaN,0.0,12.0,9.1,NaN,0.0,12.0,104.0,NaN,0.0,12.0,0.9,NaN,0.0,12.0,NaN,NaN,NaN,24.0,83.0,NaN,0.0,12.0,NaN,NaN,NaN,24.0,1.9,NaN,0.0,12.0,2.5,NaN,0.0,12.0,3.6,NaN,0.0,12.0,0.4,NaN,0.0,12.0,NaN,NaN,NaN,24.0,30.1,NaN,0.0,12.0,9.4,NaN,0.0,12.0,33.5,NaN,0.0,12.0,6.8,NaN,0.0,12.0,NaN,NaN,NaN,24.0,286.0,NaN,0.0,12.0,79.0,0.0,1.0,0.0,0.0,14.0,0.0,0.0,0.0,0.0,0.0,0.0,0.0,0.0,0.0,0.0,1.0,0.0,0.0,NaN,0.0,0.0,NaN,NaN,NaN,NaN,NaN,NaN,NaN
87.0,NaN,16.0,0.0,100.0,NaN,0.0,0.0,36.89,NaN,0.02428571428571453,4.0,139.0,NaN,33.0,0.0,82.0,NaN,15.5,0.0,64.0,NaN,13.0,0.0,16.0,NaN,-4.0,0.0,NaN,NaN,NaN,24.0,NaN,NaN,NaN,24.0,24.0,NaN,0.0,13.0,0.4,NaN,0.0,8.0,NaN,NaN,NaN,24.0,NaN,NaN,NaN,24.0,NaN,NaN,NaN,24.0,12.0,NaN,0.0,13.0,16.0,NaN,0.0,13.0,76.0,NaN,0.0,13.0,9.1,NaN,0.0,13.0,104.0,NaN,0.0,13.0,0.9,NaN,0.0,13.0,NaN,NaN,NaN,24.0,83.0,NaN,0.0,13.0,NaN,NaN,NaN,24.0,1.9,NaN,0.0,13.0,2.5,NaN,0.0,13.0,3.6,NaN,0.0,13.0,0.4,NaN,0.0,13.0,NaN,NaN,NaN,24.0,30.1,NaN,0.0,13.0,9.4,NaN,0.0,13.0,33.5,NaN,0.0,13.0,6.8,NaN,0.0,13.0,NaN,NaN,NaN,24.0,286.0,NaN,0.0,13.0,79.0,0.0,1.0,0.0,0.0,15.0,0.0,0.0,0.0,0.0,0.0,0.0,0.0,0.0,0.0,0.0,1.0,0.0,0.0,NaN,0.0,0.0,NaN,NaN,NaN,NaN,NaN,NaN,NaN
