NaN,NaN,NaN,24.0,NaN,NaN,NaN,24.0,NaN,NaN,NaN,24.0,NaN,NaN,NaN,24.0,NaN,NaN,NaN,24.0,NaN,NaN,NaN,24.0,NaN,NaN,NaN,24.0,NaN,NaN,NaN,24.0,NaN,NaN,NaN,24.0,NaN,NaN,NaN,24.0,NaN,NaN,NaN,24.0,NaN,NaN,NaN,24.0,NaN,NaN,NaN,24.0,NaN,NaN,NaN,24.0,NaN,NaN,NaN,24.0,NaN,NaN,NaN,24.0,NaN,NaN,NaN,24.0,NaN,NaN,NaN,24.0,NaN,NaN,NaN,24.0,NaN,NaN,NaN,24.0,NaN,NaN,NaN,24.0,NaN,NaN,NaN,24.0,NaN,NaN,NaN,24.0,NaN,NaN,NaN,24.0,NaN,NaN,NaN,24.0,NaN,NaN,NaN,24.0,NaN,NaN,NaN,24.0,NaN,NaN,NaN,24.0,NaN,NaN,NaN,24.0,NaN,NaN,NaN,24.0,NaN,NaN,NaN,24.0,NaN,NaN,NaN,24.0,NaN,NaN,NaN,24.0,NaN,NaN,NaN,24.0,88.0,1.0,-1.0,-1.0,-161.36777777777777,1.0,0.0,0.0,0.0,0.0,0.0,0.0,0.0,0.0,0.0,0.0,1.0,0.0,1.0,1.0,0.0,0.0,NaN,8.0,8.0,8.0,NaN,NaN,NaN
NaN,NaN,NaN,24.0,NaN,NaN,NaN,24.0,NaN,NaN,NaN,24.0,NaN,NaN,NaN,24.0,NaN,NaN,NaN,24.0,NaN,NaN,NaN,24.0,NaN,NaN,NaN,24.0,NaN,NaN,NaN,24.0,2.0,NaN,0.0,0.0,NaN,NaN,NaN,24.0,NaN,NaN,NaN,24.0,7.475,NaN,0.0,0.0,34.0,NaN,0.0,0.0,NaN,NaN,NaN,24.0,NaN,NaN,NaN,24.0,NaN,NaN,NaN,24.0,NaN,NaN,NaN,24.0,NaN,NaN,NaN,24.0,NaN,NaN,NaN,24.0,NaN,NaN,NaN,24.0,NaN,NaN,NaN,24.0,107.5,NaN,0.0,0.0,2.2,NaN,0.0,0.0,NaN,NaN,NaN,24.0,NaN,NaN,NaN,24.0,5.0,NaN,0.0,0.0,NaN,NaN,NaN,24.0,NaN,NaN,NaN,24.0,20.8333333333333,NaN,0.0,0.0,6.45,NaN,0.0,0.0,32.0,NaN,0.0,0.0,11.1,NaN,0.0,0.0,292.0,NaN,0.0,0.0,218.0,NaN,0.0,0.0,88.0,1.0,-1.0,-1.0,-161.36777777777777,2.0,0.0,0.0,0.0,0.0,0.0,0.0,0.0,0.0,1.0,0.0,1.0,0.0,1.0,1.0,0.0,0.0,NaN,8.0,8.0,8.0,NaN,NaN,NaN
77.5,NaN,0.0,0.0,97.5,NaN,0.0,0.0,35.6,NaN,0.0,0.0,105.5,NaN,0.0,0.0,66.5,NaN,0.0,0.0,50.5,NaN,0.0,0.0,12.5,NaN,0.0,0.0,NaN,NaN,NaN,24.0,2.0,NaN,0.0,1.0,NaN,NaN,NaN,24.0,NaN,NaN,NaN,24.0,7.475,NaN,0.0,1.0,34.0,NaN,0.0,1.0,NaN,NaN,NaN,24.0,NaN,NaN,NaN,24.0,NaN,NaN,NaN,24.0,NaN,NaN,NaN,24.0,NaN,NaN,NaN,24.0,NaN,NaN,NaN,24.0,NaN,NaN,NaN,24.0,NaN,NaN,NaN,24.0,107.5,NaN,0.0,1.0,2.2,NaN,0.0,1.0,NaN,NaN,NaN,24.0,NaN,NaN,NaN,24.0,5.0,NaN,0.0,1.0,NaN,NaN,NaN,24.0,NaN,NaN,NaN,24.0,20.8333333333333,NaN,0.0,1.0,6.45,NaN,0.0,1.0,32.0,NaN,0.0,1.0,11.1,NaN,0.0,1.0,292.0,NaN,0.0,1.0,218.0,NaN,0.0,1.0,88.0,1.0,-1.0,-1.0,-161.36777777777777,3.0,1.0,0.0,0.0,0.0,0.0,0.0,0.0,0.0,0.0,0.0,1.0,0.0,1.0,1.0,0.0,0.0,NaN,8.0,8.0,8.0,NaN,NaN,NaN
76.0,NaN,-1.5,0.0,100.0,NaN,2.5,0.0,35.6,NaN,0.0,0.0,136.0,NaN,30.5,0.0,85.0,NaN,18.5,0.0,61.0,NaN,10.5,0.0,14.0,NaN,1.5,0.0,NaN,NaN,NaN,24.0,0.0,NaN,-1.0,0.0,23.0,NaN,0.0,0.0,1.0,NaN,0.0,0.0,7.4,NaN,-0.037499999999999645,0.0,38.0,NaN,2.0,0.0,46.0,NaN,0.0,0.0,NaN,NaN,NaN,24.0,19.0,NaN,0.0,0.0,NaN,NaN,NaN,24.0,NaN,NaN,NaN,24.0,108.0,NaN,0.0,0.0,0.6,NaN,0.0,0.0,NaN,NaN,NaN,24.0,116.0,NaN,4.25,0.0,2.2,NaN,0.0,2.0,NaN,NaN,NaN,24.0,NaN,NaN,NaN,24.0,4.3,NaN,-0.3500000000000001,0.0,NaN,NaN,NaN,24.0,NaN,NaN,NaN,24.0,28.9,NaN,4.033333333333349,0.0,8.7,NaN,1.1249999999999996,0.0,28.2,NaN,-1.9000000000000004,0.0,11.3,NaN,0.10000000000000053,0.0,292.0,NaN,0.0,2.0,193.0,NaN,-12.5,0.0,88.0,1.0,-1.0,-1.0,-161.36777777777777,4.0,1.0,0.0,0.0,0.0,3.0,0.0,0.0,0.0,0.0,0.0,0.0,0.0,1.0,1.0,0.0,0.0,NaN,8.0,8.0,8.0,NaN,NaN,NaN
91.0,NaN,15.0,0.0,100.0,NaN,0.0,0.0,35.7,NaN,0.10000000000000142,0.0,116.0,NaN,-20.0,0.0,77.0,NaN,-8.0,0.0,60.0,NaN,-1.0,0.0,13.0,NaN,-1.0,0.0,NaN,NaN,NaN,24.0,-1.0,NaN,-1.0,0.0,23.0,NaN,0.0,1.0,1.0,NaN,0.0,1.0,7.4,NaN,0.0,0.0,36.0,NaN,-2.0,0.0,97.0,NaN,51.0,0.0,NaN,NaN,NaN,24.0,19.0,NaN,0.0,1.0,NaN,NaN,NaN,24.0,NaN,NaN,NaN,24.0,108.0,NaN,0.0,1.0,0.6,NaN,0.0,1.0,NaN,NaN,NaN,24.0,116.0,NaN,2.8333333333333335,1.0,1.2,NaN,-0.3333333333333334,0.0,NaN,NaN,NaN,24.0,NaN,NaN,NaN,24.0,4.3,NaN,-0.2333333333333334,1.0,NaN,NaN,NaN,24.0,NaN,NaN,NaN,24.0,28.9,NaN,2.6888888888888993,1.0,8.7,NaN,0.7499999999999997,1.0,28.2,NaN,-1.2666666666666668,1.0,11.3,NaN,0.06666666666666703,1.0,292.0,NaN,0.0,3.0,193.0,NaN,-8.333333333333334,1.0,88.0,1.0,-1.0,-1.0,-161.36777777777777,5.0,1.0,0.0,1.0,0.0,0.0,0.0,0.0,0.0,0.0,0.0,1.0,1.0,1.0,1.0,0.0,0.0,NaN,8.0,8.0,8.0,NaN,NaN,NaN
93.0,NaN,2.0,0.0,97.0,NaN,-3.0,0.0,36.5,NaN,0.7999999999999972,0.0,110.0,NaN,-6.0,0.0,74.0,NaN,-3.0,0.0,58.0,NaN,-2.0,0.0,13.0,NaN,0.0,0.0,NaN,NaN,NaN,24.0,-1.0,NaN,0.0,0.0,23.0,NaN,0.0,2.0,0.5,NaN,-0.25,0.0,7.37,NaN,-0.03000000000000025,0.0,40.0,NaN,4.0,0.0,94.0,NaN,-3.0,0.0,NaN,NaN,NaN,24.0,19.0,NaN,0.0,2.0,NaN,NaN,NaN,24.0,NaN,NaN,NaN,24.0,108.0,NaN,0.0,2.0,0.6,NaN,0.0,2.0,NaN,NaN,NaN,24.0,102.0,NaN,-7.0,0.0,1.0,NaN,-0.19999999999999996,0.0,2.4,NaN,0.0,0.0,NaN,NaN,NaN,24.0,4.2,NaN,-0.04999999999999982,0.0,NaN,NaN,NaN,24.0,NaN,NaN,NaN,24.0,27.2,NaN,-0.8499999999999996,0.0,8.7,NaN,0.5624999999999998,2.0,28.2,NaN,-0.9500000000000002,2.0,11.3,NaN,0.050000000000000266,2.0,292.0,NaN,0.0,4.0,193.0,NaN,-6.25,2.0,88.0,1.0,-1.0,-1.0,-161.36777777777777,6.0,0.0,0.0,1.0,0.0,2.0,0.0,0.0,0.0,0.0,0.0,0.0,1.0,1.0,1.0,0.0,0.0,NaN,8.0,8.0,8.0,NaN,NaN,NaN
93.0,NaN,0.0,0.0,98.0,NaN,1.0,0.0,37.0,NaN,0.5,0.0,105.0,NaN,-5.0,0.0,73.0,NaN,-1.0,0.0,57.0,NaN,-1.0,0.0,14.0,NaN,1.0,0.0,NaN,NaN,NaN,24.0,-1.0,NaN,0.0,1.0,23.0,NaN,0.0,3.0,0.5,NaN,-0.16666666666666666,1.0,7.37,NaN,-0.015000000000000124,1.0,40.0,NaN,2.0,1.0,54.0,NaN,-40.0,0.0,NaN,NaN,NaN,24.0,19.0,NaN,0.0,3.0,NaN,NaN,NaN,24.0,NaN,NaN,NaN,24.0,108.0,NaN,0.0,3.0,0.6,NaN,0.0,3.0,NaN,NaN,NaN,24.0,102.0,NaN,-4.666666666666667,1.0,1.0,NaN,-0.09999999999999998,1.0,2.4,NaN,0.0,1.0,NaN,NaN,NaN,24.0,4.2,NaN,-0.033333333333333215,1.0,NaN,NaN,NaN,24.0,NaN,NaN,NaN,24.0,27.2,NaN,-0.5666666666666664,1.0,8.7,NaN,0.44999999999999984,3.0,28.2,NaN,-0.7600000000000001,3.0,11.3,NaN,0.040000000000000216,3.0,292.0,NaN,0.0,5.0,193.0,NaN,-5.0,3.0,88.0,1.0,-1.0,-1.0,-161.36777777777777,7.0,0.0,0.0,1.0,0.0,0.0,0.0,0.0,0.0,0.0,0.0,1.0,1.0,1.0,1.0,0.0,0.0,NaN,8.0,8.0,8.0,NaN,NaN,NaN
89.0,NaN,-4.0,0.0,95.0,NaN,-3.0,0.0,36.5,NaN,-0.5,0.0,123.0,NaN,18.0,0.0,83.0,NaN,10.0,0.0,65.0,NaN,8.0,0.0,13.0,NaN,-1.0,0.0,NaN,NaN,NaN,24.0,-1.0,NaN,0.0,2.0,23.0,NaN,0.0,4.0,0.5,NaN,-0.125,2.0,7.37,NaN,-0.010000000000000083,2.0,40.0,NaN,1.3333333333333333,2.0,54.0,NaN,-20.0,1.0,NaN,NaN,NaN,24.0,19.0,NaN,0.0,4.0,NaN,NaN,NaN,24.0,NaN,NaN,NaN,24.0,108.0,NaN,0.0,4.0,0.6,NaN,0.0,4.0,NaN,NaN,NaN,24.0,102.0,NaN,-3.5,2.0,1.0,NaN,-0.06666666666666665,2.0,2.4,NaN,0.0,2.0,NaN,NaN,NaN,24.0,4.2,NaN,-0.02499999999999991,2.0,NaN,NaN,NaN,24.0,NaN,NaN,NaN,24.0,27.2,NaN,-0.4249999999999998,2.0,8.7,NaN,0.37499999999999983,4.0,28.2,NaN,-0.6333333333333334,4.0,11.3,NaN,0.03333333333333351,4.0,292.0,NaN,0.0,6.0,193.0,NaN,-4.166666666666667,4.0,88.0,1.0,-1.0,-1.0,-161.36777777777777,8.0,0.0,0.0,0.0,0.0,0.0,0.0,0.0,0.0,0.0,0.0,1.0,1.0,1.0,1.0,0.0,0.0,NaN,8.0,8.0,8.0,NaN,NaN,NaN
90.3333333333333,NaN,1.3333333333333002,0.0,97.0,NaN,2.0,0.0,36.63333333333333,NaN,0.13333333333333286,0.0,109.666666666667,NaN,-13.333333333333002,0.0,78.0,NaN,-5.0,0.0,63.3333333333333,NaN,-1.6666666666666998,0.0,19.3333333333333,NaN,6.3333333333333,0.0,NaN,NaN,NaN,24.0,-1.0,NaN,0.0,3.0,23.0,NaN,0.0,5.0,0.5,NaN,0.0,0.0,7.34,NaN,-0.010000000000000083,0.0,40.0,NaN,1.0,3.0,51.0,NaN,-1.5,0.0,NaN,NaN,NaN,24.0,19.0,NaN,0.0,5.0,NaN,NaN,NaN,24.0,NaN,NaN,NaN,24.0,108.0,NaN,0.0,5.0,0.6,NaN,0.0,5.0,NaN,NaN,NaN,24.0,143.0,NaN,13.666666666666666,0.0,1.0,NaN,-0.04999999999999999,3.0,2.4,NaN,0.0,3.0,NaN,NaN,NaN,24.0,4.2,NaN,0.0,0.0,NaN,NaN,NaN,24.0,NaN,NaN,NaN,24.0,27.2,NaN,-0.33999999999999986,3.0,8.7,NaN,0.3214285714285713,5.0,28.2,NaN,-0.5428571428571429,5.0,11.3,NaN,0.028571428571428723,5.0,292.0,NaN,0.0,7.0,193.0,NaN,-3.5714285714285716,5.0,88.0,1.0,-1.0,-1.0,-161.36777777777777,9.0,0.0,0.0,1.0,0.0,2.0,0.0,0.0,0.0,0.0,0.0,0.0,1.0,1.0,1.0,0.0,0.0,NaN,8.0,8.0,8.0,NaN,NaN,NaN
97.5,NaN,7.1666666666667,0.0,97.25,NaN,0.25,0.0,36.775,NaN,0.14166666666666572,0.0,144.5,NaN,34.833333333333,0.0,97.5,NaN,19.5,0.0,73.25,NaN,9.9166666666667,0.0,18.75,NaN,-0.5833333333333002,0.0,NaN,NaN,NaN,24.0,-3.5,NaN,-0.625,0.0,23.0,NaN,0.0,6.0,0.5,NaN,0.0,1.0,7.39,NaN,0.04999999999999982,0.0,32.5,NaN,-1.875,0.0,93.5,NaN,42.5,0.0,NaN,NaN,NaN,24.0,19.0,NaN,0.0,6.0,NaN,NaN,NaN,24.0,NaN,NaN,NaN,24.0,108.0,NaN,0.0,6.0,0.6,NaN,0.0,6.0,NaN,NaN,NaN,24.0,128.0,NaN,-15.0,0.0,1.0,NaN,-0.039999999999999994,4.0,2.4,NaN,0.0,4.0,NaN,NaN,NaN,24.0,4.2,NaN,0.0,1.0,NaN,NaN,NaN,24.0,NaN,NaN,NaN,24.0,27.2,NaN,-0.2833333333333332,4.0,8.7,NaN,0.2812499999999999,6.0,28.2,NaN,-0.4750000000000001,6.0,11.3,NaN,0.025000000000000133,6.0,292.0,NaN,0.0,8.0,193.0,NaN,-3.125,6.0,88.0,1.0,-1.0,-1.0,-161.36777777777777,10.0,0.0,0.0,1.0,0.0,0.0,0.0,0.0,0.0,0.0,0.0,0.0,1.0,1.0,1.0,0.0,0.0,NaN,8.0,8.0,8.0,NaN,NaN,NaN
103.5,NaN,6.0,0.0,93.25,NaN,-4.0,0.0,36.925,NaN,0.14999999999999858,0.0,119.5,NaN,-25.0,0.0,77.0,NaN,-20.5,0.0,60.25,NaN,-13.0,0.0,18.75,NaN,0.0,0.0,NaN,NaN,NaN,24.0,-3.5,NaN,-0.5,1.0,23.0,NaN,0.0,7.0,0.5,NaN,0.0,2.0,7.39,NaN,0.02499999999999991,1.0,32.5,NaN,-1.5,1.0,93.5,NaN,21.25,1.0,NaN,NaN,NaN,24.0,19.0,NaN,0.0,7.0,NaN,NaN,NaN,24.0,NaN,NaN,NaN,24.0,108.0,NaN,0.0,7.0,0.6,NaN,0.0,7.0,NaN,NaN,NaN,24.0,128.0,NaN,-7.5,1.0,1.0,NaN,-0.033333333333333326,5.0,2.4,NaN,0.0,5.0,NaN,NaN,NaN,24.0,4.2,NaN,0.0,2.0,NaN,NaN,NaN,24.0,NaN,NaN,NaN,24.0,27.2,NaN,-0.24285714285714274,5.0,8.7,NaN,0.2499999999999999,7.0,28.2,NaN,-0.4222222222222223,7.0,11.3,NaN,0.02222222222222234,7.0,292.0,NaN,0.0,9.0,193.0,NaN,-2.7777777777777777,7.0,88.0,1.0,-1.0,-1.0,-161.36777777777777,11.0,0.0,0.0,1.0,0.0,0.0,0.0,0.0,0.0,0.0,0.0,0.0,1.0,1.0,1.0,0.0,0.0,NaN,8.0,8.0,8.0,NaN,NaN,NaN
102.0,NaN,-1.5,0.0,93.0,NaN,-0.25,0.0,37.0,NaN,0.07500000000000284,0.0,114.0,NaN,-5.5,0.0,73.0,NaN,-4.0,0.0,57.0,NaN,-3.25,0.0,18.0,NaN,-0.75,0.0,NaN,NaN,NaN,24.0,-3.5,NaN,-0.4166666666666667,2.0,23.0,NaN,0.0,8.0,0.5,NaN,0.0,3.0,7.39,NaN,0.016666666666666607,2.0,32.5,NaN,-1.25,2.0,93.5,NaN,14.166666666666666,2.0,NaN,NaN,NaN,24.0,19.0,NaN,0.0,8.0,NaN,NaN,NaN,24.0,NaN,NaN,NaN,24.0,108.0,NaN,0.0,8.0,0.6,NaN,0.0,8.0,NaN,NaN,NaN,24.0,128.0,NaN,-5.0,2.0,1.0,NaN,-0.028571428571428564,6.0,2.4,NaN,0.0,6.0,NaN,NaN,NaN,24.0,4.2,NaN,0.0,3.0,NaN,NaN,NaN,24.0,NaN,NaN,NaN,24.0,27.2,NaN,-0.2124999999999999,6.0,8.7,NaN,0.22499999999999992,8.0,28.2,NaN,-0.38000000000000006,8.0,11.3,NaN,0.020000000000000108,8.0,292.0,NaN,0.0,10.0,193.0,NaN,-2.5,8.0,88.0,1.0,-1.0,-1.0,-161.36777777777777,12.0,0.0,0.0,1.0,0.0,0.0,0.0,0.0,0.0,0.0,0.0,0.0,1.0,1.0,1.0,0.0,0.0,NaN,8.0,8.0,8.0,NaN,NaN,NaN
