78.3333333333333,NaN,NaN,24.0,98.0,NaN,NaN,24.0,NaN,NaN,NaN,24.0,103.666666666667,NaN,NaN,24.0,68.6666666666667,NaN,NaN,24.0,53.6666666666667,NaN,NaN,24.0,12.0,NaN,NaN,24.0,NaN,NaN,NaN,24.0,NaN,NaN,NaN,24.0,NaN,NaN,NaN,24.0,0.5,NaN,NaN,24.0,NaN,NaN,NaN,24.0,NaN,NaN,NaN,24.0,NaN,NaN,NaN,24.0,NaN,NaN,NaN,24.0,NaN,NaN,NaN,24.0,NaN,NaN,NaN,24.0,NaN,NaN,NaN,24.0,NaN,NaN,NaN,24.0,NaN,NaN,NaN,24.0,NaN,NaN,NaN,24.0,NaN,NaN,NaN,24.0,NaN,NaN,NaN,24.0,NaN,NaN,NaN,24.0,NaN,NaN,NaN,24.0,NaN,NaN,NaN,24.0,NaN,NaN,NaN,24.0,NaN,NaN,NaN,24.0,NaN,NaN,NaN,24.0,NaN,NaN,NaN,24.0,NaN,NaN,NaN,24.0,NaN,NaN,NaN,24.0,NaN,NaN,NaN,24.0,NaN,NaN,NaN,24.0,36.0,1.0,-1.0,-1.0,-52.49444444444445,1.0,0.0,0.0,0.0,0.0,2.0,0.0,0.0,0.0,0.0,0.0,0.0,0.0,1.0,1.0,0.0,0.0,3.0,5.0,4.0,1.0,NaN,NaN,NaN
76.0,NaN,-2.3333333333333,0.0,98.0,NaN,0.0,0.0,36.72,NaN,0.0,0.0,120.0,NaN,16.333333333333,0.0,79.0,NaN,10.3333333333333,0.0,63.0,NaN,9.3333333333333,0.0,15.0,NaN,3.0,0.0,NaN,NaN,NaN,24.0,NaN,NaN,NaN,24.0,NaN,NaN,NaN,24.0,0.5,NaN,0.0,1.0,NaN,NaN,NaN,24.0,NaN,NaN,NaN,24.0,NaN,NaN,NaN,24.0,NaN,NaN,NaN,24.0,NaN,NaN,NaN,24.0,NaN,NaN,NaN,24.0,NaN,NaN,NaN,24.0,NaN,NaN,NaN,24.0,NaN,NaN,NaN,24.0,NaN,NaN,NaN,24.0,NaN,NaN,NaN,24.0,NaN,NaN,NaN,24.0,NaN,NaN,NaN,24.0,NaN,NaN,NaN,24.0,NaN,NaN,NaN,24.0,NaN,NaN,NaN,24.0,NaN,NaN,NaN,24.0,NaN,NaN,NaN,24.0,NaN,NaN,NaN,24.0,NaN,NaN,NaN,24.0,NaN,NaN,NaN,24.0,NaN,NaN,NaN,24.0,NaN,NaN,NaN,24.0,36.0,1.0,-1.0,-1.0,-52.49444444444445,2.0,0.0,0.0,0.0,0.0,0.0,0.0,0.0,0.0,0.0,0.0,1.0,1.0,1.0,1.0,0.0,0.0,3.0,5.0,4.0,1.0,NaN,NaN,NaN
80.0,NaN,4.0,0.0,99.0,NaN,1.0,0.0,36.72,NaN,0.0,1.0,132.0,NaN,12.0,0.0,86.0,NaN,7.0,0.0,68.0,NaN,5.0,0.0,12.0,NaN,-3.0,0.0,NaN,NaN,NaN,24.0,0.0,NaN,0.0,0.0,22.0,NaN,0.0,0.0,0.5,NaN,0.0,2.0,7.39,NaN,0.0,0.0,42.0,NaN,0.0,0.0,97.0,NaN,0.0,0.0,NaN,NaN,NaN,24.0,11.0,NaN,0.0,0.0,NaN,NaN,NaN,24.0,8.0,NaN,0.0,0.0,113.0,NaN,0.0,0.0,1.1,NaN,0.0,0.0,NaN,NaN,NaN,24.0,199.0,NaN,0.0,0.0,0.9,NaN,0.0,0.0,2.1,NaN,0.0,0.0,3.2,NaN,0.0,0.0,3.8,NaN,0.0,0.0,NaN,NaN,NaN,24.0,NaN,NaN,NaN,24.0,34.7,NaN,0.0,0.0,11.3,NaN,0.0,0.0,NaN,NaN,NaN,24.0,7.7,NaN,0.0,0.0,416.0,NaN,0.0,0.0,141.0,NaN,0.0,0.0,36.0,1.0,-1.0,-1.0,-52.49444444444445,3.0,0.0,0.0,0.0,0.0,0.0,1.0,0.0,0.0,0.0,0.0,1.0,1.0,1.0,1.0,0.0,0.0,3.0,5.0,4.0,1.0,NaN,NaN,NaN
80.0,NaN,0.0,0.0,100.0,NaN,1.0,0.0,36.72,NaN,0.0,2.0,127.0,NaN,-5.0,0.0,80.0,NaN,-6.0,0.0,62.0,NaN,-6.0,0.0,12.0,NaN,0.0,0.0,NaN,NaN,NaN,24.0,0.0,NaN,0.0,1.0,22.0,NaN,0.0,1.0,0.5,NaN,0.0,3.0,7.39,NaN,0.0,1.0,42.0,NaN,0.0,1.0,97.0,NaN,0.0,1.0,NaN,NaN,NaN,24.0,11.0,NaN,0.0,1.0,NaN,NaN,NaN,24.0,8.0,NaN,0.0,1.0,113.0,NaN,0.0,1.0,1.1,NaN,0.0,1.0,NaN,NaN,NaN,24.0,199.0,NaN,0.0,1.0,0.9,NaN,0.0,1.0,2.1,NaN,0.0,1.0,3.2,NaN,0.0,1.0,3.8,NaN,0.0,1.0,NaN,NaN,NaN,24.0,NaN,NaN,NaN,24.0,34.7,NaN,0.0,1.0,11.3,NaN,0.0,1.0,NaN,NaN,NaN,24.0,7.7,NaN,0.0,1.0,416.0,NaN,0.0,1.0,141.0,NaN,0.0,1.0,36.0,1.0,-1.0,-1.0,-52.49444444444445,4.0,0.0,0.0,0.0,0.0,0.0,0.0,0.0,0.0,0.0,0.0,1.0,1.0,1.0,1.0,0.0,0.0,3.0,5.0,4.0,1.0,NaN,NaN,NaN
80.0,NaN,0.0,0.0,100.0,NaN,0.0,0.0,36.72,NaN,0.0,3.0,120.0,NaN,-7.0,0.0,74.0,NaN,-6.0,0.0,56.0,NaN,-6.0,0.0,14.0,NaN,2.0,0.0,NaN,NaN,NaN,24.0,0.0,NaN,0.0,2.0,22.0,NaN,0.0,2.0,0.5,NaN,0.0,4.0,7.39,NaN,0.0,2.0,42.0,NaN,0.0,2.0,97.0,NaN,0.0,2.0,NaN,NaN,NaN,24.0,11.0,NaN,0.0,2.0,NaN,NaN,NaN,24.0,8.0,NaN,0.0,2.0,113.0,NaN,0.0,2.0,1.1,NaN,0.0,2.0,NaN,NaN,NaN,24.0,199.0,NaN,0.0,2.0,0.9,NaN,0.0,2.0,2.1,NaN,0.0,2.0,3.2,NaN,0.0,2.0,3.8,NaN,0.0,2.0,NaN,NaN,NaN,24.0,NaN,NaN,NaN,24.0,34.7,NaN,0.0,2.0,11.3,NaN,0.0,2.0,NaN,NaN,NaN,24.0,7.7,NaN,0.0,2.0,416.0,NaN,0.0,2.0,141.0,NaN,0.0,2.0,36.0,1.0,-1.0,-1.0,-52.49444444444445,5.0,0.0,0.0,0.0,0.0,0.0,0.0,0.0,0.0,0.0,0.0,1.0,1.0,1.0,1.0,0.0,0.0,3.0,5.0,4.0,1.0,NaN,NaN,NaN
93.0,NaN,13.0,0.0,98.0,NaN,-2.0,0.0,37.28,NaN,0.14000000000000057,0.0,130.0,NaN,10.0,0.0,78.0,NaN,4.0,0.0,58.0,NaN,2.0,0.0,12.0,NaN,-2.0,0.0,NaN,NaN,NaN,24.0,0.0,NaN,0.0,3.0,22.0,NaN,0.0,3.0,0.5,NaN,0.0,0.0,7.39,NaN,0.0,3.0,42.0,NaN,0.0,3.0,97.0,NaN,0.0,3.0,NaN,NaN,NaN,24.0,11.0,NaN,0.0,3.0,NaN,NaN,NaN,24.0,8.0,NaN,0.0,3.0,113.0,NaN,0.0,3.0,1.1,NaN,0.0,3.0,NaN,NaN,NaN,24.0,199.0,NaN,0.0,3.0,0.9,NaN,0.0,3.0,2.1,NaN,0.0,3.0,3.2,NaN,0.0,3.0,3.8,NaN,0.0,3.0,NaN,NaN,NaN,24.0,NaN,NaN,NaN,24.0,34.7,NaN,0.0,3.0,11.3,NaN,0.0,3.0,NaN,NaN,NaN,24.0,7.7,NaN,0.0,3.0,416.0,NaN,0.0,3.0,141.0,NaN,0.0,3.0,36.0,1.0,-1.0,-1.0,-52.49444444444445,6.0,0.0,0.0,1.0,0.0,2.0,0.0,0.0,0.0,0.0,0.0,0.0,1.0,1.0,1.0,0.0,0.0,3.0,5.0,4.0,1.0,NaN,NaN,NaN
95.0,NaN,2.0,0.0,98.0,NaN,0.0,0.0,37.28,NaN,0.11200000000000046,1.0,125.0,NaN,-5.0,0.0,81.0,NaN,3.0,0.0,60.0,NaN,2.0,0.0,12.0,NaN,0.0,0.0,NaN,NaN,NaN,24.0,2.0,NaN,0.5,0.0,22.0,NaN,0.0,4.0,0.5,NaN,0.0,1.0,7.39,NaN,0.0,0.0,45.0,NaN,0.75,0.0,97.0,NaN,0.0,0.0,NaN,NaN,NaN,24.0,11.0,NaN,0.0,4.0,NaN,NaN,NaN,24.0,8.0,NaN,0.0,4.0,113.0,NaN,0.0,4.0,1.1,NaN,0.0,4.0,NaN,NaN,NaN,24.0,199.0,NaN,0.0,4.0,0.8,NaN,-0.024999999999999994,0.0,2.1,NaN,0.0,4.0,3.2,NaN,0.0,4.0,4.1,NaN,0.07499999999999996,0.0,NaN,NaN,NaN,24.0,NaN,NaN,NaN,24.0,34.7,NaN,0.0,4.0,11.3,NaN,0.0,4.0,NaN,NaN,NaN,24.0,7.7,NaN,0.0,4.0,450.0,NaN,8.5,0.0,141.0,NaN,0.0,4.0,36.0,1.0,-1.0,-1.0,-52.49444444444445,7.0,0.0,0.0,1.0,0.0,0.0,0.0,0.0,0.0,0.0,0.0,1.0,1.0,1.0,1.0,0.0,0.0,3.0,5.0,4.0,1.0,NaN,NaN,NaN
94.0,NaN,-1.0,0.0,97.0,NaN,-1.0,0.0,37.28,NaN,0.09333333333333371,2.0,112.0,NaN,-13.0,0.0,75.0,NaN,-6.0,0.0,57.0,NaN,-3.0,0.0,12.0,NaN,0.0,0.0,NaN,NaN,NaN,24.0,2.0,NaN,0.4,1.0,22.0,NaN,0.0,5.0,0.5,NaN,0.0,2.0,7.39,NaN,0.0,1.0,45.0,NaN,0.6,1.0,97.0,NaN,0.0,1.0,NaN,NaN,NaN,24.0,11.0,NaN,0.0,5.0,NaN,NaN,NaN,24.0,8.0,NaN,0.0,5.0,113.0,NaN,0.0,5.0,1.1,NaN,0.0,5.0,NaN,NaN,NaN,24.0,199.0,NaN,0.0,5.0,0.8,NaN,-0.019999999999999997,1.0,2.1,NaN,0.0,5.0,3.2,NaN,0.0,5.0,4.1,NaN,0.05999999999999996,1.0,NaN,NaN,NaN,24.0,NaN,NaN,NaN,24.0,34.7,NaN,0.0,5.0,11.3,NaN,0.0,5.0,NaN,NaN,NaN,24.0,7.7,NaN,0.0,5.0,450.0,NaN,6.8,1.0,141.0,NaN,0.0,5.0,36.0,1.0,-1.0,-1.0,-52.49444444444445,8.0,0.0,0.0,1.0,0.0,0.0,0.0,0.0,0.0,0.0,0.0,1.0,1.0,1.0,1.0,0.0,0.0,3.0,5.0,4.0,1.0,NaN,NaN,NaN
92.0,NaN,-2.0,0.0,97.0,NaN,0.0,0.0,37.28,NaN,0.08000000000000032,3.0,115.0,NaN,3.0,0.0,77.0,NaN,2.0,0.0,57.0,NaN,0.0,0.0,22.0,NaN,10.0,0.0,NaN,NaN,NaN,24.0,2.0,NaN,0.3333333333333333,2.0,22.0,NaN,0.0,6.0,0.5,NaN,0.0,3.0,7.39,NaN,0.0,2.0,45.0,NaN,0.5,2.0,97.0,NaN,0.0,2.0,NaN,NaN,NaN,24.0,11.0,NaN,0.0,6.0,NaN,NaN,NaN,24.0,8.0,NaN,0.0,6.0,113.0,NaN,0.0,6.0,1.1,NaN,0.0,6.0,NaN,NaN,NaN,24.0,199.0,NaN,0.0,6.0,0.8,NaN,-0.016666666666666663,2.0,2.1,NaN,0.0,6.0,3.2,NaN,0.0,6.0,4.1,NaN,0.04999999999999997,2.0,NaN,NaN,NaN,24.0,NaN,NaN,NaN,24.0,34.7,NaN,0.0,6.0,11.3,NaN,0.0,6.0,30.9,NaN,0.0,0.0,7.7,NaN,0.0,6.0,450.0,NaN,5.666666666666667,2.0,141.0,NaN,0.0,6.0,36.0,1.0,-1.0,-1.0,-52.49444444444445,9.0,0.0,1.0,1.0,0.0,0.0,0.0,0.0,0.0,0.0,0.0,1.0,1.0,1.0,1.0,0.0,0.0,3.0,5.0,4.0,1.0,NaN,NaN,NaN
