106.0,NaN,NaN,24.0,99.0,NaN,NaN,24.0,NaN,NaN,NaN,24.0,125.0,NaN,NaN,24.0,95.0,NaN,NaN,24.0,87.0,NaN,NaN,24.0,16.0,NaN,NaN,24.0,NaN,NaN,NaN,24.0,NaN,NaN,NaN,24.0,NaN,NaN,NaN,24.0,0.8,NaN,NaN,24.0,NaN,NaN,NaN,24.0,NaN,NaN,NaN,24.0,NaN,NaN,NaN,24.0,NaN,NaN,NaN,24.0,NaN,NaN,NaN,24.0,NaN,NaN,NaN,24.0,NaN,NaN,NaN,24.0,NaN,NaN,NaN,24.0,NaN,NaN,NaN,24.0,NaN,NaN,NaN,24.0,NaN,NaN,NaN,24.0,NaN,NaN,NaN,24.0,NaN,NaN,NaN,24.0,NaN,NaN,NaN,24.0,NaN,NaN,NaN,24.0,NaN,NaN,NaN,24.0,NaN,NaN,NaN,24.0,NaN,NaN,NaN,24.0,NaN,NaN,NaN,24.0,NaN,NaN,NaN,24.0,NaN,NaN,NaN,24.0,NaN,NaN,NaN,24.0,NaN,NaN,NaN,24.0,91.0,1.0,1.0,0.0,-106.33777777777777,1.0,0.0,0.0,1.0,0.0,3.0,0.0,0.0,0.0,0.0,0.0,0.0,0.0,1.0,-2.0,0.0,0.0,3.0,5.0,4.0,46.0,NaN,NaN,NaN
102.0,NaN,-4.0,0.0,98.0,NaN,-1.0,0.0,NaN,NaN,NaN,24.0,107.0,NaN,-18.0,0.0,69.0,NaN,-26.0,0.0,57.0,NaN,-30.0,0.0,28.0,NaN,12.0,0.0,NaN,NaN,NaN,24.0,6.0,NaN,0.0,0.0,NaN,NaN,NaN,24.0,0.8,NaN,0.0,1.0,7.48,NaN,0.0,0.0,41.0,NaN,0.0,0.0,NaN,NaN,NaN,24.0,NaN,NaN,NaN,24.0,NaN,NaN,NaN,24.0,NaN,NaN,NaN,24.0,NaN,NaN,NaN,24.0,NaN,NaN,NaN,24.0,NaN,NaN,NaN,24.0,NaN,NaN,NaN,24.0,NaN,NaN,NaN,24.0,1.5,NaN,0.0,0.0,NaN,NaN,NaN,24.0,NaN,NaN,NaN,24.0,3.6,NaN,0.0,0.0,NaN,NaN,NaN,24.0,NaN,NaN,NaN,24.0,NaN,NaN,NaN,24.0,NaN,NaN,NaN,24.0,NaN,NaN,NaN,24.0,NaN,NaN,NaN,24.0,NaN,NaN,NaN,24.0,NaN,NaN,NaN,24.0,91.0,1.0,1.0,0.0,-106.33777777777777,2.0,0.0,1.0,1.0,0.0,0.0,0.0,0.0,0.0,0.0,0.0,1.0,1.0,1.0,-2.0,0.0,0.0,3.0,5.0,4.0,46.0,NaN,NaN,NaN
101.0,NaN,-1.0,0.0,95.0,NaN,-3.0,0.0,NaN,NaN,NaN,24.0,107.0,NaN,0.0,0.0,74.0,NaN,5.0,0.0,63.0,NaN,6.0,0.0,47.0,NaN,19.0,0.0,NaN,NaN,NaN,24.0,6.0,NaN,0.0,1.0,NaN,NaN,NaN,24.0,1.0,NaN,0.09999999999999998,0.0,7.48,NaN,0.0,1.0,41.0,NaN,0.0,1.0,NaN,NaN,NaN,24.0,NaN,NaN,NaN,24.0,NaN,NaN,NaN,24.0,NaN,NaN,NaN,24.0,NaN,NaN,NaN,24.0,NaN,NaN,NaN,24.0,NaN,NaN,NaN,24.0,NaN,NaN,NaN,24.0,NaN,NaN,NaN,24.0,1.5,NaN,0.0,1.0,NaN,NaN,NaN,24.0,NaN,NaN,NaN,24.0,3.6,NaN,0.0,1.0,NaN,NaN,NaN,24.0,NaN,NaN,NaN,24.0,NaN,NaN,NaN,24.0,NaN,NaN,NaN,24.0,NaN,NaN,NaN,24.0,NaN,NaN,NaN,24.0,NaN,NaN,NaN,24.0,NaN,NaN,NaN,24.0,91.0,1.0,1.0,0.0,-106.33777777777777,3.0,0.0,1.0,1.0,0.0,3.0,0.0,0.0,0.0,0.0,0.0,0.0,1.0,1.0,-2.0,0.0,0.0,3.0,5.0,4.0,46.0,NaN,NaN,NaN
101.0,NaN,0.0,0.0,97.0,NaN,2.0,0.0,NaN,NaN,NaN,24.0,109.0,NaN,2.0,0.0,82.0,NaN,8.0,0.0,75.0,NaN,12.0,0.0,37.0,NaN,-10.0,0.0,NaN,NaN,NaN,24.0,6.0,NaN,0.0,2.0,NaN,NaN,NaN,24.0,1.0,NaN,0.06666666666666665,1.0,7.48,NaN,0.0,2.0,41.0,NaN,0.0,2.0,NaN,NaN,NaN,24.0,NaN,NaN,NaN,24.0,NaN,NaN,NaN,24.0,NaN,NaN,NaN,24.0,NaN,NaN,NaN,24.0,NaN,NaN,NaN,24.0,NaN,NaN,NaN,24.0,NaN,NaN,NaN,24.0,NaN,NaN,NaN,24.0,1.5,NaN,0.0,2.0,NaN,NaN,NaN,24.0,NaN,NaN,NaN,24.0,3.6,NaN,0.0,2.0,NaN,NaN,NaN,24.0,NaN,NaN,NaN,24.0,NaN,NaN,NaN,24.0,NaN,NaN,NaN,24.0,NaN,NaN,NaN,24.0,NaN,NaN,NaN,24.0,NaN,NaN,NaN,24.0,NaN,NaN,NaN,24.0,91.0,1.0,1.0,0.0,-106.33777777777777,4.0,0.0,1.0,1.0,0.0,0.0,0.0,0.0,0.0,0.0,0.0,1.0,1.0,1.0,-2.0,0.0,0.0,3.0,5.0,4.0,46.0,NaN,NaN,NaN
94.0,NaN,-7.0,0.0,94.0,NaN,-3.0,0.0,NaN,NaN,NaN,24.0,129.0,NaN,20.0,0.0,107.0,NaN,25.0,0.0,101.0,NaN,26.0,0.0,22.0,NaN,-15.0,0.0,NaN,NaN,NaN,24.0,6.0,NaN,0.0,3.0,NaN,NaN,NaN,24.0,1.0,NaN,0.04999999999999999,2.0,7.48,NaN,0.0,3.0,41.0,NaN,0.0,3.0,NaN,NaN,NaN,24.0,NaN,NaN,NaN,24.0,NaN,NaN,NaN,24.0,NaN,NaN,NaN,24.0,NaN,NaN,NaN,24.0,NaN,NaN,NaN,24.0,NaN,NaN,NaN,24.0,NaN,NaN,NaN,24.0,NaN,NaN,NaN,24.0,1.5,NaN,0.0,3.0,NaN,NaN,NaN,24.0,NaN,NaN,NaN,24.0,3.6,NaN,0.0,3.0,NaN,NaN,NaN,24.0,NaN,NaN,NaN,24.0,NaN,NaN,NaN,24.0,NaN,NaN,NaN,24.0,NaN,NaN,NaN,24.0,NaN,NaN,NaN,24.0,NaN,NaN,NaN,24.0,NaN,NaN,NaN,24.0,91.0,1.0,1.0,0.0,-106.33777777777777,5.0,0.0,1.0,1.0,0.0,0.0,0.0,0.0,0.0,0.0,0.0,1.0,1.0,1.0,-2.0,0.0,0.0,3.0,5.0,4.0,46.0,NaN,NaN,NaN
94.0,NaN,0.0,0.0,97.0,NaN,3.0,0.0,NaN,NaN,NaN,24.0,96.0,NaN,-33.0,0.0,67.0,NaN,-40.0,0.0,58.0,NaN,-43.0,0.0,36.0,NaN,14.0,0.0,NaN,NaN,NaN,24.0,6.0,NaN,0.0,4.0,NaN,NaN,NaN,24.0,1.0,NaN,0.039999999999999994,3.0,7.48,NaN,0.0,4.0,41.0,NaN,0.0,4.0,NaN,NaN,NaN,24.0,NaN,NaN,NaN,24.0,NaN,NaN,NaN,24.0,NaN,NaN,NaN,24.0,NaN,NaN,NaN,24.0,NaN,NaN,NaN,24.0,NaN,NaN,NaN,24.0,NaN,NaN,NaN,24.0,NaN,NaN,NaN,24.0,1.5,NaN,0.0,4.0,NaN,NaN,NaN,24.0,NaN,NaN,NaN,24.0,3.6,NaN,0.0,4.0,NaN,NaN,NaN,24.0,NaN,NaN,NaN,24.0,NaN,NaN,NaN,24.0,NaN,NaN,NaN,24.0,NaN,NaN,NaN,24.0,NaN,NaN,NaN,24.0,NaN,NaN,NaN,24.0,NaN,NaN,NaN,24.0,91.0,1.0,1.0,0.0,-106.33777777777777,6.0,0.0,1.0,1.0,0.0,0.0,0.0,0.0,0.0,0.0,0.0,1.0,1.0,1.0,-2.0,0.0,0.0,3.0,5.0,4.0,46.0,NaN,NaN,NaN
91.0,NaN,-3.0,0.0,95.0,NaN,-2.0,0.0,37.17,NaN,0.0,0.0,108.0,NaN,12.0,0.0,69.0,NaN,2.0,0.0,58.0,NaN,0.0,0.0,28.0,NaN,-8.0,0.0,NaN,NaN,NaN,24.0,6.0,NaN,0.0,5.0,NaN,NaN,NaN,24.0,1.0,NaN,0.0,0.0,7.48,NaN,0.0,5.0,41.0,NaN,0.0,5.0,NaN,NaN,NaN,24.0,NaN,NaN,NaN,24.0,NaN,NaN,NaN,24.0,NaN,NaN,NaN,24.0,NaN,NaN,NaN,24.0,NaN,NaN,NaN,24.0,NaN,NaN,NaN,24.0,NaN,NaN,NaN,24.0,NaN,NaN,NaN,24.0,1.5,NaN,0.0,5.0,NaN,NaN,NaN,24.0,NaN,NaN,NaN,24.0,3.6,NaN,0.0,5.0,NaN,NaN,NaN,24.0,NaN,NaN,NaN,24.0,NaN,NaN,NaN,24.0,NaN,NaN,NaN,24.0,NaN,NaN,NaN,24.0,NaN,NaN,NaN,24.0,NaN,NaN,NaN,24.0,NaN,NaN,NaN,24.0,91.0,1.0,1.0,0.0,-106.33777777777777,7.0,0.0,1.0,1.0,0.0,3.0,0.0,0.0,0.0,0.0,0.0,0.0,1.0,1.0,-2.0,0.0,0.0,3.0,5.0,4.0,46.0,NaN,NaN,NaN
90.0,NaN,-1.0,0.0,98.0,NaN,3.0,0.0,37.17,NaN,0.0,1.0,96.0,NaN,-12.0,0.0,70.0,NaN,1.0,0.0,61.0,NaN,3.0,0.0,35.0,NaN,7.0,0.0,NaN,NaN,NaN,24.0,6.0,NaN,0.0,0.0,29.0,NaN,0.0,0.0,1.0,NaN,0.0,1.0,7.52,NaN,0.006666666666666525,0.0,36.0,NaN,-0.8333333333333334,0.0,NaN,NaN,NaN,24.0,NaN,NaN,NaN,24.0,24.0,NaN,0.0,0.0,NaN,NaN,NaN,24.0,8.7,NaN,0.0,0.0,99.0,NaN,0.0,0.0,0.6,NaN,0.0,0.0,NaN,NaN,NaN,24.0,115.0,NaN,0.0,0.0,1.5,NaN,0.0,0.0,2.4,NaN,0.0,0.0,3.6,NaN,0.0,0.0,4.6,NaN,0.1666666666666666,0.0,NaN,NaN,NaN,24.0,NaN,NaN,NaN,24.0,31.3,NaN,0.0,0.0,10.4,NaN,0.0,0.0,NaN,NaN,NaN,24.0,12.9,NaN,0.0,0.0,NaN,NaN,NaN,24.0,426.0,NaN,0.0,0.0,91.0,1.0,1.0,0.0,-106.33777777777777,8.0,0.0,1.0,0.0,1.0,0.0,0.0,0.0,0.0,0.0,0.0,1.0,1.0,1.0,-2.0,0.0,0.0,3.0,5.0,4.0,46.0,NaN,NaN,NaN
104.0,NaN,14.0,0.0,85.0,NaN,-13.0,0.0,37.17,NaN,0.0,2.0,99.0,NaN,3.0,0.0,64.0,NaN,-6.0,0.0,57.0,NaN,-4.0,0.0,38.0,NaN,3.0,0.0,NaN,NaN,NaN,24.0,6.0,NaN,0.0,1.0,29.0,NaN,0.0,1.0,1.0,NaN,0.0,2.0,7.52,NaN,0.005714285714285593,1.0,36.0,NaN,-0.7142857142857143,1.0,NaN,NaN,NaN,24.0,NaN,NaN,NaN,24.0,24.0,NaN,0.0,1.0,NaN,NaN,NaN,24.0,8.7,NaN,0.0,1.0,99.0,NaN,0.0,1.0,0.6,NaN,0.0,1.0,NaN,NaN,NaN,24.0,115.0,NaN,0.0,1.0,1.5,NaN,0.0,1.0,2.4,NaN,0.0,1.0,3.6,NaN,0.0,1.0,4.6,NaN,0.1428571428571428,1.0,NaN,NaN,NaN,24.0,NaN,NaN,NaN,24.0,31.3,NaN,0.0,1.0,10.4,NaN,0.0,1.0,NaN,NaN,NaN,24.0,12.9,NaN,0.0,1.0,NaN,NaN,NaN,24.0,426.0,NaN,0.0,1.0,91.0,1.0,1.0,0.0,-106.33777777777777,9.0,0.0,1.0,1.0,1.0,0.0,0.0,0.0,1.0,0.0,0.0,1.0,1.0,1.0,-2.0,0.0,0.0,3.0,5.0,4.0,46.0,NaN,NaN,NaN
