126.5,NaN,NaN,24.0,94.0,NaN,NaN,24.0,37.94,NaN,NaN,24.0,139.0,NaN,NaN,24.0,124.0,NaN,NaN,24.0,115.0,NaN,NaN,24.0,39.0,NaN,NaN,24.0,NaN,NaN,NaN,24.0,NaN,NaN,NaN,24.0,27.0,NaN,NaN,24.0,NaN,NaN,NaN,24.0,NaN,NaN,NaN,24.0,NaN,NaN,NaN,24.0,NaN,NaN,NaN,24.0,33.0,NaN,NaN,24.0,23.0,NaN,NaN,24.0,78.0,NaN,NaN,24.0,NaN,NaN,NaN,24.0,99.0,NaN,NaN,24.0,0.6,NaN,NaN,24.0,NaN,NaN,NaN,24.0,156.0,NaN,NaN,24.0,NaN,NaN,NaN,24.0,1.6,NaN,NaN,24.0,2.7,NaN,NaN,24.0,4.0,NaN,NaN,24.0,0.4,NaN,NaN,24.0,0.06,NaN,NaN,24.0,29.2,NaN,NaN,24.0,9.9,NaN,NaN,24.0,30.1,NaN,NaN,24.0,4.3,NaN,NaN,24.0,658.0,NaN,NaN,24.0,185.0,NaN,NaN,24.0,77.0,1.0,1.0,0.0,0.0,1.0,0.0,1.0,1.0,0.0,0.0,0.0,0.0,0.0,0.0,0.0,1.0,0.0,1.0,1.0,0.0,0.0,3.0,5.0,4.0,3.0,NaN,NaN,NaN
121.0,NaN,-5.5,0.0,96.0,NaN,2.0,0.0,37.94,NaN,0.0,1.0,134.0,NaN,-5.0,0.0,85.0,NaN,-39.0,0.0,66.0,NaN,-49.0,0.0,50.0,NaN,11.0,0.0,NaN,NaN,NaN,24.0,4.0,NaN,0.0,0.0,27.0,NaN,0.0,1.0,NaN,NaN,NaN,24.0,7.52,NaN,0.0,0.0,34.5,NaN,0.0,0.0,NaN,NaN,NaN,24.0,33.0,NaN,0.0,1.0,23.0,NaN,0.0,1.0,78.0,NaN,0.0,1.0,NaN,NaN,NaN,24.0,99.0,NaN,0.0,1.0,0.6,NaN,0.0,1.0,NaN,NaN,NaN,24.0,156.0,NaN,0.0,1.0,1.9,NaN,0.0,0.0,1.6,NaN,0.0,1.0,2.7,NaN,0.0,1.0,3.4,NaN,-0.6000000000000001,0.0,0.4,NaN,0.0,1.0,0.06,NaN,0.0,1.0,29.2,NaN,0.0,1.0,9.9,NaN,0.0,1.0,30.1,NaN,0.0,1.0,4.3,NaN,0.0,1.0,658.0,NaN,0.0,1.0,185.0,NaN,0.0,1.0,77.0,1.0,1.0,0.0,0.0,2.0,0.0,1.0,1.0,0.0,0.0,0.0,0.0,0.0,0.0,0.0,1.0,1.0,1.0,1.0,0.0,0.0,3.0,5.0,4.0,3.0,NaN,NaN,NaN
114.0,NaN,-7.0,0.0,100.0,NaN,4.0,0.0,37.94,NaN,0.0,2.0,135.0,NaN,1.0,0.0,91.0,NaN,6.0,0.0,74.0,NaN,8.0,0.0,36.0,NaN,-14.0,0.0,NaN,NaN,NaN,24.0,4.0,NaN,0.0,1.0,27.0,NaN,0.0,2.0,NaN,NaN,NaN,24.0,7.52,NaN,0.0,1.0,34.5,NaN,0.0,1.0,NaN,NaN,NaN,24.0,33.0,NaN,0.0,2.0,23.0,NaN,0.0,2.0,78.0,NaN,0.0,2.0,NaN,NaN,NaN,24.0,99.0,NaN,0.0,2.0,0.6,NaN,0.0,2.0,NaN,NaN,NaN,24.0,156.0,NaN,0.0,2.0,1.9,NaN,0.0,1.0,1.6,NaN,0.0,2.0,2.7,NaN,0.0,2.0,3.4,NaN,-0.30000000000000004,1.0,0.4,NaN,0.0,2.0,0.06,NaN,0.0,2.0,29.2,NaN,0.0,2.0,9.9,NaN,0.0,2.0,30.1,NaN,0.0,2.0,4.3,NaN,0.0,2.0,658.0,NaN,0.0,2.0,185.0,NaN,0.0,2.0,77.0,1.0,1.0,0.0,0.0,3.0,0.0,1.0,1.0,0.0,0.0,0.0,0.0,0.0,0.0,0.0,1.0,1.0,1.0,1.0,0.0,0.0,3.0,5.0,4.0,3.0,NaN,NaN,NaN
107.0,NaN,-7.0,0.0,100.0,NaN,0.0,0.0,37.72,NaN,-0.07333333333333296,0.0,114.0,NaN,-21.0,0.0,83.0,NaN,-8.0,0.0,72.0,NaN,-2.0,0.0,39.0,NaN,3.0,0.0,NaN,NaN,NaN,24.0,4.0,NaN,0.0,2.0,27.0,NaN,0.0,3.0,NaN,NaN,NaN,24.0,7.52,NaN,0.0,2.0,34.5,NaN,0.0,2.0,NaN,NaN,NaN,24.0,33.0,NaN,0.0,3.0,23.0,NaN,0.0,3.0,78.0,NaN,0.0,3.0,NaN,NaN,NaN,24.0,99.0,NaN,0.0,3.0,0.6,NaN,0.0,3.0,NaN,NaN,NaN,24.0,156.0,NaN,0.0,3.0,1.9,NaN,0.0,2.0,1.6,NaN,0.0,3.0,2.7,NaN,0.0,3.0,3.4,NaN,-0.20000000000000004,2.0,0.4,NaN,0.0,3.0,0.06,NaN,0.0,3.0,29.2,NaN,0.0,3.0,9.9,NaN,0.0,3.0,30.1,NaN,0.0,3.0,4.3,NaN,0.0,3.0,658.0,NaN,0.0,3.0,185.0,NaN,0.0,3.0,77.0,1.0,1.0,0.0,0.0,4.0,0.0,1.0,1.0,0.0,0.0,0.0,0.0,0.0,0.0,0.0,1.0,1.0,1.0,1.0,0.0,0.0,3.0,5.0,4.0,3.0,NaN,NaN,NaN
94.0,NaN,-13.0,0.0,92.0,NaN,-8.0,0.0,37.72,NaN,-0.054999999999999716,1.0,114.0,NaN,0.0,0.0,80.0,NaN,-3.0,0.0,68.0,NaN,-4.0,0.0,36.0,NaN,-3.0,0.0,NaN,NaN,NaN,24.0,4.0,NaN,0.0,3.0,27.0,NaN,0.0,4.0,NaN,NaN,NaN,24.0,7.52,NaN,0.0,3.0,34.5,NaN,0.0,3.0,NaN,NaN,NaN,24.0,33.0,NaN,0.0,4.0,23.0,NaN,0.0,4.0,78.0,NaN,0.0,4.0,NaN,NaN,NaN,24.0,99.0,NaN,0.0,4.0,0.6,NaN,0.0,4.0,NaN,NaN,NaN,24.0,156.0,NaN,0.0,4.0,1.9,NaN,0.0,3.0,1.6,NaN,0.0,4.0,2.7,NaN,0.0,4.0,3.4,NaN,-0.15000000000000002,3.0,0.4,NaN,0.0,4.0,0.06,NaN,0.0,4.0,29.2,NaN,0.0,4.0,9.9,NaN,0.0,4.0,30.1,NaN,0.0,4.0,4.3,NaN,0.0,4.0,658.0,NaN,0.0,4.0,185.0,NaN,0.0,4.0,77.0,1.0,1.0,0.0,0.0,5.0,0.0,1.0,1.0,0.0,0.0,0.0,0.0,0.0,0.0,0.0,1.0,1.0,1.0,1.0,0.0,0.0,3.0,5.0,4.0,3.0,NaN,NaN,NaN
96.0,NaN,2.0,0.0,100.0,NaN,8.0,0.0,37.72,NaN,-0.043999999999999775,2.0,150.0,NaN,36.0,0.0,88.0,NaN,8.0,0.0,60.0,NaN,-8.0,0.0,32.0,NaN,-4.0,0.0,NaN,NaN,NaN,24.0,4.0,NaN,0.0,4.0,27.0,NaN,0.0,5.0,NaN,NaN,NaN,24.0,7.52,NaN,0.0,4.0,34.5,NaN,0.0,4.0,NaN,NaN,NaN,24.0,33.0,NaN,0.0,5.0,23.0,NaN,0.0,5.0,78.0,NaN,0.0,5.0,NaN,NaN,NaN,24.0,99.0,NaN,0.0,5.0,0.6,NaN,0.0,5.0,NaN,NaN,NaN,24.0,156.0,NaN,0.0,5.0,1.9,NaN,0.0,4.0,1.6,NaN,0.0,5.0,2.7,NaN,0.0,5.0,3.4,NaN,-0.12000000000000002,4.0,0.4,NaN,0.0,5.0,0.06,NaN,0.0,5.0,29.2,NaN,0.0,5.0,9.9,NaN,0.0,5.0,30.1,NaN,0.0,5.0,4.3,NaN,0.0,5.0,658.0,NaN,0.0,5.0,185.0,NaN,0.0,5.0,77.0,1.0,1.0,0.0,0.0,6.0,0.0,1.0,1.0,0.0,0.0,0.0,0.0,0.0,0.0,0.0,1.0,1.0,1.0,1.0,0.0,0.0,3.0,5.0,4.0,3.0,NaN,NaN,NaN
99.0,NaN,3.0,0.0,97.0,NaN,-3.0,0.0,37.72,NaN,-0.03666666666666648,3.0,104.0,NaN,-46.0,0.0,70.0,NaN,-18.0,0.0,55.0,NaN,-5.0,0.0,33.0,NaN,1.0,0.0,NaN,NaN,NaN,24.0,4.0,NaN,0.0,5.0,27.0,NaN,0.0,6.0,NaN,NaN,NaN,24.0,7.52,NaN,0.0,5.0,34.5,NaN,0.0,5.0,NaN,NaN,NaN,24.0,33.0,NaN,0.0,6.0,23.0,NaN,0.0,6.0,78.0,NaN,0.0,6.0,NaN,NaN,NaN,24.0,99.0,NaN,0.0,6.0,0.6,NaN,0.0,6.0,NaN,NaN,NaN,24.0,156.0,NaN,0.0,6.0,1.9,NaN,0.0,5.0,1.6,NaN,0.0,6.0,2.7,NaN,0.0,6.0,3.4,NaN,-0.10000000000000002,5.0,0.4,NaN,0.0,6.0,0.06,NaN,0.0,6.0,29.2,NaN,0.0,6.0,9.9,NaN,0.0,6.0,30.1,NaN,0.0,6.0,4.3,NaN,0.0,6.0,658.0,NaN,0.0,6.0,185.0,NaN,0.0,6.0,77.0,1.0,1.0,0.0,0.0,7.0,0.0,1.0,1.0,0.0,0.0,0.0,0.0,0.0,0.0,0.0,1.0,1.0,1.0,1.0,0.0,0.0,3.0,5.0,4.0,3.0,NaN,NaN,NaN
105.0,NaN,6.0,0.0,96.0,NaN,-1.0,0.0,37.06,NaN,-0.16499999999999915,0.0,144.0,NaN,40.0,0.0,91.0,NaN,21.0,0.0,72.0,NaN,17.0,0.0,38.0,NaN,5.0,0.0,NaN,NaN,NaN,24.0,4.0,NaN,0.0,6.0,27.0,NaN,0.0,7.0,NaN,NaN,NaN,24.0,7.52,NaN,0.0,6.0,34.5,NaN,0.0,6.0,NaN,NaN,NaN,24.0,33.0,NaN,0.0,7.0,23.0,NaN,0.0,7.0,78.0,NaN,0.0,7.0,NaN,NaN,NaN,24.0,99.0,NaN,0.0,7.0,0.6,NaN,0.0,7.0,NaN,NaN,NaN,24.0,156.0,NaN,0.0,7.0,1.9,NaN,0.0,6.0,1.6,NaN,0.0,7.0,2.7,NaN,0.0,7.0,3.4,NaN,-0.08571428571428573,6.0,0.4,NaN,0.0,7.0,0.06,NaN,0.0,7.0,29.2,NaN,0.0,7.0,9.9,NaN,0.0,7.0,30.1,NaN,0.0,7.0,4.3,NaN,0.0,7.0,658.0,NaN,0.0,7.0,185.0,NaN,0.0,7.0,77.0,1.0,1.0,0.0,0.0,8.0,0.0,1.0,1.0,0.0,0.0,0.0,0.0,0.0,0.0,0.0,1.0,1.0,1.0,1.0,0.0,0.0,3.0,5.0,4.0,3.0,NaN,NaN,NaN
104.0,NaN,-1.0,0.0,99.0,NaN,3.0,0.0,37.06,NaN,-0.1319999999999993,1.0,146.0,NaN,2.0,0.0,94.0,NaN,3.0,0.0,73.0,NaN,1.0,0.0,39.0,NaN,1.0,0.0,NaN,NaN,NaN,24.0,4.0,NaN,0.0,7.0,27.0,NaN,0.0,8.0,NaN,NaN,NaN,24.0,7.52,NaN,0.0,7.0,34.5,NaN,0.0,7.0,NaN,NaN,NaN,24.0,33.0,NaN,0.0,8.0,23.0,NaN,0.0,8.0,78.0,NaN,0.0,8.0,NaN,NaN,NaN,24.0,99.0,NaN,0.0,8.0,0.6,NaN,0.0,8.0,NaN,NaN,NaN,24.0,156.0,NaN,0.0,8.0,1.9,NaN,0.0,7.0,1.6,NaN,0.0,8.0,2.7,NaN,0.0,8.0,3.4,NaN,-0.07500000000000001,7.0,0.4,NaN,0.0,8.0,0.06,NaN,0.0,8.0,29.2,NaN,0.0,8.0,9.9,NaN,0.0,8.0,30.1,NaN,0.0,8.0,4.3,NaN,0.0,8.0,658.0,NaN,0.0,8.0,185.0,NaN,0.0,8.0,77.0,1.0,1.0,0.0,0.0,9.0,0.0,1.0,1.0,0.0,0.0,0.0,0.0,0.0,0.0,0.0,1.0,1.0,1.0,1.0,0.0,0.0,3.0,5.0,4.0,3.0,NaN,NaN,NaN
