NaN,NaN,NaN,24.0,NaN,NaN,NaN,24.0,NaN,NaN,NaN,24.0,NaN,NaN,NaN,24.0,NaN,NaN,NaN,24.0,NaN,NaN,NaN,24.0,NaN,NaN,NaN,24.0,NaN,NaN,NaN,24.0,0.5,NaN,NaN,24.0,NaN,NaN,NaN,24.0,NaN,NaN,NaN,24.0,7.375,NaN,NaN,24.0,45.0,NaN,NaN,24.0,NaN,NaN,NaN,24.0,NaN,NaN,NaN,24.0,NaN,NaN,NaN,24.0,NaN,NaN,NaN,24.0,NaN,NaN,NaN,24.0,NaN,NaN,NaN,24.0,NaN,NaN,NaN,24.0,NaN,NaN,NaN,24.0,167.0,NaN,NaN,24.0,1.7,NaN,NaN,24.0,NaN,NaN,NaN,24.0,NaN,NaN,NaN,24.0,5.5,NaN,NaN,24.0,NaN,NaN,NaN,24.0,NaN,NaN,NaN,24.0,26.8333333333333,NaN,NaN,24.0,9.1,NaN,NaN,24.0,23.7,NaN,NaN,24.0,15.7,NaN,NaN,24.0,269.0,NaN,NaN,24.0,206.0,NaN,NaN,24.0,68.0,1.0,-1.0,-1.0,-8.513333333333334,1.0,0.0,0.0,0.0,1.0,0.0,0.0,0.0,0.0,0.0,0.0,1.0,0.0,1.0,1.0,0.0,0.0,NaN,9.0,9.0,1.0,NaN,NaN,NaN
82.25,NaN,0.0,0.0,100.0,NaN,0.0,0.0,36.5,NaN,0.0,0.0,115.75,NaN,0.0,0.0,79.75,NaN,0.0,0.0,60.25,NaN,0.0,0.0,14.4,NaN,0.0,0.0,NaN,NaN,NaN,24.0,2.0,NaN,1.5,0.0,25.0,NaN,0.0,0.0,1.0,NaN,0.0,0.0,7.38,NaN,0.004999999999999893,0.0,47.0,NaN,2.0,0.0,NaN,NaN,NaN,24.0,NaN,NaN,NaN,24.0,20.0,NaN,0.0,0.0,NaN,NaN,NaN,24.0,NaN,NaN,NaN,24.0,110.0,NaN,0.0,0.0,0.9,NaN,0.0,0.0,NaN,NaN,NaN,24.0,122.0,NaN,-45.0,0.0,1.7,NaN,0.0,1.0,NaN,NaN,NaN,24.0,NaN,NaN,NaN,24.0,4.6,NaN,-0.9000000000000004,0.0,NaN,NaN,NaN,24.0,NaN,NaN,NaN,24.0,30.5,NaN,3.6666666666667,0.0,11.0,NaN,1.9000000000000004,0.0,26.6,NaN,2.900000000000002,0.0,19.3,NaN,3.6000000000000014,0.0,269.0,NaN,0.0,1.0,226.0,NaN,20.0,0.0,68.0,1.0,-1.0,-1.0,-8.513333333333334,2.0,0.0,0.0,0.0,1.0,3.0,0.0,0.0,0.0,0.0,0.0,0.0,0.0,1.0,1.0,0.0,0.0,NaN,9.0,9.0,1.0,NaN,NaN,NaN
85.5,NaN,3.25,0.0,100.0,NaN,0.0,0.0,36.3,NaN,-0.20000000000000284,0.0,122.75,NaN,7.0,0.0,84.5,NaN,4.75,0.0,64.25,NaN,4.0,0.0,14.25,NaN,-0.15000000000000036,0.0,NaN,NaN,NaN,24.0,2.0,NaN,0.75,1.0,25.0,NaN,0.0,1.0,1.0,NaN,0.0,1.0,7.38,NaN,0.0024999999999999467,1.0,47.0,NaN,1.0,1.0,NaN,NaN,NaN,24.0,NaN,NaN,NaN,24.0,20.0,NaN,0.0,1.0,NaN,NaN,NaN,24.0,NaN,NaN,NaN,24.0,110.0,NaN,0.0,1.0,0.9,NaN,0.0,1.0,NaN,NaN,NaN,24.0,122.0,NaN,-22.5,1.0,1.7,NaN,0.0,2.0,NaN,NaN,NaN,24.0,NaN,NaN,NaN,24.0,4.6,NaN,-0.4500000000000002,1.0,NaN,NaN,NaN,24.0,NaN,NaN,NaN,24.0,30.5,NaN,1.83333333333335,1.0,11.0,NaN,0.9500000000000002,1.0,26.6,NaN,1.450000000000001,1.0,19.3,NaN,1.8000000000000007,1.0,269.0,NaN,0.0,2.0,226.0,NaN,10.0,1.0,68.0,1.0,-1.0,-1.0,-8.513333333333334,3.0,0.0,0.0,0.0,1.0,0.0,0.0,0.0,0.0,0.0,0.0,1.0,0.0,1.0,1.0,0.0,0.0,NaN,9.0,9.0,1.0,NaN,NaN,NaN
78.5,NaN,-7.0,0.0,100.0,NaN,0.0,0.0,36.25,NaN,-0.04999999999999716,0.0,127.0,NaN,4.25,0.0,81.5,NaN,-3.0,0.0,62.0,NaN,-2.25,0.0,16.5,NaN,2.25,0.0,NaN,NaN,NaN,24.0,2.0,NaN,0.5,2.0,25.0,NaN,0.0,2.0,0.5,NaN,-0.25,0.0,7.38,NaN,0.0016666666666666312,2.0,47.0,NaN,0.6666666666666666,2.0,NaN,NaN,NaN,24.0,NaN,NaN,NaN,24.0,20.0,NaN,0.0,2.0,NaN,NaN,NaN,24.0,NaN,NaN,NaN,24.0,110.0,NaN,0.0,2.0,0.9,NaN,0.0,2.0,NaN,NaN,NaN,24.0,122.0,NaN,-15.0,2.0,1.7,NaN,0.0,3.0,NaN,NaN,NaN,24.0,NaN,NaN,NaN,24.0,4.6,NaN,-0.3000000000000001,2.0,NaN,NaN,NaN,24.0,NaN,NaN,NaN,24.0,30.5,NaN,1.2222222222222332,2.0,11.0,NaN,0.6333333333333334,2.0,26.6,NaN,0.9666666666666673,2.0,19.3,NaN,1.2000000000000004,2.0,269.0,NaN,0.0,3.0,226.0,NaN,6.666666666666667,2.0,68.0,1.0,-1.0,-1.0,-8.513333333333334,4.0,0.0,0.0,0.0,1.0,2.0,0.0,0.0,0.0,0.0,0.0,0.0,0.0,1.0,1.0,0.0,0.0,NaN,9.0,9.0,1.0,NaN,NaN,NaN
80.5,NaN,2.0,0.0,100.0,NaN,0.0,0.0,36.45,NaN,0.20000000000000284,0.0,119.5,NaN,-7.5,0.0,77.5,NaN,-4.0,0.0,59.0,NaN,-3.0,0.0,15.0,NaN,-1.5,0.0,NaN,NaN,NaN,24.0,0.0,NaN,-0.6666666666666666,0.0,25.0,NaN,0.0,3.0,0.5,NaN,0.0,0.0,7.38,NaN,0.0,0.0,42.0,NaN,-1.6666666666666667,0.0,NaN,NaN,NaN,24.0,NaN,NaN,NaN,24.0,20.0,NaN,0.0,3.0,NaN,NaN,NaN,24.0,NaN,NaN,NaN,24.0,110.0,NaN,0.0,3.0,0.9,NaN,0.0,3.0,NaN,NaN,NaN,24.0,123.0,NaN,0.3333333333333333,0.0,1.7,NaN,0.0,4.0,NaN,NaN,NaN,24.0,NaN,NaN,NaN,24.0,3.9,NaN,-0.23333333333333325,0.0,NaN,NaN,NaN,24.0,NaN,NaN,NaN,24.0,30.5,NaN,0.916666666666675,3.0,11.0,NaN,0.4750000000000001,3.0,26.6,NaN,0.7250000000000005,3.0,19.3,NaN,0.9000000000000004,3.0,269.0,NaN,0.0,4.0,226.0,NaN,5.0,3.0,68.0,1.0,-1.0,-1.0,-8.513333333333334,5.0,0.0,0.0,0.0,1.0,2.0,0.0,0.0,0.0,0.0,0.0,0.0,0.0,1.0,1.0,0.0,0.0,NaN,9.0,9.0,1.0,NaN,NaN,NaN
86.0,NaN,5.5,0.0,98.0,NaN,-2.0,0.0,36.7,NaN,0.25,0.0,146.0,NaN,26.5,0.0,86.0,NaN,8.5,0.0,62.0,NaN,3.0,0.0,19.0,NaN,4.0,0.0,NaN,NaN,NaN,24.0,0.0,NaN,-0.5,1.0,25.0,NaN,0.0,4.0,0.5,NaN,0.0,1.0,7.38,NaN,0.0,1.0,42.0,NaN,-1.25,1.0,NaN,NaN,NaN,24.0,NaN,NaN,NaN,24.0,20.0,NaN,0.0,4.0,NaN,NaN,NaN,24.0,NaN,NaN,NaN,24.0,110.0,NaN,0.0,4.0,0.9,NaN,0.0,4.0,NaN,NaN,NaN,24.0,123.0,NaN,0.25,1.0,1.7,NaN,0.0,5.0,NaN,NaN,NaN,24.0,NaN,NaN,NaN,24.0,3.9,NaN,-0.17499999999999993,1.0,NaN,NaN,NaN,24.0,NaN,NaN,NaN,24.0,30.5,NaN,0.7333333333333399,4.0,11.0,NaN,0.38000000000000006,4.0,26.6,NaN,0.5800000000000004,4.0,19.3,NaN,0.7200000000000003,4.0,269.0,NaN,0.0,5.0,226.0,NaN,4.0,4.0,68.0,1.0,-1.0,-1.0,-8.513333333333334,6.0,0.0,0.0,0.0,1.0,0.0,0.0,0.0,0.0,0.0,0.0,1.0,1.0,1.0,1.0,0.0,0.0,NaN,9.0,9.0,1.0,NaN,NaN,NaN
102.0,NaN,16.0,0.0,94.0,NaN,-4.0,0.0,37.3,NaN,0.5999999999999943,0.0,99.0,NaN,-47.0,0.0,58.0,NaN,-28.0,0.0,44.0,NaN,-18.0,0.0,20.0,NaN,1.0,0.0,NaN,NaN,NaN,24.0,0.0,NaN,-0.4,2.0,25.0,NaN,0.0,5.0,0.5,NaN,0.0,2.0,7.38,NaN,0.0,2.0,42.0,NaN,-1.0,2.0,NaN,NaN,NaN,24.0,NaN,NaN,NaN,24.0,20.0,NaN,0.0,5.0,NaN,NaN,NaN,24.0,NaN,NaN,NaN,24.0,110.0,NaN,0.0,5.0,0.9,NaN,0.0,5.0,NaN,NaN,NaN,24.0,123.0,NaN,0.2,2.0,1.7,NaN,0.0,6.0,NaN,NaN,NaN,24.0,NaN,NaN,NaN,24.0,3.9,NaN,-0.13999999999999996,2.0,NaN,NaN,NaN,24.0,NaN,NaN,NaN,24.0,30.5,NaN,0.6111111111111166,5.0,11.0,NaN,0.3166666666666667,5.0,26.6,NaN,0.48333333333333367,5.0,19.3,NaN,0.6000000000000002,5.0,269.0,NaN,0.0,6.0,226.0,NaN,3.3333333333333335,5.0,68.0,1.0,-1.0,-1.0,-8.513333333333334,7.0,0.0,0.0,1.0,1.0,0.0,0.0,0.0,1.0,0.0,0.0,1.0,1.0,1.0,1.0,0.0,0.0,NaN,9.0,9.0,1.0,NaN,NaN,NaN
102.0,NaN,0.0,0.0,100.0,NaN,6.0,0.0,37.5,NaN,0.20000000000000284,0.0,122.0,NaN,23.0,0.0,72.0,NaN,14.0,0.0,53.0,NaN,9.0,0.0,18.0,NaN,-2.0,0.0,NaN,NaN,NaN,24.0,0.0,NaN,-0.3333333333333333,3.0,25.0,NaN,0.0,6.0,0.5,NaN,0.0,3.0,7.38,NaN,0.0,3.0,42.0,NaN,-0.8333333333333334,3.0,NaN,NaN,NaN,24.0,NaN,NaN,NaN,24.0,20.0,NaN,0.0,6.0,NaN,NaN,NaN,24.0,NaN,NaN,NaN,24.0,107.0,NaN,-0.5,0.0,0.9,NaN,0.0,6.0,NaN,NaN,NaN,24.0,123.0,NaN,0.16666666666666666,3.0,1.7,NaN,0.0,7.0,2.7,NaN,0.0,0.0,NaN,NaN,NaN,24.0,4.5,NaN,0.20000000000000004,0.0,NaN,NaN,NaN,24.0,NaN,NaN,NaN,24.0,28.9,NaN,-0.2666666666666669,0.0,11.0,NaN,0.27142857142857146,6.0,26.6,NaN,0.4142857142857146,6.0,19.3,NaN,0.5142857142857145,6.0,269.0,NaN,0.0,7.0,226.0,NaN,2.857142857142857,6.0,68.0,1.0,-1.0,-1.0,-8.513333333333334,8.0,0.0,0.0,1.0,1.0,0.0,0.0,0.0,0.0,0.0,0.0,1.0,1.0,1.0,1.0,0.0,0.0,NaN,9.0,9.0,1.0,NaN,NaN,NaN
88.0,NaN,-14.0,0.0,99.0,NaN,-1.0,0.0,37.4,NaN,-0.10000000000000142,0.0,115.0,NaN,-7.0,0.0,70.0,NaN,-2.0,0.0,55.0,NaN,2.0,0.0,17.0,NaN,-1.0,0.0,NaN,NaN,NaN,24.0,0.0,NaN,-0.2857142857142857,4.0,25.0,NaN,0.0,7.0,0.5,NaN,0.0,4.0,7.38,NaN,0.0,4.0,42.0,NaN,-0.7142857142857143,4.0,NaN,NaN,NaN,24.0,NaN,NaN,NaN,24.0,20.0,NaN,0.0,7.0,NaN,NaN,NaN,24.0,NaN,NaN,NaN,24.0,107.0,NaN,-0.42857142857142855,1.0,0.9,NaN,0.0,7.0,NaN,NaN,NaN,24.0,123.0,NaN,0.14285714285714285,4.0,1.7,NaN,0.0,8.0,2.7,NaN,0.0,1.0,NaN,NaN,NaN,24.0,4.5,NaN,0.15000000000000002,1.0,NaN,NaN,NaN,24.0,NaN,NaN,NaN,24.0,28.9,NaN,-0.2285714285714288,1.0,11.0,NaN,0.23750000000000004,7.0,26.6,NaN,0.36250000000000027,7.0,19.3,NaN,0.4500000000000002,7.0,269.0,NaN,0.0,8.0,226.0,NaN,2.5,7.0,68.0,1.0,-1.0,-1.0,-8.513333333333334,9.0,0.0,0.0,0.0,1.0,0.0,0.0,0.0,0.0,0.0,0.0,1.0,1.0,1.0,1.0,0.0,0.0,NaN,9.0,9.0,1.0,NaN,NaN,NaN
107.0,NaN,19.0,0.0,98.0,NaN,-1.0,0.0,37.5,NaN,0.10000000000000142,0.0,122.0,NaN,7.0,0.0,78.0,NaN,8.0,0.0,62.0,NaN,7.0,0.0,19.0,NaN,2.0,0.0,NaN,NaN,NaN,24.0,0.0,NaN,-0.25,5.0,25.0,NaN,0.0,8.0,0.5,NaN,0.0,5.0,7.38,NaN,0.0,5.0,42.0,NaN,-0.625,5.0,NaN,NaN,NaN,24.0,NaN,NaN,NaN,24.0,20.0,NaN,0.0,8.0,NaN,NaN,NaN,24.0,NaN,NaN,NaN,24.0,107.0,NaN,-0.375,2.0,0.9,NaN,0.0,8.0,NaN,NaN,NaN,24.0,123.0,NaN,0.125,5.0,1.7,NaN,0.0,9.0,2.7,NaN,0.0,2.0,NaN,NaN,NaN,24.0,4.5,NaN,0.12000000000000002,2.0,NaN,NaN,NaN,24.0,NaN,NaN,NaN,24.0,28.9,NaN,-0.20000000000000018,2.0,11.0,NaN,0.21111111111111114,8.0,26.6,NaN,0.32222222222222247,8.0,19.3,NaN,0.40000000000000013,8.0,269.0,NaN,0.0,9.0,226.0,NaN,2.2222222222222223,8.0,68.0,1.0,-1.0,-1.0,-8.513333333333334,10.0,0.0,0.0,1.0,1.0,0.0,0.0,0.0,0.0,0.0,0.0,1.0,1.0,1.0,1.0,0.0,0.0,NaN,9.0,9.0,1.0,NaN,NaN,NaN
104.0,NaN,-3.0,0.0,97.0,NaN,-1.0,0.0,37.4,NaN,-0.10000000000000142,0.0,117.0,NaN,-5.0,0.0,75.0,NaN,-3.0,0.0,61.0,NaN,-1.0,0.0,14.0,NaN,-5.0,0.0,NaN,NaN,NaN,24.0,0.0,NaN,-0.2222222222222222,6.0,25.0,NaN,0.0,9.0,0.5,NaN,0.0,6.0,7.38,NaN,0.0,6.0,42.0,NaN,-0.5555555555555556,6.0,NaN,NaN,NaN,24.0,NaN,NaN,NaN,24.0,20.0,NaN,0.0,9.0,NaN,NaN,NaN,24.0,NaN,NaN,NaN,24.0,107.0,NaN,-0.3333333333333333,3.0,0.9,NaN,0.0,9.0,NaN,NaN,NaN,24.0,123.0,NaN,0.1111111111111111,6.0,1.7,NaN,0.0,10.0,2.7,NaN,0.0,3.0,NaN,NaN,NaN,24.0,4.5,NaN,0.10000000000000002,3.0,NaN,NaN,NaN,24.0,NaN,NaN,NaN,24.0,28.9,NaN,-0.17777777777777792,3.0,11.0,NaN,0.19000000000000003,9.0,26.6,NaN,0.2900000000000002,9.0,19.3,NaN,0.36000000000000015,9.0,269.0,NaN,0.0,10.0,226.0,NaN,2.0,9.0,68.0,1.0,-1.0,-1.0,-8.513333333333334,11.0,0.0,0.0,1.0,1.0,0.0,0.0,0.0,0.0,0.0,0.0,1.0,1.0,1.0,1.0,0.0,0.0,NaN,9.0,9.0,1.0,NaN,NaN,NaN
107.0,NaN,3.0,0.0,97.0,NaN,0.0,0.0,37.4,NaN,0.0,0.0,118.0,NaN,1.0,0.0,82.0,NaN,7.0,0.0,65.0,NaN,4.0,0.0,18.0,NaN,4.0,0.0,NaN,NaN,NaN,24.0,0.0,NaN,-0.2,7.0,25.0,NaN,0.0,10.0,0.5,NaN,0.0,7.0,7.38,NaN,0.0,7.0,42.0,NaN,-0.5,7.0,NaN,NaN,NaN,24.0,NaN,NaN,NaN,24.0,20.0,NaN,0.0,10.0,NaN,NaN,NaN,24.0,NaN,NaN,NaN,24.0,107.0,NaN,-0.3,4.0,0.9,NaN,0.0,10.0,NaN,NaN,NaN,24.0,123.0,NaN,0.1,7.0,1.7,NaN,0.0,11.0,2.7,NaN,0.0,4.0,NaN,NaN,NaN,24.0,4.5,NaN,0.08571428571428573,4.0,NaN,NaN,NaN,24.0,NaN,NaN,NaN,24.0,28.9,NaN,-0.16000000000000014,4.0,11.0,NaN,0.17272727272727276,10.0,26.6,NaN,0.26363636363636384,10.0,19.3,NaN,0.3272727272727274,10.0,269.0,NaN,0.0,11.0,226.0,NaN,1.8181818181818181,10.0,68.0,1.0,-1.0,-1.0,-8.513333333333334,12.0,0.0,0.0,1.0,1.0,0.0,0.0,0.0,0.0,0.0,0.0,1.0,1.0,1.0,1.0,0.0,0.0,NaN,9.0,9.0,1.0,NaN,NaN,NaN
103.0,NaN,-4.0,0.0,97.0,NaN,0.0,0.0,37.5,NaN,0.10000000000000142,0.0,117.0,NaN,-1.0,0.0,74.0,NaN,-8.0,0.0,60.0,NaN,-5.0,0.0,18.0,NaN,0.0,0.0,NaN,NaN,NaN,24.0,0.0,NaN,-0.18181818181818182,8.0,25.0,NaN,0.0,11.0,0.5,NaN,0.0,8.0,7.38,NaN,0.0,8.0,42.0,NaN,-0.45454545454545453,8.0,NaN,NaN,NaN,24.0,NaN,NaN,NaN,24.0,20.0,NaN,0.0,11.0,NaN,NaN,NaN,24.0,NaN,NaN,NaN,24.0,107.0,NaN,-0.2727272727272727,5.0,0.9,NaN,0.0,11.0,NaN,NaN,NaN,24.0,123.0,NaN,0.09090909090909091,8.0,1.7,NaN,0.0,12.0,2.7,NaN,0.0,5.0,NaN,NaN,NaN,24.0,4.5,NaN,0.07500000000000001,5.0,NaN,NaN,NaN,24.0,NaN,NaN,NaN,24.0,28.9,NaN,-0.1454545454545456,5.0,11.0,NaN,0.15833333333333335,11.0,26.6,NaN,0.24166666666666684,11.0,19.3,NaN,0.3000000000000001,11.0,269.0,NaN,0.0,12.0,226.0,NaN,1.6666666666666667,11.0,68.0,1.0,-1.0,-1.0,-8.513333333333334,13.0,0.0,0.0,1.0,1.0,0.0,0.0,0.0,0.0,0.0,0.0,1.0,1.0,1.0,1.0,0.0,0.0,NaN,9.0,9.0,1.0,NaN,NaN,NaN
