NaN,NaN,NaN,24.0,NaN,NaN,NaN,24.0,NaN,NaN,NaN,24.0,NaN,NaN,NaN,24.0,NaN,NaN,NaN,24.0,NaN,NaN,NaN,24.0,NaN,NaN,NaN,24.0,NaN,NaN,NaN,24.0,NaN,NaN,NaN,24.0,NaN,NaN,NaN,24.0,NaN,NaN,NaN,24.0,NaN,NaN,NaN,24.0,NaN,NaN,NaN,24.0,NaN,NaN,NaN,24.0,NaN,NaN,NaN,24.0,NaN,NaN,NaN,24.0,NaN,NaN,NaN,24.0,NaN,NaN,NaN,24.0,NaN,NaN,NaN,24.0,NaN,NaN,NaN,24.0,NaN,NaN,NaN,24.0,NaN,NaN,NaN,24.0,NaN,NaN,NaN,24.0,NaN,NaN,NaN,24.0,NaN,NaN,NaN,24.0,NaN,NaN,NaN,24.0,NaN,NaN,NaN,24.0,NaN,NaN,NaN,24.0,NaN,NaN,NaN,24.0,NaN,NaN,NaN,24.0,NaN,NaN,NaN,24.0,NaN,NaN,NaN,24.0,NaN,NaN,NaN,24.0,NaN,NaN,NaN,24.0,61.0,1.0,0.0,1.0,-5.120277777777778,1.0,0.0,0.0,0.0,0.0,0.0,0.0,0.0,0.0,0.0,0.0,1.0,0.0,1.0,1.0,0.0,0.0,3.0,8.0,8.0,3.0,NaN,NaN,NaN
NaN,NaN,NaN,24.0,NaN,NaN,NaN,24.0,NaN,NaN,NaN,24.0,NaN,NaN,NaN,24.0,NaN,NaN,NaN,24.0,NaN,NaN,NaN,24.0,NaN,NaN,NaN,24.0,NaN,NaN,NaN,24.0,NaN,NaN,NaN,24.0,NaN,NaN,NaN,24.0,NaN,NaN,NaN,24.0,NaN,NaN,NaN,24.0,NaN,NaN,NaN,24.0,NaN,NaN,NaN,24.0,NaN,NaN,NaN,24.0,NaN,NaN,NaN,24.0,NaN,NaN,NaN,24.0,NaN,NaN,NaN,24.0,NaN,NaN,NaN,24.0,NaN,NaN,NaN,24.0,NaN,NaN,NaN,24.0,NaN,NaN,NaN,24.0,NaN,NaN,NaN,24.0,NaN,NaN,NaN,24.0,NaN,NaN,NaN,24.0,NaN,NaN,NaN,24.0,NaN,NaN,NaN,24.0,NaN,NaN,NaN,24.0,NaN,NaN,NaN,24.0,NaN,NaN,NaN,24.0,NaN,NaN,NaN,24.0,NaN,NaN,NaN,24.0,NaN,NaN,NaN,24.0,NaN,NaN,NaN,24.0,61.0,1.0,0.0,1.0,-5.120277777777778,2.0,0.0,0.0,0.0,0.0,0.0,0.0,0.0,0.0,0.0,0.0,1.0,0.0,1.0,1.0,0.0,0.0,3.0,8.0,8.0,3.0,NaN,NaN,NaN
66.5,NaN,0.0,0.0,93.5,NaN,0.0,0.0,37.11,NaN,0.0,0.0,118.0,NaN,0.0,0.0,71.0,NaN,0.0,0.0,52.0,NaN,0.0,0.0,14.5,NaN,0.0,0.0,NaN,NaN,NaN,24.0,NaN,NaN,NaN,24.0,NaN,NaN,NaN,24.0,NaN,NaN,NaN,24.0,NaN,NaN,NaN,24.0,NaN,NaN,NaN,24.0,NaN,NaN,NaN,24.0,NaN,NaN,NaN,24.0,NaN,NaN,NaN,24.0,NaN,NaN,NaN,24.0,NaN,NaN,NaN,24.0,NaN,NaN,NaN,24.0,NaN,NaN,NaN,24.0,NaN,NaN,NaN,24.0,NaN,NaN,NaN,24.0,NaN,NaN,NaN,24.0,NaN,NaN,NaN,24.0,NaN,NaN,NaN,24.0,NaN,NaN,NaN,24.0,NaN,NaN,NaN,24.0,NaN,NaN,NaN,24.0,NaN,NaN,NaN,24.0,NaN,NaN,NaN,24.0,NaN,NaN,NaN,24.0,NaN,NaN,NaN,24.0,NaN,NaN,NaN,24.0,NaN,NaN,NaN,24.0,61.0,1.0,0.0,1.0,-5.120277777777778,3.0,0.0,0.0,0.0,0.0,0.0,0.0,0.0,0.0,0.0,0.0,1.0,0.0,1.0,1.0,0.0,0.0,3.0,8.0,8.0,3.0,NaN,NaN,NaN
72.0,NaN,5.5,0.0,95.0,NaN,1.5,0.0,37.11,NaN,0.0,1.0,113.0,NaN,-5.0,0.0,65.0,NaN,-6.0,0.0,48.0,NaN,-4.0,0.0,13.0,NaN,-1.5,0.0,NaN,NaN,NaN,24.0,NaN,NaN,NaN,24.0,9.0,NaN,0.0,0.0,NaN,NaN,NaN,24.0,NaN,NaN,NaN,24.0,NaN,NaN,NaN,24.0,NaN,NaN,NaN,24.0,175.0,NaN,0.0,0.0,56.0,NaN,0.0,0.0,184.0,NaN,0.0,0.0,8.3,NaN,0.0,0.0,116.0,NaN,0.0,0.0,3.8,NaN,0.0,0.0,NaN,NaN,NaN,24.0,202.0,NaN,0.0,0.0,NaN,NaN,NaN,24.0,2.6,NaN,0.0,0.0,5.7,NaN,0.0,0.0,5.1,NaN,0.0,0.0,0.4,NaN,0.0,0.0,0.04,NaN,0.0,0.0,28.2,NaN,0.0,0.0,9.3,NaN,0.0,0.0,NaN,NaN,NaN,24.0,4.2,NaN,0.0,0.0,NaN,NaN,NaN,24.0,120.0,NaN,0.0,0.0,61.0,1.0,0.0,1.0,-5.120277777777778,4.0,0.0,0.0,0.0,0.0,0.0,1.0,0.0,1.0,0.0,3.0,1.0,0.0,1.0,1.0,0.0,0.0,3.0,8.0,8.0,3.0,NaN,NaN,NaN
79.0,NaN,7.0,0.0,92.0,NaN,-3.0,0.0,37.11,NaN,0.0,2.0,113.0,NaN,0.0,0.0,68.0,NaN,3.0,0.0,53.0,NaN,5.0,0.0,17.0,NaN,4.0,0.0,NaN,NaN,NaN,24.0,NaN,NaN,NaN,24.0,9.0,NaN,0.0,1.0,NaN,NaN,NaN,24.0,NaN,NaN,NaN,24.0,NaN,NaN,NaN,24.0,NaN,NaN,NaN,24.0,175.0,NaN,0.0,1.0,56.0,NaN,0.0,1.0,184.0,NaN,0.0,1.0,8.3,NaN,0.0,1.0,116.0,NaN,0.0,1.0,3.8,NaN,0.0,1.0,NaN,NaN,NaN,24.0,202.0,NaN,0.0,1.0,NaN,NaN,NaN,24.0,2.6,NaN,0.0,1.0,5.7,NaN,0.0,1.0,5.1,NaN,0.0,1.0,0.4,NaN,0.0,1.0,0.04,NaN,0.0,1.0,28.2,NaN,0.0,1.0,9.3,NaN,0.0,1.0,37.1,NaN,0.0,0.0,4.2,NaN,0.0,1.0,NaN,NaN,NaN,24.0,120.0,NaN,0.0,1.0,61.0,1.0,0.0,1.0,-5.120277777777778,5.0,0.0,0.0,0.0,0.0,0.0,0.0,0.0,0.0,0.0,0.0,1.0,1.0,1.0,1.0,0.0,0.0,3.0,8.0,8.0,3.0,NaN,NaN,NaN
77.0,NaN,-2.0,0.0,95.0,NaN,3.0,0.0,37.11,NaN,0.0,3.0,122.0,NaN,9.0,0.0,71.0,NaN,3.0,0.0,54.0,NaN,1.0,0.0,16.0,NaN,-1.0,0.0,NaN,NaN,NaN,24.0,NaN,NaN,NaN,24.0,9.0,NaN,0.0,2.0,NaN,NaN,NaN,24.0,NaN,NaN,NaN,24.0,NaN,NaN,NaN,24.0,NaN,NaN,NaN,24.0,175.0,NaN,0.0,2.0,56.0,NaN,0.0,2.0,184.0,NaN,0.0,2.0,8.3,NaN,0.0,2.0,116.0,NaN,0.0,2.0,3.8,NaN,0.0,2.0,NaN,NaN,NaN,24.0,202.0,NaN,0.0,2.0,NaN,NaN,NaN,24.0,2.6,NaN,0.0,2.0,5.7,NaN,0.0,2.0,5.1,NaN,0.0,2.0,0.4,NaN,0.0,2.0,0.04,NaN,0.0,2.0,28.2,NaN,0.0,2.0,9.3,NaN,0.0,2.0,37.1,NaN,0.0,1.0,4.2,NaN,0.0,2.0,NaN,NaN,NaN,24.0,120.0,NaN,0.0,2.0,61.0,1.0,0.0,1.0,-5.120277777777778,6.0,0.0,0.0,0.0,0.0,0.0,0.0,0.0,0.0,0.0,0.0,1.0,1.0,1.0,1.0,0.0,0.0,3.0,8.0,8.0,3.0,NaN,NaN,NaN
63.0,NaN,-14.0,0.0,97.0,NaN,2.0,0.0,37.11,NaN,0.0,4.0,98.0,NaN,-24.0,0.0,40.0,NaN,-31.0,0.0,30.0,NaN,-24.0,0.0,15.0,NaN,-1.0,0.0,NaN,NaN,NaN,24.0,NaN,NaN,NaN,24.0,9.0,NaN,0.0,3.0,NaN,NaN,NaN,24.0,NaN,NaN,NaN,24.0,NaN,NaN,NaN,24.0,NaN,NaN,NaN,24.0,175.0,NaN,0.0,3.0,56.0,NaN,0.0,3.0,184.0,NaN,0.0,3.0,8.3,NaN,0.0,3.0,116.0,NaN,0.0,3.0,3.8,NaN,0.0,3.0,NaN,NaN,NaN,24.0,202.0,NaN,0.0,3.0,NaN,NaN,NaN,24.0,2.6,NaN,0.0,3.0,5.7,NaN,0.0,3.0,5.1,NaN,0.0,3.0,0.4,NaN,0.0,3.0,0.04,NaN,0.0,3.0,28.2,NaN,0.0,3.0,9.3,NaN,0.0,3.0,37.1,NaN,0.0,2.0,4.2,NaN,0.0,3.0,NaN,NaN,NaN,24.0,120.0,NaN,0.0,3.0,61.0,1.0,0.0,1.0,-5.120277777777778,7.0,0.0,0.0,0.0,0.0,0.0,0.0,0.0,1.0,0.0,0.0,1.0,1.0,1.0,1.0,0.0,0.0,3.0,8.0,8.0,3.0,NaN,NaN,NaN
52.0,NaN,-11.0,0.0,94.0,NaN,-3.0,0.0,35.61,NaN,-0.3,0.0,99.0,NaN,1.0,0.0,53.0,NaN,13.0,0.0,38.0,NaN,8.0,0.0,15.0,NaN,0.0,0.0,NaN,NaN,NaN,24.0,NaN,NaN,NaN,24.0,9.0,NaN,0.0,4.0,NaN,NaN,NaN,24.0,NaN,NaN,NaN,24.0,NaN,NaN,NaN,24.0,NaN,NaN,NaN,24.0,175.0,NaN,0.0,4.0,56.0,NaN,0.0,4.0,184.0,NaN,0.0,4.0,8.3,NaN,0.0,4.0,116.0,NaN,0.0,4.0,3.8,NaN,0.0,4.0,NaN,NaN,NaN,24.0,202.0,NaN,0.0,4.0,NaN,NaN,NaN,24.0,2.6,NaN,0.0,4.0,5.7,NaN,0.0,4.0,5.1,NaN,0.0,4.0,0.4,NaN,0.0,4.0,0.04,NaN,0.0,4.0,28.2,NaN,0.0,4.0,9.3,NaN,0.0,4.0,37.1,NaN,0.0,3.0,4.2,NaN,0.0,4.0,NaN,NaN,NaN,24.0,120.0,NaN,0.0,4.0,61.0,1.0,0.0,1.0,-5.120277777777778,8.0,1.0,0.0,0.0,0.0,0.0,0.0,0.0,1.0,0.0,0.0,1.0,1.0,1.0,1.0,0.0,0.0,3.0,8.0,8.0,3.0,NaN,NaN,NaN
54.0,NaN,2.0,0.0,91.0,NaN,-3.0,0.0,35.61,NaN,-0.25,1.0,97.0,NaN,-2.0,0.0,55.0,NaN,2.0,0.0,40.0,NaN,2.0,0.0,12.0,NaN,-3.0,0.0,NaN,NaN,NaN,24.0,NaN,NaN,NaN,24.0,9.0,NaN,0.0,5.0,NaN,NaN,NaN,24.0,NaN,NaN,NaN,24.0,NaN,NaN,NaN,24.0,NaN,NaN,NaN,24.0,175.0,NaN,0.0,5.0,56.0,NaN,0.0,5.0,184.0,NaN,0.0,5.0,8.3,NaN,0.0,5.0,116.0,NaN,0.0,5.0,3.8,NaN,0.0,5.0,NaN,NaN,NaN,24.0,202.0,NaN,0.0,5.0,NaN,NaN,NaN,24.0,2.6,NaN,0.0,5.0,5.7,NaN,0.0,5.0,5.1,NaN,0.0,5.0,0.4,NaN,0.0,5.0,0.04,NaN,0.0,5.0,28.2,NaN,0.0,5.0,9.3,NaN,0.0,5.0,37.1,NaN,0.0,4.0,4.2,NaN,0.0,5.0,NaN,NaN,NaN,24.0,120.0,NaN,0.0,5.0,61.0,1.0,0.0,1.0,-5.120277777777778,9.0,1.0,0.0,0.0,0.0,0.0,0.0,0.0,1.0,0.0,0.0,1.0,1.0,1.0,1.0,0.0,0.0,3.0,8.0,8.0,3.0,NaN,NaN,NaN
54.0,NaN,0.0,0.0,90.0,NaN,-1.0,0.0,35.61,NaN,-0.21428571428571427,2.0,104.0,NaN,7.0,0.0,114.0,NaN,59.0,0.0,48.0,NaN,8.0,0.0,14.0,NaN,2.0,0.0,NaN,NaN,NaN,24.0,NaN,NaN,NaN,24.0,10.0,NaN,0.16666666666666666,0.0,NaN,NaN,NaN,24.0,NaN,NaN,NaN,24.0,NaN,NaN,NaN,24.0,NaN,NaN,NaN,24.0,175.0,NaN,0.0,6.0,54.0,NaN,-0.3333333333333333,0.0,184.0,NaN,0.0,6.0,7.9,NaN,-0.06666666666666672,0.0,117.0,NaN,0.16666666666666666,0.0,3.8,NaN,0.0,0.0,NaN,NaN,NaN,24.0,210.0,NaN,1.3333333333333333,0.0,NaN,NaN,NaN,24.0,2.6,NaN,0.0,0.0,5.1,NaN,-0.10000000000000009,0.0,5.2,NaN,0.016666666666666757,0.0,0.4,NaN,0.0,6.0,0.04,NaN,0.0,6.0,27.4,NaN,-0.13333333333333344,0.0,9.3,NaN,0.0,6.0,37.1,NaN,0.0,5.0,4.2,NaN,0.0,6.0,NaN,NaN,NaN,24.0,120.0,NaN,0.0,6.0,61.0,1.0,0.0,1.0,-5.120277777777778,10.0,1.0,0.0,0.0,0.0,0.0,0.0,0.0,0.0,0.0,3.0,1.0,1.0,1.0,1.0,0.0,0.0,3.0,8.0,8.0,3.0,NaN,NaN,NaN
55.0,NaN,1.0,0.0,90.0,NaN,0.0,0.0,35.61,NaN,-0.1875,3.0,100.0,NaN,-4.0,0.0,56.0,NaN,-58.0,0.0,42.0,NaN,-6.0,0.0,18.0,NaN,4.0,0.0,NaN,NaN,NaN,24.0,NaN,NaN,0.0,0.0,10.0,NaN,0.14285714285714285,1.0,NaN,NaN,NaN,24.0,7.19,NaN,0.0,0.0,27.0,NaN,0.0,0.0,NaN,NaN,NaN,24.0,175.0,NaN,0.0,7.0,54.0,NaN,-0.2857142857142857,1.0,184.0,NaN,0.0,7.0,7.9,NaN,-0.0571428571428572,1.0,117.0,NaN,0.14285714285714285,1.0,3.8,NaN,0.0,1.0,NaN,NaN,NaN,24.0,179.0,NaN,-31.0,0.0,1.0,NaN,0.0,0.0,2.6,NaN,0.0,1.0,5.1,NaN,-0.08571428571428578,1.0,4.6,NaN,-0.6000000000000005,0.0,0.4,NaN,0.0,7.0,0.04,NaN,0.0,7.0,27.4,NaN,-0.1142857142857144,1.0,9.3,NaN,0.0,7.0,37.1,NaN,0.0,6.0,4.2,NaN,0.0,7.0,NaN,NaN,NaN,24.0,120.0,NaN,0.0,7.0,61.0,1.0,0.0,1.0,-5.120277777777778,11.0,1.0,0.0,0.0,0.0,0.0,0.0,0.0,1.0,0.0,0.0,1.0,1.0,1.0,1.0,0.0,0.0,3.0,8.0,8.0,3.0,NaN,NaN,NaN
54.0,NaN,-1.0,0.0,94.0,NaN,4.0,0.0,35.67,NaN,0.015000000000000568,0.0,120.0,NaN,20.0,0.0,65.0,NaN,9.0,0.0,46.0,NaN,4.0,0.0,17.0,NaN,-1.0,0.0,NaN,NaN,NaN,24.0,NaN,NaN,0.0,1.0,10.0,NaN,0.125,2.0,NaN,NaN,NaN,24.0,7.19,NaN,0.0,1.0,27.0,NaN,0.0,1.0,NaN,NaN,NaN,24.0,175.0,NaN,0.0,8.0,54.0,NaN,-0.25,2.0,184.0,NaN,0.0,8.0,7.9,NaN,-0.050000000000000044,2.0,117.0,NaN,0.125,2.0,3.8,NaN,0.0,2.0,NaN,NaN,NaN,24.0,179.0,NaN,-15.5,1.0,1.0,NaN,0.0,1.0,2.6,NaN,0.0,2.0,5.1,NaN,-0.07500000000000007,2.0,4.6,NaN,-0.30000000000000027,1.0,0.4,NaN,0.0,8.0,0.04,NaN,0.0,8.0,27.4,NaN,-0.10000000000000009,2.0,9.3,NaN,0.0,8.0,37.1,NaN,0.0,7.0,4.2,NaN,0.0,8.0,NaN,NaN,NaN,24.0,120.0,NaN,0.0,8.0,61.0,1.0,0.0,1.0,-5.120277777777778,12.0,1.0,0.0,0.0,0.0,0.0,0.0,0.0,1.0,0.0,0.0,1.0,1.0,1.0,1.0,0.0,0.0,3.0,8.0,8.0,3.0,NaN,NaN,NaN
