99.0,NaN,NaN,24.0,100.0,NaN,NaN,24.0,NaN,NaN,NaN,24.0,178.0,NaN,NaN,24.0,107.0,NaN,NaN,24.0,73.0,NaN,NaN,24.0,17.0,NaN,NaN,24.0,NaN,NaN,NaN,24.0,NaN,NaN,NaN,24.0,28.0,NaN,NaN,24.0,NaN,NaN,NaN,24.0,NaN,NaN,NaN,24.0,NaN,NaN,NaN,24.0,NaN,NaN,NaN,24.0,NaN,NaN,NaN,24.0,18.0,NaN,NaN,24.0,NaN,NaN,NaN,24.0,9.2,NaN,NaN,24.0,99.0,NaN,NaN,24.0,1.3,NaN,NaN,24.0,NaN,NaN,NaN,24.0,132.0,NaN,NaN,24.0,NaN,NaN,NaN,24.0,1.6,NaN,NaN,24.0,5.1,NaN,NaN,24.0,3.5,NaN,NaN,24.0,NaN,NaN,NaN,24.0,NaN,NaN,NaN,24.0,28.5,NaN,NaN,24.0,10.2,NaN,NaN,24.0,31.9,NaN,NaN,24.0,6.1,NaN,NaN,24.0,NaN,NaN,NaN,24.0,97.0,NaN,NaN,24.0,52.0,1.0,1.0,0.0,-65.31055555555555,1.0,0.0,0.0,1.0,0.0,0.0,2.0,0.0,0.0,0.0,1.0,1.0,0.0,1.0,1.0,0.0,0.0,3.0,5.0,4.0,1.0,NaN,NaN,NaN
107.0,NaN,8.0,0.0,93.0,NaN,-7.0,0.0,38.72,NaN,0.0,0.0,150.0,NaN,-28.0,0.0,88.0,NaN,-19.0,0.0,64.0,NaN,-9.0,0.0,16.0,NaN,-1.0,0.0,NaN,NaN,NaN,24.0,NaN,NaN,NaN,24.0,28.0,NaN,0.0,1.0,NaN,NaN,NaN,24.0,NaN,NaN,NaN,24.0,NaN,NaN,NaN,24.0,NaN,NaN,NaN,24.0,NaN,NaN,NaN,24.0,18.0,NaN,0.0,1.0,NaN,NaN,NaN,24.0,9.2,NaN,0.0,1.0,99.0,NaN,0.0,1.0,1.3,NaN,0.0,1.0,NaN,NaN,NaN,24.0,132.0,NaN,0.0,1.0,NaN,NaN,NaN,24.0,1.6,NaN,0.0,1.0,5.1,NaN,0.0,1.0,3.5,NaN,0.0,1.0,NaN,NaN,NaN,24.0,NaN,NaN,NaN,24.0,28.5,NaN,0.0,1.0,10.2,NaN,0.0,1.0,31.9,NaN,0.0,1.0,6.1,NaN,0.0,1.0,NaN,NaN,NaN,24.0,97.0,NaN,0.0,1.0,52.0,1.0,1.0,0.0,-65.31055555555555,2.0,1.0,0.0,1.0,0.0,0.0,0.0,0.0,0.0,0.0,0.0,1.0,1.0,1.0,1.0,0.0,0.0,3.0,5.0,4.0,1.0,NaN,NaN,NaN
107.0,NaN,0.0,0.0,95.0,NaN,2.0,0.0,38.72,NaN,0.0,1.0,158.0,NaN,8.0,0.0,96.0,NaN,8.0,0.0,70.0,NaN,6.0,0.0,22.0,NaN,6.0,0.0,NaN,NaN,NaN,24.0,NaN,NaN,NaN,24.0,28.0,NaN,0.0,2.0,NaN,NaN,NaN,24.0,NaN,NaN,NaN,24.0,NaN,NaN,NaN,24.0,NaN,NaN,NaN,24.0,NaN,NaN,NaN,24.0,18.0,NaN,0.0,2.0,NaN,NaN,NaN,24.0,9.2,NaN,0.0,2.0,99.0,NaN,0.0,2.0,1.3,NaN,0.0,2.0,NaN,NaN,NaN,24.0,132.0,NaN,0.0,2.0,NaN,NaN,NaN,24.0,1.6,NaN,0.0,2.0,5.1,NaN,0.0,2.0,3.5,NaN,0.0,2.0,NaN,NaN,NaN,24.0,NaN,NaN,NaN,24.0,28.5,NaN,0.0,2.0,10.2,NaN,0.0,2.0,31.9,NaN,0.0,2.0,6.1,NaN,0.0,2.0,NaN,NaN,NaN,24.0,97.0,NaN,0.0,2.0,52.0,1.0,1.0,0.0,-65.31055555555555,3.0,1.0,1.0,1.0,0.0,0.0,0.0,0.0,0.0,0.0,0.0,1.0,1.0,1.0,1.0,0.0,0.0,3.0,5.0,4.0,1.0,NaN,NaN,NaN
97.0,NaN,-10.0,0.0,99.0,NaN,4.0,0.0,38.72,NaN,0.0,2.0,156.0,NaN,-2.0,0.0,88.0,NaN,-8.0,0.0,64.0,NaN,-6.0,0.0,15.0,NaN,-7.0,0.0,NaN,NaN,NaN,24.0,NaN,NaN,NaN,24.0,28.0,NaN,0.0,3.0,NaN,NaN,NaN,24.0,NaN,NaN,NaN,24.0,NaN,NaN,NaN,24.0,NaN,NaN,NaN,24.0,NaN,NaN,NaN,24.0,18.0,NaN,0.0,3.0,NaN,NaN,NaN,24.0,9.2,NaN,0.0,3.0,99.0,NaN,0.0,3.0,1.3,NaN,0.0,3.0,NaN,NaN,NaN,24.0,132.0,NaN,0.0,3.0,NaN,NaN,NaN,24.0,1.6,NaN,0.0,3.0,5.1,NaN,0.0,3.0,3.5,NaN,0.0,3.0,NaN,NaN,NaN,24.0,NaN,NaN,NaN,24.0,28.5,NaN,0.0,3.0,10.2,NaN,0.0,3.0,31.9,NaN,0.0,3.0,6.1,NaN,0.0,3.0,NaN,NaN,NaN,24.0,97.0,NaN,0.0,3.0,52.0,1.0,1.0,0.0,-65.31055555555555,4.0,1.0,0.0,1.0,0.0,0.0,0.0,0.0,0.0,0.0,0.0,1.0,1.0,1.0,1.0,0.0,0.0,3.0,5.0,4.0,1.0,NaN,NaN,NaN
104.0,NaN,7.0,0.0,100.0,NaN,1.0,0.0,38.98,NaN,0.086666666666666,0.0,184.0,NaN,28.0,0.0,106.5,NaN,18.5,0.0,76.5,NaN,12.5,0.0,16.0,NaN,1.0,0.0,NaN,NaN,NaN,24.0,NaN,NaN,NaN,24.0,28.0,NaN,0.0,4.0,NaN,NaN,NaN,24.0,NaN,NaN,NaN,24.0,NaN,NaN,NaN,24.0,NaN,NaN,NaN,24.0,NaN,NaN,NaN,24.0,18.0,NaN,0.0,4.0,NaN,NaN,NaN,24.0,9.2,NaN,0.0,4.0,99.0,NaN,0.0,4.0,1.3,NaN,0.0,4.0,NaN,NaN,NaN,24.0,132.0,NaN,0.0,4.0,NaN,NaN,NaN,24.0,1.6,NaN,0.0,4.0,5.1,NaN,0.0,4.0,3.5,NaN,0.0,4.0,NaN,NaN,NaN,24.0,NaN,NaN,NaN,24.0,28.5,NaN,0.0,4.0,10.2,NaN,0.0,4.0,31.9,NaN,0.0,4.0,6.1,NaN,0.0,4.0,NaN,NaN,NaN,24.0,97.0,NaN,0.0,4.0,52.0,1.0,1.0,0.0,-65.31055555555555,5.0,1.0,0.0,1.0,0.0,0.0,0.0,0.0,0.0,0.0,0.0,1.0,1.0,1.0,1.0,0.0,0.0,3.0,5.0,4.0,1.0,NaN,NaN,NaN
107.0,NaN,3.0,0.0,100.0,NaN,0.0,0.0,39.6,NaN,0.6200000000000045,0.0,176.0,NaN,-8.0,0.0,103.0,NaN,-3.5,0.0,76.0,NaN,-0.5,0.0,14.0,NaN,-2.0,0.0,NaN,NaN,NaN,24.0,5.0,NaN,0.0,0.0,30.0,NaN,0.4,0.0,NaN,NaN,NaN,24.0,7.4,NaN,0.0,0.0,50.0,NaN,0.0,0.0,97.0,NaN,0.0,0.0,NaN,NaN,NaN,24.0,19.0,NaN,0.2,0.0,NaN,NaN,NaN,24.0,8.8,NaN,-0.07999999999999971,0.0,98.0,NaN,-0.2,0.0,1.5,NaN,0.039999999999999994,0.0,NaN,NaN,NaN,24.0,110.0,NaN,-4.4,0.0,1.2,NaN,0.0,0.0,1.6,NaN,0.0,0.0,5.0,NaN,-0.019999999999999928,0.0,3.5,NaN,0.0,0.0,NaN,NaN,NaN,24.0,NaN,NaN,NaN,24.0,28.5,NaN,0.0,5.0,10.2,NaN,0.0,5.0,31.9,NaN,0.0,5.0,6.1,NaN,0.0,5.0,NaN,NaN,NaN,24.0,97.0,NaN,0.0,5.0,52.0,1.0,1.0,0.0,-65.31055555555555,6.0,1.0,0.0,1.0,0.0,0.0,0.0,0.0,0.0,0.0,1.0,1.0,1.0,1.0,1.0,0.0,0.0,3.0,5.0,4.0,1.0,NaN,NaN,NaN
98.0,NaN,-9.0,0.0,99.0,NaN,-1.0,0.0,39.7,NaN,0.10000000000000142,0.0,167.0,NaN,-9.0,0.0,95.0,NaN,-8.0,0.0,68.0,NaN,-8.0,0.0,15.0,NaN,1.0,0.0,NaN,NaN,NaN,24.0,5.0,NaN,0.0,1.0,30.0,NaN,0.3333333333333333,1.0,NaN,NaN,NaN,24.0,7.4,NaN,0.0,1.0,50.0,NaN,0.0,1.0,97.0,NaN,0.0,1.0,NaN,NaN,NaN,24.0,19.0,NaN,0.16666666666666666,1.0,NaN,NaN,NaN,24.0,8.8,NaN,-0.06666666666666643,1.0,98.0,NaN,-0.16666666666666666,1.0,1.5,NaN,0.033333333333333326,1.0,NaN,NaN,NaN,24.0,110.0,NaN,-3.6666666666666665,1.0,1.2,NaN,0.0,1.0,1.6,NaN,0.0,1.0,5.0,NaN,-0.016666666666666607,1.0,3.5,NaN,0.0,1.0,NaN,NaN,NaN,24.0,NaN,NaN,NaN,24.0,28.5,NaN,0.0,6.0,10.2,NaN,0.0,6.0,31.9,NaN,0.0,6.0,6.1,NaN,0.0,6.0,NaN,NaN,NaN,24.0,97.0,NaN,0.0,6.0,52.0,1.0,1.0,0.0,-65.31055555555555,7.0,1.0,0.0,1.0,0.0,0.0,0.0,0.0,0.0,0.0,0.0,1.0,1.0,1.0,1.0,0.0,0.0,3.0,5.0,4.0,1.0,NaN,NaN,NaN
108.0,NaN,10.0,0.0,96.0,NaN,-3.0,0.0,39.3,NaN,-0.4000000000000057,0.0,122.0,NaN,-45.0,0.0,69.0,NaN,-26.0,0.0,48.0,NaN,-20.0,0.0,19.0,NaN,4.0,0.0,NaN,NaN,NaN,24.0,5.0,NaN,0.0,2.0,30.0,NaN,0.2857142857142857,2.0,NaN,NaN,NaN,24.0,7.4,NaN,0.0,2.0,50.0,NaN,0.0,2.0,97.0,NaN,0.0,2.0,NaN,NaN,NaN,24.0,19.0,NaN,0.14285714285714285,2.0,NaN,NaN,NaN,24.0,8.8,NaN,-0.05714285714285694,2.0,98.0,NaN,-0.14285714285714285,2.0,1.5,NaN,0.028571428571428564,2.0,NaN,NaN,NaN,24.0,110.0,NaN,-3.142857142857143,2.0,1.2,NaN,0.0,2.0,1.6,NaN,0.0,2.0,5.0,NaN,-0.014285714285714235,2.0,3.5,NaN,0.0,2.0,NaN,NaN,NaN,24.0,NaN,NaN,NaN,24.0,28.5,NaN,0.0,7.0,10.2,NaN,0.0,7.0,31.9,NaN,0.0,7.0,6.1,NaN,0.0,7.0,NaN,NaN,NaN,24.0,97.0,NaN,0.0,7.0,52.0,1.0,1.0,0.0,-65.31055555555555,8.0,1.0,0.0,1.0,0.0,0.0,0.0,0.0,0.0,0.0,0.0,1.0,1.0,1.0,1.0,0.0,0.0,3.0,5.0,4.0,1.0,NaN,NaN,NaN
118.0,NaN,10.0,0.0,99.0,NaN,3.0,0.0,39.3,NaN,-0.20000000000000284,1.0,175.0,NaN,53.0,0.0,99.0,NaN,30.0,0.0,71.0,NaN,23.0,0.0,15.0,NaN,-4.0,0.0,NaN,NaN,NaN,24.0,5.0,NaN,0.0,3.0,30.0,NaN,0.25,3.0,NaN,NaN,NaN,24.0,7.4,NaN,0.0,3.0,50.0,NaN,0.0,3.0,97.0,NaN,0.0,3.0,NaN,NaN,NaN,24.0,19.0,NaN,0.125,3.0,NaN,NaN,NaN,24.0,8.8,NaN,-0.04999999999999982,3.0,98.0,NaN,-0.125,3.0,1.5,NaN,0.024999999999999994,3.0,NaN,NaN,NaN,24.0,110.0,NaN,-2.75,3.0,1.2,NaN,0.0,3.0,1.6,NaN,0.0,3.0,5.0,NaN,-0.012499999999999956,3.0,3.5,NaN,0.0,3.0,NaN,NaN,NaN,24.0,NaN,NaN,NaN,24.0,28.5,NaN,0.0,8.0,10.2,NaN,0.0,8.0,31.9,NaN,0.0,8.0,6.1,NaN,0.0,8.0,NaN,NaN,NaN,24.0,97.0,NaN,0.0,8.0,52.0,1.0,1.0,0.0,-65.31055555555555,9.0,1.0,0.0,1.0,0.0,0.0,0.0,0.0,0.0,0.0,0.0,1.0,1.0,1.0,1.0,0.0,0.0,3.0,5.0,4.0,1.0,NaN,NaN,NaN
