90.5,NaN,NaN,24.0,95.0,NaN,NaN,24.0,35.5,NaN,NaN,24.0,129.0,NaN,NaN,24.0,92.0,NaN,NaN,24.0,82.0,NaN,NaN,24.0,16.0,NaN,NaN,24.0,NaN,NaN,NaN,24.0,NaN,NaN,NaN,24.0,NaN,NaN,NaN,24.0,NaN,NaN,NaN,24.0,NaN,NaN,NaN,24.0,NaN,NaN,NaN,24.0,NaN,NaN,NaN,24.0,NaN,NaN,NaN,24.0,NaN,NaN,NaN,24.0,NaN,NaN,NaN,24.0,NaN,NaN,NaN,24.0,NaN,NaN,NaN,24.0,NaN,NaN,NaN,24.0,NaN,NaN,NaN,24.0,NaN,NaN,NaN,24.0,NaN,NaN,NaN,24.0,NaN,NaN,NaN,24.0,NaN,NaN,NaN,24.0,NaN,NaN,NaN,24.0,NaN,NaN,NaN,24.0,NaN,NaN,NaN,24.0,NaN,NaN,NaN,24.0,NaN,NaN,NaN,24.0,NaN,NaN,NaN,24.0,NaN,NaN,NaN,24.0,NaN,NaN,NaN,24.0,NaN,NaN,NaN,24.0,41.0,0.0,1.0,0.0,-4.366666666666666,1.0,1.0,0.0,1.0,0.0,0.0,0.0,0.0,0.0,0.0,0.0,1.0,0.0,0.0,NaN,0.0,0.0,NaN,NaN,NaN,NaN,NaN,NaN,NaN
88.0,NaN,-2.5,0.0,97.0,NaN,2.0,0.0,35.11,NaN,-0.39000000000000057,0.0,143.0,NaN,14.0,0.0,111.0,NaN,19.0,0.0,100.0,NaN,18.0,0.0,12.0,NaN,-4.0,0.0,NaN,NaN,NaN,24.0,NaN,NaN,NaN,24.0,22.0,NaN,0.0,0.0,NaN,NaN,NaN,24.0,NaN,NaN,NaN,24.0,NaN,NaN,NaN,24.0,NaN,NaN,NaN,24.0,NaN,NaN,NaN,24.0,54.0,NaN,0.0,0.0,NaN,NaN,NaN,24.0,6.7,NaN,0.0,0.0,96.0,NaN,0.0,0.0,10.9,NaN,0.0,0.0,NaN,NaN,NaN,24.0,124.0,NaN,0.0,0.0,NaN,NaN,NaN,24.0,2.0,NaN,0.0,0.0,5.5,NaN,0.0,0.0,4.5,NaN,0.0,0.0,NaN,NaN,NaN,24.0,NaN,NaN,NaN,24.0,36.2,NaN,0.0,0.0,11.4,NaN,0.0,0.0,27.0,NaN,0.0,0.0,5.3,NaN,0.0,0.0,NaN,NaN,NaN,24.0,189.0,NaN,0.0,0.0,41.0,0.0,1.0,0.0,-4.366666666666666,2.0,1.0,0.0,0.0,0.0,0.0,0.0,0.0,0.0,0.0,4.0,1.0,0.0,0.0,NaN,0.0,0.0,NaN,NaN,NaN,NaN,NaN,NaN,NaN
84.0,NaN,-4.0,0.0,96.0,NaN,-1.0,0.0,35.11,NaN,-0.19500000000000028,1.0,106.0,NaN,-37.0,0.0,79.0,NaN,-32.0,0.0,72.0,NaN,-28.0,0.0,5.0,NaN,-7.0,0.0,NaN,NaN,NaN,24.0,NaN,NaN,NaN,24.0,22.0,NaN,0.0,1.0,NaN,NaN,NaN,24.0,NaN,NaN,NaN,24.0,NaN,NaN,NaN,24.0,NaN,NaN,NaN,24.0,NaN,NaN,NaN,24.0,54.0,NaN,0.0,1.0,NaN,NaN,NaN,24.0,6.7,NaN,0.0,1.0,96.0,NaN,0.0,1.0,10.9,NaN,0.0,1.0,NaN,NaN,NaN,24.0,124.0,NaN,0.0,1.0,NaN,NaN,NaN,24.0,2.0,NaN,0.0,1.0,5.5,NaN,0.0,1.0,4.5,NaN,0.0,1.0,NaN,NaN,NaN,24.0,NaN,NaN,NaN,24.0,36.2,NaN,0.0,1.0,11.4,NaN,0.0,1.0,27.0,NaN,0.0,1.0,5.3,NaN,0.0,1.0,NaN,NaN,NaN,24.0,189.0,NaN,0.0,1.0,41.0,0.0,1.0,0.0,-4.366666666666666,3.0,1.0,0.0,0.0,0.0,0.0,0.0,0.0,0.0,0.0,0.0,1.0,0.0,0.0,NaN,0.0,0.0,NaN,NaN,NaN,NaN,NaN,NaN,NaN
80.0,NaN,-4.0,0.0,98.0,NaN,2.0,0.0,35.11,NaN,-0.1300000000000002,2.0,106.0,NaN,0.0,0.0,82.0,NaN,3.0,0.0,75.0,NaN,3.0,0.0,12.0,NaN,7.0,0.0,NaN,NaN,NaN,24.0,NaN,NaN,NaN,24.0,22.0,NaN,0.0,2.0,NaN,NaN,NaN,24.0,NaN,NaN,NaN,24.0,NaN,NaN,NaN,24.0,NaN,NaN,NaN,24.0,NaN,NaN,NaN,24.0,54.0,NaN,0.0,2.0,NaN,NaN,NaN,24.0,6.7,NaN,0.0,2.0,96.0,NaN,0.0,2.0,10.9,NaN,0.0,2.0,NaN,NaN,NaN,24.0,124.0,NaN,0.0,2.0,NaN,NaN,NaN,24.0,2.0,NaN,0.0,2.0,5.5,NaN,0.0,2.0,4.5,NaN,0.0,2.0,NaN,NaN,NaN,24.0,NaN,NaN,NaN,24.0,36.2,NaN,0.0,2.0,11.4,NaN,0.0,2.0,27.0,NaN,0.0,2.0,5.3,NaN,0.0,2.0,NaN,NaN,NaN,24.0,189.0,NaN,0.0,2.0,41.0,0.0,1.0,0.0,-4.366666666666666,4.0,1.0,0.0,0.0,0.0,0.0,0.0,0.0,0.0,0.0,0.0,1.0,0.0,0.0,NaN,0.0,0.0,NaN,NaN,NaN,NaN,NaN,NaN,NaN
75.0,NaN,-5.0,0.0,97.0,NaN,-1.0,0.0,35.11,NaN,-0.09750000000000014,3.0,113.0,NaN,7.0,0.0,82.0,NaN,0.0,0.0,72.0,NaN,-3.0,0.0,10.0,NaN,-2.0,0.0,NaN,NaN,NaN,24.0,NaN,NaN,NaN,24.0,22.0,NaN,0.0,3.0,NaN,NaN,NaN,24.0,NaN,NaN,NaN,24.0,NaN,NaN,NaN,24.0,NaN,NaN,NaN,24.0,NaN,NaN,NaN,24.0,54.0,NaN,0.0,3.0,NaN,NaN,NaN,24.0,6.7,NaN,0.0,3.0,96.0,NaN,0.0,3.0,10.9,NaN,0.0,3.0,NaN,NaN,NaN,24.0,124.0,NaN,0.0,3.0,NaN,NaN,NaN,24.0,2.0,NaN,0.0,3.0,5.5,NaN,0.0,3.0,4.5,NaN,0.0,3.0,NaN,NaN,NaN,24.0,NaN,NaN,NaN,24.0,36.2,NaN,0.0,3.0,11.4,NaN,0.0,3.0,27.0,NaN,0.0,3.0,5.3,NaN,0.0,3.0,NaN,NaN,NaN,24.0,189.0,NaN,0.0,3.0,41.0,0.0,1.0,0.0,-4.366666666666666,5.0,1.0,0.0,0.0,0.0,0.0,0.0,0.0,0.0,0.0,0.0,1.0,0.0,0.0,NaN,0.0,0.0,NaN,NaN,NaN,NaN,NaN,NaN,NaN
78.0,NaN,3.0,0.0,98.0,NaN,1.0,0.0,36.06,NaN,0.2375000000000007,0.0,136.0,NaN,23.0,0.0,97.0,NaN,15.0,0.0,84.0,NaN,12.0,0.0,10.0,NaN,0.0,0.0,NaN,NaN,NaN,24.0,NaN,NaN,NaN,24.0,22.0,NaN,0.0,4.0,NaN,NaN,NaN,24.0,NaN,NaN,NaN,24.0,NaN,NaN,NaN,24.0,NaN,NaN,NaN,24.0,NaN,NaN,NaN,24.0,54.0,NaN,0.0,4.0,NaN,NaN,NaN,24.0,6.7,NaN,0.0,4.0,96.0,NaN,0.0,4.0,10.9,NaN,0.0,4.0,NaN,NaN,NaN,24.0,124.0,NaN,0.0,4.0,NaN,NaN,NaN,24.0,2.0,NaN,0.0,4.0,5.5,NaN,0.0,4.0,4.5,NaN,0.0,4.0,NaN,NaN,NaN,24.0,NaN,NaN,NaN,24.0,36.2,NaN,0.0,4.0,11.4,NaN,0.0,4.0,27.0,NaN,0.0,4.0,5.3,NaN,0.0,4.0,NaN,NaN,NaN,24.0,189.0,NaN,0.0,4.0,41.0,0.0,1.0,0.0,-4.366666666666666,6.0,0.0,0.0,0.0,0.0,0.0,0.0,0.0,0.0,0.0,0.0,1.0,0.0,0.0,NaN,0.0,0.0,NaN,NaN,NaN,NaN,NaN,NaN,NaN
74.0,NaN,-4.0,0.0,100.0,NaN,2.0,0.0,36.06,NaN,0.19000000000000056,1.0,135.0,NaN,-1.0,0.0,98.0,NaN,1.0,0.0,87.0,NaN,3.0,0.0,12.0,NaN,2.0,0.0,NaN,NaN,NaN,24.0,NaN,NaN,NaN,24.0,22.0,NaN,0.0,5.0,NaN,NaN,NaN,24.0,NaN,NaN,NaN,24.0,NaN,NaN,NaN,24.0,NaN,NaN,NaN,24.0,NaN,NaN,NaN,24.0,54.0,NaN,0.0,5.0,NaN,NaN,NaN,24.0,6.7,NaN,0.0,5.0,96.0,NaN,0.0,5.0,10.9,NaN,0.0,5.0,NaN,NaN,NaN,24.0,124.0,NaN,0.0,5.0,NaN,NaN,NaN,24.0,2.0,NaN,0.0,5.0,5.5,NaN,0.0,5.0,4.5,NaN,0.0,5.0,NaN,NaN,NaN,24.0,NaN,NaN,NaN,24.0,36.2,NaN,0.0,5.0,11.4,NaN,0.0,5.0,27.0,NaN,0.0,5.0,5.3,NaN,0.0,5.0,NaN,NaN,NaN,24.0,189.0,NaN,0.0,5.0,41.0,0.0,1.0,0.0,-4.366666666666666,7.0,0.0,0.0,0.0,0.0,0.0,0.0,0.0,0.0,0.0,0.0,1.0,0.0,0.0,NaN,0.0,0.0,NaN,NaN,NaN,NaN,NaN,NaN,NaN
81.0,NaN,7.0,0.0,100.0,NaN,0.0,0.0,36.06,NaN,0.1583333333333338,2.0,145.0,NaN,10.0,0.0,107.0,NaN,9.0,0.0,94.0,NaN,7.0,0.0,19.0,NaN,7.0,0.0,NaN,NaN,NaN,24.0,NaN,NaN,NaN,24.0,22.0,NaN,0.0,6.0,NaN,NaN,NaN,24.0,NaN,NaN,NaN,24.0,NaN,NaN,NaN,24.0,NaN,NaN,NaN,24.0,NaN,NaN,NaN,24.0,54.0,NaN,0.0,6.0,NaN,NaN,NaN,24.0,6.7,NaN,0.0,6.0,96.0,NaN,0.0,6.0,10.9,NaN,0.0,6.0,NaN,NaN,NaN,24.0,124.0,NaN,0.0,6.0,NaN,NaN,NaN,24.0,2.0,NaN,0.0,6.0,5.5,NaN,0.0,6.0,4.5,NaN,0.0,6.0,NaN,NaN,NaN,24.0,0.02,NaN,0.0,0.0,36.2,NaN,0.0,6.0,11.4,NaN,0.0,6.0,27.0,NaN,0.0,6.0,5.3,NaN,0.0,6.0,NaN,NaN,NaN,24.0,189.0,NaN,0.0,6.0,41.0,0.0,1.0,0.0,-4.366666666666666,8.0,0.0,0.0,0.0,0.0,0.0,0.0,0.0,0.0,0.0,0.0,1.0,0.0,0.0,NaN,0.0,0.0,NaN,NaN,NaN,NaN,NaN,NaN,NaN
92.0,NaN,11.0,0.0,100.0,NaN,0.0,1.0,36.89,NaN,0.2766666666666661,0.0,121.0,NaN,-24.0,0.0,89.0,NaN,-18.0,0.0,83.0,NaN,-11.0,0.0,16.0,NaN,-3.0,0.0,NaN,NaN,NaN,24.0,NaN,NaN,NaN,24.0,22.0,NaN,0.0,7.0,NaN,NaN,NaN,24.0,NaN,NaN,NaN,24.0,NaN,NaN,NaN,24.0,NaN,NaN,NaN,24.0,NaN,NaN,NaN,24.0,54.0,NaN,0.0,7.0,NaN,NaN,NaN,24.0,6.7,NaN,0.0,7.0,96.0,NaN,0.0,7.0,10.9,NaN,0.0,7.0,NaN,NaN,NaN,24.0,124.0,NaN,0.0,7.0,NaN,NaN,NaN,24.0,2.0,NaN,0.0,7.0,5.5,NaN,0.0,7.0,4.5,NaN,0.0,7.0,NaN,NaN,NaN,24.0,0.02,NaN,0.0,1.0,36.2,NaN,0.0,7.0,11.4,NaN,0.0,7.0,27.0,NaN,0.0,7.0,5.3,NaN,0.0,7.0,NaN,NaN,NaN,24.0,189.0,NaN,0.0,7.0,41.0,0.0,1.0,0.0,-4.366666666666666,9.0,0.0,0.0,1.0,0.0,0.0,0.0,0.0,0.0,0.0,0.0,1.0,0.0,0.0,NaN,0.0,0.0,NaN,NaN,NaN,NaN,NaN,NaN,NaN
98.0,NaN,6.0,0.0,100.0,NaN,0.0,2.0,36.89,NaN,0.20749999999999957,1.0,118.0,NaN,-3.0,0.0,94.0,NaN,5.0,0.0,87.0,NaN,4.0,0.0,17.0,NaN,1.0,0.0,NaN,NaN,NaN,24.0,NaN,NaN,NaN,24.0,22.0,NaN,0.0,8.0,NaN,NaN,NaN,24.0,NaN,NaN,NaN,24.0,NaN,NaN,NaN,24.0,NaN,NaN,NaN,24.0,NaN,NaN,NaN,24.0,54.0,NaN,0.0,8.0,NaN,NaN,NaN,24.0,6.7,NaN,0.0,8.0,96.0,NaN,0.0,8.0,10.9,NaN,0.0,8.0,NaN,NaN,NaN,24.0,124.0,NaN,0.0,8.0,NaN,NaN,NaN,24.0,2.0,NaN,0.0,8.0,5.5,NaN,0.0,8.0,4.5,NaN,0.0,8.0,NaN,NaN,NaN,24.0,0.02,NaN,0.0,2.0,36.2,NaN,0.0,8.0,11.4,NaN,0.0,8.0,27.0,NaN,0.0,8.0,5.3,NaN,0.0,8.0,NaN,NaN,NaN,24.0,189.0,NaN,0.0,8.0,41.0,0.0,1.0,0.0,-4.366666666666666,10.0,0.0,0.0,1.0,0.0,0.0,0.0,0.0,0.0,0.0,0.0,1.0,0.0,0.0,NaN,0.0,0.0,NaN,NaN,NaN,NaN,NaN,NaN,NaN
97.0,NaN,-1.0,0.0,100.0,NaN,0.0,3.0,36.89,NaN,0.16599999999999965,2.0,113.0,NaN,-5.0,0.0,89.0,NaN,-5.0,0.0,82.0,NaN,-5.0,0.0,18.0,NaN,1.0,0.0,NaN,NaN,NaN,24.0,NaN,NaN,NaN,24.0,22.0,NaN,0.0,9.0,NaN,NaN,NaN,24.0,NaN,NaN,NaN,24.0,NaN,NaN,NaN,24.0,NaN,NaN,NaN,24.0,NaN,NaN,NaN,24.0,54.0,NaN,0.0,9.0,NaN,NaN,NaN,24.0,6.7,NaN,0.0,9.0,96.0,NaN,0.0,9.0,10.9,NaN,0.0,9.0,NaN,NaN,NaN,24.0,124.0,NaN,0.0,9.0,NaN,NaN,NaN,24.0,2.0,NaN,0.0,9.0,5.5,NaN,0.0,9.0,4.5,NaN,0.0,9.0,NaN,NaN,NaN,24.0,0.02,NaN,0.0,3.0,36.2,NaN,0.0,9.0,11.4,NaN,0.0,9.0,27.0,NaN,0.0,9.0,5.3,NaN,0.0,9.0,NaN,NaN,NaN,24.0,189.0,NaN,0.0,9.0,41.0,0.0,1.0,0.0,-4.366666666666666,11.0,0.0,0.0,1.0,0.0,0.0,0.0,0.0,0.0,0.0,0.0,1.0,0.0,0.0,NaN,0.0,0.0,NaN,NaN,NaN,NaN,NaN,NaN,NaN
85.0,NaN,-12.0,0.0,100.0,NaN,0.0,4.0,36.89,NaN,0.13833333333333306,3.0,108.0,NaN,-5.0,0.0,79.0,NaN,-10.0,0.0,70.0,NaN,-12.0,0.0,12.0,NaN,-6.0,0.0,NaN,NaN,NaN,24.0,NaN,NaN,NaN,24.0,22.0,NaN,0.0,10.0,NaN,NaN,NaN,24.0,NaN,NaN,NaN,24.0,NaN,NaN,NaN,24.0,NaN,NaN,NaN,24.0,NaN,NaN,NaN,24.0,54.0,NaN,0.0,10.0,NaN,NaN,NaN,24.0,6.7,NaN,0.0,10.0,96.0,NaN,0.0,10.0,10.9,NaN,0.0,10.0,NaN,NaN,NaN,24.0,124.0,NaN,0.0,10.0,NaN,NaN,NaN,24.0,2.0,NaN,0.0,10.0,5.5,NaN,0.0,10.0,4.5,NaN,0.0,10.0,NaN,NaN,NaN,24.0,0.02,NaN,0.0,4.0,36.2,NaN,0.0,10.0,11.4,NaN,0.0,10.0,27.0,NaN,0.0,10.0,5.3,NaN,0.0,10.0,NaN,NaN,NaN,24.0,189.0,NaN,0.0,10.0,41.0,0.0,1.0,0.0,-4.366666666666666,12.0,0.0,0.0,0.0,0.0,0.0,0.0,0.0,0.0,0.0,0.0,1.0,0.0,0.0,NaN,0.0,0.0,NaN,NaN,NaN,NaN,NaN,NaN,NaN
