129.0,NaN,NaN,24.0,96.0,NaN,NaN,24.0,NaN,NaN,NaN,24.0,129.0,NaN,NaN,24.0,89.0,NaN,NaN,24.0,79.0,NaN,NaN,24.0,44.0,NaN,NaN,24.0,NaN,NaN,NaN,24.0,NaN,NaN,NaN,24.0,NaN,NaN,NaN,24.0,NaN,NaN,NaN,24.0,NaN,NaN,NaN,24.0,NaN,NaN,NaN,24.0,NaN,NaN,NaN,24.0,NaN,NaN,NaN,24.0,NaN,NaN,NaN,24.0,NaN,NaN,NaN,24.0,NaN,NaN,NaN,24.0,NaN,NaN,NaN,24.0,NaN,NaN,NaN,24.0,NaN,NaN,NaN,24.0,NaN,NaN,NaN,24.0,NaN,NaN,NaN,24.0,NaN,NaN,NaN,24.0,NaN,NaN,NaN,24.0,NaN,NaN,NaN,24.0,NaN,NaN,NaN,24.0,NaN,NaN,NaN,24.0,NaN,NaN,NaN,24.0,NaN,NaN,NaN,24.0,NaN,NaN,NaN,24.0,NaN,NaN,NaN,24.0,NaN,NaN,NaN,24.0,NaN,NaN,NaN,24.0,29.0,0.0,1.0,0.0,0.0,1.0,0.0,1.0,1.0,0.0,0.0,0.0,0.0,0.0,0.0,0.0,1.0,0.0,1.0,1.0,0.0,0.0,3.0,5.0,4.0,1.0,NaN,NaN,NaN
131.5,NaN,2.5,0.0,93.5,NaN,-2.5,0.0,36.67,NaN,0.0,0.0,133.0,NaN,4.0,0.0,95.0,NaN,6.0,0.0,82.0,NaN,3.0,0.0,30.0,NaN,-14.0,0.0,NaN,NaN,NaN,24.0,NaN,NaN,NaN,24.0,27.0,NaN,0.0,0.0,0.35,NaN,0.0,0.0,NaN,NaN,NaN,24.0,NaN,NaN,NaN,24.0,NaN,NaN,NaN,24.0,32.0,NaN,0.0,0.0,6.0,NaN,0.0,0.0,76.0,NaN,0.0,0.0,6.8,NaN,0.0,0.0,98.0,NaN,0.0,0.0,0.4,NaN,0.0,0.0,NaN,NaN,NaN,24.0,136.0,NaN,0.0,0.0,NaN,NaN,NaN,24.0,1.8,NaN,0.0,0.0,2.0,NaN,0.0,0.0,3.8,NaN,0.0,0.0,0.4,NaN,0.0,0.0,0.01,NaN,0.0,0.0,32.3,NaN,0.0,0.0,10.6,NaN,0.0,0.0,25.2,NaN,0.0,0.0,18.1,NaN,0.0,0.0,NaN,NaN,NaN,24.0,185.0,NaN,0.0,0.0,29.0,0.0,1.0,0.0,0.0,2.0,0.0,1.0,1.0,1.0,1.0,0.0,0.0,0.0,0.0,0.0,0.0,1.0,1.0,1.0,0.0,0.0,3.0,5.0,4.0,1.0,NaN,NaN,NaN
129.0,NaN,-2.5,0.0,97.0,NaN,3.5,0.0,36.67,NaN,0.0,1.0,130.0,NaN,-3.0,0.0,89.0,NaN,-6.0,0.0,76.0,NaN,-6.0,0.0,31.0,NaN,1.0,0.0,NaN,NaN,NaN,24.0,3.0,NaN,0.0,0.0,27.0,NaN,0.0,1.0,0.35,NaN,0.0,1.0,7.41,NaN,0.0,0.0,46.0,NaN,0.0,0.0,NaN,NaN,NaN,24.0,32.0,NaN,0.0,1.0,6.0,NaN,0.0,1.0,76.0,NaN,0.0,1.0,6.8,NaN,0.0,1.0,98.0,NaN,0.0,1.0,0.4,NaN,0.0,1.0,NaN,NaN,NaN,24.0,136.0,NaN,0.0,1.0,0.95,NaN,0.0,0.0,1.8,NaN,0.0,1.0,2.0,NaN,0.0,1.0,3.8,NaN,0.0,1.0,0.4,NaN,0.0,1.0,0.01,NaN,0.0,1.0,32.3,NaN,0.0,1.0,10.6,NaN,0.0,1.0,25.2,NaN,0.0,1.0,18.1,NaN,0.0,1.0,NaN,NaN,NaN,24.0,185.0,NaN,0.0,1.0,29.0,0.0,1.0,0.0,0.0,3.0,0.0,1.0,1.0,1.0,0.0,0.0,0.0,0.0,0.0,0.0,1.0,1.0,1.0,1.0,0.0,0.0,3.0,5.0,4.0,1.0,NaN,NaN,NaN
127.0,NaN,-2.0,0.0,100.0,NaN,3.0,0.0,38.72,NaN,1.0249999999999986,0.0,141.0,NaN,11.0,0.0,101.0,NaN,12.0,0.0,94.0,NaN,18.0,0.0,34.0,NaN,3.0,0.0,NaN,NaN,NaN,24.0,3.0,NaN,0.0,1.0,27.0,NaN,0.0,2.0,1.0,NaN,0.325,0.0,7.41,NaN,0.0,1.0,46.0,NaN,0.0,1.0,NaN,NaN,NaN,24.0,32.0,NaN,0.0,2.0,6.0,NaN,0.0,2.0,76.0,NaN,0.0,2.0,6.8,NaN,0.0,2.0,98.0,NaN,0.0,2.0,0.4,NaN,0.0,2.0,NaN,NaN,NaN,24.0,136.0,NaN,0.0,2.0,0.95,NaN,0.0,1.0,1.8,NaN,0.0,2.0,2.0,NaN,0.0,2.0,3.8,NaN,0.0,2.0,0.4,NaN,0.0,2.0,0.01,NaN,0.0,2.0,32.3,NaN,0.0,2.0,10.6,NaN,0.0,2.0,25.2,NaN,0.0,2.0,18.1,NaN,0.0,2.0,NaN,NaN,NaN,24.0,185.0,NaN,0.0,2.0,29.0,0.0,1.0,0.0,0.0,4.0,1.0,1.0,1.0,1.0,3.0,0.0,0.0,0.0,0.0,0.0,0.0,1.0,1.0,1.0,0.0,0.0,3.0,5.0,4.0,1.0,NaN,NaN,NaN
136.0,NaN,9.0,0.0,100.0,NaN,0.0,0.0,38.89,NaN,0.1700000000000017,0.0,133.0,NaN,-8.0,0.0,81.0,NaN,-20.0,0.0,67.0,NaN,-27.0,0.0,27.0,NaN,-7.0,0.0,NaN,NaN,NaN,24.0,3.0,NaN,0.0,2.0,27.0,NaN,0.0,3.0,0.6,NaN,-0.4,0.0,7.41,NaN,0.0,2.0,46.0,NaN,0.0,2.0,NaN,NaN,NaN,24.0,32.0,NaN,0.0,3.0,6.0,NaN,0.0,3.0,76.0,NaN,0.0,3.0,6.8,NaN,0.0,3.0,98.0,NaN,0.0,3.0,0.4,NaN,0.0,3.0,NaN,NaN,NaN,24.0,136.0,NaN,0.0,3.0,0.95,NaN,0.0,2.0,1.8,NaN,0.0,3.0,2.0,NaN,0.0,3.0,3.8,NaN,0.0,3.0,0.4,NaN,0.0,3.0,0.01,NaN,0.0,3.0,32.3,NaN,0.0,3.0,10.6,NaN,0.0,3.0,25.2,NaN,0.0,3.0,18.1,NaN,0.0,3.0,NaN,NaN,NaN,24.0,185.0,NaN,0.0,3.0,29.0,0.0,1.0,0.0,0.0,5.0,1.0,1.0,1.0,1.0,2.0,0.0,0.0,0.0,0.0,0.0,0.0,1.0,1.0,1.0,0.0,0.0,3.0,5.0,4.0,1.0,NaN,NaN,NaN
132.0,NaN,-4.0,0.0,98.0,NaN,-2.0,0.0,38.89,NaN,0.08500000000000085,1.0,128.0,NaN,-5.0,0.0,81.0,NaN,0.0,0.0,72.0,NaN,5.0,0.0,25.0,NaN,-2.0,0.0,NaN,NaN,NaN,24.0,3.0,NaN,0.0,3.0,27.0,NaN,0.0,4.0,0.6,NaN,-0.2,1.0,7.41,NaN,0.0,3.0,46.0,NaN,0.0,3.0,NaN,NaN,NaN,24.0,32.0,NaN,0.0,4.0,6.0,NaN,0.0,4.0,76.0,NaN,0.0,4.0,6.8,NaN,0.0,4.0,98.0,NaN,0.0,4.0,0.4,NaN,0.0,4.0,NaN,NaN,NaN,24.0,136.0,NaN,0.0,4.0,0.95,NaN,0.0,3.0,1.8,NaN,0.0,4.0,2.0,NaN,0.0,4.0,3.8,NaN,0.0,4.0,0.4,NaN,0.0,4.0,0.01,NaN,0.0,4.0,32.3,NaN,0.0,4.0,10.6,NaN,0.0,4.0,25.2,NaN,0.0,4.0,18.1,NaN,0.0,4.0,NaN,NaN,NaN,24.0,185.0,NaN,0.0,4.0,29.0,0.0,1.0,0.0,0.0,6.0,1.0,1.0,1.0,1.0,0.0,0.0,0.0,0.0,0.0,0.0,1.0,1.0,1.0,1.0,0.0,0.0,3.0,5.0,4.0,1.0,NaN,NaN,NaN
126.0,NaN,-6.0,0.0,100.0,NaN,2.0,0.0,38.89,NaN,0.05666666666666723,2.0,122.0,NaN,-6.0,0.0,79.0,NaN,-2.0,0.0,67.0,NaN,-5.0,0.0,36.0,NaN,11.0,0.0,NaN,NaN,NaN,24.0,3.0,NaN,0.0,4.0,27.0,NaN,0.0,5.0,0.6,NaN,-0.13333333333333333,2.0,7.41,NaN,0.0,4.0,46.0,NaN,0.0,4.0,NaN,NaN,NaN,24.0,32.0,NaN,0.0,5.0,6.0,NaN,0.0,5.0,76.0,NaN,0.0,5.0,6.8,NaN,0.0,5.0,98.0,NaN,0.0,5.0,0.4,NaN,0.0,5.0,NaN,NaN,NaN,24.0,136.0,NaN,0.0,5.0,0.95,NaN,0.0,4.0,1.8,NaN,0.0,5.0,2.0,NaN,0.0,5.0,3.8,NaN,0.0,5.0,0.4,NaN,0.0,5.0,0.01,NaN,0.0,5.0,32.3,NaN,0.0,5.0,10.6,NaN,0.0,5.0,25.2,NaN,0.0,5.0,18.1,NaN,0.0,5.0,NaN,NaN,NaN,24.0,185.0,NaN,0.0,5.0,29.0,0.0,1.0,0.0,0.0,7.0,1.0,1.0,1.0,1.0,0.0,0.0,0.0,0.0,0.0,0.0,1.0,1.0,1.0,1.0,0.0,0.0,3.0,5.0,4.0,1.0,NaN,NaN,NaN
124.0,NaN,-2.0,0.0,100.0,NaN,0.0,0.0,37.56,NaN,-0.44333333333333275,0.0,128.0,NaN,6.0,0.0,82.0,NaN,3.0,0.0,69.0,NaN,2.0,0.0,30.0,NaN,-6.0,0.0,NaN,NaN,NaN,24.0,3.0,NaN,0.0,5.0,27.0,NaN,0.0,6.0,0.6,NaN,-0.1,3.0,7.41,NaN,0.0,5.0,46.0,NaN,0.0,5.0,NaN,NaN,NaN,24.0,32.0,NaN,0.0,6.0,6.0,NaN,0.0,6.0,76.0,NaN,0.0,6.0,6.8,NaN,0.0,6.0,98.0,NaN,0.0,6.0,0.4,NaN,0.0,6.0,NaN,NaN,NaN,24.0,136.0,NaN,0.0,6.0,0.95,NaN,0.0,5.0,1.8,NaN,0.0,6.0,2.0,NaN,0.0,6.0,3.8,NaN,0.0,6.0,0.4,NaN,0.0,6.0,0.01,NaN,0.0,6.0,32.3,NaN,0.0,6.0,10.6,NaN,0.0,6.0,25.2,NaN,0.0,6.0,18.1,NaN,0.0,6.0,NaN,NaN,NaN,24.0,185.0,NaN,0.0,6.0,29.0,0.0,1.0,0.0,0.0,8.0,0.0,1.0,1.0,1.0,0.0,0.0,0.0,0.0,0.0,0.0,1.0,1.0,1.0,1.0,0.0,0.0,3.0,5.0,4.0,1.0,NaN,NaN,NaN
125.0,NaN,1.0,0.0,98.0,NaN,-2.0,0.0,37.56,NaN,-0.3324999999999996,1.0,118.0,NaN,-10.0,0.0,84.0,NaN,2.0,0.0,73.0,NaN,4.0,0.0,26.0,NaN,-4.0,0.0,NaN,NaN,NaN,24.0,3.0,NaN,0.0,6.0,27.0,NaN,0.0,7.0,0.5,NaN,-0.024999999999999994,0.0,7.41,NaN,0.0,6.0,46.0,NaN,0.0,6.0,NaN,NaN,NaN,24.0,32.0,NaN,0.0,7.0,6.0,NaN,0.0,7.0,76.0,NaN,0.0,7.0,6.8,NaN,0.0,7.0,98.0,NaN,0.0,7.0,0.4,NaN,0.0,7.0,NaN,NaN,NaN,24.0,136.0,NaN,0.0,7.0,0.95,NaN,0.0,6.0,1.8,NaN,0.0,7.0,2.0,NaN,0.0,7.0,3.8,NaN,0.0,7.0,0.4,NaN,0.0,7.0,0.01,NaN,0.0,7.0,32.3,NaN,0.0,7.0,10.6,NaN,0.0,7.0,25.2,NaN,0.0,7.0,18.1,NaN,0.0,7.0,NaN,NaN,NaN,24.0,185.0,NaN,0.0,7.0,29.0,0.0,1.0,0.0,0.0,9.0,0.0,1.0,1.0,1.0,2.0,0.0,0.0,0.0,0.0,0.0,0.0,1.0,1.0,1.0,0.0,0.0,3.0,5.0,4.0,1.0,NaN,NaN,NaN
