87.7142857142857,NaN,NaN,24.0,94.2857142857143,NaN,NaN,24.0,35.714285714285715,NaN,NaN,24.0,106.571428571429,NaN,NaN,24.0,69.0,NaN,NaN,24.0,55.0,NaN,NaN,24.0,14.0,NaN,NaN,24.0,NaN,NaN,NaN,24.0,-3.0,NaN,NaN,24.0,22.0,NaN,NaN,24.0,1.0,NaN,NaN,24.0,7.35,NaN,NaN,24.0,39.0,NaN,NaN,24.0,NaN,NaN,NaN,24.0,NaN,NaN,NaN,24.0,17.0,NaN,NaN,24.0,NaN,NaN,NaN,24.0,NaN,NaN,NaN,24.0,113.0,NaN,NaN,24.0,0.9,NaN,NaN,24.0,NaN,NaN,NaN,24.0,118.0,NaN,NaN,24.0,NaN,NaN,NaN,24.0,NaN,NaN,NaN,24.0,NaN,NaN,NaN,24.0,3.8,NaN,NaN,24.0,NaN,NaN,NaN,24.0,NaN,NaN,NaN,24.0,36.5,NaN,NaN,24.0,13.2,NaN,NaN,24.0,30.8,NaN,NaN,24.0,9.3,NaN,NaN,24.0,NaN,NaN,NaN,24.0,130.0,NaN,NaN,24.0,83.0,1.0,-1.0,-1.0,-67.53527777777778,1.0,1.0,0.0,0.0,0.0,3.0,1.0,0.0,0.0,0.0,0.0,0.0,0.0,1.0,1.0,0.0,0.0,3.0,5.0,4.0,0.0,NaN,NaN,NaN
89.25,NaN,1.535714285714306,0.0,97.0,NaN,2.714285714285694,0.0,35.925,NaN,0.21071428571428186,0.0,116.0,NaN,9.428571428571004,0.0,71.75,NaN,2.75,0.0,56.25,NaN,1.25,0.0,15.875,NaN,1.875,0.0,NaN,NaN,NaN,24.0,-3.0,NaN,0.0,1.0,22.0,NaN,0.0,1.0,0.9,NaN,-0.09999999999999998,0.0,7.35,NaN,0.0,1.0,39.0,NaN,0.0,1.0,NaN,NaN,NaN,24.0,NaN,NaN,NaN,24.0,17.0,NaN,0.0,1.0,NaN,NaN,NaN,24.0,NaN,NaN,NaN,24.0,113.0,NaN,0.0,1.0,0.9,NaN,0.0,1.0,NaN,NaN,NaN,24.0,118.0,NaN,0.0,1.0,NaN,NaN,NaN,24.0,NaN,NaN,NaN,24.0,NaN,NaN,NaN,24.0,3.8,NaN,0.0,1.0,NaN,NaN,NaN,24.0,NaN,NaN,NaN,24.0,36.5,NaN,0.0,1.0,13.2,NaN,0.0,1.0,30.8,NaN,0.0,1.0,9.3,NaN,0.0,1.0,NaN,NaN,NaN,24.0,130.0,NaN,0.0,1.0,83.0,1.0,-1.0,-1.0,-67.53527777777778,2.0,1.0,0.0,0.0,0.0,3.0,0.0,0.0,0.0,0.0,0.0,0.0,1.0,1.0,1.0,0.0,0.0,3.0,5.0,4.0,0.0,NaN,NaN,NaN
92.3333333333333,NaN,3.0833333333333,0.0,97.0,NaN,0.0,0.0,36.36666666666667,NaN,0.44166666666667,0.0,111.0,NaN,-5.0,0.0,69.6666666666667,NaN,-2.0833333333333,0.0,54.0,NaN,-2.25,0.0,16.5,NaN,0.625,0.0,NaN,NaN,NaN,24.0,-2.0,NaN,0.5,0.0,22.0,NaN,0.0,2.0,0.6,NaN,-0.30000000000000004,0.0,7.38,NaN,0.015000000000000124,0.0,36.0,NaN,-1.5,0.0,NaN,NaN,NaN,24.0,NaN,NaN,NaN,24.0,17.0,NaN,0.0,2.0,NaN,NaN,NaN,24.0,NaN,NaN,NaN,24.0,113.0,NaN,0.0,2.0,0.9,NaN,0.0,2.0,NaN,NaN,NaN,24.0,141.0,NaN,11.5,0.0,NaN,NaN,NaN,24.0,NaN,NaN,NaN,24.0,NaN,NaN,NaN,24.0,3.8,NaN,0.0,2.0,NaN,NaN,NaN,24.0,NaN,NaN,NaN,24.0,36.5,NaN,0.0,2.0,13.2,NaN,0.0,2.0,30.8,NaN,0.0,2.0,9.3,NaN,0.0,2.0,NaN,NaN,NaN,24.0,130.0,NaN,0.0,2.0,83.0,1.0,-1.0,-1.0,-67.53527777777778,3.0,0.0,0.0,1.0,0.0,2.0,0.0,0.0,0.0,0.0,0.0,0.0,1.0,1.0,1.0,0.0,0.0,3.0,5.0,4.0,0.0,NaN,NaN,NaN
102.0,NaN,9.6666666666667,0.0,94.0,NaN,-3.0,0.0,36.3,NaN,-0.06666666666666998,0.0,101.0,NaN,-10.0,0.0,65.0,NaN,-4.6666666666667,0.0,49.0,NaN,-5.0,0.0,19.0,NaN,2.5,0.0,NaN,NaN,NaN,24.0,-4.0,NaN,-2.0,0.0,22.0,NaN,0.0,3.0,0.6,NaN,0.0,0.0,7.4,NaN,0.020000000000000462,0.0,30.0,NaN,-6.0,0.0,NaN,NaN,NaN,24.0,NaN,NaN,NaN,24.0,17.0,NaN,0.0,3.0,NaN,NaN,NaN,24.0,NaN,NaN,NaN,24.0,113.0,NaN,0.0,3.0,0.9,NaN,0.0,3.0,NaN,NaN,NaN,24.0,129.0,NaN,-12.0,0.0,NaN,NaN,NaN,24.0,NaN,NaN,NaN,24.0,NaN,NaN,NaN,24.0,3.8,NaN,0.0,0.0,NaN,NaN,NaN,24.0,NaN,NaN,NaN,24.0,30.6,NaN,-1.9666666666666661,0.0,13.2,NaN,0.0,3.0,30.8,NaN,0.0,3.0,9.3,NaN,0.0,3.0,NaN,NaN,NaN,24.0,130.0,NaN,0.0,3.0,83.0,1.0,-1.0,-1.0,-67.53527777777778,4.0,0.0,0.0,1.0,0.0,2.0,0.0,0.0,1.0,0.0,0.0,1.0,1.0,1.0,1.0,0.0,0.0,3.0,5.0,4.0,0.0,NaN,NaN,NaN
100.0,NaN,-2.0,0.0,93.0,NaN,-1.0,0.0,36.2,NaN,-0.09999999999999432,0.0,107.0,NaN,6.0,0.0,68.0,NaN,3.0,0.0,53.0,NaN,4.0,0.0,18.0,NaN,-1.0,0.0,NaN,NaN,NaN,24.0,-4.0,NaN,-1.0,1.0,22.0,NaN,0.0,4.0,0.5,NaN,-0.09999999999999998,0.0,7.4,NaN,0.010000000000000231,1.0,30.0,NaN,-3.0,1.0,NaN,NaN,NaN,24.0,NaN,NaN,NaN,24.0,17.0,NaN,0.0,4.0,NaN,NaN,NaN,24.0,NaN,NaN,NaN,24.0,113.0,NaN,0.0,4.0,0.9,NaN,0.0,4.0,NaN,NaN,NaN,24.0,129.0,NaN,-6.0,1.0,NaN,NaN,NaN,24.0,NaN,NaN,NaN,24.0,NaN,NaN,NaN,24.0,3.8,NaN,0.0,1.0,NaN,NaN,NaN,24.0,NaN,NaN,NaN,24.0,30.6,NaN,-1.4749999999999996,1.0,13.2,NaN,0.0,4.0,30.8,NaN,0.0,4.0,9.3,NaN,0.0,4.0,NaN,NaN,NaN,24.0,130.0,NaN,0.0,4.0,83.0,1.0,-1.0,-1.0,-67.53527777777778,5.0,0.0,0.0,1.0,0.0,2.0,0.0,0.0,0.0,0.0,0.0,0.0,1.0,1.0,1.0,0.0,0.0,3.0,5.0,4.0,0.0,NaN,NaN,NaN
94.0,NaN,-6.0,0.0,99.5,NaN,6.5,0.0,35.95,NaN,-0.25,0.0,130.0,NaN,23.0,0.0,75.5,NaN,7.5,0.0,55.0,NaN,2.0,0.0,14.5,NaN,-3.5,0.0,NaN,NaN,NaN,24.0,-4.0,NaN,0.0,0.0,22.0,NaN,0.0,5.0,0.5,NaN,0.0,0.0,7.41,NaN,0.004999999999999893,0.0,29.0,NaN,-0.5,0.0,NaN,NaN,NaN,24.0,NaN,NaN,NaN,24.0,17.0,NaN,0.0,5.0,NaN,NaN,NaN,24.0,NaN,NaN,NaN,24.0,113.0,NaN,0.0,5.0,0.9,NaN,0.0,5.0,NaN,NaN,NaN,24.0,143.0,NaN,7.0,0.0,1.5,NaN,0.0,0.0,NaN,NaN,NaN,24.0,NaN,NaN,NaN,24.0,3.8,NaN,0.0,0.0,NaN,NaN,NaN,24.0,NaN,NaN,NaN,24.0,30.6,NaN,-1.1799999999999997,2.0,13.2,NaN,0.0,5.0,30.8,NaN,0.0,5.0,9.3,NaN,0.0,5.0,NaN,NaN,NaN,24.0,130.0,NaN,0.0,5.0,83.0,1.0,-1.0,-1.0,-67.53527777777778,6.0,1.0,0.0,1.0,0.0,2.0,0.0,0.0,0.0,0.0,0.0,0.0,1.0,1.0,1.0,0.0,0.0,3.0,5.0,4.0,0.0,NaN,NaN,NaN
78.0,NaN,-16.0,0.0,100.0,NaN,0.5,0.0,35.9,NaN,-0.05000000000000426,0.0,119.0,NaN,-11.0,0.0,66.0,NaN,-9.5,0.0,50.0,NaN,-5.0,0.0,23.0,NaN,8.5,0.0,NaN,NaN,NaN,24.0,-3.0,NaN,1.0,0.0,22.0,NaN,0.0,6.0,0.5,NaN,0.0,1.0,7.4,NaN,-0.009999999999999787,0.0,31.0,NaN,2.0,0.0,NaN,NaN,NaN,24.0,NaN,NaN,NaN,24.0,17.0,NaN,0.0,6.0,NaN,NaN,NaN,24.0,NaN,NaN,NaN,24.0,113.0,NaN,0.0,6.0,0.9,NaN,0.0,6.0,NaN,NaN,NaN,24.0,155.0,NaN,12.0,0.0,1.5,NaN,0.0,1.0,NaN,NaN,NaN,24.0,NaN,NaN,NaN,24.0,3.8,NaN,0.0,1.0,NaN,NaN,NaN,24.0,NaN,NaN,NaN,24.0,30.6,NaN,-0.9833333333333331,3.0,13.2,NaN,0.0,6.0,30.8,NaN,0.0,6.0,9.3,NaN,0.0,6.0,NaN,NaN,NaN,24.0,130.0,NaN,0.0,6.0,83.0,1.0,-1.0,-1.0,-67.53527777777778,7.0,1.0,1.0,0.0,0.0,0.0,0.0,0.0,0.0,0.0,0.0,1.0,1.0,1.0,1.0,0.0,0.0,3.0,5.0,4.0,0.0,NaN,NaN,NaN
88.0,NaN,10.0,0.0,97.0,NaN,-3.0,0.0,35.9,NaN,0.0,0.0,109.0,NaN,-10.0,0.0,67.0,NaN,1.0,0.0,50.0,NaN,0.0,0.0,22.5,NaN,-0.5,0.0,NaN,NaN,NaN,24.0,-4.0,NaN,-1.0,0.0,22.0,NaN,0.0,7.0,0.5,NaN,0.0,0.0,7.39,NaN,-0.010000000000000675,0.0,32.0,NaN,1.0,0.0,NaN,NaN,NaN,24.0,NaN,NaN,NaN,24.0,17.0,NaN,0.0,7.0,NaN,NaN,NaN,24.0,NaN,NaN,NaN,24.0,113.0,NaN,0.0,7.0,0.9,NaN,0.0,7.0,NaN,NaN,NaN,24.0,139.0,NaN,-16.0,0.0,1.5,NaN,0.0,2.0,NaN,NaN,NaN,24.0,NaN,NaN,NaN,24.0,3.8,NaN,0.0,0.0,NaN,NaN,NaN,24.0,NaN,NaN,NaN,24.0,30.6,NaN,-0.8428571428571426,4.0,13.2,NaN,0.0,7.0,30.8,NaN,0.0,7.0,9.3,NaN,0.0,7.0,NaN,NaN,NaN,24.0,130.0,NaN,0.0,7.0,83.0,1.0,-1.0,-1.0,-67.53527777777778,8.0,1.0,1.0,0.0,0.0,2.0,0.0,0.0,0.0,0.0,0.0,0.0,1.0,1.0,1.0,0.0,0.0,3.0,5.0,4.0,0.0,NaN,NaN,NaN
83.0,NaN,-5.0,0.0,100.0,NaN,3.0,0.0,35.7,NaN,-0.19999999999999574,0.0,125.0,NaN,16.0,0.0,74.0,NaN,7.0,0.0,55.0,NaN,5.0,0.0,34.0,NaN,11.5,0.0,NaN,NaN,NaN,24.0,-4.0,NaN,-0.5,1.0,22.0,NaN,0.0,8.0,0.5,NaN,0.0,1.0,7.39,NaN,-0.0050000000000003375,1.0,32.0,NaN,0.5,1.0,NaN,NaN,NaN,24.0,NaN,NaN,NaN,24.0,17.0,NaN,0.0,8.0,NaN,NaN,NaN,24.0,NaN,NaN,NaN,24.0,113.0,NaN,0.0,8.0,0.9,NaN,0.0,8.0,NaN,NaN,NaN,24.0,139.0,NaN,-8.0,1.0,1.5,NaN,0.0,3.0,NaN,NaN,NaN,24.0,NaN,NaN,NaN,24.0,3.8,NaN,0.0,1.0,NaN,NaN,NaN,24.0,NaN,NaN,NaN,24.0,30.6,NaN,-0.7374999999999998,5.0,13.2,NaN,0.0,8.0,30.8,NaN,0.0,8.0,9.3,NaN,0.0,8.0,NaN,NaN,NaN,24.0,130.0,NaN,0.0,8.0,83.0,1.0,-1.0,-1.0,-67.53527777777778,9.0,1.0,1.0,0.0,0.0,0.0,0.0,0.0,0.0,0.0,0.0,1.0,1.0,1.0,1.0,0.0,0.0,3.0,5.0,4.0,0.0,NaN,NaN,NaN
