84.0,NaN,NaN,24.0,96.0,NaN,NaN,24.0,NaN,NaN,NaN,24.0,144.0,NaN,NaN,24.0,86.0,NaN,NaN,24.0,75.0,NaN,NaN,24.0,18.0,NaN,NaN,24.0,NaN,NaN,NaN,24.0,NaN,NaN,NaN,24.0,NaN,NaN,NaN,24.0,NaN,NaN,NaN,24.0,NaN,NaN,NaN,24.0,NaN,NaN,NaN,24.0,NaN,NaN,NaN,24.0,NaN,NaN,NaN,24.0,NaN,NaN,NaN,24.0,NaN,NaN,NaN,24.0,NaN,NaN,NaN,24.0,NaN,NaN,NaN,24.0,NaN,NaN,NaN,24.0,NaN,NaN,NaN,24.0,NaN,NaN,NaN,24.0,NaN,NaN,NaN,24.0,NaN,NaN,NaN,24.0,NaN,NaN,NaN,24.0,NaN,NaN,NaN,24.0,NaN,NaN,NaN,24.0,NaN,NaN,NaN,24.0,NaN,NaN,NaN,24.0,NaN,NaN,NaN,24.0,NaN,NaN,NaN,24.0,NaN,NaN,NaN,24.0,NaN,NaN,NaN,24.0,NaN,NaN,NaN,24.0,54.0,1.0,0.0,1.0,-5.166666666666667,1.0,0.0,0.0,0.0,0.0,0.0,0.0,0.0,0.0,0.0,0.0,1.0,0.0,0.0,0.0,0.0,0.0,NaN,NaN,NaN,6.0,NaN,NaN,NaN
77.0,NaN,-7.0,0.0,95.0,NaN,-1.0,0.0,36.61,NaN,0.0,0.0,110.0,NaN,-34.0,0.0,71.0,NaN,-15.0,0.0,59.0,NaN,-16.0,0.0,20.0,NaN,2.0,0.0,NaN,NaN,NaN,24.0,NaN,NaN,NaN,24.0,28.0,NaN,0.0,0.0,NaN,NaN,NaN,24.0,NaN,NaN,NaN,24.0,NaN,NaN,NaN,24.0,NaN,NaN,NaN,24.0,29.0,NaN,0.0,0.0,12.0,NaN,0.0,0.0,44.0,NaN,0.0,0.0,7.8,NaN,0.0,0.0,99.0,NaN,0.0,0.0,0.9,NaN,0.0,0.0,NaN,NaN,NaN,24.0,102.0,NaN,0.0,0.0,NaN,NaN,NaN,24.0,1.8,NaN,0.0,0.0,3.3,NaN,0.0,0.0,4.0,NaN,0.0,0.0,0.8,NaN,0.0,0.0,NaN,NaN,NaN,24.0,45.3,NaN,0.0,0.0,13.9,NaN,0.0,0.0,28.4,NaN,0.0,0.0,40.9,NaN,0.0,0.0,NaN,NaN,NaN,24.0,7.0,NaN,0.0,0.0,54.0,1.0,0.0,1.0,-5.166666666666667,2.0,0.0,0.0,0.0,1.0,0.0,4.0,0.0,0.0,0.0,0.0,1.0,0.0,0.0,0.0,0.0,0.0,NaN,NaN,NaN,6.0,NaN,NaN,NaN
77.0,NaN,0.0,0.0,97.0,NaN,2.0,0.0,36.61,NaN,0.0,1.0,127.0,NaN,17.0,0.0,91.0,NaN,20.0,0.0,83.0,NaN,24.0,0.0,21.0,NaN,1.0,0.0,NaN,NaN,NaN,24.0,NaN,NaN,NaN,24.0,28.0,NaN,0.0,1.0,NaN,NaN,NaN,24.0,NaN,NaN,NaN,24.0,NaN,NaN,NaN,24.0,NaN,NaN,NaN,24.0,29.0,NaN,0.0,1.0,12.0,NaN,0.0,1.0,44.0,NaN,0.0,1.0,7.8,NaN,0.0,1.0,99.0,NaN,0.0,1.0,0.9,NaN,0.0,1.0,NaN,NaN,NaN,24.0,102.0,NaN,0.0,1.0,NaN,NaN,NaN,24.0,1.8,NaN,0.0,1.0,3.3,NaN,0.0,1.0,4.0,NaN,0.0,1.0,0.8,NaN,0.0,1.0,NaN,NaN,NaN,24.0,45.3,NaN,0.0,1.0,13.9,NaN,0.0,1.0,28.4,NaN,0.0,1.0,40.9,NaN,0.0,1.0,NaN,NaN,NaN,24.0,7.0,NaN,0.0,1.0,54.0,1.0,0.0,1.0,-5.166666666666667,3.0,0.0,1.0,0.0,1.0,0.0,0.0,0.0,0.0,0.0,0.0,1.0,0.0,0.0,0.0,0.0,0.0,NaN,NaN,NaN,6.0,NaN,NaN,NaN
73.0,NaN,-4.0,0.0,96.0,NaN,-1.0,0.0,36.61,NaN,0.0,2.0,115.0,NaN,-12.0,0.0,80.0,NaN,-11.0,0.0,69.0,NaN,-14.0,0.0,16.0,NaN,-5.0,0.0,NaN,NaN,NaN,24.0,NaN,NaN,NaN,24.0,28.0,NaN,0.0,2.0,NaN,NaN,NaN,24.0,NaN,NaN,NaN,24.0,NaN,NaN,NaN,24.0,NaN,NaN,NaN,24.0,29.0,NaN,0.0,2.0,12.0,NaN,0.0,2.0,44.0,NaN,0.0,2.0,7.8,NaN,0.0,2.0,99.0,NaN,0.0,2.0,0.9,NaN,0.0,2.0,NaN,NaN,NaN,24.0,102.0,NaN,0.0,2.0,NaN,NaN,NaN,24.0,1.8,NaN,0.0,2.0,3.3,NaN,0.0,2.0,4.0,NaN,0.0,2.0,0.8,NaN,0.0,2.0,NaN,NaN,NaN,24.0,45.3,NaN,0.0,2.0,13.9,NaN,0.0,2.0,28.4,NaN,0.0,2.0,40.9,NaN,0.0,2.0,NaN,NaN,NaN,24.0,7.0,NaN,0.0,2.0,54.0,1.0,0.0,1.0,-5.166666666666667,4.0,0.0,0.0,0.0,1.0,0.0,0.0,0.0,0.0,0.0,0.0,1.0,0.0,0.0,0.0,0.0,0.0,NaN,NaN,NaN,6.0,NaN,NaN,NaN
76.0,NaN,3.0,0.0,97.0,NaN,1.0,0.0,36.61,NaN,0.0,3.0,115.0,NaN,0.0,0.0,86.0,NaN,6.0,0.0,78.0,NaN,9.0,0.0,18.0,NaN,2.0,0.0,NaN,NaN,NaN,24.0,NaN,NaN,NaN,24.0,28.0,NaN,0.0,3.0,NaN,NaN,NaN,24.0,NaN,NaN,NaN,24.0,NaN,NaN,NaN,24.0,NaN,NaN,NaN,24.0,29.0,NaN,0.0,3.0,12.0,NaN,0.0,3.0,44.0,NaN,0.0,3.0,7.8,NaN,0.0,3.0,99.0,NaN,0.0,3.0,0.9,NaN,0.0,3.0,NaN,NaN,NaN,24.0,102.0,NaN,0.0,3.0,NaN,NaN,NaN,24.0,1.8,NaN,0.0,3.0,3.3,NaN,0.0,3.0,4.0,NaN,0.0,3.0,0.8,NaN,0.0,3.0,NaN,NaN,NaN,24.0,45.3,NaN,0.0,3.0,13.9,NaN,0.0,3.0,28.4,NaN,0.0,3.0,40.9,NaN,0.0,3.0,NaN,NaN,NaN,24.0,7.0,NaN,0.0,3.0,54.0,1.0,0.0,1.0,-5.166666666666667,5.0,0.0,0.0,0.0,1.0,0.0,0.0,0.0,0.0,0.0,0.0,1.0,0.0,0.0,0.0,0.0,0.0,NaN,NaN,NaN,6.0,NaN,NaN,NaN
70.0,NaN,-6.0,0.0,95.0,NaN,-2.0,0.0,36.5,NaN,-0.027499999999999858,0.0,111.0,NaN,-4.0,0.0,81.0,NaN,-5.0,0.0,71.0,NaN,-7.0,0.0,15.0,NaN,-3.0,0.0,NaN,NaN,NaN,24.0,NaN,NaN,NaN,24.0,28.0,NaN,0.0,4.0,NaN,NaN,NaN,24.0,NaN,NaN,NaN,24.0,NaN,NaN,NaN,24.0,NaN,NaN,NaN,24.0,29.0,NaN,0.0,4.0,12.0,NaN,0.0,4.0,44.0,NaN,0.0,4.0,7.8,NaN,0.0,4.0,99.0,NaN,0.0,4.0,0.9,NaN,0.0,4.0,NaN,NaN,NaN,24.0,102.0,NaN,0.0,4.0,NaN,NaN,NaN,24.0,1.8,NaN,0.0,4.0,3.3,NaN,0.0,4.0,4.0,NaN,0.0,4.0,0.8,NaN,0.0,4.0,NaN,NaN,NaN,24.0,45.3,NaN,0.0,4.0,13.9,NaN,0.0,4.0,28.4,NaN,0.0,4.0,40.9,NaN,0.0,4.0,NaN,NaN,NaN,24.0,7.0,NaN,0.0,4.0,54.0,1.0,0.0,1.0,-5.166666666666667,6.0,0.0,0.0,0.0,1.0,0.0,0.0,0.0,0.0,0.0,0.0,1.0,0.0,0.0,0.0,0.0,0.0,NaN,NaN,NaN,6.0,NaN,NaN,NaN
66.0,NaN,-4.0,0.0,95.0,NaN,0.0,0.0,36.5,NaN,-0.021999999999999888,1.0,118.0,NaN,7.0,0.0,80.0,NaN,-1.0,0.0,71.0,NaN,0.0,0.0,15.0,NaN,0.0,0.0,NaN,NaN,NaN,24.0,NaN,NaN,NaN,24.0,28.0,NaN,0.0,5.0,NaN,NaN,NaN,24.0,NaN,NaN,NaN,24.0,NaN,NaN,NaN,24.0,NaN,NaN,NaN,24.0,29.0,NaN,0.0,5.0,12.0,NaN,0.0,5.0,44.0,NaN,0.0,5.0,7.8,NaN,0.0,5.0,99.0,NaN,0.0,5.0,0.9,NaN,0.0,5.0,NaN,NaN,NaN,24.0,102.0,NaN,0.0,5.0,NaN,NaN,NaN,24.0,1.8,NaN,0.0,5.0,3.3,NaN,0.0,5.0,4.0,NaN,0.0,5.0,0.8,NaN,0.0,5.0,NaN,NaN,NaN,24.0,45.3,NaN,0.0,5.0,13.9,NaN,0.0,5.0,28.4,NaN,0.0,5.0,40.9,NaN,0.0,5.0,NaN,NaN,NaN,24.0,29.0,NaN,4.4,0.0,54.0,1.0,0.0,1.0,-5.166666666666667,7.0,0.0,0.0,0.0,1.0,0.0,3.0,0.0,0.0,0.0,0.0,1.0,0.0,0.0,0.0,0.0,0.0,NaN,NaN,NaN,6.0,NaN,NaN,NaN
74.0,NaN,8.0,0.0,97.0,NaN,2.0,0.0,36.5,NaN,-0.01833333333333324,2.0,123.0,NaN,5.0,0.0,88.0,NaN,8.0,0.0,81.0,NaN,10.0,0.0,17.0,NaN,2.0,0.0,NaN,NaN,NaN,24.0,NaN,NaN,NaN,24.0,28.0,NaN,0.0,6.0,NaN,NaN,NaN,24.0,NaN,NaN,NaN,24.0,NaN,NaN,NaN,24.0,NaN,NaN,NaN,24.0,29.0,NaN,0.0,6.0,12.0,NaN,0.0,6.0,44.0,NaN,0.0,6.0,7.8,NaN,0.0,6.0,99.0,NaN,0.0,6.0,0.9,NaN,0.0,6.0,NaN,NaN,NaN,24.0,102.0,NaN,0.0,6.0,NaN,NaN,NaN,24.0,1.8,NaN,0.0,6.0,3.3,NaN,0.0,6.0,4.0,NaN,0.0,6.0,0.8,NaN,0.0,6.0,NaN,NaN,NaN,24.0,45.3,NaN,0.0,6.0,13.9,NaN,0.0,6.0,28.4,NaN,0.0,6.0,40.9,NaN,0.0,6.0,NaN,NaN,NaN,24.0,29.0,NaN,3.6666666666666665,1.0,54.0,1.0,0.0,1.0,-5.166666666666667,8.0,0.0,0.0,0.0,1.0,0.0,0.0,0.0,0.0,0.0,0.0,1.0,0.0,0.0,0.0,0.0,0.0,NaN,NaN,NaN,6.0,NaN,NaN,NaN
76.0,NaN,2.0,0.0,95.0,NaN,-2.0,0.0,36.5,NaN,-0.015714285714285632,3.0,117.0,NaN,-6.0,0.0,83.0,NaN,-5.0,0.0,71.0,NaN,-10.0,0.0,17.0,NaN,0.0,0.0,NaN,NaN,NaN,24.0,NaN,NaN,NaN,24.0,28.0,NaN,0.0,7.0,NaN,NaN,NaN,24.0,NaN,NaN,NaN,24.0,NaN,NaN,NaN,24.0,NaN,NaN,NaN,24.0,29.0,NaN,0.0,7.0,12.0,NaN,0.0,7.0,44.0,NaN,0.0,7.0,7.8,NaN,0.0,7.0,99.0,NaN,0.0,7.0,0.9,NaN,0.0,7.0,NaN,NaN,NaN,24.0,102.0,NaN,0.0,7.0,NaN,NaN,NaN,24.0,1.8,NaN,0.0,7.0,3.3,NaN,0.0,7.0,4.0,NaN,0.0,7.0,0.8,NaN,0.0,7.0,NaN,NaN,NaN,24.0,45.3,NaN,0.0,7.0,13.9,NaN,0.0,7.0,28.4,NaN,0.0,7.0,40.9,NaN,0.0,7.0,NaN,NaN,NaN,24.0,29.0,NaN,3.142857142857143,2.0,54.0,1.0,0.0,1.0,-5.166666666666667,9.0,0.0,0.0,0.0,1.0,0.0,0.0,0.0,0.0,0.0,0.0,1.0,0.0,0.0,0.0,0.0,0.0,NaN,NaN,NaN,6.0,NaN,NaN,NaN
77.0,NaN,1.0,0.0,94.0,NaN,-1.0,0.0,36.56,NaN,0.015000000000000568,0.0,124.0,NaN,7.0,0.0,85.0,NaN,2.0,0.0,76.0,NaN,5.0,0.0,22.0,NaN,5.0,0.0,NaN,NaN,NaN,24.0,NaN,NaN,NaN,24.0,28.0,NaN,0.0,8.0,NaN,NaN,NaN,24.0,NaN,NaN,NaN,24.0,NaN,NaN,NaN,24.0,NaN,NaN,NaN,24.0,29.0,NaN,0.0,8.0,12.0,NaN,0.0,8.0,44.0,NaN,0.0,8.0,7.8,NaN,0.0,8.0,99.0,NaN,0.0,8.0,0.9,NaN,0.0,8.0,NaN,NaN,NaN,24.0,102.0,NaN,0.0,8.0,NaN,NaN,NaN,24.0,1.8,NaN,0.0,8.0,3.3,NaN,0.0,8.0,4.0,NaN,0.0,8.0,0.8,NaN,0.0,8.0,NaN,NaN,NaN,24.0,45.3,NaN,0.0,8.0,13.9,NaN,0.0,8.0,28.4,NaN,0.0,8.0,40.9,NaN,0.0,8.0,NaN,NaN,NaN,24.0,29.0,NaN,2.75,3.0,54.0,1.0,0.0,1.0,-5.166666666666667,10.0,0.0,1.0,0.0,1.0,0.0,0.0,0.0,0.0,0.0,0.0,1.0,0.0,0.0,0.0,0.0,0.0,NaN,NaN,NaN,6.0,NaN,NaN,NaN
78.0,NaN,1.0,0.0,93.0,NaN,-1.0,0.0,36.56,NaN,0.012000000000000455,1.0,122.0,NaN,-2.0,0.0,90.0,NaN,5.0,0.0,79.0,NaN,3.0,0.0,20.0,NaN,-2.0,0.0,NaN,NaN,NaN,24.0,NaN,NaN,NaN,24.0,28.0,NaN,0.0,9.0,NaN,NaN,NaN,24.0,NaN,NaN,NaN,24.0,NaN,NaN,NaN,24.0,NaN,NaN,NaN,24.0,29.0,NaN,0.0,9.0,12.0,NaN,0.0,9.0,44.0,NaN,0.0,9.0,7.8,NaN,0.0,9.0,99.0,NaN,0.0,9.0,0.9,NaN,0.0,9.0,NaN,NaN,NaN,24.0,102.0,NaN,0.0,9.0,NaN,NaN,NaN,24.0,1.8,NaN,0.0,9.0,3.3,NaN,0.0,9.0,4.0,NaN,0.0,9.0,0.8,NaN,0.0,9.0,NaN,NaN,NaN,24.0,45.3,NaN,0.0,9.0,13.9,NaN,0.0,9.0,28.4,NaN,0.0,9.0,40.9,NaN,0.0,9.0,NaN,NaN,NaN,24.0,29.0,NaN,2.4444444444444446,4.0,54.0,1.0,0.0,1.0,-5.166666666666667,11.0,0.0,0.0,0.0,1.0,0.0,0.0,0.0,0.0,0.0,0.0,1.0,0.0,0.0,0.0,0.0,0.0,NaN,NaN,NaN,6.0,NaN,NaN,NaN
68.0,NaN,-10.0,0.0,96.0,NaN,3.0,0.0,36.56,NaN,0.010000000000000378,2.0,124.0,NaN,2.0,0.0,81.0,NaN,-9.0,0.0,65.0,NaN,-14.0,0.0,18.0,NaN,-2.0,0.0,NaN,NaN,NaN,24.0,NaN,NaN,NaN,24.0,28.0,NaN,0.0,10.0,NaN,NaN,NaN,24.0,NaN,NaN,NaN,24.0,NaN,NaN,NaN,24.0,NaN,NaN,NaN,24.0,29.0,NaN,0.0,10.0,12.0,NaN,0.0,10.0,44.0,NaN,0.0,10.0,7.8,NaN,0.0,10.0,99.0,NaN,0.0,10.0,0.9,NaN,0.0,10.0,NaN,NaN,NaN,24.0,102.0,NaN,0.0,10.0,NaN,NaN,NaN,24.0,1.8,NaN,0.0,10.0,3.3,NaN,0.0,10.0,4.0,NaN,0.0,10.0,0.8,NaN,0.0,10.0,NaN,NaN,NaN,24.0,45.3,NaN,0.0,10.0,13.9,NaN,0.0,10.0,28.4,NaN,0.0,10.0,40.9,NaN,0.0,10.0,NaN,NaN,NaN,24.0,29.0,NaN,2.2,5.0,54.0,1.0,0.0,1.0,-5.166666666666667,12.0,0.0,0.0,0.0,1.0,0.0,0.0,0.0,0.0,0.0,0.0,1.0,0.0,0.0,0.0,0.0,0.0,NaN,NaN,NaN,6.0,NaN,NaN,NaN
66.0,NaN,-2.0,0.0,96.0,NaN,0.0,0.0,36.56,NaN,0.008571428571428896,3.0,119.0,NaN,-5.0,0.0,82.0,NaN,1.0,0.0,73.0,NaN,8.0,0.0,15.0,NaN,-3.0,0.0,NaN,NaN,NaN,24.0,NaN,NaN,NaN,24.0,28.0,NaN,0.0,11.0,NaN,NaN,NaN,24.0,NaN,NaN,NaN,24.0,NaN,NaN,NaN,24.0,NaN,NaN,NaN,24.0,29.0,NaN,0.0,11.0,12.0,NaN,0.0,11.0,44.0,NaN,0.0,11.0,7.8,NaN,0.0,11.0,99.0,NaN,0.0,11.0,0.9,NaN,0.0,11.0,NaN,NaN,NaN,24.0,102.0,NaN,0.0,11.0,NaN,NaN,NaN,24.0,1.8,NaN,0.0,11.0,3.3,NaN,0.0,11.0,4.0,NaN,0.0,11.0,0.8,NaN,0.0,11.0,NaN,NaN,NaN,24.0,45.3,NaN,0.0,11.0,13.9,NaN,0.0,11.0,28.4,NaN,0.0,11.0,40.9,NaN,0.0,11.0,NaN,NaN,NaN,24.0,29.0,NaN,2.0,6.0,54.0,1.0,0.0,1.0,-5.166666666666667,13.0,0.0,0.0,0.0,1.0,0.0,0.0,0.0,0.0,0.0,0.0,1.0,0.0,0.0,0.0,0.0,0.0,NaN,NaN,NaN,6.0,NaN,NaN,NaN
64.0,NaN,-2.0,0.0,97.0,NaN,1.0,0.0,36.67,NaN,0.027499999999999858,0.0,114.0,NaN,-5.0,0.0,84.0,NaN,2.0,0.0,74.0,NaN,1.0,0.0,14.0,NaN,-1.0,0.0,NaN,NaN,NaN,24.0,NaN,NaN,NaN,24.0,28.0,NaN,0.0,12.0,NaN,NaN,NaN,24.0,NaN,NaN,NaN,24.0,NaN,NaN,NaN,24.0,NaN,NaN,NaN,24.0,29.0,NaN,0.0,12.0,12.0,NaN,0.0,12.0,44.0,NaN,0.0,12.0,7.8,NaN,0.0,12.0,99.0,NaN,0.0,12.0,0.9,NaN,0.0,12.0,NaN,NaN,NaN,24.0,102.0,NaN,0.0,12.0,NaN,NaN,NaN,24.0,1.8,NaN,0.0,12.0,3.3,NaN,0.0,12.0,4.0,NaN,0.0,12.0,0.8,NaN,0.0,12.0,NaN,NaN,NaN,24.0,45.3,NaN,0.0,12.0,13.9,NaN,0.0,12.0,28.4,NaN,0.0,12.0,40.9,NaN,0.0,12.0,NaN,NaN,NaN,24.0,29.0,NaN,1.8333333333333333,7.0,54.0,1.0,0.0,1.0,-5.166666666666667,14.0,0.0,0.0,0.0,1.0,0.0,0.0,0.0,0.0,0.0,0.0,1.0,0.0,0.0,0.0,0.0,0.0,NaN,NaN,NaN,6.0,NaN,NaN,NaN
67.0,NaN,3.0,0.0,99.0,NaN,2.0,0.0,36.67,NaN,0.021999999999999888,1.0,109.0,NaN,-5.0,0.0,74.0,NaN,-10.0,0.0,62.0,NaN,-12.0,0.0,18.0,NaN,4.0,0.0,NaN,NaN,NaN,24.0,NaN,NaN,NaN,24.0,28.0,NaN,0.0,13.0,NaN,NaN,NaN,24.0,NaN,NaN,NaN,24.0,NaN,NaN,NaN,24.0,NaN,NaN,NaN,24.0,29.0,NaN,0.0,13.0,12.0,NaN,0.0,13.0,44.0,NaN,0.0,13.0,7.8,NaN,0.0,13.0,99.0,NaN,0.0,13.0,0.9,NaN,0.0,13.0,NaN,NaN,NaN,24.0,102.0,NaN,0.0,13.0,NaN,NaN,NaN,24.0,1.8,NaN,0.0,13.0,3.3,NaN,0.0,13.0,4.0,NaN,0.0,13.0,0.8,NaN,0.0,13.0,NaN,NaN,NaN,24.0,45.3,NaN,0.0,13.0,13.9,NaN,0.0,13.0,28.4,NaN,0.0,13.0,40.9,NaN,0.0,13.0,NaN,NaN,NaN,24.0,29.0,NaN,1.6923076923076923,8.0,54.0,1.0,0.0,1.0,-5.166666666666667,15.0,0.0,0.0,0.0,1.0,0.0,0.0,0.0,0.0,0.0,0.0,1.0,0.0,0.0,0.0,0.0,0.0,NaN,NaN,NaN,6.0,NaN,NaN,NaN
73.0,NaN,6.0,0.0,95.0,NaN,-4.0,0.0,36.67,NaN,0.01833333333333324,2.0,118.0,NaN,9.0,0.0,80.0,NaN,6.0,0.0,69.0,NaN,7.0,0.0,15.0,NaN,-3.0,0.0,NaN,NaN,NaN,24.0,NaN,NaN,NaN,24.0,28.0,NaN,0.0,14.0,NaN,NaN,NaN,24.0,NaN,NaN,NaN,24.0,NaN,NaN,NaN,24.0,NaN,NaN,NaN,24.0,29.0,NaN,0.0,14.0,12.0,NaN,0.0,14.0,44.0,NaN,0.0,14.0,7.8,NaN,0.0,14.0,99.0,NaN,0.0,14.0,0.9,NaN,0.0,14.0,NaN,NaN,NaN,24.0,102.0,NaN,0.0,14.0,NaN,NaN,NaN,24.0,1.8,NaN,0.0,14.0,3.3,NaN,0.0,14.0,4.0,NaN,0.0,14.0,0.8,NaN,0.0,14.0,NaN,NaN,NaN,24.0,45.3,NaN,0.0,14.0,13.9,NaN,0.0,14.0,28.4,NaN,0.0,14.0,40.9,NaN,0.0,14.0,NaN,NaN,NaN,24.0,29.0,NaN,1.5714285714285714,9.0,54.0,1.0,0.0,1.0,-5.166666666666667,16.0,0.0,0.0,0.0,1.0,0.0,0.0,0.0,0.0,0.0,0.0,1.0,0.0,0.0,0.0,0.0,0.0,NaN,NaN,NaN,6.0,NaN,NaN,NaN
