79.0,NaN,NaN,24.0,100.0,NaN,NaN,24.0,37.17,NaN,NaN,24.0,116.0,NaN,NaN,24.0,91.0,NaN,NaN,24.0,79.0,NaN,NaN,24.0,20.0,NaN,NaN,24.0,NaN,NaN,NaN,24.0,NaN,NaN,NaN,24.0,NaN,NaN,NaN,24.0,NaN,NaN,NaN,24.0,NaN,NaN,NaN,24.0,NaN,NaN,NaN,24.0,NaN,NaN,NaN,24.0,NaN,NaN,NaN,24.0,NaN,NaN,NaN,24.0,NaN,NaN,NaN,24.0,NaN,NaN,NaN,24.0,NaN,NaN,NaN,24.0,NaN,NaN,NaN,24.0,NaN,NaN,NaN,24.0,NaN,NaN,NaN,24.0,NaN,NaN,NaN,24.0,NaN,NaN,NaN,24.0,NaN,NaN,NaN,24.0,NaN,NaN,NaN,24.0,NaN,NaN,NaN,24.0,NaN,NaN,NaN,24.0,NaN,NaN,NaN,24.0,NaN,NaN,NaN,24.0,NaN,NaN,NaN,24.0,NaN,NaN,NaN,24.0,NaN,NaN,NaN,24.0,NaN,NaN,NaN,24.0,57.0,0.0,1.0,0.0,-4.233333333333333,1.0,0.0,0.0,0.0,0.0,0.0,0.0,0.0,0.0,0.0,0.0,1.0,0.0,0.0,NaN,0.0,0.0,NaN,NaN,NaN,NaN,NaN,NaN,NaN
69.0,NaN,-10.0,0.0,100.0,NaN,0.0,0.0,37.17,NaN,0.0,1.0,114.0,NaN,-2.0,0.0,88.0,NaN,-3.0,0.0,76.0,NaN,-3.0,0.0,16.0,NaN,-4.0,0.0,NaN,NaN,NaN,24.0,-1.0,NaN,0.0,0.0,23.0,NaN,0.0,0.0,0.4,NaN,0.0,0.0,7.37,NaN,0.0,0.0,41.0,NaN,0.0,0.0,99.0,NaN,0.0,0.0,56.0,NaN,0.0,0.0,5.0,NaN,0.0,0.0,85.0,NaN,0.0,0.0,8.3,NaN,0.0,0.0,103.0,NaN,0.0,0.0,0.6,NaN,0.0,0.0,NaN,NaN,NaN,24.0,82.0,NaN,0.0,0.0,2.85,NaN,0.0,0.0,1.9,NaN,0.0,0.0,3.5,NaN,0.0,0.0,3.7,NaN,0.0,0.0,0.3,NaN,0.0,0.0,0.01,NaN,0.0,0.0,41.7,NaN,0.0,0.0,13.6,NaN,0.0,0.0,35.7,NaN,0.0,0.0,8.1,NaN,0.0,0.0,NaN,NaN,NaN,24.0,281.0,NaN,0.0,0.0,57.0,0.0,1.0,0.0,-4.233333333333333,2.0,0.0,0.0,0.0,0.0,1.0,0.0,0.0,0.0,1.0,0.0,1.0,0.0,0.0,NaN,0.0,0.0,NaN,NaN,NaN,NaN,NaN,NaN,NaN
66.0,NaN,-3.0,0.0,100.0,NaN,0.0,0.0,37.17,NaN,0.0,2.0,116.0,NaN,2.0,0.0,90.0,NaN,2.0,0.0,77.0,NaN,1.0,0.0,16.0,NaN,0.0,0.0,NaN,NaN,NaN,24.0,-1.0,NaN,0.0,1.0,23.0,NaN,0.0,1.0,0.4,NaN,0.0,1.0,7.37,NaN,0.0,1.0,41.0,NaN,0.0,1.0,99.0,NaN,0.0,1.0,56.0,NaN,0.0,1.0,5.0,NaN,0.0,1.0,85.0,NaN,0.0,1.0,8.3,NaN,0.0,1.0,103.0,NaN,0.0,1.0,0.6,NaN,0.0,1.0,NaN,NaN,NaN,24.0,82.0,NaN,0.0,1.0,2.85,NaN,0.0,1.0,1.9,NaN,0.0,1.0,3.5,NaN,0.0,1.0,3.7,NaN,0.0,1.0,0.3,NaN,0.0,1.0,0.01,NaN,0.0,1.0,41.7,NaN,0.0,1.0,13.6,NaN,0.0,1.0,35.7,NaN,0.0,1.0,8.1,NaN,0.0,1.0,NaN,NaN,NaN,24.0,281.0,NaN,0.0,1.0,57.0,0.0,1.0,0.0,-4.233333333333333,3.0,0.0,0.0,0.0,0.0,0.0,0.0,0.0,0.0,0.0,0.0,1.0,0.0,0.0,NaN,0.0,0.0,NaN,NaN,NaN,NaN,NaN,NaN,NaN
72.0,NaN,6.0,0.0,100.0,NaN,0.0,0.0,37.17,NaN,0.0,3.0,111.0,NaN,-5.0,0.0,83.0,NaN,-7.0,0.0,70.0,NaN,-7.0,0.0,16.0,NaN,0.0,0.0,NaN,NaN,NaN,24.0,-1.0,NaN,0.0,2.0,23.0,NaN,0.0,2.0,0.4,NaN,0.0,2.0,7.37,NaN,0.0,2.0,41.0,NaN,0.0,2.0,99.0,NaN,0.0,2.0,56.0,NaN,0.0,2.0,5.0,NaN,0.0,2.0,85.0,NaN,0.0,2.0,8.3,NaN,0.0,2.0,103.0,NaN,0.0,2.0,0.6,NaN,0.0,2.0,NaN,NaN,NaN,24.0,82.0,NaN,0.0,2.0,2.85,NaN,0.0,2.0,1.9,NaN,0.0,2.0,3.5,NaN,0.0,2.0,3.7,NaN,0.0,2.0,0.3,NaN,0.0,2.0,0.01,NaN,0.0,2.0,41.7,NaN,0.0,2.0,13.6,NaN,0.0,2.0,35.7,NaN,0.0,2.0,8.1,NaN,0.0,2.0,NaN,NaN,NaN,24.0,281.0,NaN,0.0,2.0,57.0,0.0,1.0,0.0,-4.233333333333333,4.0,0.0,0.0,0.0,0.0,0.0,0.0,0.0,0.0,0.0,0.0,1.0,0.0,0.0,NaN,0.0,0.0,NaN,NaN,NaN,NaN,NaN,NaN,NaN
69.0,NaN,-3.0,0.0,100.0,NaN,0.0,0.0,37.17,NaN,0.0,4.0,100.0,NaN,-11.0,0.0,70.0,NaN,-13.0,0.0,57.0,NaN,-13.0,0.0,16.0,NaN,0.0,0.0,NaN,NaN,NaN,24.0,-1.0,NaN,0.0,3.0,23.0,NaN,0.0,3.0,0.4,NaN,0.0,3.0,7.37,NaN,0.0,3.0,41.0,NaN,0.0,3.0,99.0,NaN,0.0,3.0,56.0,NaN,0.0,3.0,5.0,NaN,0.0,3.0,85.0,NaN,0.0,3.0,8.3,NaN,0.0,3.0,103.0,NaN,0.0,3.0,0.6,NaN,0.0,3.0,NaN,NaN,NaN,24.0,82.0,NaN,0.0,3.0,2.85,NaN,0.0,3.0,1.9,NaN,0.0,3.0,3.5,NaN,0.0,3.0,3.7,NaN,0.0,3.0,0.3,NaN,0.0,3.0,0.01,NaN,0.0,3.0,41.7,NaN,0.0,3.0,13.6,NaN,0.0,3.0,35.7,NaN,0.0,3.0,8.1,NaN,0.0,3.0,NaN,NaN,NaN,24.0,281.0,NaN,0.0,3.0,57.0,0.0,1.0,0.0,-4.233333333333333,5.0,0.0,0.0,0.0,0.0,0.0,0.0,0.0,0.0,0.0,0.0,1.0,0.0,0.0,NaN,0.0,0.0,NaN,NaN,NaN,NaN,NaN,NaN,NaN
68.0,NaN,-1.0,0.0,100.0,NaN,0.0,0.0,37.06,NaN,-0.021999999999999888,0.0,111.0,NaN,11.0,0.0,79.0,NaN,9.0,0.0,67.0,NaN,10.0,0.0,16.0,NaN,0.0,0.0,NaN,NaN,NaN,24.0,-1.0,NaN,0.0,4.0,23.0,NaN,0.0,4.0,0.3,NaN,-0.02500000000000001,0.0,7.37,NaN,0.0,4.0,41.0,NaN,0.0,4.0,99.0,NaN,0.0,4.0,56.0,NaN,0.0,4.0,5.0,NaN,0.0,4.0,85.0,NaN,0.0,4.0,8.3,NaN,0.0,4.0,103.0,NaN,0.0,4.0,0.6,NaN,0.0,4.0,NaN,NaN,NaN,24.0,82.0,NaN,0.0,4.0,2.85,NaN,0.0,4.0,1.9,NaN,0.0,4.0,3.5,NaN,0.0,4.0,3.7,NaN,0.0,4.0,0.3,NaN,0.0,4.0,0.01,NaN,0.0,4.0,41.7,NaN,0.0,4.0,13.6,NaN,0.0,4.0,35.7,NaN,0.0,4.0,8.1,NaN,0.0,4.0,NaN,NaN,NaN,24.0,281.0,NaN,0.0,4.0,57.0,0.0,1.0,0.0,-4.233333333333333,6.0,0.0,0.0,0.0,0.0,0.0,0.0,0.0,0.0,0.0,0.0,0.0,0.0,0.0,NaN,0.0,0.0,NaN,NaN,NaN,NaN,NaN,NaN,NaN
71.0,NaN,3.0,0.0,100.0,NaN,0.0,0.0,37.06,NaN,-0.01833333333333324,1.0,112.0,NaN,1.0,0.0,84.0,NaN,5.0,0.0,71.0,NaN,4.0,0.0,17.0,NaN,1.0,0.0,NaN,NaN,NaN,24.0,-1.0,NaN,0.0,5.0,23.0,NaN,0.0,5.0,0.3,NaN,-0.020000000000000007,1.0,7.37,NaN,0.0,5.0,41.0,NaN,0.0,5.0,99.0,NaN,0.0,5.0,56.0,NaN,0.0,5.0,5.0,NaN,0.0,5.0,85.0,NaN,0.0,5.0,8.3,NaN,0.0,5.0,103.0,NaN,0.0,5.0,0.6,NaN,0.0,5.0,NaN,NaN,NaN,24.0,82.0,NaN,0.0,5.0,2.85,NaN,0.0,5.0,1.9,NaN,0.0,5.0,3.5,NaN,0.0,5.0,3.7,NaN,0.0,5.0,0.3,NaN,0.0,5.0,0.01,NaN,0.0,5.0,41.7,NaN,0.0,5.0,13.6,NaN,0.0,5.0,35.7,NaN,0.0,5.0,8.1,NaN,0.0,5.0,NaN,NaN,NaN,24.0,281.0,NaN,0.0,5.0,57.0,0.0,1.0,0.0,-4.233333333333333,7.0,0.0,0.0,0.0,0.0,0.0,0.0,0.0,0.0,0.0,0.0,1.0,0.0,0.0,NaN,0.0,0.0,NaN,NaN,NaN,NaN,NaN,NaN,NaN
74.0,NaN,3.0,0.0,100.0,NaN,0.0,0.0,37.06,NaN,-0.015714285714285632,2.0,117.0,NaN,5.0,0.0,84.0,NaN,0.0,0.0,69.0,NaN,-2.0,0.0,16.0,NaN,-1.0,0.0,NaN,NaN,NaN,24.0,-1.0,NaN,0.0,6.0,23.0,NaN,0.0,6.0,0.3,NaN,-0.016666666666666673,2.0,7.37,NaN,0.0,6.0,41.0,NaN,0.0,6.0,99.0,NaN,0.0,6.0,56.0,NaN,0.0,6.0,5.0,NaN,0.0,6.0,85.0,NaN,0.0,6.0,8.3,NaN,0.0,6.0,103.0,NaN,0.0,6.0,0.6,NaN,0.0,6.0,NaN,NaN,NaN,24.0,82.0,NaN,0.0,6.0,2.85,NaN,0.0,6.0,1.9,NaN,0.0,6.0,3.5,NaN,0.0,6.0,3.7,NaN,0.0,6.0,0.3,NaN,0.0,6.0,0.01,NaN,0.0,6.0,41.7,NaN,0.0,6.0,13.6,NaN,0.0,6.0,35.7,NaN,0.0,6.0,8.1,NaN,0.0,6.0,NaN,NaN,NaN,24.0,281.0,NaN,0.0,6.0,57.0,0.0,1.0,0.0,-4.233333333333333,8.0,0.0,0.0,0.0,0.0,0.0,0.0,0.0,0.0,0.0,0.0,1.0,0.0,0.0,NaN,0.0,0.0,NaN,NaN,NaN,NaN,NaN,NaN,NaN
71.0,NaN,-3.0,0.0,100.0,NaN,0.0,0.0,37.06,NaN,-0.013749999999999929,3.0,124.0,NaN,7.0,0.0,93.0,NaN,9.0,0.0,79.0,NaN,10.0,0.0,16.0,NaN,0.0,0.0,NaN,NaN,NaN,24.0,-1.0,NaN,0.0,7.0,23.0,NaN,0.0,7.0,0.3,NaN,-0.01428571428571429,3.0,7.37,NaN,0.0,7.0,41.0,NaN,0.0,7.0,99.0,NaN,0.0,7.0,56.0,NaN,0.0,7.0,5.0,NaN,0.0,7.0,85.0,NaN,0.0,7.0,8.3,NaN,0.0,7.0,103.0,NaN,0.0,7.0,0.6,NaN,0.0,7.0,NaN,NaN,NaN,24.0,82.0,NaN,0.0,7.0,2.85,NaN,0.0,7.0,1.9,NaN,0.0,7.0,3.5,NaN,0.0,7.0,3.7,NaN,0.0,7.0,0.3,NaN,0.0,7.0,0.01,NaN,0.0,7.0,41.7,NaN,0.0,7.0,13.6,NaN,0.0,7.0,35.7,NaN,0.0,7.0,8.1,NaN,0.0,7.0,NaN,NaN,NaN,24.0,281.0,NaN,0.0,7.0,57.0,0.0,1.0,0.0,-4.233333333333333,9.0,0.0,0.0,0.0,0.0,0.0,0.0,0.0,0.0,0.0,0.0,1.0,0.0,0.0,NaN,0.0,0.0,NaN,NaN,NaN,NaN,NaN,NaN,NaN
89.0,NaN,18.0,0.0,99.0,NaN,-1.0,0.0,36.33,NaN,-0.182500000000001,0.0,122.0,NaN,-2.0,0.0,92.0,NaN,-1.0,0.0,78.0,NaN,-1.0,0.0,17.0,NaN,1.0,0.0,NaN,NaN,NaN,24.0,-1.0,NaN,0.0,8.0,23.0,NaN,0.0,8.0,0.3,NaN,-0.012500000000000004,4.0,7.37,NaN,0.0,8.0,41.0,NaN,0.0,8.0,99.0,NaN,0.0,8.0,56.0,NaN,0.0,8.0,5.0,NaN,0.0,8.0,85.0,NaN,0.0,8.0,8.3,NaN,0.0,8.0,103.0,NaN,0.0,8.0,0.6,NaN,0.0,8.0,NaN,NaN,NaN,24.0,82.0,NaN,0.0,8.0,2.85,NaN,0.0,8.0,1.9,NaN,0.0,8.0,3.5,NaN,0.0,8.0,3.7,NaN,0.0,8.0,0.3,NaN,0.0,8.0,0.01,NaN,0.0,8.0,41.7,NaN,0.0,8.0,13.6,NaN,0.0,8.0,35.7,NaN,0.0,8.0,8.1,NaN,0.0,8.0,NaN,NaN,NaN,24.0,281.0,NaN,0.0,8.0,57.0,0.0,1.0,0.0,-4.233333333333333,10.0,0.0,0.0,0.0,0.0,0.0,0.0,0.0,0.0,0.0,0.0,1.0,0.0,0.0,NaN,0.0,0.0,NaN,NaN,NaN,NaN,NaN,NaN,NaN
68.0,NaN,-21.0,0.0,95.0,NaN,-4.0,0.0,36.33,NaN,-0.1460000000000008,1.0,97.0,NaN,-25.0,0.0,70.0,NaN,-22.0,0.0,57.0,NaN,-21.0,0.0,16.0,NaN,-1.0,0.0,NaN,NaN,NaN,24.0,-1.0,NaN,0.0,9.0,23.0,NaN,0.0,9.0,0.3,NaN,-0.011111111111111115,5.0,7.37,NaN,0.0,9.0,41.0,NaN,0.0,9.0,99.0,NaN,0.0,9.0,56.0,NaN,0.0,9.0,5.0,NaN,0.0,9.0,85.0,NaN,0.0,9.0,8.3,NaN,0.0,9.0,103.0,NaN,0.0,9.0,0.6,NaN,0.0,9.0,NaN,NaN,NaN,24.0,82.0,NaN,0.0,9.0,2.85,NaN,0.0,9.0,1.9,NaN,0.0,9.0,3.5,NaN,0.0,9.0,3.7,NaN,0.0,9.0,0.3,NaN,0.0,9.0,0.01,NaN,0.0,9.0,41.7,NaN,0.0,9.0,13.6,NaN,0.0,9.0,35.7,NaN,0.0,9.0,8.1,NaN,0.0,9.0,NaN,NaN,NaN,24.0,281.0,NaN,0.0,9.0,57.0,0.0,1.0,0.0,-4.233333333333333,11.0,0.0,0.0,0.0,0.0,0.0,0.0,0.0,0.0,0.0,0.0,1.0,0.0,0.0,NaN,0.0,0.0,NaN,NaN,NaN,NaN,NaN,NaN,NaN
78.0,NaN,10.0,0.0,92.0,NaN,-3.0,0.0,36.33,NaN,-0.12166666666666733,2.0,100.0,NaN,3.0,0.0,62.0,NaN,-8.0,0.0,46.0,NaN,-11.0,0.0,20.0,NaN,4.0,0.0,NaN,NaN,NaN,24.0,-1.0,NaN,0.0,10.0,23.0,NaN,0.0,10.0,0.3,NaN,-0.010000000000000004,6.0,7.37,NaN,0.0,10.0,41.0,NaN,0.0,10.0,99.0,NaN,0.0,10.0,56.0,NaN,0.0,10.0,5.0,NaN,0.0,10.0,85.0,NaN,0.0,10.0,8.3,NaN,0.0,10.0,103.0,NaN,0.0,10.0,0.6,NaN,0.0,10.0,NaN,NaN,NaN,24.0,82.0,NaN,0.0,10.0,2.85,NaN,0.0,10.0,1.9,NaN,0.0,10.0,3.5,NaN,0.0,10.0,3.7,NaN,0.0,10.0,0.3,NaN,0.0,10.0,0.01,NaN,0.0,10.0,41.7,NaN,0.0,10.0,13.6,NaN,0.0,10.0,35.7,NaN,0.0,10.0,8.1,NaN,0.0,10.0,NaN,NaN,NaN,24.0,281.0,NaN,0.0,10.0,57.0,0.0,1.0,0.0,-4.233333333333333,12.0,0.0,0.0,0.0,0.0,0.0,0.0,0.0,1.0,0.0,0.0,1.0,0.0,0.0,NaN,0.0,0.0,NaN,NaN,NaN,NaN,NaN,NaN,NaN
80.0,NaN,2.0,0.0,94.0,NaN,2.0,0.0,36.33,NaN,-0.10428571428571486,3.0,99.0,NaN,-1.0,0.0,64.0,NaN,2.0,0.0,49.0,NaN,3.0,0.0,20.0,NaN,0.0,0.0,NaN,NaN,NaN,24.0,0.0,NaN,0.09090909090909091,0.0,23.0,NaN,0.0,11.0,0.3,NaN,-0.009090909090909094,7.0,7.43,NaN,0.005454545454545419,0.0,36.0,NaN,-0.45454545454545453,0.0,99.0,NaN,0.0,11.0,56.0,NaN,0.0,11.0,5.0,NaN,0.0,11.0,85.0,NaN,0.0,11.0,8.3,NaN,0.0,11.0,103.0,NaN,0.0,11.0,0.6,NaN,0.0,11.0,NaN,NaN,NaN,24.0,82.0,NaN,0.0,11.0,2.2,NaN,-0.05909090909090908,0.0,1.9,NaN,0.0,11.0,3.5,NaN,0.0,11.0,3.7,NaN,0.0,11.0,0.3,NaN,0.0,11.0,0.01,NaN,0.0,11.0,41.7,NaN,0.0,11.0,13.6,NaN,0.0,11.0,35.7,NaN,0.0,11.0,8.1,NaN,0.0,11.0,NaN,NaN,NaN,24.0,281.0,NaN,0.0,11.0,57.0,0.0,1.0,0.0,-4.233333333333333,13.0,0.0,0.0,0.0,0.0,0.0,0.0,0.0,1.0,1.0,0.0,1.0,0.0,0.0,NaN,0.0,0.0,NaN,NaN,NaN,NaN,NaN,NaN,NaN
75.0,NaN,-5.0,0.0,96.0,NaN,2.0,0.0,37.06,NaN,0.182500000000001,0.0,109.0,NaN,10.0,0.0,77.0,NaN,13.0,0.0,64.0,NaN,15.0,0.0,20.0,NaN,0.0,0.0,NaN,NaN,NaN,24.0,0.0,NaN,0.08333333333333333,1.0,23.0,NaN,0.0,12.0,0.3,NaN,-0.008333333333333337,8.0,7.43,NaN,0.004999999999999967,1.0,36.0,NaN,-0.4166666666666667,1.0,99.0,NaN,0.0,12.0,56.0,NaN,0.0,12.0,5.0,NaN,0.0,12.0,85.0,NaN,0.0,12.0,8.3,NaN,0.0,12.0,103.0,NaN,0.0,12.0,0.6,NaN,0.0,12.0,NaN,NaN,NaN,24.0,82.0,NaN,0.0,12.0,2.2,NaN,-0.05416666666666666,1.0,1.9,NaN,0.0,12.0,3.5,NaN,0.0,12.0,3.7,NaN,0.0,12.0,0.3,NaN,0.0,12.0,0.01,NaN,0.0,12.0,41.7,NaN,0.0,12.0,13.6,NaN,0.0,12.0,35.7,NaN,0.0,12.0,8.1,NaN,0.0,12.0,NaN,NaN,NaN,24.0,281.0,NaN,0.0,12.0,57.0,0.0,1.0,0.0,-4.233333333333333,14.0,0.0,0.0,0.0,0.0,0.0,0.0,0.0,0.0,0.0,0.0,1.0,0.0,0.0,NaN,0.0,0.0,NaN,NaN,NaN,NaN,NaN,NaN,NaN
74.0,NaN,-1.0,0.0,96.0,NaN,0.0,0.0,37.06,NaN,0.1460000000000008,1.0,111.0,NaN,2.0,0.0,77.0,NaN,0.0,0.0,64.0,NaN,0.0,0.0,19.0,NaN,-1.0,0.0,NaN,NaN,NaN,24.0,0.0,NaN,0.07692307692307693,2.0,23.0,NaN,0.0,13.0,0.3,NaN,-0.0076923076923076945,9.0,7.43,NaN,0.0046153846153845855,2.0,36.0,NaN,-0.38461538461538464,2.0,99.0,NaN,0.0,13.0,56.0,NaN,0.0,13.0,5.0,NaN,0.0,13.0,85.0,NaN,0.0,13.0,8.3,NaN,0.0,13.0,103.0,NaN,0.0,13.0,0.6,NaN,0.0,13.0,NaN,NaN,NaN,24.0,82.0,NaN,0.0,13.0,2.2,NaN,-0.049999999999999996,2.0,1.9,NaN,0.0,13.0,3.5,NaN,0.0,13.0,3.7,NaN,0.0,13.0,0.3,NaN,0.0,13.0,0.01,NaN,0.0,13.0,41.7,NaN,0.0,13.0,13.6,NaN,0.0,13.0,35.7,NaN,0.0,13.0,8.1,NaN,0.0,13.0,NaN,NaN,NaN,24.0,281.0,NaN,0.0,13.0,57.0,0.0,1.0,0.0,-4.233333333333333,15.0,0.0,0.0,0.0,0.0,0.0,0.0,0.0,0.0,0.0,0.0,1.0,0.0,0.0,NaN,0.0,0.0,NaN,NaN,NaN,NaN,NaN,NaN,NaN
81.0,NaN,7.0,0.0,95.0,NaN,-1.0,0.0,37.06,NaN,0.12166666666666733,2.0,117.0,NaN,6.0,0.0,84.0,NaN,7.0,0.0,73.0,NaN,9.0,0.0,20.0,NaN,1.0,0.0,NaN,NaN,NaN,24.0,0.0,NaN,0.07142857142857142,3.0,23.0,NaN,0.0,14.0,0.3,NaN,-0.007142857142857145,10.0,7.43,NaN,0.004285714285714258,3.0,36.0,NaN,-0.35714285714285715,3.0,99.0,NaN,0.0,14.0,56.0,NaN,0.0,14.0,5.0,NaN,0.0,14.0,85.0,NaN,0.0,14.0,8.3,NaN,0.0,14.0,103.0,NaN,0.0,14.0,0.6,NaN,0.0,14.0,NaN,NaN,NaN,24.0,82.0,NaN,0.0,14.0,2.2,NaN,-0.04642857142857142,3.0,1.9,NaN,0.0,14.0,3.5,NaN,0.0,14.0,3.7,NaN,0.0,14.0,0.3,NaN,0.0,14.0,0.01,NaN,0.0,14.0,41.7,NaN,0.0,14.0,13.6,NaN,0.0,14.0,35.7,NaN,0.0,14.0,8.1,NaN,0.0,14.0,NaN,NaN,NaN,24.0,281.0,NaN,0.0,14.0,57.0,0.0,1.0,0.0,-4.233333333333333,16.0,0.0,0.0,0.0,0.0,0.0,0.0,0.0,0.0,0.0,0.0,1.0,0.0,0.0,NaN,0.0,0.0,NaN,NaN,NaN,NaN,NaN,NaN,NaN
