65.0,NaN,NaN,24.0,93.0,NaN,NaN,24.0,36.11,NaN,NaN,24.0,113.0,NaN,NaN,24.0,81.0,NaN,NaN,24.0,73.0,NaN,NaN,24.0,23.0,NaN,NaN,24.0,NaN,NaN,NaN,24.0,NaN,NaN,NaN,24.0,NaN,NaN,NaN,24.0,NaN,NaN,NaN,24.0,NaN,NaN,NaN,24.0,NaN,NaN,NaN,24.0,NaN,NaN,NaN,24.0,NaN,NaN,NaN,24.0,NaN,NaN,NaN,24.0,NaN,NaN,NaN,24.0,NaN,NaN,NaN,24.0,NaN,NaN,NaN,24.0,NaN,NaN,NaN,24.0,NaN,NaN,NaN,24.0,NaN,NaN,NaN,24.0,NaN,NaN,NaN,24.0,NaN,NaN,NaN,24.0,NaN,NaN,NaN,24.0,NaN,NaN,NaN,24.0,NaN,NaN,NaN,24.0,NaN,NaN,NaN,24.0,NaN,NaN,NaN,24.0,NaN,NaN,NaN,24.0,NaN,NaN,NaN,24.0,NaN,NaN,NaN,24.0,NaN,NaN,NaN,24.0,NaN,NaN,NaN,24.0,41.0,1.0,1.0,0.0,-6.066666666666666,1.0,0.0,1.0,0.0,0.0,0.0,0.0,0.0,0.0,0.0,0.0,1.0,0.0,0.0,NaN,0.0,0.0,NaN,NaN,NaN,NaN,NaN,NaN,NaN
63.0,NaN,-2.0,0.0,95.0,NaN,2.0,0.0,36.11,NaN,0.0,1.0,79.0,NaN,-34.0,0.0,62.0,NaN,-19.0,0.0,57.0,NaN,-16.0,0.0,23.0,NaN,0.0,0.0,NaN,NaN,NaN,24.0,NaN,NaN,NaN,24.0,22.0,NaN,0.0,0.0,NaN,NaN,NaN,24.0,NaN,NaN,NaN,24.0,NaN,NaN,NaN,24.0,NaN,NaN,NaN,24.0,NaN,NaN,NaN,24.0,13.0,NaN,0.0,0.0,NaN,NaN,NaN,24.0,8.3,NaN,0.0,0.0,108.0,NaN,0.0,0.0,1.4,NaN,0.0,0.0,NaN,NaN,NaN,24.0,128.0,NaN,0.0,0.0,NaN,NaN,NaN,24.0,1.5,NaN,0.0,0.0,4.4,NaN,0.0,0.0,3.5,NaN,0.0,0.0,NaN,NaN,NaN,24.0,0.01,NaN,0.0,0.0,38.1,NaN,0.0,0.0,12.4,NaN,0.0,0.0,NaN,NaN,NaN,24.0,7.8,NaN,0.0,0.0,NaN,NaN,NaN,24.0,357.0,NaN,0.0,0.0,41.0,1.0,1.0,0.0,-6.066666666666666,2.0,0.0,1.0,0.0,0.0,0.0,0.0,0.0,1.0,0.0,1.0,1.0,0.0,0.0,NaN,0.0,0.0,NaN,NaN,NaN,NaN,NaN,NaN,NaN
61.0,NaN,-2.0,0.0,83.0,NaN,-12.0,0.0,36.11,NaN,0.0,2.0,94.0,NaN,15.0,0.0,68.0,NaN,6.0,0.0,63.0,NaN,6.0,0.0,21.0,NaN,-2.0,0.0,NaN,NaN,NaN,24.0,NaN,NaN,NaN,24.0,22.0,NaN,0.0,1.0,NaN,NaN,NaN,24.0,NaN,NaN,NaN,24.0,NaN,NaN,NaN,24.0,NaN,NaN,NaN,24.0,NaN,NaN,NaN,24.0,13.0,NaN,0.0,1.0,NaN,NaN,NaN,24.0,8.3,NaN,0.0,1.0,108.0,NaN,0.0,1.0,1.4,NaN,0.0,1.0,NaN,NaN,NaN,24.0,128.0,NaN,0.0,1.0,NaN,NaN,NaN,24.0,1.5,NaN,0.0,1.0,4.4,NaN,0.0,1.0,3.5,NaN,0.0,1.0,NaN,NaN,NaN,24.0,0.01,NaN,0.0,1.0,38.1,NaN,0.0,1.0,12.4,NaN,0.0,1.0,NaN,NaN,NaN,24.0,7.8,NaN,0.0,1.0,NaN,NaN,NaN,24.0,357.0,NaN,0.0,1.0,41.0,1.0,1.0,0.0,-6.066666666666666,3.0,0.0,1.0,0.0,0.0,0.0,0.0,0.0,0.0,0.0,0.0,1.0,0.0,0.0,NaN,0.0,0.0,NaN,NaN,NaN,NaN,NaN,NaN,NaN
66.0,NaN,5.0,0.0,95.0,NaN,12.0,0.0,36.11,NaN,0.0,3.0,110.0,NaN,16.0,0.0,81.0,NaN,13.0,0.0,73.0,NaN,10.0,0.0,24.0,NaN,3.0,0.0,NaN,NaN,NaN,24.0,NaN,NaN,NaN,24.0,22.0,NaN,0.0,2.0,NaN,NaN,NaN,24.0,NaN,NaN,NaN,24.0,NaN,NaN,NaN,24.0,NaN,NaN,NaN,24.0,NaN,NaN,NaN,24.0,13.0,NaN,0.0,2.0,NaN,NaN,NaN,24.0,8.3,NaN,0.0,2.0,108.0,NaN,0.0,2.0,1.4,NaN,0.0,2.0,NaN,NaN,NaN,24.0,128.0,NaN,0.0,2.0,NaN,NaN,NaN,24.0,1.5,NaN,0.0,2.0,4.4,NaN,0.0,2.0,3.5,NaN,0.0,2.0,NaN,NaN,NaN,24.0,0.01,NaN,0.0,2.0,38.1,NaN,0.0,2.0,12.4,NaN,0.0,2.0,NaN,NaN,NaN,24.0,7.8,NaN,0.0,2.0,NaN,NaN,NaN,24.0,357.0,NaN,0.0,2.0,41.0,1.0,1.0,0.0,-6.066666666666666,4.0,0.0,1.0,0.0,0.0,0.0,0.0,0.0,0.0,0.0,0.0,1.0,0.0,0.0,NaN,0.0,0.0,NaN,NaN,NaN,NaN,NaN,NaN,NaN
61.0,NaN,-5.0,0.0,95.0,NaN,0.0,0.0,36.11,NaN,0.0,4.0,96.0,NaN,-14.0,0.0,63.0,NaN,-18.0,0.0,52.0,NaN,-21.0,0.0,21.0,NaN,-3.0,0.0,NaN,NaN,NaN,24.0,NaN,NaN,NaN,24.0,22.0,NaN,0.0,3.0,NaN,NaN,NaN,24.0,NaN,NaN,NaN,24.0,NaN,NaN,NaN,24.0,NaN,NaN,NaN,24.0,NaN,NaN,NaN,24.0,13.0,NaN,0.0,3.0,NaN,NaN,NaN,24.0,8.3,NaN,0.0,3.0,108.0,NaN,0.0,3.0,1.4,NaN,0.0,3.0,NaN,NaN,NaN,24.0,128.0,NaN,0.0,3.0,NaN,NaN,NaN,24.0,1.5,NaN,0.0,3.0,4.4,NaN,0.0,3.0,3.5,NaN,0.0,3.0,NaN,NaN,NaN,24.0,0.01,NaN,0.0,3.0,38.1,NaN,0.0,3.0,12.4,NaN,0.0,3.0,NaN,NaN,NaN,24.0,7.8,NaN,0.0,3.0,NaN,NaN,NaN,24.0,357.0,NaN,0.0,3.0,41.0,1.0,1.0,0.0,-6.066666666666666,5.0,0.0,1.0,0.0,0.0,0.0,0.0,0.0,1.0,0.0,0.0,1.0,0.0,0.0,NaN,0.0,0.0,NaN,NaN,NaN,NaN,NaN,NaN,NaN
63.0,NaN,2.0,0.0,99.0,NaN,4.0,0.0,36.22,NaN,0.021999999999999888,0.0,104.0,NaN,8.0,0.0,70.0,NaN,7.0,0.0,61.0,NaN,9.0,0.0,21.0,NaN,0.0,0.0,NaN,NaN,NaN,24.0,NaN,NaN,NaN,24.0,22.0,NaN,0.0,4.0,NaN,NaN,NaN,24.0,NaN,NaN,NaN,24.0,NaN,NaN,NaN,24.0,NaN,NaN,NaN,24.0,NaN,NaN,NaN,24.0,13.0,NaN,0.0,4.0,NaN,NaN,NaN,24.0,8.3,NaN,0.0,4.0,108.0,NaN,0.0,4.0,1.4,NaN,0.0,4.0,NaN,NaN,NaN,24.0,128.0,NaN,0.0,4.0,NaN,NaN,NaN,24.0,1.5,NaN,0.0,4.0,4.4,NaN,0.0,4.0,3.5,NaN,0.0,4.0,NaN,NaN,NaN,24.0,0.01,NaN,0.0,4.0,38.1,NaN,0.0,4.0,12.4,NaN,0.0,4.0,NaN,NaN,NaN,24.0,7.8,NaN,0.0,4.0,NaN,NaN,NaN,24.0,357.0,NaN,0.0,4.0,41.0,1.0,1.0,0.0,-6.066666666666666,6.0,0.0,1.0,0.0,0.0,0.0,0.0,0.0,0.0,0.0,0.0,1.0,0.0,0.0,NaN,0.0,0.0,NaN,NaN,NaN,NaN,NaN,NaN,NaN
60.0,NaN,-3.0,0.0,94.0,NaN,-5.0,0.0,36.22,NaN,0.01833333333333324,1.0,117.0,NaN,13.0,0.0,79.0,NaN,9.0,0.0,67.0,NaN,6.0,0.0,19.0,NaN,-2.0,0.0,NaN,NaN,NaN,24.0,NaN,NaN,NaN,24.0,22.0,NaN,0.0,5.0,NaN,NaN,NaN,24.0,NaN,NaN,NaN,24.0,NaN,NaN,NaN,24.0,NaN,NaN,NaN,24.0,NaN,NaN,NaN,24.0,13.0,NaN,0.0,5.0,NaN,NaN,NaN,24.0,8.3,NaN,0.0,5.0,108.0,NaN,0.0,5.0,1.4,NaN,0.0,5.0,NaN,NaN,NaN,24.0,128.0,NaN,0.0,5.0,NaN,NaN,NaN,24.0,1.5,NaN,0.0,5.0,4.4,NaN,0.0,5.0,3.5,NaN,0.0,5.0,NaN,NaN,NaN,24.0,0.01,NaN,0.0,5.0,38.1,NaN,0.0,5.0,12.4,NaN,0.0,5.0,NaN,NaN,NaN,24.0,7.8,NaN,0.0,5.0,NaN,NaN,NaN,24.0,357.0,NaN,0.0,5.0,41.0,1.0,1.0,0.0,-6.066666666666666,7.0,0.0,0.0,0.0,0.0,0.0,0.0,0.0,0.0,0.0,0.0,1.0,0.0,0.0,NaN,0.0,0.0,NaN,NaN,NaN,NaN,NaN,NaN,NaN
59.0,NaN,-1.0,0.0,89.0,NaN,-5.0,0.0,36.22,NaN,0.015714285714285632,2.0,114.0,NaN,-3.0,0.0,82.0,NaN,3.0,0.0,73.0,NaN,6.0,0.0,20.0,NaN,1.0,0.0,NaN,NaN,NaN,24.0,NaN,NaN,NaN,24.0,22.0,NaN,0.0,6.0,NaN,NaN,NaN,24.0,NaN,NaN,NaN,24.0,NaN,NaN,NaN,24.0,NaN,NaN,NaN,24.0,NaN,NaN,NaN,24.0,13.0,NaN,0.0,6.0,NaN,NaN,NaN,24.0,8.3,NaN,0.0,6.0,108.0,NaN,0.0,6.0,1.4,NaN,0.0,6.0,NaN,NaN,NaN,24.0,128.0,NaN,0.0,6.0,NaN,NaN,NaN,24.0,1.5,NaN,0.0,6.0,4.4,NaN,0.0,6.0,3.5,NaN,0.0,6.0,NaN,NaN,NaN,24.0,0.01,NaN,0.0,6.0,38.1,NaN,0.0,6.0,12.4,NaN,0.0,6.0,NaN,NaN,NaN,24.0,7.8,NaN,0.0,6.0,NaN,NaN,NaN,24.0,357.0,NaN,0.0,6.0,41.0,1.0,1.0,0.0,-6.066666666666666,8.0,0.0,0.0,0.0,0.0,0.0,0.0,0.0,0.0,0.0,0.0,1.0,0.0,0.0,NaN,0.0,0.0,NaN,NaN,NaN,NaN,NaN,NaN,NaN
63.0,NaN,4.0,0.0,95.0,NaN,6.0,0.0,36.22,NaN,0.013749999999999929,3.0,120.0,NaN,6.0,0.0,78.0,NaN,-4.0,0.0,65.0,NaN,-8.0,0.0,21.0,NaN,1.0,0.0,NaN,NaN,NaN,24.0,NaN,NaN,NaN,24.0,22.0,NaN,0.0,7.0,NaN,NaN,NaN,24.0,NaN,NaN,NaN,24.0,NaN,NaN,NaN,24.0,NaN,NaN,NaN,24.0,NaN,NaN,NaN,24.0,13.0,NaN,0.0,7.0,NaN,NaN,NaN,24.0,8.3,NaN,0.0,7.0,108.0,NaN,0.0,7.0,1.4,NaN,0.0,7.0,NaN,NaN,NaN,24.0,128.0,NaN,0.0,7.0,NaN,NaN,NaN,24.0,1.5,NaN,0.0,7.0,4.4,NaN,0.0,7.0,3.5,NaN,0.0,7.0,NaN,NaN,NaN,24.0,0.01,NaN,0.0,7.0,38.1,NaN,0.0,7.0,12.4,NaN,0.0,7.0,NaN,NaN,NaN,24.0,7.8,NaN,0.0,7.0,NaN,NaN,NaN,24.0,357.0,NaN,0.0,7.0,41.0,1.0,1.0,0.0,-6.066666666666666,9.0,0.0,1.0,0.0,0.0,0.0,0.0,0.0,0.0,0.0,0.0,1.0,0.0,0.0,NaN,0.0,0.0,NaN,NaN,NaN,NaN,NaN,NaN,NaN
68.0,NaN,5.0,0.0,93.0,NaN,-2.0,0.0,36.28,NaN,0.015000000000000568,0.0,98.0,NaN,-22.0,0.0,81.0,NaN,3.0,0.0,75.0,NaN,10.0,0.0,27.0,NaN,6.0,0.0,NaN,NaN,NaN,24.0,NaN,NaN,NaN,24.0,22.0,NaN,0.0,8.0,NaN,NaN,NaN,24.0,NaN,NaN,NaN,24.0,NaN,NaN,NaN,24.0,NaN,NaN,NaN,24.0,NaN,NaN,NaN,24.0,13.0,NaN,0.0,8.0,NaN,NaN,NaN,24.0,8.3,NaN,0.0,8.0,108.0,NaN,0.0,8.0,1.4,NaN,0.0,8.0,NaN,NaN,NaN,24.0,128.0,NaN,0.0,8.0,NaN,NaN,NaN,24.0,1.5,NaN,0.0,8.0,4.4,NaN,0.0,8.0,3.5,NaN,0.0,8.0,NaN,NaN,NaN,24.0,0.01,NaN,0.0,0.0,38.1,NaN,0.0,8.0,12.4,NaN,0.0,8.0,NaN,NaN,NaN,24.0,7.8,NaN,0.0,8.0,NaN,NaN,NaN,24.0,357.0,NaN,0.0,8.0,41.0,1.0,1.0,0.0,-6.066666666666666,10.0,0.0,1.0,0.0,0.0,0.0,0.0,0.0,0.0,0.0,0.0,1.0,0.0,0.0,NaN,0.0,0.0,NaN,NaN,NaN,NaN,NaN,NaN,NaN
68.0,NaN,2.5,1.0,93.0,NaN,-1.0,1.0,36.28,NaN,0.012000000000000455,1.0,98.0,NaN,-11.0,1.0,81.0,NaN,1.5,1.0,75.0,NaN,5.0,1.0,27.0,NaN,3.0,1.0,NaN,NaN,NaN,24.0,NaN,NaN,NaN,24.0,22.0,NaN,0.0,9.0,NaN,NaN,NaN,24.0,NaN,NaN,NaN,24.0,NaN,NaN,NaN,24.0,NaN,NaN,NaN,24.0,NaN,NaN,NaN,24.0,13.0,NaN,0.0,9.0,NaN,NaN,NaN,24.0,8.3,NaN,0.0,9.0,108.0,NaN,0.0,9.0,1.4,NaN,0.0,9.0,NaN,NaN,NaN,24.0,128.0,NaN,0.0,9.0,3.3,NaN,0.0,0.0,1.5,NaN,0.0,9.0,4.4,NaN,0.0,9.0,3.5,NaN,0.0,9.0,NaN,NaN,NaN,24.0,0.01,NaN,0.0,1.0,38.1,NaN,0.0,9.0,12.4,NaN,0.0,9.0,NaN,NaN,NaN,24.0,7.8,NaN,0.0,9.0,NaN,NaN,NaN,24.0,357.0,NaN,0.0,9.0,41.0,1.0,1.0,0.0,-6.066666666666666,11.0,0.0,1.0,0.0,0.0,0.0,0.0,0.0,0.0,1.0,0.0,1.0,0.0,0.0,NaN,0.0,0.0,NaN,NaN,NaN,NaN,NaN,NaN,NaN
68.0,NaN,1.6666666666666667,2.0,93.0,NaN,-0.6666666666666666,2.0,36.28,NaN,0.010000000000000378,2.0,98.0,NaN,-7.333333333333333,2.0,81.0,NaN,1.0,2.0,75.0,NaN,3.3333333333333335,2.0,27.0,NaN,2.0,2.0,NaN,NaN,NaN,24.0,NaN,NaN,NaN,24.0,22.0,NaN,0.0,10.0,NaN,NaN,NaN,24.0,NaN,NaN,NaN,24.0,NaN,NaN,NaN,24.0,NaN,NaN,NaN,24.0,NaN,NaN,NaN,24.0,13.0,NaN,0.0,10.0,NaN,NaN,NaN,24.0,8.3,NaN,0.0,10.0,108.0,NaN,0.0,10.0,1.4,NaN,0.0,10.0,NaN,NaN,NaN,24.0,128.0,NaN,0.0,10.0,3.3,NaN,0.0,1.0,1.5,NaN,0.0,10.0,4.4,NaN,0.0,10.0,3.5,NaN,0.0,10.0,NaN,NaN,NaN,24.0,0.01,NaN,0.0,2.0,38.1,NaN,0.0,10.0,12.4,NaN,0.0,10.0,NaN,NaN,NaN,24.0,7.8,NaN,0.0,10.0,NaN,NaN,NaN,24.0,357.0,NaN,0.0,10.0,41.0,1.0,1.0,0.0,-6.066666666666666,12.0,0.0,1.0,0.0,0.0,0.0,0.0,0.0,0.0,0.0,0.0,1.0,0.0,0.0,NaN,0.0,0.0,NaN,NaN,NaN,NaN,NaN,NaN,NaN
68.0,NaN,1.25,3.0,93.0,NaN,-0.5,3.0,36.28,NaN,0.008571428571428896,3.0,98.0,NaN,-5.5,3.0,81.0,NaN,0.75,3.0,75.0,NaN,2.5,3.0,27.0,NaN,1.5,3.0,NaN,NaN,NaN,24.0,NaN,NaN,NaN,24.0,22.0,NaN,0.0,11.0,NaN,NaN,NaN,24.0,NaN,NaN,NaN,24.0,NaN,NaN,NaN,24.0,NaN,NaN,NaN,24.0,NaN,NaN,NaN,24.0,13.0,NaN,0.0,11.0,NaN,NaN,NaN,24.0,8.3,NaN,0.0,11.0,108.0,NaN,0.0,11.0,1.4,NaN,0.0,11.0,NaN,NaN,NaN,24.0,128.0,NaN,0.0,11.0,3.3,NaN,0.0,2.0,1.5,NaN,0.0,11.0,4.4,NaN,0.0,11.0,3.5,NaN,0.0,11.0,NaN,NaN,NaN,24.0,0.01,NaN,0.0,3.0,38.1,NaN,0.0,11.0,12.4,NaN,0.0,11.0,NaN,NaN,NaN,24.0,7.8,NaN,0.0,11.0,NaN,NaN,NaN,24.0,357.0,NaN,0.0,11.0,41.0,1.0,1.0,0.0,-6.066666666666666,13.0,0.0,1.0,0.0,0.0,0.0,0.0,0.0,0.0,0.0,0.0,1.0,0.0,0.0,NaN,0.0,0.0,NaN,NaN,NaN,NaN,NaN,NaN,NaN
