72.0,NaN,NaN,24.0,100.0,NaN,NaN,24.0,NaN,NaN,NaN,24.0,132.0,NaN,NaN,24.0,79.0,NaN,NaN,24.0,63.0,NaN,NaN,24.0,13.0,NaN,NaN,24.0,NaN,NaN,NaN,24.0,NaN,NaN,NaN,24.0,23.0,NaN,NaN,24.0,NaN,NaN,NaN,24.0,NaN,NaN,NaN,24.0,NaN,NaN,NaN,24.0,NaN,NaN,NaN,24.0,NaN,NaN,NaN,24.0,24.0,NaN,NaN,24.0,NaN,NaN,NaN,24.0,7.9,NaN,NaN,24.0,108.0,NaN,NaN,24.0,1.0,NaN,NaN,24.0,NaN,NaN,NaN,24.0,79.0,NaN,NaN,24.0,NaN,NaN,NaN,24.0,1.9,NaN,NaN,24.0,3.4,NaN,NaN,24.0,3.3,NaN,NaN,24.0,NaN,NaN,NaN,24.0,NaN,NaN,NaN,24.0,27.3,NaN,NaN,24.0,9.3,NaN,NaN,24.0,31.3,NaN,NaN,24.0,6.8,NaN,NaN,24.0,NaN,NaN,NaN,24.0,296.0,NaN,NaN,24.0,62.0,0.0,0.0,1.0,-4.133333333333334,1.0,0.0,0.0,0.0,0.0,0.0,0.0,0.0,0.0,0.0,0.0,1.0,0.0,0.0,NaN,0.0,0.0,NaN,NaN,NaN,NaN,NaN,NaN,NaN
71.5,NaN,-0.5,0.0,99.5,NaN,-0.5,0.0,36.56,NaN,0.0,0.0,128.0,NaN,-4.0,0.0,81.0,NaN,2.0,0.0,66.0,NaN,3.0,0.0,16.0,NaN,3.0,0.0,NaN,NaN,NaN,24.0,NaN,NaN,NaN,24.0,23.0,NaN,0.0,1.0,NaN,NaN,NaN,24.0,NaN,NaN,NaN,24.0,NaN,NaN,NaN,24.0,NaN,NaN,NaN,24.0,NaN,NaN,NaN,24.0,24.0,NaN,0.0,1.0,NaN,NaN,NaN,24.0,7.9,NaN,0.0,1.0,108.0,NaN,0.0,1.0,1.0,NaN,0.0,1.0,NaN,NaN,NaN,24.0,79.0,NaN,0.0,1.0,NaN,NaN,NaN,24.0,1.9,NaN,0.0,1.0,3.4,NaN,0.0,1.0,3.3,NaN,0.0,1.0,NaN,NaN,NaN,24.0,NaN,NaN,NaN,24.0,27.3,NaN,0.0,1.0,9.3,NaN,0.0,1.0,31.3,NaN,0.0,1.0,6.8,NaN,0.0,1.0,NaN,NaN,NaN,24.0,296.0,NaN,0.0,1.0,62.0,0.0,0.0,1.0,-4.133333333333334,2.0,0.0,0.0,0.0,0.0,0.0,0.0,0.0,0.0,0.0,0.0,1.0,0.0,0.0,NaN,0.0,0.0,NaN,NaN,NaN,NaN,NaN,NaN,NaN
76.0,NaN,4.5,0.0,99.0,NaN,-0.5,0.0,36.56,NaN,0.0,1.0,137.0,NaN,9.0,0.0,94.0,NaN,13.0,0.0,80.0,NaN,14.0,0.0,19.0,NaN,3.0,0.0,NaN,NaN,NaN,24.0,NaN,NaN,NaN,24.0,23.0,NaN,0.0,2.0,NaN,NaN,NaN,24.0,NaN,NaN,NaN,24.0,NaN,NaN,NaN,24.0,NaN,NaN,NaN,24.0,NaN,NaN,NaN,24.0,24.0,NaN,0.0,2.0,NaN,NaN,NaN,24.0,7.9,NaN,0.0,2.0,108.0,NaN,0.0,2.0,1.0,NaN,0.0,2.0,NaN,NaN,NaN,24.0,79.0,NaN,0.0,2.0,NaN,NaN,NaN,24.0,1.9,NaN,0.0,2.0,3.4,NaN,0.0,2.0,3.3,NaN,0.0,2.0,NaN,NaN,NaN,24.0,NaN,NaN,NaN,24.0,27.3,NaN,0.0,2.0,9.3,NaN,0.0,2.0,31.3,NaN,0.0,2.0,6.8,NaN,0.0,2.0,NaN,NaN,NaN,24.0,296.0,NaN,0.0,2.0,62.0,0.0,0.0,1.0,-4.133333333333334,3.0,0.0,0.0,0.0,0.0,0.0,0.0,0.0,0.0,0.0,0.0,1.0,0.0,0.0,NaN,0.0,0.0,NaN,NaN,NaN,NaN,NaN,NaN,NaN
68.0,NaN,-8.0,0.0,97.0,NaN,-2.0,0.0,36.56,NaN,0.0,2.0,122.0,NaN,-15.0,0.0,72.0,NaN,-22.0,0.0,55.0,NaN,-25.0,0.0,19.0,NaN,0.0,0.0,NaN,NaN,NaN,24.0,NaN,NaN,NaN,24.0,23.0,NaN,0.0,3.0,NaN,NaN,NaN,24.0,NaN,NaN,NaN,24.0,NaN,NaN,NaN,24.0,NaN,NaN,NaN,24.0,NaN,NaN,NaN,24.0,24.0,NaN,0.0,3.0,NaN,NaN,NaN,24.0,7.9,NaN,0.0,3.0,108.0,NaN,0.0,3.0,1.0,NaN,0.0,3.0,NaN,NaN,NaN,24.0,79.0,NaN,0.0,3.0,NaN,NaN,NaN,24.0,1.9,NaN,0.0,3.0,3.4,NaN,0.0,3.0,3.3,NaN,0.0,3.0,NaN,NaN,NaN,24.0,NaN,NaN,NaN,24.0,27.3,NaN,0.0,3.0,9.3,NaN,0.0,3.0,31.3,NaN,0.0,3.0,6.8,NaN,0.0,3.0,NaN,NaN,NaN,24.0,296.0,NaN,0.0,3.0,62.0,0.0,0.0,1.0,-4.133333333333334,4.0,0.0,0.0,0.0,0.0,0.0,0.0,0.0,0.0,0.0,0.0,1.0,0.0,0.0,NaN,0.0,0.0,NaN,NaN,NaN,NaN,NaN,NaN,NaN
66.0,NaN,-2.0,0.0,97.0,NaN,0.0,0.0,36.72,NaN,0.0533333333333322,0.0,119.0,NaN,-3.0,0.0,73.0,NaN,1.0,0.0,57.0,NaN,2.0,0.0,18.0,NaN,-1.0,0.0,NaN,NaN,NaN,24.0,NaN,NaN,NaN,24.0,23.0,NaN,0.0,4.0,NaN,NaN,NaN,24.0,NaN,NaN,NaN,24.0,NaN,NaN,NaN,24.0,NaN,NaN,NaN,24.0,NaN,NaN,NaN,24.0,24.0,NaN,0.0,4.0,NaN,NaN,NaN,24.0,7.9,NaN,0.0,4.0,108.0,NaN,0.0,4.0,1.0,NaN,0.0,4.0,NaN,NaN,NaN,24.0,79.0,NaN,0.0,4.0,NaN,NaN,NaN,24.0,1.9,NaN,0.0,4.0,3.4,NaN,0.0,4.0,3.3,NaN,0.0,4.0,NaN,NaN,NaN,24.0,NaN,NaN,NaN,24.0,27.3,NaN,0.0,4.0,9.3,NaN,0.0,4.0,31.3,NaN,0.0,4.0,6.8,NaN,0.0,4.0,NaN,NaN,NaN,24.0,296.0,NaN,0.0,4.0,62.0,0.0,0.0,1.0,-4.133333333333334,5.0,0.0,0.0,0.0,0.0,0.0,0.0,0.0,0.0,0.0,0.0,1.0,0.0,0.0,NaN,0.0,0.0,NaN,NaN,NaN,NaN,NaN,NaN,NaN
70.0,NaN,4.0,0.0,99.0,NaN,2.0,0.0,36.72,NaN,0.03999999999999915,1.0,137.0,NaN,18.0,0.0,84.0,NaN,11.0,0.0,67.0,NaN,10.0,0.0,16.0,NaN,-2.0,0.0,NaN,NaN,NaN,24.0,NaN,NaN,NaN,24.0,23.0,NaN,0.0,5.0,NaN,NaN,NaN,24.0,NaN,NaN,NaN,24.0,NaN,NaN,NaN,24.0,NaN,NaN,NaN,24.0,NaN,NaN,NaN,24.0,24.0,NaN,0.0,5.0,NaN,NaN,NaN,24.0,7.9,NaN,0.0,5.0,108.0,NaN,0.0,5.0,1.0,NaN,0.0,5.0,NaN,NaN,NaN,24.0,79.0,NaN,0.0,5.0,NaN,NaN,NaN,24.0,1.9,NaN,0.0,5.0,3.4,NaN,0.0,5.0,3.3,NaN,0.0,5.0,NaN,NaN,NaN,24.0,NaN,NaN,NaN,24.0,27.3,NaN,0.0,5.0,9.3,NaN,0.0,5.0,31.3,NaN,0.0,5.0,6.8,NaN,0.0,5.0,NaN,NaN,NaN,24.0,296.0,NaN,0.0,5.0,62.0,0.0,0.0,1.0,-4.133333333333334,6.0,0.0,0.0,0.0,0.0,0.0,0.0,0.0,0.0,0.0,0.0,1.0,0.0,0.0,NaN,0.0,0.0,NaN,NaN,NaN,NaN,NaN,NaN,NaN
68.0,NaN,-2.0,0.0,98.0,NaN,-1.0,0.0,36.72,NaN,0.03199999999999932,2.0,145.0,NaN,8.0,0.0,84.0,NaN,5.5,1.0,71.0,NaN,4.0,0.0,18.0,NaN,2.0,0.0,NaN,NaN,NaN,24.0,NaN,NaN,NaN,24.0,23.0,NaN,0.0,6.0,NaN,NaN,NaN,24.0,NaN,NaN,NaN,24.0,NaN,NaN,NaN,24.0,NaN,NaN,NaN,24.0,NaN,NaN,NaN,24.0,24.0,NaN,0.0,6.0,NaN,NaN,NaN,24.0,7.9,NaN,0.0,6.0,108.0,NaN,0.0,6.0,1.0,NaN,0.0,6.0,NaN,NaN,NaN,24.0,79.0,NaN,0.0,6.0,NaN,NaN,NaN,24.0,1.9,NaN,0.0,6.0,3.4,NaN,0.0,6.0,3.3,NaN,0.0,6.0,NaN,NaN,NaN,24.0,NaN,NaN,NaN,24.0,27.3,NaN,0.0,6.0,9.3,NaN,0.0,6.0,31.3,NaN,0.0,6.0,6.8,NaN,0.0,6.0,NaN,NaN,NaN,24.0,296.0,NaN,0.0,6.0,62.0,0.0,0.0,1.0,-4.133333333333334,7.0,0.0,0.0,0.0,0.0,0.0,0.0,0.0,0.0,0.0,0.0,1.0,0.0,0.0,NaN,0.0,0.0,NaN,NaN,NaN,NaN,NaN,NaN,NaN
66.0,NaN,-2.0,0.0,98.0,NaN,0.0,0.0,36.72,NaN,0.0266666666666661,3.0,137.0,NaN,-8.0,0.0,79.0,NaN,-2.5,0.0,62.0,NaN,-9.0,0.0,17.0,NaN,-1.0,0.0,NaN,NaN,NaN,24.0,NaN,NaN,NaN,24.0,23.0,NaN,0.0,7.0,NaN,NaN,NaN,24.0,NaN,NaN,NaN,24.0,NaN,NaN,NaN,24.0,NaN,NaN,NaN,24.0,NaN,NaN,NaN,24.0,24.0,NaN,0.0,7.0,NaN,NaN,NaN,24.0,7.9,NaN,0.0,7.0,108.0,NaN,0.0,7.0,1.0,NaN,0.0,7.0,NaN,NaN,NaN,24.0,79.0,NaN,0.0,7.0,NaN,NaN,NaN,24.0,1.9,NaN,0.0,7.0,3.4,NaN,0.0,7.0,3.3,NaN,0.0,7.0,NaN,NaN,NaN,24.0,NaN,NaN,NaN,24.0,27.3,NaN,0.0,7.0,9.3,NaN,0.0,7.0,31.3,NaN,0.0,7.0,6.8,NaN,0.0,7.0,NaN,NaN,NaN,24.0,296.0,NaN,0.0,7.0,62.0,0.0,0.0,1.0,-4.133333333333334,8.0,0.0,0.0,0.0,0.0,0.0,0.0,0.0,0.0,0.0,0.0,1.0,0.0,0.0,NaN,0.0,0.0,NaN,NaN,NaN,NaN,NaN,NaN,NaN
66.0,NaN,0.0,0.0,97.0,NaN,-1.0,0.0,36.67,NaN,-0.01249999999999929,0.0,147.0,NaN,10.0,0.0,91.0,NaN,12.0,0.0,73.0,NaN,11.0,0.0,17.0,NaN,0.0,0.0,NaN,NaN,NaN,24.0,NaN,NaN,NaN,24.0,23.0,NaN,0.0,8.0,NaN,NaN,NaN,24.0,NaN,NaN,NaN,24.0,NaN,NaN,NaN,24.0,NaN,NaN,NaN,24.0,NaN,NaN,NaN,24.0,24.0,NaN,0.0,8.0,NaN,NaN,NaN,24.0,7.9,NaN,0.0,8.0,108.0,NaN,0.0,8.0,1.0,NaN,0.0,8.0,NaN,NaN,NaN,24.0,79.0,NaN,0.0,8.0,NaN,NaN,NaN,24.0,1.9,NaN,0.0,8.0,3.4,NaN,0.0,8.0,3.3,NaN,0.0,8.0,NaN,NaN,NaN,24.0,NaN,NaN,NaN,24.0,27.3,NaN,0.0,8.0,9.3,NaN,0.0,8.0,31.3,NaN,0.0,8.0,6.8,NaN,0.0,8.0,NaN,NaN,NaN,24.0,296.0,NaN,0.0,8.0,62.0,0.0,0.0,1.0,-4.133333333333334,9.0,0.0,0.0,0.0,0.0,0.0,0.0,0.0,0.0,0.0,0.0,1.0,0.0,0.0,NaN,0.0,0.0,NaN,NaN,NaN,NaN,NaN,NaN,NaN
88.0,NaN,22.0,0.0,97.0,NaN,0.0,0.0,36.67,NaN,-0.009999999999999431,1.0,137.0,NaN,-10.0,0.0,84.0,NaN,-7.0,0.0,65.0,NaN,-8.0,0.0,10.0,NaN,-7.0,0.0,NaN,NaN,NaN,24.0,NaN,NaN,NaN,24.0,23.0,NaN,0.0,9.0,NaN,NaN,NaN,24.0,NaN,NaN,NaN,24.0,NaN,NaN,NaN,24.0,NaN,NaN,NaN,24.0,NaN,NaN,NaN,24.0,24.0,NaN,0.0,9.0,NaN,NaN,NaN,24.0,7.9,NaN,0.0,9.0,108.0,NaN,0.0,9.0,1.0,NaN,0.0,9.0,NaN,NaN,NaN,24.0,79.0,NaN,0.0,9.0,NaN,NaN,NaN,24.0,1.9,NaN,0.0,9.0,3.4,NaN,0.0,9.0,3.3,NaN,0.0,9.0,NaN,NaN,NaN,24.0,NaN,NaN,NaN,24.0,27.3,NaN,0.0,9.0,9.3,NaN,0.0,9.0,31.3,NaN,0.0,9.0,6.8,NaN,0.0,9.0,NaN,NaN,NaN,24.0,296.0,NaN,0.0,9.0,62.0,0.0,0.0,1.0,-4.133333333333334,10.0,0.0,0.0,0.0,0.0,0.0,0.0,0.0,0.0,0.0,0.0,1.0,0.0,0.0,NaN,0.0,0.0,NaN,NaN,NaN,NaN,NaN,NaN,NaN
81.0,NaN,-7.0,0.0,97.0,NaN,0.0,0.0,36.67,NaN,-0.00833333333333286,2.0,101.0,NaN,-36.0,0.0,69.0,NaN,-15.0,0.0,58.0,NaN,-7.0,0.0,18.0,NaN,8.0,0.0,NaN,NaN,NaN,24.0,NaN,NaN,NaN,24.0,23.0,NaN,0.0,10.0,NaN,NaN,NaN,24.0,NaN,NaN,NaN,24.0,NaN,NaN,NaN,24.0,NaN,NaN,NaN,24.0,NaN,NaN,NaN,24.0,24.0,NaN,0.0,10.0,NaN,NaN,NaN,24.0,7.9,NaN,0.0,10.0,108.0,NaN,0.0,10.0,1.0,NaN,0.0,10.0,NaN,NaN,NaN,24.0,79.0,NaN,0.0,10.0,NaN,NaN,NaN,24.0,1.9,NaN,0.0,10.0,3.4,NaN,0.0,10.0,3.3,NaN,0.0,10.0,NaN,NaN,NaN,24.0,NaN,NaN,NaN,24.0,27.3,NaN,0.0,10.0,9.3,NaN,0.0,10.0,31.3,NaN,0.0,10.0,6.8,NaN,0.0,10.0,NaN,NaN,NaN,24.0,296.0,NaN,0.0,10.0,62.0,0.0,0.0,1.0,-4.133333333333334,11.0,0.0,0.0,0.0,0.0,0.0,0.0,0.0,0.0,0.0,0.0,1.0,0.0,0.0,NaN,0.0,0.0,NaN,NaN,NaN,NaN,NaN,NaN,NaN
71.0,NaN,-10.0,0.0,97.0,NaN,0.0,0.0,36.67,NaN,-0.007142857142856737,3.0,102.0,NaN,1.0,0.0,67.0,NaN,-2.0,0.0,57.0,NaN,-1.0,0.0,18.0,NaN,0.0,0.0,NaN,NaN,NaN,24.0,NaN,NaN,NaN,24.0,23.0,NaN,0.0,11.0,NaN,NaN,NaN,24.0,NaN,NaN,NaN,24.0,NaN,NaN,NaN,24.0,NaN,NaN,NaN,24.0,NaN,NaN,NaN,24.0,24.0,NaN,0.0,11.0,NaN,NaN,NaN,24.0,7.9,NaN,0.0,11.0,108.0,NaN,0.0,11.0,1.0,NaN,0.0,11.0,NaN,NaN,NaN,24.0,79.0,NaN,0.0,11.0,NaN,NaN,NaN,24.0,1.9,NaN,0.0,11.0,3.4,NaN,0.0,11.0,3.3,NaN,0.0,11.0,NaN,NaN,NaN,24.0,NaN,NaN,NaN,24.0,27.3,NaN,0.0,11.0,9.3,NaN,0.0,11.0,31.3,NaN,0.0,11.0,6.8,NaN,0.0,11.0,NaN,NaN,NaN,24.0,296.0,NaN,0.0,11.0,62.0,0.0,0.0,1.0,-4.133333333333334,12.0,0.0,0.0,0.0,0.0,0.0,0.0,0.0,0.0,0.0,0.0,1.0,0.0,0.0,NaN,0.0,0.0,NaN,NaN,NaN,NaN,NaN,NaN,NaN
69.0,NaN,-2.0,0.0,99.0,NaN,2.0,0.0,37.0,NaN,0.08249999999999957,0.0,107.0,NaN,5.0,0.0,67.0,NaN,0.0,0.0,54.0,NaN,-3.0,0.0,16.0,NaN,-2.0,0.0,NaN,NaN,NaN,24.0,NaN,NaN,NaN,24.0,23.0,NaN,0.0,12.0,NaN,NaN,NaN,24.0,NaN,NaN,NaN,24.0,NaN,NaN,NaN,24.0,NaN,NaN,NaN,24.0,NaN,NaN,NaN,24.0,24.0,NaN,0.0,12.0,NaN,NaN,NaN,24.0,7.9,NaN,0.0,12.0,108.0,NaN,0.0,12.0,1.0,NaN,0.0,12.0,NaN,NaN,NaN,24.0,79.0,NaN,0.0,12.0,NaN,NaN,NaN,24.0,1.9,NaN,0.0,12.0,3.4,NaN,0.0,12.0,3.3,NaN,0.0,12.0,NaN,NaN,NaN,24.0,NaN,NaN,NaN,24.0,27.3,NaN,0.0,12.0,9.3,NaN,0.0,12.0,31.3,NaN,0.0,12.0,6.8,NaN,0.0,12.0,NaN,NaN,NaN,24.0,296.0,NaN,0.0,12.0,62.0,0.0,0.0,1.0,-4.133333333333334,13.0,0.0,0.0,0.0,0.0,0.0,0.0,0.0,0.0,0.0,0.0,1.0,0.0,0.0,NaN,0.0,0.0,NaN,NaN,NaN,NaN,NaN,NaN,NaN
64.0,NaN,-5.0,0.0,97.0,NaN,-2.0,0.0,37.0,NaN,0.06599999999999966,1.0,114.0,NaN,7.0,0.0,70.0,NaN,3.0,0.0,56.0,NaN,2.0,0.0,17.0,NaN,1.0,0.0,NaN,NaN,NaN,24.0,NaN,NaN,NaN,24.0,23.0,NaN,0.0,13.0,NaN,NaN,NaN,24.0,NaN,NaN,NaN,24.0,NaN,NaN,NaN,24.0,NaN,NaN,NaN,24.0,NaN,NaN,NaN,24.0,24.0,NaN,0.0,13.0,NaN,NaN,NaN,24.0,7.9,NaN,0.0,13.0,108.0,NaN,0.0,13.0,1.0,NaN,0.0,13.0,NaN,NaN,NaN,24.0,79.0,NaN,0.0,13.0,NaN,NaN,NaN,24.0,1.9,NaN,0.0,13.0,3.4,NaN,0.0,13.0,3.3,NaN,0.0,13.0,NaN,NaN,NaN,24.0,NaN,NaN,NaN,24.0,27.3,NaN,0.0,13.0,9.3,NaN,0.0,13.0,31.3,NaN,0.0,13.0,6.8,NaN,0.0,13.0,NaN,NaN,NaN,24.0,296.0,NaN,0.0,13.0,62.0,0.0,0.0,1.0,-4.133333333333334,14.0,0.0,0.0,0.0,0.0,0.0,0.0,0.0,0.0,0.0,0.0,1.0,0.0,0.0,NaN,0.0,0.0,NaN,NaN,NaN,NaN,NaN,NaN,NaN
72.0,NaN,8.0,0.0,98.0,NaN,1.0,0.0,37.0,NaN,0.054999999999999716,2.0,110.0,NaN,-4.0,0.0,69.0,NaN,-1.0,0.0,56.0,NaN,0.0,0.0,18.0,NaN,1.0,0.0,NaN,NaN,NaN,24.0,NaN,NaN,NaN,24.0,23.0,NaN,0.0,14.0,NaN,NaN,NaN,24.0,NaN,NaN,NaN,24.0,NaN,NaN,NaN,24.0,NaN,NaN,NaN,24.0,NaN,NaN,NaN,24.0,24.0,NaN,0.0,14.0,NaN,NaN,NaN,24.0,7.9,NaN,0.0,14.0,108.0,NaN,0.0,14.0,1.0,NaN,0.0,14.0,NaN,NaN,NaN,24.0,79.0,NaN,0.0,14.0,NaN,NaN,NaN,24.0,1.9,NaN,0.0,14.0,3.4,NaN,0.0,14.0,3.3,NaN,0.0,14.0,NaN,NaN,NaN,24.0,NaN,NaN,NaN,24.0,27.3,NaN,0.0,14.0,9.3,NaN,0.0,14.0,31.3,NaN,0.0,14.0,6.8,NaN,0.0,14.0,NaN,NaN,NaN,24.0,296.0,NaN,0.0,14.0,62.0,0.0,0.0,1.0,-4.133333333333334,15.0,0.0,0.0,0.0,0.0,0.0,0.0,0.0,0.0,0.0,0.0,1.0,0.0,0.0,NaN,0.0,0.0,NaN,NaN,NaN,NaN,NaN,NaN,NaN
82.0,NaN,10.0,0.0,99.0,NaN,1.0,0.0,37.0,NaN,0.047142857142856896,3.0,117.0,NaN,7.0,0.0,63.0,NaN,-6.0,0.0,52.0,NaN,-4.0,0.0,20.0,NaN,2.0,0.0,NaN,NaN,NaN,24.0,NaN,NaN,NaN,24.0,23.0,NaN,0.0,15.0,NaN,NaN,NaN,24.0,NaN,NaN,NaN,24.0,NaN,NaN,NaN,24.0,NaN,NaN,NaN,24.0,NaN,NaN,NaN,24.0,24.0,NaN,0.0,15.0,NaN,NaN,NaN,24.0,7.9,NaN,0.0,15.0,108.0,NaN,0.0,15.0,1.0,NaN,0.0,15.0,NaN,NaN,NaN,24.0,79.0,NaN,0.0,15.0,NaN,NaN,NaN,24.0,1.9,NaN,0.0,15.0,3.4,NaN,0.0,15.0,3.3,NaN,0.0,15.0,NaN,NaN,NaN,24.0,NaN,NaN,NaN,24.0,27.3,NaN,0.0,15.0,9.3,NaN,0.0,15.0,31.3,NaN,0.0,15.0,6.8,NaN,0.0,15.0,NaN,NaN,NaN,24.0,296.0,NaN,0.0,15.0,62.0,0.0,0.0,1.0,-4.133333333333334,16.0,0.0,0.0,0.0,0.0,0.0,0.0,0.0,1.0,0.0,0.0,1.0,0.0,0.0,NaN,0.0,0.0,NaN,NaN,NaN,NaN,NaN,NaN,NaN
