61.5,NaN,NaN,24.0,99.0,NaN,NaN,24.0,NaN,NaN,NaN,24.0,95.0,NaN,NaN,24.0,65.0,NaN,NaN,24.0,55.0,NaN,NaN,24.0,17.0,NaN,NaN,24.0,NaN,NaN,NaN,24.0,-2.0,NaN,NaN,24.0,24.0,NaN,NaN,24.0,NaN,NaN,NaN,24.0,7.44,NaN,NaN,24.0,29.0,NaN,NaN,24.0,98.0,NaN,NaN,24.0,33.0,NaN,NaN,24.0,35.0,NaN,NaN,24.0,93.0,NaN,NaN,24.0,7.4,NaN,NaN,24.0,100.0,NaN,NaN,24.0,2.1,NaN,NaN,24.0,NaN,NaN,NaN,24.0,142.0,NaN,NaN,24.0,2.4,NaN,NaN,24.0,1.7,NaN,NaN,24.0,3.3,NaN,NaN,24.0,3.2,NaN,NaN,24.0,0.4,NaN,NaN,24.0,0.33,NaN,NaN,24.0,34.6,NaN,NaN,24.0,10.5,NaN,NaN,24.0,36.0,NaN,NaN,24.0,8.2,NaN,NaN,24.0,NaN,NaN,NaN,24.0,114.0,NaN,NaN,24.0,91.0,0.0,1.0,0.0,0.0,1.0,0.0,0.0,0.0,0.0,0.0,1.0,0.0,1.0,1.0,2.0,1.0,0.0,1.0,1.0,0.0,0.0,NaN,6.0,6.0,6.0,NaN,NaN,NaN
64.0,NaN,2.5,0.0,100.0,NaN,1.0,0.0,34.2,NaN,0.0,0.0,131.0,NaN,36.0,0.0,83.0,NaN,18.0,0.0,70.0,NaN,15.0,0.0,13.0,NaN,-4.0,0.0,NaN,NaN,NaN,24.0,-2.0,NaN,0.0,1.0,24.0,NaN,0.0,1.0,0.5,NaN,0.0,0.0,7.44,NaN,0.0,1.0,29.0,NaN,0.0,1.0,98.0,NaN,0.0,1.0,33.0,NaN,0.0,1.0,35.0,NaN,0.0,1.0,93.0,NaN,0.0,1.0,7.4,NaN,0.0,1.0,100.0,NaN,0.0,1.0,2.1,NaN,0.0,1.0,NaN,NaN,NaN,24.0,142.0,NaN,0.0,1.0,2.4,NaN,0.0,1.0,1.7,NaN,0.0,1.0,3.3,NaN,0.0,1.0,3.2,NaN,0.0,1.0,0.4,NaN,0.0,1.0,0.33,NaN,0.0,1.0,34.6,NaN,0.0,1.0,10.5,NaN,0.0,1.0,36.0,NaN,0.0,1.0,8.2,NaN,0.0,1.0,NaN,NaN,NaN,24.0,114.0,NaN,0.0,1.0,91.0,0.0,1.0,0.0,0.0,2.0,1.0,0.0,0.0,0.0,2.0,0.0,0.0,0.0,0.0,0.0,0.0,0.0,1.0,1.0,0.0,0.0,NaN,6.0,6.0,6.0,NaN,NaN,NaN
64.0,NaN,0.0,0.0,100.0,NaN,0.0,0.0,34.2,NaN,0.0,0.0,96.0,NaN,-35.0,0.0,59.0,NaN,-24.0,0.0,47.0,NaN,-23.0,0.0,14.0,NaN,1.0,0.0,NaN,NaN,NaN,24.0,-2.0,NaN,0.0,2.0,24.0,NaN,0.0,2.0,0.5,NaN,0.0,1.0,7.44,NaN,0.0,2.0,29.0,NaN,0.0,2.0,98.0,NaN,0.0,2.0,33.0,NaN,0.0,2.0,35.0,NaN,0.0,2.0,93.0,NaN,0.0,2.0,7.4,NaN,0.0,2.0,100.0,NaN,0.0,2.0,2.1,NaN,0.0,2.0,NaN,NaN,NaN,24.0,142.0,NaN,0.0,2.0,2.4,NaN,0.0,2.0,1.7,NaN,0.0,2.0,3.3,NaN,0.0,2.0,3.2,NaN,0.0,2.0,0.4,NaN,0.0,2.0,0.33,NaN,0.0,2.0,34.6,NaN,0.0,2.0,10.5,NaN,0.0,2.0,36.0,NaN,0.0,2.0,8.2,NaN,0.0,2.0,NaN,NaN,NaN,24.0,114.0,NaN,0.0,2.0,91.0,0.0,1.0,0.0,0.0,3.0,1.0,0.0,0.0,0.0,0.0,0.0,0.0,1.0,0.0,0.0,1.0,1.0,1.0,1.0,0.0,0.0,NaN,6.0,6.0,6.0,NaN,NaN,NaN
62.0,NaN,-2.0,0.0,100.0,NaN,0.0,0.0,34.2,NaN,0.0,0.0,97.0,NaN,1.0,0.0,60.0,NaN,1.0,0.0,49.0,NaN,2.0,0.0,12.0,NaN,-2.0,0.0,NaN,NaN,NaN,24.0,-2.0,NaN,0.0,3.0,24.0,NaN,0.0,3.0,0.5,NaN,0.0,2.0,7.44,NaN,0.0,3.0,29.0,NaN,0.0,3.0,98.0,NaN,0.0,3.0,33.0,NaN,0.0,3.0,35.0,NaN,0.0,3.0,93.0,NaN,0.0,3.0,7.4,NaN,0.0,3.0,100.0,NaN,0.0,3.0,2.1,NaN,0.0,3.0,NaN,NaN,NaN,24.0,142.0,NaN,0.0,3.0,2.4,NaN,0.0,3.0,1.7,NaN,0.0,3.0,3.3,NaN,0.0,3.0,3.2,NaN,0.0,3.0,0.4,NaN,0.0,3.0,0.33,NaN,0.0,3.0,34.6,NaN,0.0,3.0,10.5,NaN,0.0,3.0,36.0,NaN,0.0,3.0,8.2,NaN,0.0,3.0,NaN,NaN,NaN,24.0,114.0,NaN,0.0,3.0,91.0,0.0,1.0,0.0,0.0,4.0,1.0,0.0,0.0,0.0,0.0,0.0,0.0,1.0,0.0,0.0,1.0,1.0,1.0,1.0,0.0,0.0,NaN,6.0,6.0,6.0,NaN,NaN,NaN
64.0,NaN,2.0,0.0,100.0,NaN,0.0,0.0,34.4,NaN,0.19999999999999574,0.0,163.0,NaN,66.0,0.0,90.0,NaN,30.0,0.0,69.0,NaN,20.0,0.0,12.0,NaN,0.0,0.0,NaN,NaN,NaN,24.0,-2.0,NaN,0.0,4.0,24.0,NaN,0.0,4.0,0.5,NaN,0.0,0.0,7.44,NaN,0.0,4.0,29.0,NaN,0.0,4.0,98.0,NaN,0.0,4.0,33.0,NaN,0.0,4.0,35.0,NaN,0.0,4.0,93.0,NaN,0.0,4.0,7.4,NaN,0.0,4.0,100.0,NaN,0.0,4.0,2.1,NaN,0.0,4.0,NaN,NaN,NaN,24.0,142.0,NaN,0.0,4.0,2.4,NaN,0.0,4.0,1.7,NaN,0.0,4.0,3.3,NaN,0.0,4.0,3.2,NaN,0.0,4.0,0.4,NaN,0.0,4.0,0.33,NaN,0.0,4.0,34.6,NaN,0.0,4.0,10.5,NaN,0.0,4.0,36.0,NaN,0.0,4.0,8.2,NaN,0.0,4.0,NaN,NaN,NaN,24.0,114.0,NaN,0.0,4.0,91.0,0.0,1.0,0.0,0.0,5.0,1.0,0.0,0.0,0.0,2.0,0.0,0.0,0.0,0.0,0.0,0.0,1.0,1.0,1.0,0.0,0.0,NaN,6.0,6.0,6.0,NaN,NaN,NaN
65.0,NaN,1.0,0.0,99.0,NaN,-1.0,0.0,34.9,NaN,0.5,0.0,58.0,NaN,-105.0,0.0,38.0,NaN,-52.0,0.0,31.0,NaN,-38.0,0.0,12.0,NaN,0.0,0.0,NaN,NaN,NaN,24.0,-2.0,NaN,0.0,5.0,24.0,NaN,0.0,5.0,0.5,NaN,0.0,1.0,7.44,NaN,0.0,5.0,29.0,NaN,0.0,5.0,98.0,NaN,0.0,5.0,33.0,NaN,0.0,5.0,35.0,NaN,0.0,5.0,93.0,NaN,0.0,5.0,7.4,NaN,0.0,5.0,100.0,NaN,0.0,5.0,2.1,NaN,0.0,5.0,NaN,NaN,NaN,24.0,142.0,NaN,0.0,5.0,2.4,NaN,0.0,5.0,1.7,NaN,0.0,5.0,3.3,NaN,0.0,5.0,3.2,NaN,0.0,5.0,0.4,NaN,0.0,5.0,0.33,NaN,0.0,5.0,34.6,NaN,0.0,5.0,10.5,NaN,0.0,5.0,36.0,NaN,0.0,5.0,8.2,NaN,0.0,5.0,NaN,NaN,NaN,24.0,114.0,NaN,0.0,5.0,91.0,0.0,1.0,0.0,0.0,6.0,1.0,0.0,0.0,0.0,0.0,0.0,0.0,1.0,0.0,0.0,1.0,1.0,1.0,1.0,0.0,0.0,NaN,6.0,6.0,6.0,NaN,NaN,NaN
91.0,NaN,26.0,0.0,99.0,NaN,0.0,0.0,34.9,NaN,0.25,1.0,110.0,NaN,52.0,0.0,71.0,NaN,33.0,0.0,58.0,NaN,27.0,0.0,12.0,NaN,0.0,0.0,NaN,NaN,NaN,24.0,-2.0,NaN,0.0,6.0,24.0,NaN,0.0,6.0,0.5,NaN,0.0,2.0,7.44,NaN,0.0,6.0,29.0,NaN,0.0,6.0,98.0,NaN,0.0,6.0,33.0,NaN,0.0,6.0,35.0,NaN,0.0,6.0,93.0,NaN,0.0,6.0,7.4,NaN,0.0,6.0,100.0,NaN,0.0,6.0,2.1,NaN,0.0,6.0,NaN,NaN,NaN,24.0,142.0,NaN,0.0,6.0,2.4,NaN,0.0,6.0,1.7,NaN,0.0,6.0,3.3,NaN,0.0,6.0,3.2,NaN,0.0,6.0,0.4,NaN,0.0,6.0,0.33,NaN,0.0,6.0,34.6,NaN,0.0,6.0,10.5,NaN,0.0,6.0,36.0,NaN,0.0,6.0,8.2,NaN,0.0,6.0,NaN,NaN,NaN,24.0,114.0,NaN,0.0,6.0,91.0,0.0,1.0,0.0,0.0,7.0,1.0,0.0,1.0,0.0,0.0,0.0,0.0,0.0,0.0,0.0,1.0,1.0,1.0,1.0,0.0,0.0,NaN,6.0,6.0,6.0,NaN,NaN,NaN
93.0,NaN,2.0,0.0,98.0,NaN,-1.0,0.0,35.3,NaN,0.1999999999999993,0.0,104.0,NaN,-6.0,0.0,58.0,NaN,-13.0,0.0,44.0,NaN,-14.0,0.0,12.0,NaN,0.0,0.0,NaN,NaN,NaN,24.0,-2.0,NaN,0.0,7.0,24.0,NaN,0.0,7.0,0.5,NaN,0.0,3.0,7.44,NaN,0.0,7.0,29.0,NaN,0.0,7.0,98.0,NaN,0.0,7.0,33.0,NaN,0.0,7.0,35.0,NaN,0.0,7.0,93.0,NaN,0.0,7.0,7.4,NaN,0.0,7.0,100.0,NaN,0.0,7.0,2.1,NaN,0.0,7.0,NaN,NaN,NaN,24.0,142.0,NaN,0.0,7.0,2.4,NaN,0.0,7.0,1.7,NaN,0.0,7.0,3.3,NaN,0.0,7.0,3.2,NaN,0.0,7.0,0.4,NaN,0.0,7.0,0.33,NaN,0.0,7.0,34.6,NaN,0.0,7.0,10.5,NaN,0.0,7.0,36.0,NaN,0.0,7.0,8.2,NaN,0.0,7.0,NaN,NaN,NaN,24.0,114.0,NaN,0.0,7.0,91.0,0.0,1.0,0.0,0.0,8.0,1.0,0.0,1.0,0.0,0.0,0.0,0.0,1.0,0.0,0.0,1.0,1.0,1.0,1.0,0.0,0.0,NaN,6.0,6.0,6.0,NaN,NaN,NaN
126.0,NaN,33.0,0.0,99.0,NaN,1.0,0.0,36.2,NaN,0.9000000000000057,0.0,110.0,NaN,6.0,0.0,66.0,NaN,8.0,0.0,51.0,NaN,7.0,0.0,14.5,NaN,2.5,0.0,NaN,NaN,NaN,24.0,-2.0,NaN,0.0,8.0,24.0,NaN,0.0,8.0,0.5,NaN,0.0,0.0,7.44,NaN,0.0,8.0,29.0,NaN,0.0,8.0,98.0,NaN,0.0,8.0,33.0,NaN,0.0,8.0,35.0,NaN,0.0,8.0,93.0,NaN,0.0,8.0,7.4,NaN,0.0,8.0,100.0,NaN,0.0,8.0,2.1,NaN,0.0,8.0,NaN,NaN,NaN,24.0,142.0,NaN,0.0,8.0,2.4,NaN,0.0,8.0,1.7,NaN,0.0,8.0,3.3,NaN,0.0,8.0,3.2,NaN,0.0,8.0,0.4,NaN,0.0,8.0,0.33,NaN,0.0,8.0,34.6,NaN,0.0,8.0,10.5,NaN,0.0,8.0,36.0,NaN,0.0,8.0,8.2,NaN,0.0,8.0,NaN,NaN,NaN,24.0,114.0,NaN,0.0,8.0,91.0,0.0,1.0,0.0,0.0,9.0,0.0,0.0,1.0,0.0,2.0,0.0,0.0,0.0,0.0,0.0,0.0,1.0,1.0,1.0,0.0,0.0,NaN,6.0,6.0,6.0,NaN,NaN,NaN
107.0,NaN,-19.0,0.0,98.0,NaN,-1.0,0.0,36.8,NaN,0.5999999999999943,0.0,116.0,NaN,6.0,0.0,75.0,NaN,9.0,0.0,61.0,NaN,10.0,0.0,16.0,NaN,1.5,0.0,NaN,NaN,NaN,24.0,-2.0,NaN,0.0,0.0,23.0,NaN,-0.1111111111111111,0.0,0.5,NaN,0.0,1.0,7.3,NaN,-0.01555555555555562,0.0,49.0,NaN,2.2222222222222223,0.0,80.0,NaN,-2.0,0.0,35.0,NaN,0.2222222222222222,0.0,34.0,NaN,-0.1111111111111111,0.0,93.0,NaN,0.0,9.0,7.7,NaN,0.03333333333333331,0.0,105.0,NaN,0.5555555555555556,0.0,2.0,NaN,-0.01111111111111112,0.0,NaN,NaN,NaN,24.0,108.0,NaN,-3.7777777777777777,0.0,2.0,NaN,-0.04444444444444443,0.0,2.4,NaN,0.07777777777777778,0.0,3.7,NaN,0.04444444444444448,0.0,4.1,NaN,0.09999999999999994,0.0,0.4,NaN,0.0,9.0,0.32,NaN,-0.0011111111111111122,0.0,36.0,NaN,0.1555555555555554,0.0,11.1,NaN,0.06666666666666662,0.0,37.7,NaN,0.18888888888888922,0.0,13.8,NaN,0.6222222222222223,0.0,NaN,NaN,NaN,24.0,141.0,NaN,3.0,0.0,91.0,0.0,1.0,0.0,0.0,10.0,0.0,0.0,1.0,1.0,0.0,1.0,0.0,0.0,1.0,2.0,1.0,1.0,1.0,1.0,0.0,0.0,NaN,6.0,6.0,6.0,NaN,NaN,NaN
