74.0,NaN,NaN,24.0,92.0,NaN,NaN,24.0,NaN,NaN,NaN,24.0,69.0,NaN,NaN,24.0,53.0,NaN,NaN,24.0,46.0,NaN,NaN,24.0,22.0,NaN,NaN,24.0,NaN,NaN,NaN,24.0,-6.0,NaN,NaN,24.0,NaN,NaN,NaN,24.0,1.0,NaN,NaN,24.0,7.11,NaN,NaN,24.0,83.0,NaN,NaN,24.0,NaN,NaN,NaN,24.0,NaN,NaN,NaN,24.0,NaN,NaN,NaN,24.0,NaN,NaN,NaN,24.0,NaN,NaN,NaN,24.0,NaN,NaN,NaN,24.0,NaN,NaN,NaN,24.0,NaN,NaN,NaN,24.0,NaN,NaN,NaN,24.0,1.3,NaN,NaN,24.0,NaN,NaN,NaN,24.0,NaN,NaN,NaN,24.0,4.9,NaN,NaN,24.0,NaN,NaN,NaN,24.0,NaN,NaN,NaN,24.0,NaN,NaN,NaN,24.0,NaN,NaN,NaN,24.0,NaN,NaN,NaN,24.0,NaN,NaN,NaN,24.0,NaN,NaN,NaN,24.0,NaN,NaN,NaN,24.0,46.0,1.0,1.0,0.0,-11.501388888888888,1.0,0.0,1.0,0.0,0.0,3.0,0.0,0.0,1.0,0.0,0.0,1.0,0.0,1.0,1.0,0.0,0.0,3.0,5.0,4.0,0.0,NaN,NaN,NaN
70.0,NaN,-4.0,0.0,95.0,NaN,3.0,0.0,36.5,NaN,0.0,0.0,125.0,NaN,56.0,0.0,85.0,NaN,32.0,0.0,71.0,NaN,25.0,0.0,7.0,NaN,-15.0,0.0,NaN,NaN,NaN,24.0,-6.0,NaN,0.0,1.0,NaN,NaN,NaN,24.0,1.0,NaN,0.0,1.0,7.11,NaN,0.0,1.0,83.0,NaN,0.0,1.0,NaN,NaN,NaN,24.0,NaN,NaN,NaN,24.0,NaN,NaN,NaN,24.0,NaN,NaN,NaN,24.0,NaN,NaN,NaN,24.0,NaN,NaN,NaN,24.0,NaN,NaN,NaN,24.0,NaN,NaN,NaN,24.0,NaN,NaN,NaN,24.0,1.3,NaN,0.0,1.0,NaN,NaN,NaN,24.0,NaN,NaN,NaN,24.0,4.9,NaN,0.0,1.0,NaN,NaN,NaN,24.0,NaN,NaN,NaN,24.0,NaN,NaN,NaN,24.0,NaN,NaN,NaN,24.0,NaN,NaN,NaN,24.0,NaN,NaN,NaN,24.0,NaN,NaN,NaN,24.0,NaN,NaN,NaN,24.0,46.0,1.0,1.0,0.0,-11.501388888888888,2.0,0.0,0.0,0.0,0.0,0.0,0.0,0.0,0.0,0.0,0.0,1.0,1.0,1.0,1.0,0.0,0.0,3.0,5.0,4.0,0.0,NaN,NaN,NaN
62.0,NaN,-8.0,0.0,92.0,NaN,-3.0,0.0,36.5,NaN,0.0,1.0,110.0,NaN,-15.0,0.0,83.0,NaN,-2.0,0.0,72.0,NaN,1.0,0.0,21.0,NaN,14.0,0.0,NaN,NaN,NaN,24.0,-6.0,NaN,0.0,2.0,24.0,NaN,0.0,0.0,1.0,NaN,0.0,2.0,7.11,NaN,0.0,2.0,83.0,NaN,0.0,2.0,NaN,NaN,NaN,24.0,NaN,NaN,NaN,24.0,88.0,NaN,0.0,0.0,NaN,NaN,NaN,24.0,8.5,NaN,0.0,0.0,97.0,NaN,0.0,0.0,7.4,NaN,0.0,0.0,NaN,NaN,NaN,24.0,125.0,NaN,0.0,0.0,1.3,NaN,0.0,2.0,2.8,NaN,0.0,0.0,9.3,NaN,0.0,0.0,4.8,NaN,-0.050000000000000266,0.0,NaN,NaN,NaN,24.0,1.63,NaN,0.0,0.0,NaN,NaN,NaN,24.0,NaN,NaN,NaN,24.0,NaN,NaN,NaN,24.0,NaN,NaN,NaN,24.0,NaN,NaN,NaN,24.0,NaN,NaN,NaN,24.0,46.0,1.0,1.0,0.0,-11.501388888888888,3.0,0.0,1.0,0.0,0.0,0.0,0.0,0.0,0.0,0.0,4.0,1.0,1.0,1.0,1.0,0.0,0.0,3.0,5.0,4.0,0.0,NaN,NaN,NaN
57.0,NaN,-5.0,0.0,100.0,NaN,8.0,0.0,36.5,NaN,0.0,2.0,108.0,NaN,-2.0,0.0,82.0,NaN,-1.0,0.0,69.0,NaN,-3.0,0.0,24.0,NaN,3.0,0.0,NaN,NaN,NaN,24.0,-3.0,NaN,1.0,0.0,24.0,NaN,0.0,1.0,0.6,NaN,-0.13333333333333333,0.0,7.17,NaN,0.01999999999999987,0.0,72.0,NaN,-3.6666666666666665,0.0,NaN,NaN,NaN,24.0,NaN,NaN,NaN,24.0,88.0,NaN,0.0,1.0,NaN,NaN,NaN,24.0,8.5,NaN,0.0,1.0,97.0,NaN,0.0,1.0,7.4,NaN,0.0,1.0,NaN,NaN,NaN,24.0,125.0,NaN,0.0,1.0,1.2,NaN,-0.03333333333333336,0.0,2.8,NaN,0.0,1.0,9.3,NaN,0.0,1.0,4.8,NaN,-0.03333333333333351,1.0,NaN,NaN,NaN,24.0,1.63,NaN,0.0,1.0,NaN,NaN,NaN,24.0,NaN,NaN,NaN,24.0,NaN,NaN,NaN,24.0,NaN,NaN,NaN,24.0,NaN,NaN,NaN,24.0,NaN,NaN,NaN,24.0,46.0,1.0,1.0,0.0,-11.501388888888888,4.0,0.0,1.0,0.0,0.0,2.0,0.0,0.0,0.0,0.0,0.0,0.0,1.0,1.0,1.0,0.0,0.0,3.0,5.0,4.0,0.0,NaN,NaN,NaN
59.0,NaN,2.0,0.0,96.0,NaN,-4.0,0.0,36.56,NaN,0.020000000000000757,0.0,114.0,NaN,6.0,0.0,87.0,NaN,5.0,0.0,74.0,NaN,5.0,0.0,24.5,NaN,0.5,0.0,31.0,NaN,0.0,0.0,-3.0,NaN,0.75,1.0,24.0,NaN,0.0,2.0,0.5,NaN,-0.09999999999999998,0.0,7.17,NaN,0.014999999999999902,1.0,72.0,NaN,-2.75,1.0,NaN,NaN,NaN,24.0,NaN,NaN,NaN,24.0,88.0,NaN,0.0,2.0,NaN,NaN,NaN,24.0,8.5,NaN,0.0,2.0,97.0,NaN,0.0,2.0,7.4,NaN,0.0,2.0,NaN,NaN,NaN,24.0,125.0,NaN,0.0,2.0,1.2,NaN,-0.025000000000000022,1.0,2.8,NaN,0.0,2.0,9.3,NaN,0.0,2.0,4.8,NaN,-0.025000000000000133,2.0,NaN,NaN,NaN,24.0,1.63,NaN,0.0,2.0,NaN,NaN,NaN,24.0,NaN,NaN,NaN,24.0,NaN,NaN,NaN,24.0,NaN,NaN,NaN,24.0,NaN,NaN,NaN,24.0,NaN,NaN,NaN,24.0,46.0,1.0,1.0,0.0,-11.501388888888888,5.0,0.0,1.0,0.0,0.0,2.0,0.0,0.0,0.0,0.0,0.0,0.0,1.0,1.0,1.0,0.0,0.0,3.0,5.0,4.0,0.0,NaN,NaN,NaN
58.0,NaN,-1.0,0.0,95.0,NaN,-1.0,0.0,36.56,NaN,0.015000000000000568,1.0,109.0,NaN,-5.0,0.0,85.0,NaN,-2.0,0.0,74.0,NaN,0.0,0.0,25.0,NaN,0.5,0.0,31.0,NaN,0.0,1.0,-1.0,NaN,1.0,0.0,24.0,NaN,0.0,3.0,0.5,NaN,-0.04999999999999999,1.0,7.33,NaN,0.08000000000000007,0.0,52.0,NaN,-10.0,0.0,NaN,NaN,NaN,24.0,NaN,NaN,NaN,24.0,88.0,NaN,0.0,3.0,NaN,NaN,NaN,24.0,8.5,NaN,0.0,3.0,97.0,NaN,0.0,3.0,7.4,NaN,0.0,3.0,NaN,NaN,NaN,24.0,125.0,NaN,0.0,3.0,1.7,NaN,0.25,0.0,2.8,NaN,0.0,3.0,9.3,NaN,0.0,3.0,4.8,NaN,-0.020000000000000108,3.0,NaN,NaN,NaN,24.0,1.63,NaN,0.0,3.0,NaN,NaN,NaN,24.0,NaN,NaN,NaN,24.0,NaN,NaN,NaN,24.0,NaN,NaN,NaN,24.0,NaN,NaN,NaN,24.0,NaN,NaN,NaN,24.0,46.0,1.0,1.0,0.0,-11.501388888888888,6.0,0.0,1.0,0.0,0.0,0.0,0.0,0.0,0.0,0.0,0.0,1.0,1.0,1.0,1.0,0.0,0.0,3.0,5.0,4.0,0.0,NaN,NaN,NaN
58.0,NaN,0.0,0.0,97.0,NaN,2.0,0.0,36.56,NaN,0.012000000000000455,2.0,84.0,NaN,-25.0,0.0,61.0,NaN,-24.0,0.0,51.0,NaN,-23.0,0.0,25.0,NaN,0.0,0.0,31.0,NaN,0.0,2.0,-1.0,NaN,0.6666666666666666,1.0,24.0,NaN,0.0,4.0,0.5,NaN,-0.033333333333333326,2.0,7.33,NaN,0.05333333333333338,1.0,52.0,NaN,-6.666666666666667,1.0,NaN,NaN,NaN,24.0,NaN,NaN,NaN,24.0,88.0,NaN,0.0,4.0,NaN,NaN,NaN,24.0,8.5,NaN,0.0,4.0,97.0,NaN,0.0,4.0,7.4,NaN,0.0,4.0,NaN,NaN,NaN,24.0,125.0,NaN,0.0,4.0,1.7,NaN,0.16666666666666666,1.0,2.8,NaN,0.0,4.0,9.3,NaN,0.0,4.0,4.8,NaN,-0.016666666666666757,4.0,NaN,NaN,NaN,24.0,1.63,NaN,0.0,4.0,NaN,NaN,NaN,24.0,NaN,NaN,NaN,24.0,NaN,NaN,NaN,24.0,NaN,NaN,NaN,24.0,NaN,NaN,NaN,24.0,NaN,NaN,NaN,24.0,46.0,1.0,1.0,0.0,-11.501388888888888,7.0,0.0,1.0,0.0,0.0,0.0,0.0,0.0,1.0,0.0,0.0,1.0,1.0,1.0,1.0,0.0,0.0,3.0,5.0,4.0,0.0,NaN,NaN,NaN
64.0,NaN,6.0,0.0,96.0,NaN,-1.0,0.0,36.56,NaN,0.010000000000000378,3.0,137.0,NaN,53.0,0.0,97.0,NaN,36.0,0.0,80.0,NaN,29.0,0.0,25.0,NaN,0.0,0.0,31.0,NaN,0.0,3.0,-1.0,NaN,0.5,2.0,24.0,NaN,0.0,5.0,0.5,NaN,-0.024999999999999994,3.0,7.33,NaN,0.040000000000000036,2.0,52.0,NaN,-5.0,2.0,NaN,NaN,NaN,24.0,NaN,NaN,NaN,24.0,88.0,NaN,0.0,5.0,NaN,NaN,NaN,24.0,8.5,NaN,0.0,5.0,97.0,NaN,0.0,5.0,7.4,NaN,0.0,5.0,NaN,NaN,NaN,24.0,125.0,NaN,0.0,5.0,1.7,NaN,0.125,2.0,2.8,NaN,0.0,5.0,9.3,NaN,0.0,5.0,4.8,NaN,-0.014285714285714362,5.0,NaN,NaN,NaN,24.0,1.63,NaN,0.0,5.0,NaN,NaN,NaN,24.0,NaN,NaN,NaN,24.0,NaN,NaN,NaN,24.0,NaN,NaN,NaN,24.0,NaN,NaN,NaN,24.0,NaN,NaN,NaN,24.0,46.0,1.0,1.0,0.0,-11.501388888888888,8.0,0.0,1.0,0.0,0.0,0.0,0.0,0.0,0.0,0.0,0.0,1.0,1.0,1.0,1.0,0.0,0.0,3.0,5.0,4.0,0.0,NaN,NaN,NaN
67.0,NaN,3.0,0.0,95.0,NaN,-1.0,0.0,36.56,NaN,0.008571428571428896,4.0,143.0,NaN,6.0,0.0,101.0,NaN,4.0,0.0,83.0,NaN,3.0,0.0,26.0,NaN,1.0,0.0,28.0,NaN,-0.75,0.0,-1.0,NaN,0.4,3.0,24.0,NaN,0.0,6.0,0.5,NaN,0.0,0.0,7.33,NaN,0.03200000000000003,3.0,52.0,NaN,-4.0,3.0,NaN,NaN,NaN,24.0,NaN,NaN,NaN,24.0,88.0,NaN,0.0,6.0,NaN,NaN,NaN,24.0,8.5,NaN,0.0,6.0,97.0,NaN,0.0,6.0,7.4,NaN,0.0,6.0,NaN,NaN,NaN,24.0,125.0,NaN,0.0,6.0,1.7,NaN,0.1,3.0,2.8,NaN,0.0,6.0,9.3,NaN,0.0,6.0,4.8,NaN,-0.012500000000000067,6.0,NaN,NaN,NaN,24.0,1.82,NaN,0.0316666666666667,0.0,NaN,NaN,NaN,24.0,NaN,NaN,NaN,24.0,NaN,NaN,NaN,24.0,NaN,NaN,NaN,24.0,NaN,NaN,NaN,24.0,NaN,NaN,NaN,24.0,46.0,1.0,1.0,0.0,-11.501388888888888,9.0,0.0,1.0,0.0,0.0,2.0,0.0,0.0,0.0,0.0,0.0,0.0,1.0,1.0,1.0,0.0,0.0,3.0,5.0,4.0,0.0,NaN,NaN,NaN
