97.0,NaN,NaN,24.0,99.0,NaN,NaN,24.0,NaN,NaN,NaN,24.0,170.0,NaN,NaN,24.0,93.0,NaN,NaN,24.0,70.0,NaN,NaN,24.0,28.0,NaN,NaN,24.0,NaN,NaN,NaN,24.0,NaN,NaN,NaN,24.0,NaN,NaN,NaN,24.0,NaN,NaN,NaN,24.0,NaN,NaN,NaN,24.0,NaN,NaN,NaN,24.0,NaN,NaN,NaN,24.0,NaN,NaN,NaN,24.0,NaN,NaN,NaN,24.0,NaN,NaN,NaN,24.0,NaN,NaN,NaN,24.0,NaN,NaN,NaN,24.0,NaN,NaN,NaN,24.0,NaN,NaN,NaN,24.0,NaN,NaN,NaN,24.0,NaN,NaN,NaN,24.0,NaN,NaN,NaN,24.0,NaN,NaN,NaN,24.0,NaN,NaN,NaN,24.0,NaN,NaN,NaN,24.0,NaN,NaN,NaN,24.0,NaN,NaN,NaN,24.0,NaN,NaN,NaN,24.0,NaN,NaN,NaN,24.0,NaN,NaN,NaN,24.0,NaN,NaN,NaN,24.0,NaN,NaN,NaN,24.0,91.0,0.0,1.0,0.0,-4.75,1.0,0.0,1.0,1.0,0.0,0.0,0.0,0.0,0.0,0.0,0.0,1.0,0.0,0.0,0.0,1.0,0.0,NaN,NaN,NaN,2.0,NaN,NaN,NaN
77.0,NaN,-20.0,0.0,91.0,NaN,-8.0,0.0,36.83,NaN,0.0,0.0,98.0,NaN,-72.0,0.0,63.0,NaN,-30.0,0.0,59.0,NaN,-11.0,0.0,37.0,NaN,9.0,0.0,NaN,NaN,NaN,24.0,NaN,NaN,NaN,24.0,NaN,NaN,NaN,24.0,0.5,NaN,0.0,0.0,NaN,NaN,NaN,24.0,NaN,NaN,NaN,24.0,NaN,NaN,NaN,24.0,NaN,NaN,NaN,24.0,NaN,NaN,NaN,24.0,NaN,NaN,NaN,24.0,NaN,NaN,NaN,24.0,NaN,NaN,NaN,24.0,NaN,NaN,NaN,24.0,NaN,NaN,NaN,24.0,NaN,NaN,NaN,24.0,NaN,NaN,NaN,24.0,NaN,NaN,NaN,24.0,NaN,NaN,NaN,24.0,NaN,NaN,NaN,24.0,NaN,NaN,NaN,24.0,NaN,NaN,NaN,24.0,NaN,NaN,NaN,24.0,NaN,NaN,NaN,24.0,NaN,NaN,NaN,24.0,NaN,NaN,NaN,24.0,NaN,NaN,NaN,24.0,NaN,NaN,NaN,24.0,91.0,0.0,1.0,0.0,-4.75,2.0,0.0,1.0,0.0,0.0,2.0,0.0,0.0,1.0,0.0,0.0,1.0,0.0,0.0,0.0,1.0,0.0,NaN,NaN,NaN,2.0,NaN,NaN,NaN
68.0,NaN,-9.0,0.0,92.0,NaN,1.0,0.0,36.83,NaN,0.0,1.0,140.0,NaN,42.0,0.0,97.0,NaN,34.0,0.0,88.0,NaN,29.0,0.0,27.0,NaN,-10.0,0.0,NaN,NaN,NaN,24.0,NaN,NaN,NaN,24.0,NaN,NaN,NaN,24.0,0.5,NaN,0.0,1.0,NaN,NaN,NaN,24.0,NaN,NaN,NaN,24.0,NaN,NaN,NaN,24.0,NaN,NaN,NaN,24.0,NaN,NaN,NaN,24.0,NaN,NaN,NaN,24.0,NaN,NaN,NaN,24.0,NaN,NaN,NaN,24.0,NaN,NaN,NaN,24.0,NaN,NaN,NaN,24.0,NaN,NaN,NaN,24.0,NaN,NaN,NaN,24.0,NaN,NaN,NaN,24.0,NaN,NaN,NaN,24.0,NaN,NaN,NaN,24.0,NaN,NaN,NaN,24.0,NaN,NaN,NaN,24.0,NaN,NaN,NaN,24.0,NaN,NaN,NaN,24.0,NaN,NaN,NaN,24.0,NaN,NaN,NaN,24.0,NaN,NaN,NaN,24.0,NaN,NaN,NaN,24.0,91.0,0.0,1.0,0.0,-4.75,3.0,0.0,1.0,0.0,0.0,0.0,0.0,0.0,0.0,0.0,0.0,1.0,0.0,0.0,0.0,1.0,0.0,NaN,NaN,NaN,2.0,NaN,NaN,NaN
77.0,NaN,9.0,0.0,90.0,NaN,-2.0,0.0,36.83,NaN,0.0,2.0,124.0,NaN,-16.0,0.0,97.0,NaN,0.0,0.0,88.0,NaN,0.0,0.0,37.0,NaN,10.0,0.0,NaN,NaN,NaN,24.0,NaN,NaN,NaN,24.0,NaN,NaN,NaN,24.0,1.0,NaN,0.25,0.0,NaN,NaN,NaN,24.0,NaN,NaN,NaN,24.0,NaN,NaN,NaN,24.0,NaN,NaN,NaN,24.0,NaN,NaN,NaN,24.0,NaN,NaN,NaN,24.0,NaN,NaN,NaN,24.0,NaN,NaN,NaN,24.0,NaN,NaN,NaN,24.0,NaN,NaN,NaN,24.0,NaN,NaN,NaN,24.0,NaN,NaN,NaN,24.0,NaN,NaN,NaN,24.0,NaN,NaN,NaN,24.0,NaN,NaN,NaN,24.0,NaN,NaN,NaN,24.0,NaN,NaN,NaN,24.0,NaN,NaN,NaN,24.0,NaN,NaN,NaN,24.0,NaN,NaN,NaN,24.0,NaN,NaN,NaN,24.0,NaN,NaN,NaN,24.0,NaN,NaN,NaN,24.0,91.0,0.0,1.0,0.0,-4.75,4.0,0.0,1.0,0.0,0.0,3.0,0.0,0.0,0.0,0.0,0.0,0.0,0.0,0.0,0.0,1.0,0.0,NaN,NaN,NaN,2.0,NaN,NaN,NaN
74.0,NaN,-3.0,0.0,96.0,NaN,6.0,0.0,36.83,NaN,0.0,3.0,171.0,NaN,47.0,0.0,92.0,NaN,-5.0,0.0,64.0,NaN,-24.0,0.0,29.0,NaN,-8.0,0.0,NaN,NaN,NaN,24.0,NaN,NaN,NaN,24.0,NaN,NaN,NaN,24.0,1.0,NaN,0.16666666666666666,1.0,NaN,NaN,NaN,24.0,NaN,NaN,NaN,24.0,NaN,NaN,NaN,24.0,NaN,NaN,NaN,24.0,NaN,NaN,NaN,24.0,NaN,NaN,NaN,24.0,NaN,NaN,NaN,24.0,NaN,NaN,NaN,24.0,NaN,NaN,NaN,24.0,NaN,NaN,NaN,24.0,NaN,NaN,NaN,24.0,NaN,NaN,NaN,24.0,NaN,NaN,NaN,24.0,NaN,NaN,NaN,24.0,NaN,NaN,NaN,24.0,NaN,NaN,NaN,24.0,NaN,NaN,NaN,24.0,NaN,NaN,NaN,24.0,NaN,NaN,NaN,24.0,NaN,NaN,NaN,24.0,NaN,NaN,NaN,24.0,NaN,NaN,NaN,24.0,NaN,NaN,NaN,24.0,91.0,0.0,1.0,0.0,-4.75,5.0,0.0,1.0,0.0,0.0,0.0,0.0,0.0,0.0,0.0,0.0,1.0,0.0,0.0,0.0,1.0,0.0,NaN,NaN,NaN,2.0,NaN,NaN,NaN
80.0,NaN,6.0,0.0,89.0,NaN,-7.0,0.0,36.83,NaN,0.0,4.0,176.0,NaN,5.0,0.0,105.0,NaN,13.0,0.0,82.0,NaN,18.0,0.0,36.0,NaN,7.0,0.0,NaN,NaN,NaN,24.0,NaN,NaN,NaN,24.0,NaN,NaN,NaN,24.0,1.0,NaN,0.0,0.0,NaN,NaN,NaN,24.0,NaN,NaN,NaN,24.0,NaN,NaN,NaN,24.0,NaN,NaN,NaN,24.0,NaN,NaN,NaN,24.0,NaN,NaN,NaN,24.0,NaN,NaN,NaN,24.0,NaN,NaN,NaN,24.0,NaN,NaN,NaN,24.0,NaN,NaN,NaN,24.0,NaN,NaN,NaN,24.0,NaN,NaN,NaN,24.0,NaN,NaN,NaN,24.0,NaN,NaN,NaN,24.0,NaN,NaN,NaN,24.0,NaN,NaN,NaN,24.0,NaN,NaN,NaN,24.0,NaN,NaN,NaN,24.0,NaN,NaN,NaN,24.0,NaN,NaN,NaN,24.0,NaN,NaN,NaN,24.0,NaN,NaN,NaN,24.0,NaN,NaN,NaN,24.0,91.0,0.0,1.0,0.0,-4.75,6.0,0.0,1.0,0.0,0.0,3.0,0.0,0.0,0.0,0.0,0.0,0.0,0.0,0.0,0.0,1.0,0.0,NaN,NaN,NaN,2.0,NaN,NaN,NaN
68.0,NaN,-12.0,0.0,92.0,NaN,3.0,0.0,36.83,NaN,0.0,5.0,148.0,NaN,-28.0,0.0,71.0,NaN,-34.0,0.0,47.0,NaN,-35.0,0.0,23.0,NaN,-13.0,0.0,NaN,NaN,NaN,24.0,NaN,NaN,NaN,24.0,NaN,NaN,NaN,24.0,1.0,NaN,0.0,1.0,NaN,NaN,NaN,24.0,NaN,NaN,NaN,24.0,NaN,NaN,NaN,24.0,NaN,NaN,NaN,24.0,NaN,NaN,NaN,24.0,NaN,NaN,NaN,24.0,NaN,NaN,NaN,24.0,NaN,NaN,NaN,24.0,NaN,NaN,NaN,24.0,NaN,NaN,NaN,24.0,NaN,NaN,NaN,24.0,NaN,NaN,NaN,24.0,NaN,NaN,NaN,24.0,NaN,NaN,NaN,24.0,NaN,NaN,NaN,24.0,NaN,NaN,NaN,24.0,NaN,NaN,NaN,24.0,NaN,NaN,NaN,24.0,NaN,NaN,NaN,24.0,NaN,NaN,NaN,24.0,NaN,NaN,NaN,24.0,NaN,NaN,NaN,24.0,NaN,NaN,NaN,24.0,91.0,0.0,1.0,0.0,-4.75,7.0,0.0,1.0,0.0,0.0,0.0,0.0,0.0,0.0,0.0,0.0,1.0,0.0,0.0,0.0,1.0,0.0,NaN,NaN,NaN,2.0,NaN,NaN,NaN
70.0,NaN,2.0,0.0,99.0,NaN,7.0,0.0,36.83,NaN,0.0,6.0,131.0,NaN,-17.0,0.0,67.0,NaN,-4.0,0.0,43.0,NaN,-4.0,0.0,22.0,NaN,-1.0,0.0,NaN,NaN,NaN,24.0,NaN,NaN,NaN,24.0,NaN,NaN,NaN,24.0,1.0,NaN,0.0,2.0,NaN,NaN,NaN,24.0,NaN,NaN,NaN,24.0,NaN,NaN,NaN,24.0,NaN,NaN,NaN,24.0,NaN,NaN,NaN,24.0,NaN,NaN,NaN,24.0,NaN,NaN,NaN,24.0,NaN,NaN,NaN,24.0,NaN,NaN,NaN,24.0,NaN,NaN,NaN,24.0,NaN,NaN,NaN,24.0,NaN,NaN,NaN,24.0,NaN,NaN,NaN,24.0,NaN,NaN,NaN,24.0,NaN,NaN,NaN,24.0,NaN,NaN,NaN,24.0,NaN,NaN,NaN,24.0,NaN,NaN,NaN,24.0,NaN,NaN,NaN,24.0,NaN,NaN,NaN,24.0,NaN,NaN,NaN,24.0,NaN,NaN,NaN,24.0,NaN,NaN,NaN,24.0,91.0,0.0,1.0,0.0,-4.75,8.0,0.0,1.0,0.0,0.0,0.0,0.0,0.0,0.0,0.0,0.0,1.0,0.0,0.0,0.0,1.0,0.0,NaN,NaN,NaN,2.0,NaN,NaN,NaN
77.0,NaN,7.0,0.0,99.0,NaN,0.0,0.0,36.83,NaN,0.0,7.0,148.0,NaN,17.0,0.0,75.0,NaN,8.0,0.0,51.0,NaN,8.0,0.0,35.0,NaN,13.0,0.0,NaN,NaN,NaN,24.0,NaN,NaN,NaN,24.0,NaN,NaN,NaN,24.0,1.0,NaN,0.0,3.0,NaN,NaN,NaN,24.0,NaN,NaN,NaN,24.0,NaN,NaN,NaN,24.0,NaN,NaN,NaN,24.0,NaN,NaN,NaN,24.0,NaN,NaN,NaN,24.0,NaN,NaN,NaN,24.0,NaN,NaN,NaN,24.0,NaN,NaN,NaN,24.0,NaN,NaN,NaN,24.0,NaN,NaN,NaN,24.0,NaN,NaN,NaN,24.0,NaN,NaN,NaN,24.0,NaN,NaN,NaN,24.0,NaN,NaN,NaN,24.0,NaN,NaN,NaN,24.0,NaN,NaN,NaN,24.0,NaN,NaN,NaN,24.0,NaN,NaN,NaN,24.0,NaN,NaN,NaN,24.0,NaN,NaN,NaN,24.0,NaN,NaN,NaN,24.0,NaN,NaN,NaN,24.0,91.0,0.0,1.0,0.0,-4.75,9.0,0.0,1.0,0.0,0.0,0.0,0.0,0.0,0.0,0.0,0.0,1.0,0.0,0.0,0.0,1.0,0.0,NaN,NaN,NaN,2.0,NaN,NaN,NaN
82.0,NaN,5.0,0.0,96.0,NaN,-3.0,0.0,36.44,NaN,-0.04875000000000007,0.0,164.0,NaN,16.0,0.0,81.0,NaN,6.0,0.0,52.0,NaN,1.0,0.0,35.0,NaN,0.0,0.0,NaN,NaN,NaN,24.0,NaN,NaN,NaN,24.0,27.0,NaN,0.0,0.0,1.0,NaN,0.0,0.0,NaN,NaN,NaN,24.0,NaN,NaN,NaN,24.0,NaN,NaN,NaN,24.0,NaN,NaN,NaN,24.0,27.0,NaN,0.0,0.0,NaN,NaN,NaN,24.0,8.2,NaN,0.0,0.0,106.0,NaN,0.0,0.0,0.9,NaN,0.0,0.0,NaN,NaN,NaN,24.0,121.0,NaN,0.0,0.0,NaN,NaN,NaN,24.0,1.9,NaN,0.0,0.0,4.1,NaN,0.0,0.0,5.0,NaN,0.0,0.0,NaN,NaN,NaN,24.0,NaN,NaN,NaN,24.0,30.1,NaN,0.0,0.0,8.9,NaN,0.0,0.0,34.1,NaN,0.0,0.0,55.1,NaN,0.0,0.0,NaN,NaN,NaN,24.0,130.0,NaN,0.0,0.0,91.0,0.0,1.0,0.0,-4.75,10.0,0.0,1.0,0.0,1.0,3.0,1.0,0.0,0.0,0.0,0.0,0.0,0.0,0.0,0.0,1.0,0.0,NaN,NaN,NaN,2.0,NaN,NaN,NaN
89.0,NaN,7.0,0.0,90.0,NaN,-6.0,0.0,36.44,NaN,-0.0433333333333334,1.0,145.0,NaN,-19.0,0.0,74.0,NaN,-7.0,0.0,52.0,NaN,0.0,0.0,37.0,NaN,2.0,0.0,NaN,NaN,NaN,24.0,NaN,NaN,NaN,24.0,27.0,NaN,0.0,1.0,1.0,NaN,0.0,1.0,NaN,NaN,NaN,24.0,NaN,NaN,NaN,24.0,NaN,NaN,NaN,24.0,NaN,NaN,NaN,24.0,27.0,NaN,0.0,1.0,NaN,NaN,NaN,24.0,8.2,NaN,0.0,1.0,106.0,NaN,0.0,1.0,0.9,NaN,0.0,1.0,NaN,NaN,NaN,24.0,121.0,NaN,0.0,1.0,NaN,NaN,NaN,24.0,1.9,NaN,0.0,1.0,4.1,NaN,0.0,1.0,5.0,NaN,0.0,1.0,NaN,NaN,NaN,24.0,NaN,NaN,NaN,24.0,30.1,NaN,0.0,1.0,8.9,NaN,0.0,1.0,34.1,NaN,0.0,1.0,55.1,NaN,0.0,1.0,NaN,NaN,NaN,24.0,130.0,NaN,0.0,1.0,91.0,0.0,1.0,0.0,-4.75,11.0,0.0,1.0,0.0,1.0,0.0,0.0,0.0,0.0,0.0,0.0,1.0,0.0,0.0,0.0,1.0,0.0,NaN,NaN,NaN,2.0,NaN,NaN,NaN
80.0,NaN,-9.0,0.0,100.0,NaN,10.0,0.0,36.44,NaN,-0.039000000000000055,2.0,127.0,NaN,-18.0,0.0,59.0,NaN,-15.0,0.0,44.0,NaN,-8.0,0.0,32.0,NaN,-5.0,0.0,NaN,NaN,NaN,24.0,NaN,NaN,NaN,24.0,27.0,NaN,0.0,2.0,1.0,NaN,0.0,2.0,NaN,NaN,NaN,24.0,NaN,NaN,NaN,24.0,NaN,NaN,NaN,24.0,NaN,NaN,NaN,24.0,27.0,NaN,0.0,2.0,NaN,NaN,NaN,24.0,8.2,NaN,0.0,2.0,106.0,NaN,0.0,2.0,0.9,NaN,0.0,2.0,NaN,NaN,NaN,24.0,121.0,NaN,0.0,2.0,NaN,NaN,NaN,24.0,1.9,NaN,0.0,2.0,4.1,NaN,0.0,2.0,5.0,NaN,0.0,2.0,NaN,NaN,NaN,24.0,NaN,NaN,NaN,24.0,30.1,NaN,0.0,2.0,8.9,NaN,0.0,2.0,34.1,NaN,0.0,2.0,55.1,NaN,0.0,2.0,NaN,NaN,NaN,24.0,130.0,NaN,0.0,2.0,91.0,0.0,1.0,0.0,-4.75,12.0,0.0,1.0,0.0,1.0,0.0,0.0,0.0,1.0,0.0,0.0,1.0,0.0,0.0,0.0,1.0,0.0,NaN,NaN,NaN,2.0,NaN,NaN,NaN
80.0,NaN,-4.5,1.0,100.0,NaN,5.0,1.0,36.44,NaN,-0.03545454545454551,3.0,127.0,NaN,-9.0,1.0,59.0,NaN,-7.5,1.0,44.0,NaN,-4.0,1.0,32.0,NaN,-2.5,1.0,NaN,NaN,NaN,24.0,NaN,NaN,NaN,24.0,27.0,NaN,0.0,3.0,1.0,NaN,0.0,3.0,NaN,NaN,NaN,24.0,NaN,NaN,NaN,24.0,NaN,NaN,NaN,24.0,NaN,NaN,NaN,24.0,27.0,NaN,0.0,3.0,NaN,NaN,NaN,24.0,8.2,NaN,0.0,3.0,106.0,NaN,0.0,3.0,0.9,NaN,0.0,3.0,NaN,NaN,NaN,24.0,121.0,NaN,0.0,3.0,NaN,NaN,NaN,24.0,1.9,NaN,0.0,3.0,4.1,NaN,0.0,3.0,5.0,NaN,0.0,3.0,NaN,NaN,NaN,24.0,NaN,NaN,NaN,24.0,30.1,NaN,0.0,3.0,8.9,NaN,0.0,3.0,34.1,NaN,0.0,3.0,55.1,NaN,0.0,3.0,NaN,NaN,NaN,24.0,130.0,NaN,0.0,3.0,91.0,0.0,1.0,0.0,-4.75,13.0,0.0,1.0,0.0,1.0,0.0,0.0,0.0,0.0,0.0,0.0,1.0,0.0,0.0,0.0,1.0,0.0,NaN,NaN,NaN,2.0,NaN,NaN,NaN
80.0,NaN,-3.0,2.0,100.0,NaN,3.3333333333333335,2.0,36.44,NaN,-0.03250000000000005,4.0,127.0,NaN,-6.0,2.0,59.0,NaN,-5.0,2.0,44.0,NaN,-2.6666666666666665,2.0,32.0,NaN,-1.6666666666666667,2.0,NaN,NaN,NaN,24.0,NaN,NaN,NaN,24.0,27.0,NaN,0.0,4.0,1.0,NaN,0.0,4.0,NaN,NaN,NaN,24.0,NaN,NaN,NaN,24.0,NaN,NaN,NaN,24.0,NaN,NaN,NaN,24.0,27.0,NaN,0.0,4.0,NaN,NaN,NaN,24.0,8.2,NaN,0.0,4.0,106.0,NaN,0.0,4.0,0.9,NaN,0.0,4.0,NaN,NaN,NaN,24.0,121.0,NaN,0.0,4.0,NaN,NaN,NaN,24.0,1.9,NaN,0.0,4.0,4.1,NaN,0.0,4.0,5.0,NaN,0.0,4.0,NaN,NaN,NaN,24.0,NaN,NaN,NaN,24.0,30.1,NaN,0.0,4.0,8.9,NaN,0.0,4.0,34.1,NaN,0.0,4.0,55.1,NaN,0.0,4.0,NaN,NaN,NaN,24.0,130.0,NaN,0.0,4.0,91.0,0.0,1.0,0.0,-4.75,14.0,0.0,1.0,0.0,1.0,0.0,0.0,0.0,0.0,0.0,0.0,1.0,0.0,0.0,0.0,1.0,0.0,NaN,NaN,NaN,2.0,NaN,NaN,NaN
80.0,NaN,-2.25,3.0,100.0,NaN,2.5,3.0,36.44,NaN,-0.030000000000000044,5.0,127.0,NaN,-4.5,3.0,59.0,NaN,-3.75,3.0,44.0,NaN,-2.0,3.0,32.0,NaN,-1.25,3.0,NaN,NaN,NaN,24.0,NaN,NaN,NaN,24.0,27.0,NaN,0.0,5.0,1.0,NaN,0.0,5.0,NaN,NaN,NaN,24.0,NaN,NaN,NaN,24.0,NaN,NaN,NaN,24.0,NaN,NaN,NaN,24.0,27.0,NaN,0.0,5.0,NaN,NaN,NaN,24.0,8.2,NaN,0.0,5.0,106.0,NaN,0.0,5.0,0.9,NaN,0.0,5.0,NaN,NaN,NaN,24.0,121.0,NaN,0.0,5.0,NaN,NaN,NaN,24.0,1.9,NaN,0.0,5.0,4.1,NaN,0.0,5.0,5.0,NaN,0.0,5.0,NaN,NaN,NaN,24.0,NaN,NaN,NaN,24.0,30.1,NaN,0.0,5.0,8.9,NaN,0.0,5.0,34.1,NaN,0.0,5.0,55.1,NaN,0.0,5.0,NaN,NaN,NaN,24.0,130.0,NaN,0.0,5.0,91.0,0.0,1.0,0.0,-4.75,15.0,0.0,1.0,0.0,1.0,0.0,0.0,0.0,0.0,0.0,0.0,1.0,0.0,0.0,0.0,1.0,0.0,NaN,NaN,NaN,2.0,NaN,NaN,NaN
80.0,NaN,-1.8,4.0,100.0,NaN,2.0,4.0,36.44,NaN,-0.027857142857142896,6.0,127.0,NaN,-3.6,4.0,59.0,NaN,-3.0,4.0,44.0,NaN,-1.6,4.0,32.0,NaN,-1.0,4.0,NaN,NaN,NaN,24.0,NaN,NaN,NaN,24.0,27.0,NaN,0.0,6.0,1.0,NaN,0.0,6.0,NaN,NaN,NaN,24.0,NaN,NaN,NaN,24.0,NaN,NaN,NaN,24.0,NaN,NaN,NaN,24.0,27.0,NaN,0.0,6.0,NaN,NaN,NaN,24.0,8.2,NaN,0.0,6.0,106.0,NaN,0.0,6.0,0.9,NaN,0.0,6.0,NaN,NaN,NaN,24.0,121.0,NaN,0.0,6.0,NaN,NaN,NaN,24.0,1.9,NaN,0.0,6.0,4.1,NaN,0.0,6.0,5.0,NaN,0.0,6.0,NaN,NaN,NaN,24.0,NaN,NaN,NaN,24.0,30.1,NaN,0.0,6.0,8.9,NaN,0.0,6.0,34.1,NaN,0.0,6.0,55.1,NaN,0.0,6.0,NaN,NaN,NaN,24.0,130.0,NaN,0.0,6.0,91.0,0.0,1.0,0.0,-4.75,16.0,0.0,1.0,0.0,1.0,0.0,0.0,0.0,0.0,0.0,0.0,1.0,0.0,0.0,0.0,1.0,0.0,NaN,NaN,NaN,2.0,NaN,NaN,NaN
