73.0,NaN,NaN,24.0,96.0,NaN,NaN,24.0,NaN,NaN,NaN,24.0,126.0,NaN,NaN,24.0,113.0,NaN,NaN,24.0,109.0,NaN,NaN,24.0,24.0,NaN,NaN,24.0,NaN,NaN,NaN,24.0,NaN,NaN,NaN,24.0,21.0,NaN,NaN,24.0,NaN,NaN,NaN,24.0,NaN,NaN,NaN,24.0,NaN,NaN,NaN,24.0,NaN,NaN,NaN,24.0,NaN,NaN,NaN,24.0,12.0,NaN,NaN,24.0,NaN,NaN,NaN,24.0,9.1,NaN,NaN,24.0,106.0,NaN,NaN,24.0,0.7,NaN,NaN,24.0,NaN,NaN,NaN,24.0,124.0,NaN,NaN,24.0,NaN,NaN,NaN,24.0,2.1,NaN,NaN,24.0,3.3,NaN,NaN,24.0,4.4,NaN,NaN,24.0,NaN,NaN,NaN,24.0,NaN,NaN,NaN,24.0,41.3,NaN,NaN,24.0,14.2,NaN,NaN,24.0,31.9,NaN,NaN,24.0,12.7,NaN,NaN,24.0,NaN,NaN,NaN,24.0,255.0,NaN,NaN,24.0,54.0,1.0,0.0,1.0,0.0,1.0,0.0,1.0,0.0,1.0,0.0,0.0,0.0,0.0,0.0,0.0,1.0,0.0,0.0,0.0,0.0,0.0,NaN,NaN,NaN,2.0,NaN,NaN,NaN
68.0,NaN,-5.0,0.0,96.0,NaN,0.0,0.0,NaN,NaN,NaN,24.0,157.0,NaN,31.0,0.0,106.0,NaN,-7.0,0.0,93.0,NaN,-16.0,0.0,17.0,NaN,-7.0,0.0,NaN,NaN,NaN,24.0,NaN,NaN,NaN,24.0,21.0,NaN,0.0,1.0,NaN,NaN,NaN,24.0,NaN,NaN,NaN,24.0,NaN,NaN,NaN,24.0,NaN,NaN,NaN,24.0,NaN,NaN,NaN,24.0,12.0,NaN,0.0,1.0,NaN,NaN,NaN,24.0,9.1,NaN,0.0,1.0,106.0,NaN,0.0,1.0,0.7,NaN,0.0,1.0,NaN,NaN,NaN,24.0,124.0,NaN,0.0,1.0,NaN,NaN,NaN,24.0,2.1,NaN,0.0,1.0,3.3,NaN,0.0,1.0,4.4,NaN,0.0,1.0,NaN,NaN,NaN,24.0,NaN,NaN,NaN,24.0,41.3,NaN,0.0,1.0,14.2,NaN,0.0,1.0,31.9,NaN,0.0,1.0,12.7,NaN,0.0,1.0,NaN,NaN,NaN,24.0,255.0,NaN,0.0,1.0,54.0,1.0,0.0,1.0,0.0,2.0,0.0,0.0,0.0,1.0,0.0,0.0,0.0,0.0,0.0,0.0,1.0,0.0,0.0,0.0,0.0,0.0,NaN,NaN,NaN,2.0,NaN,NaN,NaN
62.5,NaN,-5.5,0.0,96.0,NaN,0.0,0.0,36.72,NaN,0.0,0.0,139.0,NaN,-18.0,0.0,103.0,NaN,-3.0,0.0,92.0,NaN,-1.0,0.0,20.5,NaN,3.5,0.0,NaN,NaN,NaN,24.0,NaN,NaN,NaN,24.0,21.0,NaN,0.0,2.0,NaN,NaN,NaN,24.0,NaN,NaN,NaN,24.0,NaN,NaN,NaN,24.0,NaN,NaN,NaN,24.0,NaN,NaN,NaN,24.0,12.0,NaN,0.0,2.0,NaN,NaN,NaN,24.0,9.1,NaN,0.0,2.0,106.0,NaN,0.0,2.0,0.7,NaN,0.0,2.0,NaN,NaN,NaN,24.0,124.0,NaN,0.0,2.0,NaN,NaN,NaN,24.0,2.1,NaN,0.0,2.0,3.3,NaN,0.0,2.0,4.4,NaN,0.0,2.0,NaN,NaN,NaN,24.0,NaN,NaN,NaN,24.0,41.3,NaN,0.0,2.0,14.2,NaN,0.0,2.0,31.9,NaN,0.0,2.0,12.7,NaN,0.0,2.0,NaN,NaN,NaN,24.0,255.0,NaN,0.0,2.0,54.0,1.0,0.0,1.0,0.0,3.0,0.0,1.0,0.0,1.0,0.0,0.0,0.0,0.0,0.0,0.0,1.0,0.0,0.0,0.0,0.0,0.0,NaN,NaN,NaN,2.0,NaN,NaN,NaN
56.0,NaN,-6.5,0.0,96.0,NaN,0.0,0.0,36.72,NaN,0.0,1.0,136.0,NaN,-3.0,0.0,98.0,NaN,-5.0,0.0,84.0,NaN,-8.0,0.0,18.0,NaN,-2.5,0.0,NaN,NaN,NaN,24.0,NaN,NaN,NaN,24.0,21.0,NaN,0.0,3.0,NaN,NaN,NaN,24.0,NaN,NaN,NaN,24.0,NaN,NaN,NaN,24.0,NaN,NaN,NaN,24.0,NaN,NaN,NaN,24.0,12.0,NaN,0.0,3.0,NaN,NaN,NaN,24.0,9.1,NaN,0.0,3.0,106.0,NaN,0.0,3.0,0.7,NaN,0.0,3.0,NaN,NaN,NaN,24.0,124.0,NaN,0.0,3.0,NaN,NaN,NaN,24.0,2.1,NaN,0.0,3.0,3.3,NaN,0.0,3.0,4.4,NaN,0.0,3.0,NaN,NaN,NaN,24.0,NaN,NaN,NaN,24.0,41.3,NaN,0.0,3.0,14.2,NaN,0.0,3.0,31.9,NaN,0.0,3.0,12.7,NaN,0.0,3.0,NaN,NaN,NaN,24.0,255.0,NaN,0.0,3.0,54.0,1.0,0.0,1.0,0.0,4.0,0.0,0.0,0.0,1.0,0.0,0.0,0.0,0.0,0.0,0.0,1.0,0.0,0.0,0.0,0.0,0.0,NaN,NaN,NaN,2.0,NaN,NaN,NaN
59.0,NaN,3.0,0.0,95.0,NaN,-1.0,0.0,36.72,NaN,0.0,2.0,134.0,NaN,-2.0,0.0,98.0,NaN,0.0,0.0,86.0,NaN,2.0,0.0,25.0,NaN,7.0,0.0,NaN,NaN,NaN,24.0,NaN,NaN,NaN,24.0,21.0,NaN,0.0,4.0,NaN,NaN,NaN,24.0,NaN,NaN,NaN,24.0,NaN,NaN,NaN,24.0,NaN,NaN,NaN,24.0,NaN,NaN,NaN,24.0,12.0,NaN,0.0,4.0,NaN,NaN,NaN,24.0,9.1,NaN,0.0,4.0,106.0,NaN,0.0,4.0,0.7,NaN,0.0,4.0,NaN,NaN,NaN,24.0,124.0,NaN,0.0,4.0,NaN,NaN,NaN,24.0,2.1,NaN,0.0,4.0,3.3,NaN,0.0,4.0,4.4,NaN,0.0,4.0,NaN,NaN,NaN,24.0,NaN,NaN,NaN,24.0,41.3,NaN,0.0,4.0,14.2,NaN,0.0,4.0,31.9,NaN,0.0,4.0,12.7,NaN,0.0,4.0,NaN,NaN,NaN,24.0,255.0,NaN,0.0,4.0,54.0,1.0,0.0,1.0,0.0,5.0,0.0,1.0,0.0,1.0,0.0,0.0,0.0,0.0,0.0,0.0,1.0,0.0,0.0,0.0,0.0,0.0,NaN,NaN,NaN,2.0,NaN,NaN,NaN
56.0,NaN,-3.0,0.0,96.0,NaN,1.0,0.0,36.78,NaN,0.020000000000000757,0.0,123.0,NaN,-11.0,0.0,94.0,NaN,-4.0,0.0,86.0,NaN,0.0,0.0,19.0,NaN,-6.0,0.0,NaN,NaN,NaN,24.0,NaN,NaN,NaN,24.0,21.0,NaN,0.0,5.0,NaN,NaN,NaN,24.0,NaN,NaN,NaN,24.0,NaN,NaN,NaN,24.0,NaN,NaN,NaN,24.0,NaN,NaN,NaN,24.0,12.0,NaN,0.0,5.0,NaN,NaN,NaN,24.0,9.1,NaN,0.0,5.0,106.0,NaN,0.0,5.0,0.7,NaN,0.0,5.0,NaN,NaN,NaN,24.0,124.0,NaN,0.0,5.0,NaN,NaN,NaN,24.0,2.1,NaN,0.0,5.0,3.3,NaN,0.0,5.0,4.4,NaN,0.0,5.0,NaN,NaN,NaN,24.0,NaN,NaN,NaN,24.0,41.3,NaN,0.0,5.0,14.2,NaN,0.0,5.0,31.9,NaN,0.0,5.0,12.7,NaN,0.0,5.0,NaN,NaN,NaN,24.0,255.0,NaN,0.0,5.0,54.0,1.0,0.0,1.0,0.0,6.0,0.0,0.0,0.0,1.0,0.0,0.0,0.0,0.0,0.0,0.0,1.0,0.0,0.0,0.0,0.0,0.0,NaN,NaN,NaN,2.0,NaN,NaN,NaN
55.0,NaN,-1.0,0.0,96.0,NaN,0.0,0.0,36.78,NaN,0.015000000000000568,1.0,130.0,NaN,7.0,0.0,104.0,NaN,10.0,0.0,96.0,NaN,10.0,0.0,29.0,NaN,10.0,0.0,NaN,NaN,NaN,24.0,NaN,NaN,NaN,24.0,21.0,NaN,0.0,6.0,NaN,NaN,NaN,24.0,NaN,NaN,NaN,24.0,NaN,NaN,NaN,24.0,NaN,NaN,NaN,24.0,NaN,NaN,NaN,24.0,12.0,NaN,0.0,6.0,NaN,NaN,NaN,24.0,9.1,NaN,0.0,6.0,106.0,NaN,0.0,6.0,0.7,NaN,0.0,6.0,NaN,NaN,NaN,24.0,124.0,NaN,0.0,6.0,NaN,NaN,NaN,24.0,2.1,NaN,0.0,6.0,3.3,NaN,0.0,6.0,4.4,NaN,0.0,6.0,NaN,NaN,NaN,24.0,NaN,NaN,NaN,24.0,41.3,NaN,0.0,6.0,14.2,NaN,0.0,6.0,31.9,NaN,0.0,6.0,12.7,NaN,0.0,6.0,NaN,NaN,NaN,24.0,255.0,NaN,0.0,6.0,54.0,1.0,0.0,1.0,0.0,7.0,0.0,1.0,0.0,1.0,0.0,0.0,0.0,0.0,0.0,0.0,1.0,0.0,0.0,0.0,0.0,0.0,NaN,NaN,NaN,2.0,NaN,NaN,NaN
55.0,NaN,0.0,0.0,98.0,NaN,2.0,0.0,36.78,NaN,0.012000000000000455,2.0,142.0,NaN,12.0,0.0,103.0,NaN,-1.0,0.0,92.0,NaN,-4.0,0.0,16.0,NaN,-13.0,0.0,NaN,NaN,NaN,24.0,NaN,NaN,NaN,24.0,21.0,NaN,0.0,7.0,NaN,NaN,NaN,24.0,NaN,NaN,NaN,24.0,NaN,NaN,NaN,24.0,NaN,NaN,NaN,24.0,NaN,NaN,NaN,24.0,12.0,NaN,0.0,7.0,NaN,NaN,NaN,24.0,9.1,NaN,0.0,7.0,106.0,NaN,0.0,7.0,0.7,NaN,0.0,7.0,NaN,NaN,NaN,24.0,124.0,NaN,0.0,7.0,NaN,NaN,NaN,24.0,2.1,NaN,0.0,7.0,3.3,NaN,0.0,7.0,4.4,NaN,0.0,7.0,NaN,NaN,NaN,24.0,NaN,NaN,NaN,24.0,41.3,NaN,0.0,7.0,14.2,NaN,0.0,7.0,31.9,NaN,0.0,7.0,12.7,NaN,0.0,7.0,NaN,NaN,NaN,24.0,255.0,NaN,0.0,7.0,54.0,1.0,0.0,1.0,0.0,8.0,0.0,0.0,0.0,1.0,0.0,0.0,0.0,0.0,0.0,0.0,1.0,0.0,0.0,0.0,0.0,0.0,NaN,NaN,NaN,2.0,NaN,NaN,NaN
55.0,NaN,0.0,0.0,95.0,NaN,-3.0,0.0,36.78,NaN,0.010000000000000378,3.0,132.0,NaN,-10.0,0.0,91.0,NaN,-12.0,0.0,77.0,NaN,-15.0,0.0,14.0,NaN,-2.0,0.0,NaN,NaN,NaN,24.0,NaN,NaN,NaN,24.0,21.0,NaN,0.0,8.0,NaN,NaN,NaN,24.0,NaN,NaN,NaN,24.0,NaN,NaN,NaN,24.0,NaN,NaN,NaN,24.0,NaN,NaN,NaN,24.0,12.0,NaN,0.0,8.0,NaN,NaN,NaN,24.0,9.1,NaN,0.0,8.0,106.0,NaN,0.0,8.0,0.7,NaN,0.0,8.0,NaN,NaN,NaN,24.0,124.0,NaN,0.0,8.0,NaN,NaN,NaN,24.0,2.1,NaN,0.0,8.0,3.3,NaN,0.0,8.0,4.4,NaN,0.0,8.0,NaN,NaN,NaN,24.0,NaN,NaN,NaN,24.0,41.3,NaN,0.0,8.0,14.2,NaN,0.0,8.0,31.9,NaN,0.0,8.0,12.7,NaN,0.0,8.0,NaN,NaN,NaN,24.0,255.0,NaN,0.0,8.0,54.0,1.0,0.0,1.0,0.0,9.0,0.0,0.0,0.0,1.0,0.0,0.0,0.0,0.0,0.0,0.0,1.0,0.0,0.0,0.0,0.0,0.0,NaN,NaN,NaN,2.0,NaN,NaN,NaN
65.0,NaN,10.0,0.0,96.0,NaN,1.0,0.0,36.94,NaN,0.03999999999999915,0.0,137.0,NaN,5.0,0.0,98.0,NaN,7.0,0.0,85.0,NaN,8.0,0.0,30.0,NaN,16.0,0.0,NaN,NaN,NaN,24.0,NaN,NaN,NaN,24.0,21.0,NaN,0.0,9.0,NaN,NaN,NaN,24.0,NaN,NaN,NaN,24.0,NaN,NaN,NaN,24.0,NaN,NaN,NaN,24.0,NaN,NaN,NaN,24.0,12.0,NaN,0.0,9.0,NaN,NaN,NaN,24.0,9.1,NaN,0.0,9.0,106.0,NaN,0.0,9.0,0.7,NaN,0.0,9.0,NaN,NaN,NaN,24.0,124.0,NaN,0.0,9.0,NaN,NaN,NaN,24.0,2.1,NaN,0.0,9.0,3.3,NaN,0.0,9.0,4.4,NaN,0.0,9.0,NaN,NaN,NaN,24.0,NaN,NaN,NaN,24.0,41.3,NaN,0.0,9.0,14.2,NaN,0.0,9.0,31.9,NaN,0.0,9.0,12.7,NaN,0.0,9.0,NaN,NaN,NaN,24.0,255.0,NaN,0.0,9.0,54.0,1.0,0.0,1.0,0.0,10.0,0.0,1.0,0.0,1.0,0.0,0.0,0.0,0.0,0.0,0.0,1.0,0.0,0.0,0.0,0.0,0.0,NaN,NaN,NaN,2.0,NaN,NaN,NaN
63.0,NaN,-2.0,0.0,95.0,NaN,-1.0,0.0,36.94,NaN,0.03199999999999932,1.0,142.0,NaN,5.0,0.0,103.0,NaN,5.0,0.0,90.0,NaN,5.0,0.0,19.0,NaN,-11.0,0.0,NaN,NaN,NaN,24.0,NaN,NaN,NaN,24.0,21.0,NaN,0.0,10.0,NaN,NaN,NaN,24.0,NaN,NaN,NaN,24.0,NaN,NaN,NaN,24.0,NaN,NaN,NaN,24.0,NaN,NaN,NaN,24.0,12.0,NaN,0.0,10.0,NaN,NaN,NaN,24.0,9.1,NaN,0.0,10.0,106.0,NaN,0.0,10.0,0.7,NaN,0.0,10.0,NaN,NaN,NaN,24.0,124.0,NaN,0.0,10.0,NaN,NaN,NaN,24.0,2.1,NaN,0.0,10.0,3.3,NaN,0.0,10.0,4.4,NaN,0.0,10.0,NaN,NaN,NaN,24.0,NaN,NaN,NaN,24.0,41.3,NaN,0.0,10.0,14.2,NaN,0.0,10.0,31.9,NaN,0.0,10.0,12.7,NaN,0.0,10.0,NaN,NaN,NaN,24.0,255.0,NaN,0.0,10.0,54.0,1.0,0.0,1.0,0.0,11.0,0.0,0.0,0.0,1.0,0.0,0.0,0.0,0.0,0.0,0.0,1.0,0.0,0.0,0.0,0.0,0.0,NaN,NaN,NaN,2.0,NaN,NaN,NaN
86.0,NaN,23.0,0.0,95.0,NaN,0.0,0.0,36.94,NaN,0.0266666666666661,2.0,157.0,NaN,15.0,0.0,109.0,NaN,6.0,0.0,90.0,NaN,0.0,0.0,25.0,NaN,6.0,0.0,NaN,NaN,NaN,24.0,NaN,NaN,NaN,24.0,21.0,NaN,0.0,11.0,NaN,NaN,NaN,24.0,NaN,NaN,NaN,24.0,NaN,NaN,NaN,24.0,NaN,NaN,NaN,24.0,NaN,NaN,NaN,24.0,12.0,NaN,0.0,11.0,NaN,NaN,NaN,24.0,9.1,NaN,0.0,11.0,106.0,NaN,0.0,11.0,0.7,NaN,0.0,11.0,NaN,NaN,NaN,24.0,124.0,NaN,0.0,11.0,NaN,NaN,NaN,24.0,2.1,NaN,0.0,11.0,3.3,NaN,0.0,11.0,4.4,NaN,0.0,11.0,NaN,NaN,NaN,24.0,NaN,NaN,NaN,24.0,41.3,NaN,0.0,11.0,14.2,NaN,0.0,11.0,31.9,NaN,0.0,11.0,12.7,NaN,0.0,11.0,NaN,NaN,NaN,24.0,255.0,NaN,0.0,11.0,54.0,1.0,0.0,1.0,0.0,12.0,0.0,1.0,0.0,1.0,0.0,0.0,0.0,0.0,0.0,0.0,1.0,0.0,0.0,0.0,0.0,0.0,NaN,NaN,NaN,2.0,NaN,NaN,NaN
47.0,NaN,-39.0,0.0,98.0,NaN,3.0,0.0,36.94,NaN,0.02285714285714237,3.0,137.0,NaN,-20.0,0.0,98.0,NaN,-11.0,0.0,86.0,NaN,-4.0,0.0,14.0,NaN,-11.0,0.0,NaN,NaN,NaN,24.0,NaN,NaN,NaN,24.0,21.0,NaN,0.0,12.0,NaN,NaN,NaN,24.0,NaN,NaN,NaN,24.0,NaN,NaN,NaN,24.0,NaN,NaN,NaN,24.0,NaN,NaN,NaN,24.0,12.0,NaN,0.0,12.0,NaN,NaN,NaN,24.0,9.1,NaN,0.0,12.0,106.0,NaN,0.0,12.0,0.7,NaN,0.0,12.0,NaN,NaN,NaN,24.0,124.0,NaN,0.0,12.0,NaN,NaN,NaN,24.0,2.1,NaN,0.0,12.0,3.3,NaN,0.0,12.0,4.4,NaN,0.0,12.0,NaN,NaN,NaN,24.0,NaN,NaN,NaN,24.0,41.3,NaN,0.0,12.0,14.2,NaN,0.0,12.0,31.9,NaN,0.0,12.0,12.7,NaN,0.0,12.0,NaN,NaN,NaN,24.0,255.0,NaN,0.0,12.0,54.0,1.0,0.0,1.0,0.0,13.0,0.0,0.0,0.0,1.0,0.0,0.0,0.0,0.0,0.0,0.0,1.0,0.0,0.0,0.0,0.0,0.0,NaN,NaN,NaN,2.0,NaN,NaN,NaN
58.0,NaN,11.0,0.0,97.0,NaN,-1.0,0.0,36.89,NaN,-0.01249999999999929,0.0,133.0,NaN,-4.0,0.0,92.0,NaN,-6.0,0.0,80.0,NaN,-6.0,0.0,18.0,NaN,4.0,0.0,NaN,NaN,NaN,24.0,NaN,NaN,NaN,24.0,21.0,NaN,0.0,13.0,NaN,NaN,NaN,24.0,NaN,NaN,NaN,24.0,NaN,NaN,NaN,24.0,NaN,NaN,NaN,24.0,NaN,NaN,NaN,24.0,12.0,NaN,0.0,13.0,NaN,NaN,NaN,24.0,9.1,NaN,0.0,13.0,106.0,NaN,0.0,13.0,0.7,NaN,0.0,13.0,NaN,NaN,NaN,24.0,124.0,NaN,0.0,13.0,NaN,NaN,NaN,24.0,2.1,NaN,0.0,13.0,3.3,NaN,0.0,13.0,4.4,NaN,0.0,13.0,NaN,NaN,NaN,24.0,NaN,NaN,NaN,24.0,41.3,NaN,0.0,13.0,14.2,NaN,0.0,13.0,31.9,NaN,0.0,13.0,12.7,NaN,0.0,13.0,NaN,NaN,NaN,24.0,255.0,NaN,0.0,13.0,54.0,1.0,0.0,1.0,0.0,14.0,0.0,0.0,0.0,1.0,0.0,0.0,0.0,0.0,0.0,0.0,1.0,0.0,0.0,0.0,0.0,0.0,NaN,NaN,NaN,2.0,NaN,NaN,NaN
61.0,NaN,3.0,0.0,95.0,NaN,-2.0,0.0,36.89,NaN,-0.009999999999999431,1.0,139.0,NaN,6.0,0.0,92.0,NaN,0.0,0.0,76.0,NaN,-4.0,0.0,28.0,NaN,10.0,0.0,NaN,NaN,NaN,24.0,NaN,NaN,NaN,24.0,21.0,NaN,0.0,14.0,NaN,NaN,NaN,24.0,NaN,NaN,NaN,24.0,NaN,NaN,NaN,24.0,NaN,NaN,NaN,24.0,NaN,NaN,NaN,24.0,12.0,NaN,0.0,14.0,NaN,NaN,NaN,24.0,9.1,NaN,0.0,14.0,106.0,NaN,0.0,14.0,0.7,NaN,0.0,14.0,NaN,NaN,NaN,24.0,124.0,NaN,0.0,14.0,NaN,NaN,NaN,24.0,2.1,NaN,0.0,14.0,3.3,NaN,0.0,14.0,4.4,NaN,0.0,14.0,NaN,NaN,NaN,24.0,NaN,NaN,NaN,24.0,41.3,NaN,0.0,14.0,14.2,NaN,0.0,14.0,31.9,NaN,0.0,14.0,12.7,NaN,0.0,14.0,NaN,NaN,NaN,24.0,255.0,NaN,0.0,14.0,54.0,1.0,0.0,1.0,0.0,15.0,0.0,1.0,0.0,1.0,0.0,0.0,0.0,0.0,0.0,0.0,1.0,0.0,0.0,0.0,0.0,0.0,NaN,NaN,NaN,2.0,NaN,NaN,NaN
