117.0,NaN,NaN,24.0,96.0,NaN,NaN,24.0,37.39,NaN,NaN,24.0,114.0,NaN,NaN,24.0,75.0,NaN,NaN,24.0,64.0,NaN,NaN,24.0,16.6666666666667,NaN,NaN,24.0,NaN,NaN,NaN,24.0,NaN,NaN,NaN,24.0,NaN,NaN,NaN,24.0,NaN,NaN,NaN,24.0,NaN,NaN,NaN,24.0,NaN,NaN,NaN,24.0,NaN,NaN,NaN,24.0,NaN,NaN,NaN,24.0,NaN,NaN,NaN,24.0,NaN,NaN,NaN,24.0,NaN,NaN,NaN,24.0,NaN,NaN,NaN,24.0,NaN,NaN,NaN,24.0,NaN,NaN,NaN,24.0,NaN,NaN,NaN,24.0,NaN,NaN,NaN,24.0,NaN,NaN,NaN,24.0,NaN,NaN,NaN,24.0,NaN,NaN,NaN,24.0,NaN,NaN,NaN,24.0,NaN,NaN,NaN,24.0,NaN,NaN,NaN,24.0,NaN,NaN,NaN,24.0,NaN,NaN,NaN,24.0,NaN,NaN,NaN,24.0,NaN,NaN,NaN,24.0,NaN,NaN,NaN,24.0,26.0,0.0,0.0,1.0,-57.5925,1.0,0.0,0.0,1.0,0.0,0.0,0.0,0.0,0.0,0.0,0.0,1.0,0.0,1.0,1.0,0.0,0.0,-1.0,6.0,6.0,6.0,NaN,NaN,NaN
115.0,NaN,-2.0,0.0,96.0,NaN,0.0,0.0,37.5,NaN,0.10999999999999943,0.0,112.0,NaN,-2.0,0.0,71.0,NaN,-4.0,0.0,60.0,NaN,-4.0,0.0,18.0,NaN,1.3333333333333002,0.0,NaN,NaN,NaN,24.0,NaN,NaN,NaN,24.0,NaN,NaN,NaN,24.0,NaN,NaN,NaN,24.0,NaN,NaN,NaN,24.0,NaN,NaN,NaN,24.0,NaN,NaN,NaN,24.0,NaN,NaN,NaN,24.0,NaN,NaN,NaN,24.0,NaN,NaN,NaN,24.0,NaN,NaN,NaN,24.0,NaN,NaN,NaN,24.0,NaN,NaN,NaN,24.0,NaN,NaN,NaN,24.0,NaN,NaN,NaN,24.0,NaN,NaN,NaN,24.0,NaN,NaN,NaN,24.0,NaN,NaN,NaN,24.0,NaN,NaN,NaN,24.0,NaN,NaN,NaN,24.0,NaN,NaN,NaN,24.0,NaN,NaN,NaN,24.0,NaN,NaN,NaN,24.0,NaN,NaN,NaN,24.0,NaN,NaN,NaN,24.0,NaN,NaN,NaN,24.0,NaN,NaN,NaN,24.0,26.0,0.0,0.0,1.0,-57.5925,2.0,0.0,0.0,1.0,0.0,0.0,0.0,0.0,0.0,0.0,0.0,1.0,0.0,1.0,1.0,0.0,0.0,-1.0,6.0,6.0,6.0,NaN,NaN,NaN
128.0,NaN,13.0,0.0,92.5,NaN,-3.5,0.0,37.5,NaN,0.054999999999999716,1.0,108.5,NaN,-3.5,0.0,74.5,NaN,3.5,0.0,62.0,NaN,2.0,0.0,22.0,NaN,4.0,0.0,NaN,NaN,NaN,24.0,NaN,NaN,NaN,24.0,NaN,NaN,NaN,24.0,NaN,NaN,NaN,24.0,NaN,NaN,NaN,24.0,NaN,NaN,NaN,24.0,NaN,NaN,NaN,24.0,NaN,NaN,NaN,24.0,NaN,NaN,NaN,24.0,NaN,NaN,NaN,24.0,NaN,NaN,NaN,24.0,NaN,NaN,NaN,24.0,NaN,NaN,NaN,24.0,NaN,NaN,NaN,24.0,NaN,NaN,NaN,24.0,NaN,NaN,NaN,24.0,NaN,NaN,NaN,24.0,NaN,NaN,NaN,24.0,NaN,NaN,NaN,24.0,NaN,NaN,NaN,24.0,NaN,NaN,NaN,24.0,NaN,NaN,NaN,24.0,NaN,NaN,NaN,24.0,NaN,NaN,NaN,24.0,NaN,NaN,NaN,24.0,NaN,NaN,NaN,24.0,NaN,NaN,NaN,24.0,26.0,0.0,0.0,1.0,-57.5925,3.0,0.0,1.0,1.0,0.0,0.0,0.0,0.0,0.0,0.0,0.0,1.0,1.0,1.0,1.0,0.0,0.0,-1.0,6.0,6.0,6.0,NaN,NaN,NaN
118.0,NaN,-10.0,0.0,90.0,NaN,-2.5,0.0,37.5,NaN,0.03666666666666648,2.0,121.0,NaN,12.5,0.0,72.0,NaN,-2.5,0.0,56.0,NaN,-6.0,0.0,22.0,NaN,0.0,0.0,NaN,NaN,NaN,24.0,NaN,NaN,NaN,24.0,31.0,NaN,0.0,0.0,NaN,NaN,NaN,24.0,NaN,NaN,NaN,24.0,NaN,NaN,NaN,24.0,NaN,NaN,NaN,24.0,NaN,NaN,NaN,24.0,6.0,NaN,0.0,0.0,NaN,NaN,NaN,24.0,8.6,NaN,0.0,0.0,102.0,NaN,0.0,0.0,0.7,NaN,0.0,0.0,NaN,NaN,NaN,24.0,93.0,NaN,0.0,0.0,NaN,NaN,NaN,24.0,1.9,NaN,0.0,0.0,1.8,NaN,0.0,0.0,4.3,NaN,0.0,0.0,NaN,NaN,NaN,24.0,NaN,NaN,NaN,24.0,31.8,NaN,0.0,0.0,11.0,NaN,0.0,0.0,NaN,NaN,NaN,24.0,11.9,NaN,0.0,0.0,NaN,NaN,NaN,24.0,360.0,NaN,0.0,0.0,26.0,0.0,0.0,1.0,-57.5925,4.0,0.0,1.0,1.0,0.0,0.0,0.0,0.0,0.0,0.0,0.0,1.0,1.0,1.0,1.0,0.0,0.0,-1.0,6.0,6.0,6.0,NaN,NaN,NaN
117.0,NaN,-1.0,0.0,94.0,NaN,4.0,0.0,37.5,NaN,0.027499999999999858,3.0,125.5,NaN,4.5,0.0,88.0,NaN,16.0,0.0,72.0,NaN,16.0,0.0,22.0,NaN,0.0,0.0,NaN,NaN,NaN,24.0,4.0,NaN,0.0,0.0,31.0,NaN,0.0,1.0,NaN,NaN,NaN,24.0,7.38,NaN,0.0,0.0,54.0,NaN,0.0,0.0,NaN,NaN,NaN,24.0,NaN,NaN,NaN,24.0,6.0,NaN,0.0,1.0,NaN,NaN,NaN,24.0,8.6,NaN,0.0,1.0,102.0,NaN,0.0,1.0,0.7,NaN,0.0,1.0,NaN,NaN,NaN,24.0,93.0,NaN,0.0,1.0,0.8,NaN,0.0,0.0,1.9,NaN,0.0,1.0,1.8,NaN,0.0,1.0,4.3,NaN,0.0,1.0,NaN,NaN,NaN,24.0,NaN,NaN,NaN,24.0,31.8,NaN,0.0,1.0,11.0,NaN,0.0,1.0,NaN,NaN,NaN,24.0,11.9,NaN,0.0,1.0,NaN,NaN,NaN,24.0,360.0,NaN,0.0,1.0,26.0,0.0,0.0,1.0,-57.5925,5.0,0.0,1.0,1.0,0.0,0.0,0.0,0.0,0.0,0.0,0.0,0.0,1.0,1.0,1.0,0.0,0.0,-1.0,6.0,6.0,6.0,NaN,NaN,NaN
122.0,NaN,5.0,0.0,98.0,NaN,4.0,0.0,37.5,NaN,0.021999999999999888,4.0,127.0,NaN,1.5,0.0,85.0,NaN,-3.0,0.0,63.0,NaN,-9.0,0.0,15.0,NaN,-7.0,0.0,NaN,NaN,NaN,24.0,4.0,NaN,0.0,1.0,31.0,NaN,0.0,2.0,NaN,NaN,NaN,24.0,7.38,NaN,0.0,1.0,54.0,NaN,0.0,1.0,NaN,NaN,NaN,24.0,NaN,NaN,NaN,24.0,6.0,NaN,0.0,2.0,NaN,NaN,NaN,24.0,8.6,NaN,0.0,2.0,102.0,NaN,0.0,2.0,0.7,NaN,0.0,2.0,NaN,NaN,NaN,24.0,93.0,NaN,0.0,2.0,0.8,NaN,0.0,1.0,1.9,NaN,0.0,2.0,1.8,NaN,0.0,2.0,4.3,NaN,0.0,2.0,NaN,NaN,NaN,24.0,NaN,NaN,NaN,24.0,31.8,NaN,0.0,2.0,11.0,NaN,0.0,2.0,NaN,NaN,NaN,24.0,11.9,NaN,0.0,2.0,NaN,NaN,NaN,24.0,360.0,NaN,0.0,2.0,26.0,0.0,0.0,1.0,-57.5925,6.0,0.0,0.0,1.0,0.0,0.0,0.0,0.0,0.0,0.0,0.0,1.0,1.0,1.0,1.0,0.0,0.0,-1.0,6.0,6.0,6.0,NaN,NaN,NaN
120.0,NaN,-2.0,0.0,98.0,NaN,0.0,0.0,39.0,NaN,0.3,0.0,133.0,NaN,6.0,0.0,97.0,NaN,12.0,0.0,80.0,NaN,17.0,0.0,18.0,NaN,3.0,0.0,NaN,NaN,NaN,24.0,4.0,NaN,0.0,2.0,31.0,NaN,0.0,3.0,NaN,NaN,NaN,24.0,7.38,NaN,0.0,2.0,54.0,NaN,0.0,2.0,NaN,NaN,NaN,24.0,NaN,NaN,NaN,24.0,6.0,NaN,0.0,3.0,NaN,NaN,NaN,24.0,8.6,NaN,0.0,3.0,102.0,NaN,0.0,3.0,0.7,NaN,0.0,3.0,NaN,NaN,NaN,24.0,93.0,NaN,0.0,3.0,0.8,NaN,0.0,2.0,1.9,NaN,0.0,3.0,1.8,NaN,0.0,3.0,4.3,NaN,0.0,3.0,NaN,NaN,NaN,24.0,NaN,NaN,NaN,24.0,31.8,NaN,0.0,3.0,11.0,NaN,0.0,3.0,NaN,NaN,NaN,24.0,11.9,NaN,0.0,3.0,NaN,NaN,NaN,24.0,360.0,NaN,0.0,3.0,26.0,0.0,0.0,1.0,-57.5925,7.0,1.0,0.0,1.0,0.0,0.0,0.0,0.0,0.0,0.0,0.0,1.0,1.0,1.0,1.0,0.0,0.0,-1.0,6.0,6.0,6.0,NaN,NaN,NaN
117.0,NaN,-3.0,0.0,95.0,NaN,-3.0,0.0,38.39,NaN,-0.6099999999999994,0.0,116.0,NaN,-17.0,0.0,110.0,NaN,13.0,0.0,105.0,NaN,25.0,0.0,18.0,NaN,0.0,0.0,NaN,NaN,NaN,24.0,4.0,NaN,0.0,3.0,31.0,NaN,0.0,4.0,NaN,NaN,NaN,24.0,7.38,NaN,0.0,3.0,54.0,NaN,0.0,3.0,NaN,NaN,NaN,24.0,NaN,NaN,NaN,24.0,6.0,NaN,0.0,4.0,NaN,NaN,NaN,24.0,8.6,NaN,0.0,4.0,102.0,NaN,0.0,4.0,0.7,NaN,0.0,4.0,NaN,NaN,NaN,24.0,93.0,NaN,0.0,4.0,0.8,NaN,0.0,3.0,1.9,NaN,0.0,4.0,1.8,NaN,0.0,4.0,4.3,NaN,0.0,4.0,NaN,NaN,NaN,24.0,NaN,NaN,NaN,24.0,31.8,NaN,0.0,4.0,11.0,NaN,0.0,4.0,NaN,NaN,NaN,24.0,11.9,NaN,0.0,4.0,NaN,NaN,NaN,24.0,360.0,NaN,0.0,4.0,26.0,0.0,0.0,1.0,-57.5925,8.0,1.0,0.0,1.0,0.0,0.0,0.0,0.0,0.0,0.0,0.0,1.0,1.0,1.0,1.0,0.0,0.0,-1.0,6.0,6.0,6.0,NaN,NaN,NaN
119.0,NaN,2.0,0.0,96.0,NaN,1.0,0.0,38.39,NaN,-0.3049999999999997,1.0,113.0,NaN,-3.0,0.0,82.0,NaN,-28.0,0.0,68.0,NaN,-37.0,0.0,17.0,NaN,-1.0,0.0,NaN,NaN,NaN,24.0,4.0,NaN,0.0,4.0,31.0,NaN,0.0,5.0,NaN,NaN,NaN,24.0,7.38,NaN,0.0,4.0,54.0,NaN,0.0,4.0,NaN,NaN,NaN,24.0,NaN,NaN,NaN,24.0,6.0,NaN,0.0,5.0,NaN,NaN,NaN,24.0,8.6,NaN,0.0,5.0,102.0,NaN,0.0,5.0,0.7,NaN,0.0,5.0,NaN,NaN,NaN,24.0,93.0,NaN,0.0,5.0,0.8,NaN,0.0,4.0,1.9,NaN,0.0,5.0,1.8,NaN,0.0,5.0,4.3,NaN,0.0,5.0,NaN,NaN,NaN,24.0,NaN,NaN,NaN,24.0,31.8,NaN,0.0,5.0,11.0,NaN,0.0,5.0,NaN,NaN,NaN,24.0,11.9,NaN,0.0,5.0,NaN,NaN,NaN,24.0,360.0,NaN,0.0,5.0,26.0,0.0,0.0,1.0,-57.5925,9.0,1.0,0.0,1.0,0.0,0.0,0.0,0.0,0.0,0.0,0.0,1.0,1.0,1.0,1.0,0.0,0.0,-1.0,6.0,6.0,6.0,NaN,NaN,NaN
131.0,NaN,12.0,0.0,92.0,NaN,-4.0,0.0,37.22,NaN,-0.5850000000000009,0.0,97.0,NaN,-16.0,0.0,79.0,NaN,-3.0,0.0,72.0,NaN,4.0,0.0,22.0,NaN,5.0,0.0,NaN,NaN,NaN,24.0,4.0,NaN,0.0,5.0,31.0,NaN,0.0,6.0,1.0,NaN,0.0,0.0,7.38,NaN,0.0,5.0,54.0,NaN,0.0,5.0,NaN,NaN,NaN,24.0,NaN,NaN,NaN,24.0,6.0,NaN,0.0,6.0,NaN,NaN,NaN,24.0,8.6,NaN,0.0,6.0,102.0,NaN,0.0,6.0,0.7,NaN,0.0,6.0,NaN,NaN,NaN,24.0,93.0,NaN,0.0,6.0,0.8,NaN,0.0,5.0,1.9,NaN,0.0,6.0,1.8,NaN,0.0,6.0,4.3,NaN,0.0,6.0,NaN,NaN,NaN,24.0,NaN,NaN,NaN,24.0,31.8,NaN,0.0,6.0,11.0,NaN,0.0,6.0,NaN,NaN,NaN,24.0,11.9,NaN,0.0,6.0,NaN,NaN,NaN,24.0,360.0,NaN,0.0,6.0,26.0,0.0,0.0,1.0,-57.5925,10.0,0.0,1.0,1.0,0.0,3.0,0.0,0.0,0.0,0.0,0.0,0.0,1.0,1.0,1.0,0.0,0.0,-1.0,6.0,6.0,6.0,NaN,NaN,NaN
