102.0,NaN,NaN,24.0,100.0,NaN,NaN,24.0,36.83,NaN,NaN,24.0,112.0,NaN,NaN,24.0,87.0,NaN,NaN,24.0,76.0,NaN,NaN,24.0,23.0,NaN,NaN,24.0,NaN,NaN,NaN,24.0,NaN,NaN,NaN,24.0,NaN,NaN,NaN,24.0,NaN,NaN,NaN,24.0,NaN,NaN,NaN,24.0,NaN,NaN,NaN,24.0,NaN,NaN,NaN,24.0,NaN,NaN,NaN,24.0,NaN,NaN,NaN,24.0,NaN,NaN,NaN,24.0,NaN,NaN,NaN,24.0,NaN,NaN,NaN,24.0,NaN,NaN,NaN,24.0,NaN,NaN,NaN,24.0,NaN,NaN,NaN,24.0,NaN,NaN,NaN,24.0,NaN,NaN,NaN,24.0,NaN,NaN,NaN,24.0,NaN,NaN,NaN,24.0,NaN,NaN,NaN,24.0,NaN,NaN,NaN,24.0,NaN,NaN,NaN,24.0,NaN,NaN,NaN,24.0,NaN,NaN,NaN,24.0,NaN,NaN,NaN,24.0,NaN,NaN,NaN,24.0,NaN,NaN,NaN,24.0,88.0,1.0,1.0,0.0,-4.783333333333333,1.0,0.0,1.0,1.0,0.0,0.0,0.0,0.0,0.0,0.0,0.0,1.0,0.0,0.0,0.0,0.0,0.0,NaN,NaN,NaN,3.0,NaN,NaN,NaN
99.0,NaN,-3.0,0.0,98.0,NaN,-2.0,0.0,36.83,NaN,0.0,1.0,110.0,NaN,-2.0,0.0,83.0,NaN,-4.0,0.0,71.0,NaN,-5.0,0.0,12.0,NaN,-11.0,0.0,NaN,NaN,NaN,24.0,NaN,NaN,NaN,24.0,19.0,NaN,0.0,0.0,NaN,NaN,NaN,24.0,NaN,NaN,NaN,24.0,NaN,NaN,NaN,24.0,NaN,NaN,NaN,24.0,NaN,NaN,NaN,24.0,44.0,NaN,0.0,0.0,NaN,NaN,NaN,24.0,8.7,NaN,0.0,0.0,100.0,NaN,0.0,0.0,2.1,NaN,0.0,0.0,NaN,NaN,NaN,24.0,152.0,NaN,0.0,0.0,NaN,NaN,NaN,24.0,2.0,NaN,0.0,0.0,4.0,NaN,0.0,0.0,4.2,NaN,0.0,0.0,NaN,NaN,NaN,24.0,0.02,NaN,0.0,0.0,37.3,NaN,0.0,0.0,11.6,NaN,0.0,0.0,27.1,NaN,0.0,0.0,8.5,NaN,0.0,0.0,NaN,NaN,NaN,24.0,NaN,NaN,NaN,24.0,88.0,1.0,1.0,0.0,-4.783333333333333,2.0,0.0,0.0,1.0,0.0,0.0,0.0,0.0,0.0,0.0,2.0,1.0,0.0,0.0,0.0,0.0,0.0,NaN,NaN,NaN,3.0,NaN,NaN,NaN
100.0,NaN,1.0,0.0,97.0,NaN,-1.0,0.0,36.83,NaN,0.0,2.0,112.0,NaN,2.0,0.0,85.0,NaN,2.0,0.0,73.0,NaN,2.0,0.0,16.0,NaN,4.0,0.0,NaN,NaN,NaN,24.0,NaN,NaN,NaN,24.0,19.0,NaN,0.0,1.0,NaN,NaN,NaN,24.0,NaN,NaN,NaN,24.0,NaN,NaN,NaN,24.0,NaN,NaN,NaN,24.0,NaN,NaN,NaN,24.0,44.0,NaN,0.0,1.0,NaN,NaN,NaN,24.0,8.7,NaN,0.0,1.0,100.0,NaN,0.0,1.0,2.1,NaN,0.0,1.0,NaN,NaN,NaN,24.0,152.0,NaN,0.0,1.0,NaN,NaN,NaN,24.0,2.0,NaN,0.0,1.0,4.0,NaN,0.0,1.0,4.2,NaN,0.0,1.0,NaN,NaN,NaN,24.0,0.02,NaN,0.0,1.0,37.3,NaN,0.0,1.0,11.6,NaN,0.0,1.0,27.1,NaN,0.0,1.0,8.5,NaN,0.0,1.0,NaN,NaN,NaN,24.0,NaN,NaN,NaN,24.0,88.0,1.0,1.0,0.0,-4.783333333333333,3.0,0.0,0.0,1.0,0.0,0.0,0.0,0.0,0.0,0.0,0.0,1.0,0.0,0.0,0.0,0.0,0.0,NaN,NaN,NaN,3.0,NaN,NaN,NaN
98.0,NaN,-2.0,0.0,98.0,NaN,1.0,0.0,36.83,NaN,0.0,3.0,105.0,NaN,-7.0,0.0,81.0,NaN,-4.0,0.0,73.0,NaN,0.0,0.0,17.0,NaN,1.0,0.0,NaN,NaN,NaN,24.0,NaN,NaN,NaN,24.0,19.0,NaN,0.0,2.0,NaN,NaN,NaN,24.0,NaN,NaN,NaN,24.0,NaN,NaN,NaN,24.0,NaN,NaN,NaN,24.0,NaN,NaN,NaN,24.0,44.0,NaN,0.0,2.0,NaN,NaN,NaN,24.0,8.7,NaN,0.0,2.0,100.0,NaN,0.0,2.0,2.1,NaN,0.0,2.0,NaN,NaN,NaN,24.0,152.0,NaN,0.0,2.0,NaN,NaN,NaN,24.0,2.0,NaN,0.0,2.0,4.0,NaN,0.0,2.0,4.2,NaN,0.0,2.0,NaN,NaN,NaN,24.0,0.02,NaN,0.0,2.0,37.3,NaN,0.0,2.0,11.6,NaN,0.0,2.0,27.1,NaN,0.0,2.0,8.5,NaN,0.0,2.0,NaN,NaN,NaN,24.0,NaN,NaN,NaN,24.0,88.0,1.0,1.0,0.0,-4.783333333333333,4.0,0.0,0.0,1.0,0.0,0.0,0.0,0.0,0.0,0.0,0.0,1.0,0.0,0.0,0.0,0.0,0.0,NaN,NaN,NaN,3.0,NaN,NaN,NaN
93.0,NaN,-5.0,0.0,97.0,NaN,-1.0,0.0,36.83,NaN,0.0,4.0,105.0,NaN,0.0,0.0,75.0,NaN,-6.0,0.0,61.0,NaN,-12.0,0.0,20.0,NaN,3.0,0.0,NaN,NaN,NaN,24.0,NaN,NaN,NaN,24.0,19.0,NaN,0.0,3.0,NaN,NaN,NaN,24.0,NaN,NaN,NaN,24.0,NaN,NaN,NaN,24.0,NaN,NaN,NaN,24.0,NaN,NaN,NaN,24.0,44.0,NaN,0.0,3.0,NaN,NaN,NaN,24.0,8.7,NaN,0.0,3.0,100.0,NaN,0.0,3.0,2.1,NaN,0.0,3.0,NaN,NaN,NaN,24.0,152.0,NaN,0.0,3.0,NaN,NaN,NaN,24.0,2.0,NaN,0.0,3.0,4.0,NaN,0.0,3.0,4.2,NaN,0.0,3.0,NaN,NaN,NaN,24.0,0.02,NaN,0.0,3.0,37.3,NaN,0.0,3.0,11.6,NaN,0.0,3.0,27.1,NaN,0.0,3.0,8.5,NaN,0.0,3.0,NaN,NaN,NaN,24.0,NaN,NaN,NaN,24.0,88.0,1.0,1.0,0.0,-4.783333333333333,5.0,0.0,0.0,1.0,0.0,0.0,0.0,0.0,0.0,0.0,0.0,1.0,0.0,0.0,0.0,0.0,0.0,NaN,NaN,NaN,3.0,NaN,NaN,NaN
100.0,NaN,7.0,0.0,98.0,NaN,1.0,0.0,36.83,NaN,0.0,5.0,97.0,NaN,-8.0,0.0,76.0,NaN,1.0,0.0,67.0,NaN,6.0,0.0,20.0,NaN,0.0,0.0,NaN,NaN,NaN,24.0,NaN,NaN,NaN,24.0,19.0,NaN,0.0,4.0,NaN,NaN,NaN,24.0,NaN,NaN,NaN,24.0,NaN,NaN,NaN,24.0,NaN,NaN,NaN,24.0,NaN,NaN,NaN,24.0,44.0,NaN,0.0,4.0,NaN,NaN,NaN,24.0,8.7,NaN,0.0,4.0,100.0,NaN,0.0,4.0,2.1,NaN,0.0,4.0,NaN,NaN,NaN,24.0,152.0,NaN,0.0,4.0,NaN,NaN,NaN,24.0,2.0,NaN,0.0,4.0,4.0,NaN,0.0,4.0,4.2,NaN,0.0,4.0,NaN,NaN,NaN,24.0,0.02,NaN,0.0,4.0,37.3,NaN,0.0,4.0,11.6,NaN,0.0,4.0,27.1,NaN,0.0,4.0,8.5,NaN,0.0,4.0,NaN,NaN,NaN,24.0,NaN,NaN,NaN,24.0,88.0,1.0,1.0,0.0,-4.783333333333333,6.0,0.0,0.0,1.0,0.0,0.0,0.0,0.0,0.0,0.0,0.0,1.0,0.0,0.0,0.0,0.0,0.0,NaN,NaN,NaN,3.0,NaN,NaN,NaN
100.0,NaN,0.0,0.0,98.0,NaN,0.0,0.0,36.67,NaN,-0.0266666666666661,0.0,115.0,NaN,18.0,0.0,93.0,NaN,17.0,0.0,81.0,NaN,14.0,0.0,19.0,NaN,-1.0,0.0,NaN,NaN,NaN,24.0,NaN,NaN,NaN,24.0,19.0,NaN,0.0,5.0,NaN,NaN,NaN,24.0,NaN,NaN,NaN,24.0,NaN,NaN,NaN,24.0,NaN,NaN,NaN,24.0,NaN,NaN,NaN,24.0,44.0,NaN,0.0,5.0,NaN,NaN,NaN,24.0,8.7,NaN,0.0,5.0,100.0,NaN,0.0,5.0,2.1,NaN,0.0,5.0,NaN,NaN,NaN,24.0,152.0,NaN,0.0,5.0,NaN,NaN,NaN,24.0,2.0,NaN,0.0,5.0,4.0,NaN,0.0,5.0,4.2,NaN,0.0,5.0,NaN,NaN,NaN,24.0,0.02,NaN,0.0,5.0,37.3,NaN,0.0,5.0,11.6,NaN,0.0,5.0,27.1,NaN,0.0,5.0,8.5,NaN,0.0,5.0,NaN,NaN,NaN,24.0,172.0,NaN,0.0,0.0,88.0,1.0,1.0,0.0,-4.783333333333333,7.0,0.0,0.0,1.0,0.0,0.0,0.0,0.0,0.0,0.0,0.0,1.0,0.0,0.0,0.0,0.0,0.0,NaN,NaN,NaN,3.0,NaN,NaN,NaN
94.0,NaN,-6.0,0.0,96.0,NaN,-2.0,0.0,36.67,NaN,-0.02285714285714237,1.0,104.0,NaN,-11.0,0.0,82.0,NaN,-11.0,0.0,71.0,NaN,-10.0,0.0,16.0,NaN,-3.0,0.0,NaN,NaN,NaN,24.0,NaN,NaN,NaN,24.0,19.0,NaN,0.0,6.0,NaN,NaN,NaN,24.0,NaN,NaN,NaN,24.0,NaN,NaN,NaN,24.0,NaN,NaN,NaN,24.0,NaN,NaN,NaN,24.0,44.0,NaN,0.0,6.0,NaN,NaN,NaN,24.0,8.7,NaN,0.0,6.0,100.0,NaN,0.0,6.0,2.1,NaN,0.0,6.0,NaN,NaN,NaN,24.0,152.0,NaN,0.0,6.0,NaN,NaN,NaN,24.0,2.0,NaN,0.0,6.0,4.0,NaN,0.0,6.0,4.2,NaN,0.0,6.0,NaN,NaN,NaN,24.0,0.02,NaN,0.0,6.0,37.3,NaN,0.0,6.0,11.6,NaN,0.0,6.0,27.1,NaN,0.0,6.0,8.5,NaN,0.0,6.0,NaN,NaN,NaN,24.0,172.0,NaN,0.0,1.0,88.0,1.0,1.0,0.0,-4.783333333333333,8.0,0.0,0.0,1.0,0.0,0.0,0.0,0.0,0.0,0.0,0.0,1.0,0.0,0.0,0.0,0.0,0.0,NaN,NaN,NaN,3.0,NaN,NaN,NaN
98.0,NaN,4.0,0.0,96.0,NaN,0.0,0.0,36.67,NaN,-0.019999999999999574,2.0,107.0,NaN,3.0,0.0,82.0,NaN,0.0,0.0,70.0,NaN,-1.0,0.0,19.0,NaN,3.0,0.0,NaN,NaN,NaN,24.0,NaN,NaN,NaN,24.0,19.0,NaN,0.0,7.0,NaN,NaN,NaN,24.0,NaN,NaN,NaN,24.0,NaN,NaN,NaN,24.0,NaN,NaN,NaN,24.0,NaN,NaN,NaN,24.0,44.0,NaN,0.0,7.0,NaN,NaN,NaN,24.0,8.7,NaN,0.0,7.0,100.0,NaN,0.0,7.0,2.1,NaN,0.0,7.0,NaN,NaN,NaN,24.0,152.0,NaN,0.0,7.0,NaN,NaN,NaN,24.0,2.0,NaN,0.0,7.0,4.0,NaN,0.0,7.0,4.2,NaN,0.0,7.0,NaN,NaN,NaN,24.0,0.02,NaN,0.0,7.0,37.3,NaN,0.0,7.0,11.6,NaN,0.0,7.0,27.1,NaN,0.0,7.0,8.5,NaN,0.0,7.0,NaN,NaN,NaN,24.0,172.0,NaN,0.0,2.0,88.0,1.0,1.0,0.0,-4.783333333333333,9.0,0.0,0.0,1.0,0.0,0.0,0.0,0.0,0.0,0.0,0.0,1.0,0.0,0.0,0.0,0.0,0.0,NaN,NaN,NaN,3.0,NaN,NaN,NaN
99.0,NaN,1.0,0.0,97.0,NaN,1.0,0.0,36.89,NaN,0.07333333333333296,0.0,111.0,NaN,4.0,0.0,82.0,NaN,0.0,0.0,73.0,NaN,3.0,0.0,16.5,NaN,-2.5,0.0,NaN,NaN,NaN,24.0,NaN,NaN,NaN,24.0,19.0,NaN,0.0,8.0,NaN,NaN,NaN,24.0,NaN,NaN,NaN,24.0,NaN,NaN,NaN,24.0,NaN,NaN,NaN,24.0,NaN,NaN,NaN,24.0,44.0,NaN,0.0,8.0,NaN,NaN,NaN,24.0,8.7,NaN,0.0,8.0,100.0,NaN,0.0,8.0,2.1,NaN,0.0,8.0,NaN,NaN,NaN,24.0,152.0,NaN,0.0,8.0,NaN,NaN,NaN,24.0,2.0,NaN,0.0,8.0,4.0,NaN,0.0,8.0,4.2,NaN,0.0,8.0,NaN,NaN,NaN,24.0,0.02,NaN,0.0,8.0,37.3,NaN,0.0,8.0,11.6,NaN,0.0,8.0,27.1,NaN,0.0,8.0,8.5,NaN,0.0,8.0,NaN,NaN,NaN,24.0,172.0,NaN,0.0,3.0,88.0,1.0,1.0,0.0,-4.783333333333333,10.0,0.0,0.0,1.0,0.0,0.0,0.0,0.0,0.0,0.0,0.0,1.0,0.0,0.0,0.0,0.0,0.0,NaN,NaN,NaN,3.0,NaN,NaN,NaN
104.0,NaN,5.0,0.0,96.0,NaN,-1.0,0.0,36.89,NaN,0.054999999999999716,1.0,104.0,NaN,-7.0,0.0,79.0,NaN,-3.0,0.0,68.0,NaN,-5.0,0.0,19.0,NaN,2.5,0.0,NaN,NaN,NaN,24.0,NaN,NaN,NaN,24.0,19.0,NaN,0.0,9.0,NaN,NaN,NaN,24.0,NaN,NaN,NaN,24.0,NaN,NaN,NaN,24.0,NaN,NaN,NaN,24.0,NaN,NaN,NaN,24.0,44.0,NaN,0.0,9.0,NaN,NaN,NaN,24.0,8.7,NaN,0.0,9.0,100.0,NaN,0.0,9.0,2.1,NaN,0.0,9.0,NaN,NaN,NaN,24.0,152.0,NaN,0.0,9.0,NaN,NaN,NaN,24.0,2.0,NaN,0.0,9.0,4.0,NaN,0.0,9.0,4.2,NaN,0.0,9.0,NaN,NaN,NaN,24.0,0.02,NaN,0.0,9.0,37.3,NaN,0.0,9.0,11.6,NaN,0.0,9.0,27.1,NaN,0.0,9.0,8.5,NaN,0.0,9.0,NaN,NaN,NaN,24.0,172.0,NaN,0.0,4.0,88.0,1.0,1.0,0.0,-4.783333333333333,11.0,0.0,0.0,1.0,0.0,0.0,0.0,0.0,0.0,0.0,0.0,1.0,0.0,0.0,0.0,0.0,0.0,NaN,NaN,NaN,3.0,NaN,NaN,NaN
102.0,NaN,-2.0,0.0,100.0,NaN,4.0,0.0,36.89,NaN,0.043999999999999775,2.0,99.0,NaN,-5.0,0.0,80.0,NaN,1.0,0.0,70.0,NaN,2.0,0.0,21.0,NaN,2.0,0.0,NaN,NaN,NaN,24.0,NaN,NaN,NaN,24.0,19.0,NaN,0.0,10.0,NaN,NaN,NaN,24.0,NaN,NaN,NaN,24.0,NaN,NaN,NaN,24.0,NaN,NaN,NaN,24.0,NaN,NaN,NaN,24.0,44.0,NaN,0.0,10.0,NaN,NaN,NaN,24.0,8.7,NaN,0.0,10.0,100.0,NaN,0.0,10.0,2.1,NaN,0.0,10.0,NaN,NaN,NaN,24.0,152.0,NaN,0.0,10.0,NaN,NaN,NaN,24.0,2.0,NaN,0.0,10.0,4.0,NaN,0.0,10.0,4.2,NaN,0.0,10.0,NaN,NaN,NaN,24.0,0.02,NaN,0.0,10.0,37.3,NaN,0.0,10.0,11.6,NaN,0.0,10.0,27.1,NaN,0.0,10.0,8.5,NaN,0.0,10.0,NaN,NaN,NaN,24.0,172.0,NaN,0.0,5.0,88.0,1.0,1.0,0.0,-4.783333333333333,12.0,0.0,1.0,1.0,0.0,0.0,0.0,0.0,0.0,0.0,0.0,1.0,0.0,0.0,0.0,0.0,0.0,NaN,NaN,NaN,3.0,NaN,NaN,NaN
99.0,NaN,-3.0,0.0,98.0,NaN,-2.0,0.0,36.89,NaN,0.03666666666666648,3.0,108.0,NaN,9.0,0.0,83.0,NaN,3.0,0.0,72.0,NaN,2.0,0.0,21.0,NaN,0.0,0.0,NaN,NaN,NaN,24.0,NaN,NaN,NaN,24.0,19.0,NaN,0.0,11.0,NaN,NaN,NaN,24.0,NaN,NaN,NaN,24.0,NaN,NaN,NaN,24.0,NaN,NaN,NaN,24.0,NaN,NaN,NaN,24.0,44.0,NaN,0.0,11.0,NaN,NaN,NaN,24.0,8.7,NaN,0.0,11.0,100.0,NaN,0.0,11.0,2.1,NaN,0.0,11.0,NaN,NaN,NaN,24.0,152.0,NaN,0.0,11.0,NaN,NaN,NaN,24.0,2.0,NaN,0.0,11.0,4.0,NaN,0.0,11.0,4.2,NaN,0.0,11.0,NaN,NaN,NaN,24.0,0.02,NaN,0.0,11.0,37.3,NaN,0.0,11.0,11.6,NaN,0.0,11.0,27.1,NaN,0.0,11.0,8.5,NaN,0.0,11.0,NaN,NaN,NaN,24.0,172.0,NaN,0.0,6.0,88.0,1.0,1.0,0.0,-4.783333333333333,13.0,0.0,1.0,1.0,0.0,0.0,0.0,0.0,0.0,0.0,0.0,1.0,0.0,0.0,0.0,0.0,0.0,NaN,NaN,NaN,3.0,NaN,NaN,NaN
96.0,NaN,-3.0,0.0,98.0,NaN,0.0,0.0,36.89,NaN,0.031428571428571264,4.0,104.0,NaN,-4.0,0.0,85.0,NaN,2.0,0.0,74.0,NaN,2.0,0.0,13.0,NaN,-8.0,0.0,NaN,NaN,NaN,24.0,NaN,NaN,NaN,24.0,19.0,NaN,0.0,12.0,NaN,NaN,NaN,24.0,NaN,NaN,NaN,24.0,NaN,NaN,NaN,24.0,NaN,NaN,NaN,24.0,NaN,NaN,NaN,24.0,44.0,NaN,0.0,12.0,NaN,NaN,NaN,24.0,8.7,NaN,0.0,12.0,100.0,NaN,0.0,12.0,2.1,NaN,0.0,12.0,NaN,NaN,NaN,24.0,152.0,NaN,0.0,12.0,NaN,NaN,NaN,24.0,2.0,NaN,0.0,12.0,4.0,NaN,0.0,12.0,4.2,NaN,0.0,12.0,NaN,NaN,NaN,24.0,0.02,NaN,0.0,12.0,37.3,NaN,0.0,12.0,11.6,NaN,0.0,12.0,27.1,NaN,0.0,12.0,8.5,NaN,0.0,12.0,NaN,NaN,NaN,24.0,172.0,NaN,0.0,7.0,88.0,1.0,1.0,0.0,-4.783333333333333,14.0,0.0,0.0,1.0,0.0,0.0,0.0,0.0,0.0,0.0,0.0,1.0,0.0,0.0,0.0,0.0,0.0,NaN,NaN,NaN,3.0,NaN,NaN,NaN
