56.0,NaN,NaN,24.0,98.0,NaN,NaN,24.0,NaN,NaN,NaN,24.0,138.0,NaN,NaN,24.0,82.0,NaN,NaN,24.0,50.0,NaN,NaN,24.0,12.0,NaN,NaN,24.0,NaN,NaN,NaN,24.0,NaN,NaN,NaN,24.0,NaN,NaN,NaN,24.0,NaN,NaN,NaN,24.0,NaN,NaN,NaN,24.0,NaN,NaN,NaN,24.0,NaN,NaN,NaN,24.0,NaN,NaN,NaN,24.0,NaN,NaN,NaN,24.0,NaN,NaN,NaN,24.0,NaN,NaN,NaN,24.0,NaN,NaN,NaN,24.0,NaN,NaN,NaN,24.0,NaN,NaN,NaN,24.0,NaN,NaN,NaN,24.0,NaN,NaN,NaN,24.0,NaN,NaN,NaN,24.0,NaN,NaN,NaN,24.0,NaN,NaN,NaN,24.0,NaN,NaN,NaN,24.0,NaN,NaN,NaN,24.0,NaN,NaN,NaN,24.0,NaN,NaN,NaN,24.0,NaN,NaN,NaN,24.0,NaN,NaN,NaN,24.0,NaN,NaN,NaN,24.0,NaN,NaN,NaN,24.0,89.0,0.0,-1.0,-1.0,-9.035,1.0,0.0,0.0,0.0,0.0,0.0,0.0,0.0,0.0,0.0,0.0,1.0,0.0,0.0,0.0,0.0,0.0,NaN,NaN,NaN,6.0,NaN,NaN,NaN
66.0,NaN,10.0,0.0,73.0,NaN,-25.0,0.0,NaN,NaN,NaN,24.0,159.0,NaN,21.0,0.0,102.0,NaN,20.0,0.0,66.0,NaN,16.0,0.0,18.0,NaN,6.0,0.0,NaN,NaN,NaN,24.0,2.0,NaN,0.0,0.0,26.0,NaN,0.0,0.0,NaN,NaN,NaN,24.0,7.41,NaN,0.0,0.0,42.0,NaN,0.0,0.0,99.0,NaN,0.0,0.0,NaN,NaN,NaN,24.0,12.0,NaN,0.0,0.0,NaN,NaN,NaN,24.0,8.9,NaN,0.0,0.0,101.0,NaN,0.0,0.0,0.7,NaN,0.0,0.0,NaN,NaN,NaN,24.0,128.5,NaN,0.0,0.0,2.4,NaN,0.0,0.0,1.7,NaN,0.0,0.0,3.0,NaN,0.0,0.0,3.3,NaN,0.0,0.0,NaN,NaN,NaN,24.0,NaN,NaN,NaN,24.0,34.2,NaN,0.0,0.0,11.1,NaN,0.0,0.0,150.0,NaN,0.0,0.0,8.0,NaN,0.0,0.0,NaN,NaN,NaN,24.0,164.0,NaN,0.0,0.0,89.0,0.0,-1.0,-1.0,-9.035,2.0,0.0,0.0,0.0,0.0,0.0,0.0,0.0,0.0,1.0,0.0,1.0,0.0,0.0,0.0,0.0,0.0,NaN,NaN,NaN,6.0,NaN,NaN,NaN
47.5,NaN,-18.5,0.0,99.0,NaN,26.0,0.0,34.44,NaN,0.0,0.0,123.0,NaN,-36.0,0.0,73.5,NaN,-28.5,0.0,47.5,NaN,-18.5,0.0,11.5,NaN,-6.5,0.0,NaN,NaN,NaN,24.0,2.0,NaN,0.0,1.0,26.0,NaN,0.0,1.0,NaN,NaN,NaN,24.0,7.41,NaN,0.0,1.0,42.0,NaN,0.0,1.0,99.0,NaN,0.0,1.0,NaN,NaN,NaN,24.0,12.0,NaN,0.0,1.0,NaN,NaN,NaN,24.0,8.9,NaN,0.0,1.0,101.0,NaN,0.0,1.0,0.7,NaN,0.0,1.0,NaN,NaN,NaN,24.0,128.5,NaN,0.0,1.0,2.4,NaN,0.0,1.0,1.7,NaN,0.0,1.0,3.0,NaN,0.0,1.0,3.3,NaN,0.0,1.0,NaN,NaN,NaN,24.0,NaN,NaN,NaN,24.0,34.2,NaN,0.0,1.0,11.1,NaN,0.0,1.0,150.0,NaN,0.0,1.0,8.0,NaN,0.0,1.0,NaN,NaN,NaN,24.0,164.0,NaN,0.0,1.0,89.0,0.0,-1.0,-1.0,-9.035,3.0,1.0,0.0,0.0,0.0,0.0,0.0,0.0,0.0,0.0,0.0,1.0,0.0,0.0,0.0,0.0,0.0,NaN,NaN,NaN,6.0,NaN,NaN,NaN
72.0,NaN,24.5,0.0,93.0,NaN,-6.0,0.0,34.44,NaN,0.0,0.0,141.0,NaN,18.0,0.0,95.0,NaN,21.5,0.0,69.0,NaN,21.5,0.0,17.0,NaN,5.5,0.0,NaN,NaN,NaN,24.0,2.0,NaN,0.0,2.0,26.0,NaN,0.0,2.0,NaN,NaN,NaN,24.0,7.41,NaN,0.0,2.0,42.0,NaN,0.0,2.0,99.0,NaN,0.0,2.0,NaN,NaN,NaN,24.0,12.0,NaN,0.0,2.0,NaN,NaN,NaN,24.0,8.9,NaN,0.0,2.0,101.0,NaN,0.0,2.0,0.7,NaN,0.0,2.0,NaN,NaN,NaN,24.0,128.5,NaN,0.0,2.0,2.4,NaN,0.0,2.0,1.7,NaN,0.0,2.0,3.0,NaN,0.0,2.0,3.3,NaN,0.0,2.0,NaN,NaN,NaN,24.0,NaN,NaN,NaN,24.0,34.2,NaN,0.0,2.0,11.1,NaN,0.0,2.0,150.0,NaN,0.0,2.0,8.0,NaN,0.0,2.0,NaN,NaN,NaN,24.0,164.0,NaN,0.0,2.0,89.0,0.0,-1.0,-1.0,-9.035,4.0,1.0,0.0,0.0,0.0,0.0,0.0,0.0,0.0,0.0,0.0,1.0,0.0,0.0,0.0,0.0,0.0,NaN,NaN,NaN,6.0,NaN,NaN,NaN
53.0,NaN,-19.0,0.0,99.0,NaN,6.0,0.0,34.44,NaN,0.0,1.0,109.0,NaN,-32.0,0.0,69.0,NaN,-26.0,0.0,48.0,NaN,-21.0,0.0,9.0,NaN,-8.0,0.0,NaN,NaN,NaN,24.0,2.0,NaN,0.0,3.0,26.0,NaN,0.0,3.0,NaN,NaN,NaN,24.0,7.41,NaN,0.0,3.0,42.0,NaN,0.0,3.0,99.0,NaN,0.0,3.0,NaN,NaN,NaN,24.0,12.0,NaN,0.0,3.0,NaN,NaN,NaN,24.0,8.9,NaN,0.0,3.0,101.0,NaN,0.0,3.0,0.7,NaN,0.0,3.0,NaN,NaN,NaN,24.0,128.5,NaN,0.0,3.0,2.4,NaN,0.0,3.0,1.7,NaN,0.0,3.0,3.0,NaN,0.0,3.0,3.3,NaN,0.0,3.0,NaN,NaN,NaN,24.0,NaN,NaN,NaN,24.0,34.2,NaN,0.0,3.0,11.1,NaN,0.0,3.0,150.0,NaN,0.0,3.0,8.0,NaN,0.0,3.0,NaN,NaN,NaN,24.0,164.0,NaN,0.0,3.0,89.0,0.0,-1.0,-1.0,-9.035,5.0,1.0,0.0,0.0,0.0,0.0,0.0,0.0,0.0,0.0,0.0,1.0,0.0,0.0,0.0,0.0,0.0,NaN,NaN,NaN,6.0,NaN,NaN,NaN
55.0,NaN,2.0,0.0,99.0,NaN,0.0,0.0,36.5,NaN,1.0300000000000011,0.0,103.0,NaN,-6.0,0.0,62.0,NaN,-7.0,0.0,41.0,NaN,-7.0,0.0,12.0,NaN,3.0,0.0,NaN,NaN,NaN,24.0,2.0,NaN,0.0,4.0,26.0,NaN,0.0,4.0,NaN,NaN,NaN,24.0,7.41,NaN,0.0,4.0,42.0,NaN,0.0,4.0,99.0,NaN,0.0,4.0,NaN,NaN,NaN,24.0,12.0,NaN,0.0,4.0,NaN,NaN,NaN,24.0,8.9,NaN,0.0,4.0,101.0,NaN,0.0,4.0,0.7,NaN,0.0,4.0,NaN,NaN,NaN,24.0,128.5,NaN,0.0,4.0,2.4,NaN,0.0,4.0,1.7,NaN,0.0,4.0,3.0,NaN,0.0,4.0,3.3,NaN,0.0,4.0,NaN,NaN,NaN,24.0,NaN,NaN,NaN,24.0,34.2,NaN,0.0,4.0,11.1,NaN,0.0,4.0,150.0,NaN,0.0,4.0,8.0,NaN,0.0,4.0,NaN,NaN,NaN,24.0,164.0,NaN,0.0,4.0,89.0,0.0,-1.0,-1.0,-9.035,6.0,0.0,0.0,0.0,0.0,0.0,0.0,0.0,1.0,0.0,0.0,1.0,0.0,0.0,0.0,0.0,0.0,NaN,NaN,NaN,6.0,NaN,NaN,NaN
69.0,NaN,14.0,0.0,93.0,NaN,-6.0,0.0,36.5,NaN,0.6866666666666674,1.0,107.0,NaN,4.0,0.0,72.0,NaN,10.0,0.0,51.0,NaN,10.0,0.0,21.0,NaN,9.0,0.0,NaN,NaN,NaN,24.0,2.0,NaN,0.0,5.0,26.0,NaN,0.0,5.0,NaN,NaN,NaN,24.0,7.41,NaN,0.0,5.0,42.0,NaN,0.0,5.0,99.0,NaN,0.0,5.0,NaN,NaN,NaN,24.0,12.0,NaN,0.0,5.0,NaN,NaN,NaN,24.0,8.9,NaN,0.0,5.0,101.0,NaN,0.0,5.0,0.7,NaN,0.0,5.0,NaN,NaN,NaN,24.0,128.5,NaN,0.0,5.0,2.4,NaN,0.0,5.0,1.7,NaN,0.0,5.0,3.0,NaN,0.0,5.0,3.3,NaN,0.0,5.0,NaN,NaN,NaN,24.0,NaN,NaN,NaN,24.0,34.2,NaN,0.0,5.0,11.1,NaN,0.0,5.0,32.2,NaN,-23.56,0.0,8.0,NaN,0.0,5.0,NaN,NaN,NaN,24.0,164.0,NaN,0.0,5.0,89.0,0.0,-1.0,-1.0,-9.035,7.0,0.0,1.0,0.0,0.0,0.0,0.0,0.0,0.0,0.0,0.0,1.0,0.0,0.0,0.0,0.0,0.0,NaN,NaN,NaN,6.0,NaN,NaN,NaN
63.0,NaN,-6.0,0.0,96.0,NaN,3.0,0.0,36.5,NaN,0.5150000000000006,2.0,122.0,NaN,15.0,0.0,76.0,NaN,4.0,0.0,51.0,NaN,0.0,0.0,16.0,NaN,-5.0,0.0,NaN,NaN,NaN,24.0,2.0,NaN,0.0,6.0,26.0,NaN,0.0,6.0,NaN,NaN,NaN,24.0,7.41,NaN,0.0,6.0,42.0,NaN,0.0,6.0,99.0,NaN,0.0,6.0,NaN,NaN,NaN,24.0,12.0,NaN,0.0,6.0,NaN,NaN,NaN,24.0,8.9,NaN,0.0,6.0,101.0,NaN,0.0,6.0,0.7,NaN,0.0,6.0,NaN,NaN,NaN,24.0,128.5,NaN,0.0,6.0,2.4,NaN,0.0,6.0,1.7,NaN,0.0,6.0,3.0,NaN,0.0,6.0,3.3,NaN,0.0,6.0,NaN,NaN,NaN,24.0,NaN,NaN,NaN,24.0,34.2,NaN,0.0,6.0,11.1,NaN,0.0,6.0,32.2,NaN,-19.633333333333333,1.0,8.0,NaN,0.0,6.0,NaN,NaN,NaN,24.0,164.0,NaN,0.0,6.0,89.0,0.0,-1.0,-1.0,-9.035,8.0,0.0,0.0,0.0,0.0,0.0,0.0,0.0,0.0,0.0,0.0,1.0,0.0,0.0,0.0,0.0,0.0,NaN,NaN,NaN,6.0,NaN,NaN,NaN
51.0,NaN,-12.0,0.0,96.0,NaN,0.0,0.0,36.44,NaN,-0.020000000000000757,0.0,117.5,NaN,-4.5,0.0,73.5,NaN,-2.5,0.0,52.5,NaN,1.5,0.0,9.0,NaN,-7.0,0.0,NaN,NaN,NaN,24.0,2.0,NaN,0.0,7.0,26.0,NaN,0.0,7.0,NaN,NaN,NaN,24.0,7.41,NaN,0.0,7.0,42.0,NaN,0.0,7.0,99.0,NaN,0.0,7.0,NaN,NaN,NaN,24.0,12.0,NaN,0.0,7.0,NaN,NaN,NaN,24.0,8.9,NaN,0.0,7.0,101.0,NaN,0.0,7.0,0.7,NaN,0.0,7.0,NaN,NaN,NaN,24.0,128.5,NaN,0.0,7.0,2.4,NaN,0.0,7.0,1.7,NaN,0.0,7.0,3.0,NaN,0.0,7.0,3.3,NaN,0.0,7.0,NaN,NaN,NaN,24.0,NaN,NaN,NaN,24.0,34.2,NaN,0.0,7.0,11.1,NaN,0.0,7.0,32.2,NaN,-16.82857142857143,2.0,8.0,NaN,0.0,7.0,NaN,NaN,NaN,24.0,164.0,NaN,0.0,7.0,89.0,0.0,-1.0,-1.0,-9.035,9.0,0.0,0.0,0.0,0.0,0.0,0.0,0.0,0.0,0.0,0.0,1.0,0.0,0.0,0.0,0.0,0.0,NaN,NaN,NaN,6.0,NaN,NaN,NaN
49.0,NaN,-2.0,0.0,97.0,NaN,1.0,0.0,36.44,NaN,-0.015000000000000568,1.0,125.0,NaN,7.5,0.0,67.0,NaN,-6.5,0.0,46.0,NaN,-6.5,0.0,20.0,NaN,11.0,0.0,NaN,NaN,NaN,24.0,2.0,NaN,0.0,8.0,26.0,NaN,0.0,8.0,NaN,NaN,NaN,24.0,7.41,NaN,0.0,8.0,42.0,NaN,0.0,8.0,99.0,NaN,0.0,8.0,NaN,NaN,NaN,24.0,12.0,NaN,0.0,8.0,NaN,NaN,NaN,24.0,8.9,NaN,0.0,8.0,101.0,NaN,0.0,8.0,0.7,NaN,0.0,8.0,NaN,NaN,NaN,24.0,128.5,NaN,0.0,8.0,2.4,NaN,0.0,8.0,1.7,NaN,0.0,8.0,3.0,NaN,0.0,8.0,3.3,NaN,0.0,8.0,NaN,NaN,NaN,24.0,NaN,NaN,NaN,24.0,34.2,NaN,0.0,8.0,11.1,NaN,0.0,8.0,32.2,NaN,-14.725,3.0,8.0,NaN,0.0,8.0,NaN,NaN,NaN,24.0,164.0,NaN,0.0,8.0,89.0,0.0,-1.0,-1.0,-9.035,10.0,0.0,0.0,0.0,0.0,0.0,0.0,0.0,0.0,0.0,0.0,1.0,0.0,0.0,0.0,0.0,0.0,NaN,NaN,NaN,6.0,NaN,NaN,NaN
50.0,NaN,1.0,0.0,98.0,NaN,1.0,0.0,36.44,NaN,-0.012000000000000455,2.0,94.0,NaN,-31.0,0.0,53.0,NaN,-14.0,0.0,39.0,NaN,-7.0,0.0,9.0,NaN,-11.0,0.0,NaN,NaN,NaN,24.0,2.0,NaN,0.0,9.0,26.0,NaN,0.0,9.0,NaN,NaN,NaN,24.0,7.41,NaN,0.0,9.0,42.0,NaN,0.0,9.0,99.0,NaN,0.0,9.0,NaN,NaN,NaN,24.0,12.0,NaN,0.0,9.0,NaN,NaN,NaN,24.0,8.9,NaN,0.0,9.0,101.0,NaN,0.0,9.0,0.7,NaN,0.0,9.0,NaN,NaN,NaN,24.0,128.5,NaN,0.0,9.0,2.4,NaN,0.0,9.0,1.7,NaN,0.0,9.0,3.0,NaN,0.0,9.0,3.3,NaN,0.0,9.0,NaN,NaN,NaN,24.0,NaN,NaN,NaN,24.0,34.2,NaN,0.0,9.0,11.1,NaN,0.0,9.0,32.2,NaN,-13.088888888888889,4.0,8.0,NaN,0.0,9.0,NaN,NaN,NaN,24.0,164.0,NaN,0.0,9.0,89.0,0.0,-1.0,-1.0,-9.035,11.0,0.0,0.0,0.0,0.0,0.0,0.0,0.0,1.0,0.0,0.0,1.0,0.0,0.0,0.0,0.0,0.0,NaN,NaN,NaN,6.0,NaN,NaN,NaN
52.0,NaN,2.0,0.0,97.0,NaN,-1.0,0.0,36.44,NaN,-0.010000000000000378,3.0,123.0,NaN,29.0,0.0,72.0,NaN,19.0,0.0,54.0,NaN,15.0,0.0,13.0,NaN,4.0,0.0,NaN,NaN,NaN,24.0,2.0,NaN,0.0,10.0,26.0,NaN,0.0,10.0,NaN,NaN,NaN,24.0,7.41,NaN,0.0,10.0,42.0,NaN,0.0,10.0,99.0,NaN,0.0,10.0,NaN,NaN,NaN,24.0,12.0,NaN,0.0,10.0,NaN,NaN,NaN,24.0,8.9,NaN,0.0,10.0,101.0,NaN,0.0,10.0,0.7,NaN,0.0,10.0,NaN,NaN,NaN,24.0,128.5,NaN,0.0,10.0,2.4,NaN,0.0,10.0,1.7,NaN,0.0,10.0,3.0,NaN,0.0,10.0,3.3,NaN,0.0,10.0,NaN,NaN,NaN,24.0,NaN,NaN,NaN,24.0,34.2,NaN,0.0,10.0,11.1,NaN,0.0,10.0,32.2,NaN,-11.78,5.0,8.0,NaN,0.0,10.0,NaN,NaN,NaN,24.0,164.0,NaN,0.0,10.0,89.0,0.0,-1.0,-1.0,-9.035,12.0,0.0,0.0,0.0,0.0,0.0,0.0,0.0,0.0,0.0,0.0,1.0,0.0,0.0,0.0,0.0,0.0,NaN,NaN,NaN,6.0,NaN,NaN,NaN
56.0,NaN,4.0,0.0,95.0,NaN,-2.0,0.0,36.56,NaN,0.030000000000001137,0.0,109.0,NaN,-14.0,0.0,58.0,NaN,-14.0,0.0,42.0,NaN,-12.0,0.0,11.0,NaN,-2.0,0.0,NaN,NaN,NaN,24.0,2.0,NaN,0.0,11.0,29.0,NaN,0.2727272727272727,0.0,NaN,NaN,NaN,24.0,7.41,NaN,0.0,11.0,42.0,NaN,0.0,11.0,99.0,NaN,0.0,11.0,NaN,NaN,NaN,24.0,12.0,NaN,0.0,0.0,NaN,NaN,NaN,24.0,8.3,NaN,-0.054545454545454515,0.0,100.0,NaN,-0.09090909090909091,0.0,0.7,NaN,0.0,0.0,NaN,NaN,NaN,24.0,134.0,NaN,0.5,0.0,2.4,NaN,0.0,11.0,2.3,NaN,0.054545454545454536,0.0,3.2,NaN,0.0181818181818182,0.0,4.4,NaN,0.10000000000000005,0.0,NaN,NaN,NaN,24.0,NaN,NaN,NaN,24.0,34.2,NaN,0.0,11.0,11.1,NaN,0.0,11.0,45.8,NaN,2.2666666666666657,0.0,8.0,NaN,0.0,11.0,NaN,NaN,NaN,24.0,164.0,NaN,0.0,11.0,89.0,0.0,-1.0,-1.0,-9.035,13.0,0.0,0.0,0.0,0.0,0.0,0.0,0.0,1.0,0.0,0.0,1.0,0.0,0.0,0.0,0.0,0.0,NaN,NaN,NaN,6.0,NaN,NaN,NaN
66.0,NaN,10.0,0.0,97.0,NaN,2.0,0.0,36.56,NaN,0.02400000000000091,1.0,114.0,NaN,5.0,0.0,67.0,NaN,9.0,0.0,52.0,NaN,10.0,0.0,13.0,NaN,2.0,0.0,NaN,NaN,NaN,24.0,2.0,NaN,0.0,12.0,29.0,NaN,0.25,1.0,NaN,NaN,NaN,24.0,7.41,NaN,0.0,12.0,42.0,NaN,0.0,12.0,99.0,NaN,0.0,12.0,NaN,NaN,NaN,24.0,12.0,NaN,0.0,1.0,NaN,NaN,NaN,24.0,8.3,NaN,-0.04999999999999997,1.0,100.0,NaN,-0.08333333333333333,1.0,0.7,NaN,0.0,1.0,NaN,NaN,NaN,24.0,134.0,NaN,0.4583333333333333,1.0,2.4,NaN,0.0,12.0,2.3,NaN,0.04999999999999999,1.0,3.2,NaN,0.01666666666666668,1.0,4.4,NaN,0.09166666666666672,1.0,NaN,NaN,NaN,24.0,NaN,NaN,NaN,24.0,34.2,NaN,0.0,12.0,11.1,NaN,0.0,12.0,45.8,NaN,1.942857142857142,1.0,8.0,NaN,0.0,12.0,NaN,NaN,NaN,24.0,164.0,NaN,0.0,12.0,89.0,0.0,-1.0,-1.0,-9.035,14.0,0.0,0.0,0.0,0.0,0.0,0.0,0.0,0.0,0.0,0.0,1.0,0.0,0.0,0.0,0.0,0.0,NaN,NaN,NaN,6.0,NaN,NaN,NaN
