123.0,NaN,NaN,24.0,100.0,NaN,NaN,24.0,NaN,NaN,NaN,24.0,NaN,NaN,NaN,24.0,NaN,NaN,NaN,24.0,NaN,NaN,NaN,24.0,19.0,NaN,NaN,24.0,NaN,NaN,NaN,24.0,NaN,NaN,NaN,24.0,NaN,NaN,NaN,24.0,NaN,NaN,NaN,24.0,NaN,NaN,NaN,24.0,NaN,NaN,NaN,24.0,NaN,NaN,NaN,24.0,NaN,NaN,NaN,24.0,NaN,NaN,NaN,24.0,NaN,NaN,NaN,24.0,NaN,NaN,NaN,24.0,NaN,NaN,NaN,24.0,NaN,NaN,NaN,24.0,NaN,NaN,NaN,24.0,NaN,NaN,NaN,24.0,NaN,NaN,NaN,24.0,NaN,NaN,NaN,24.0,NaN,NaN,NaN,24.0,NaN,NaN,NaN,24.0,NaN,NaN,NaN,24.0,NaN,NaN,NaN,24.0,NaN,NaN,NaN,24.0,NaN,NaN,NaN,24.0,NaN,NaN,NaN,24.0,NaN,NaN,NaN,24.0,NaN,NaN,NaN,24.0,NaN,NaN,NaN,24.0,61.0,0.0,1.0,0.0,0.0,1.0,0.0,0.0,1.0,0.0,0.0,0.0,0.0,0.0,0.0,0.0,1.0,0.0,1.0,1.0,0.0,0.0,NaN,7.0,7.0,7.0,NaN,NaN,NaN
131.0,NaN,8.0,0.0,100.0,NaN,0.0,0.0,36.5,NaN,0.0,0.0,122.0,NaN,0.0,0.0,84.0,NaN,0.0,0.0,72.0,NaN,0.0,0.0,26.75,NaN,7.75,0.0,NaN,NaN,NaN,24.0,NaN,NaN,NaN,24.0,NaN,NaN,NaN,24.0,1.0,NaN,0.0,0.0,NaN,NaN,NaN,24.0,NaN,NaN,NaN,24.0,NaN,NaN,NaN,24.0,NaN,NaN,NaN,24.0,NaN,NaN,NaN,24.0,NaN,NaN,NaN,24.0,NaN,NaN,NaN,24.0,NaN,NaN,NaN,24.0,NaN,NaN,NaN,24.0,NaN,NaN,NaN,24.0,NaN,NaN,NaN,24.0,NaN,NaN,NaN,24.0,NaN,NaN,NaN,24.0,NaN,NaN,NaN,24.0,NaN,NaN,NaN,24.0,NaN,NaN,NaN,24.0,NaN,NaN,NaN,24.0,NaN,NaN,NaN,24.0,NaN,NaN,NaN,24.0,NaN,NaN,NaN,24.0,NaN,NaN,NaN,24.0,NaN,NaN,NaN,24.0,NaN,NaN,NaN,24.0,61.0,0.0,1.0,0.0,0.0,2.0,0.0,1.0,1.0,0.0,3.0,0.0,0.0,0.0,0.0,0.0,0.0,0.0,1.0,1.0,0.0,0.0,NaN,7.0,7.0,7.0,NaN,NaN,NaN
125.0,NaN,-6.0,0.0,100.0,NaN,0.0,0.0,36.5,NaN,0.0,1.0,138.0,NaN,16.0,0.0,92.0,NaN,8.0,0.0,78.0,NaN,6.0,0.0,21.0,NaN,-5.75,0.0,NaN,NaN,NaN,24.0,NaN,NaN,NaN,24.0,21.0,NaN,0.0,0.0,1.0,NaN,0.0,1.0,NaN,NaN,NaN,24.0,NaN,NaN,NaN,24.0,NaN,NaN,NaN,24.0,40.0,NaN,0.0,0.0,27.0,NaN,0.0,0.0,107.0,NaN,0.0,0.0,10.2,NaN,0.0,0.0,107.0,NaN,0.0,0.0,1.8,NaN,0.0,0.0,NaN,NaN,NaN,24.0,99.0,NaN,0.0,0.0,NaN,NaN,NaN,24.0,1.9,NaN,0.0,0.0,2.8,NaN,0.0,0.0,5.5,NaN,0.0,0.0,3.1,NaN,0.0,0.0,NaN,NaN,NaN,24.0,29.4,NaN,0.0,0.0,10.3,NaN,0.0,0.0,45.0,NaN,0.0,0.0,16.0,NaN,0.0,0.0,NaN,NaN,NaN,24.0,156.0,NaN,0.0,0.0,61.0,0.0,1.0,0.0,0.0,3.0,0.0,1.0,1.0,1.0,0.0,0.0,2.0,0.0,0.0,1.0,1.0,0.0,1.0,1.0,0.0,0.0,NaN,7.0,7.0,7.0,NaN,NaN,NaN
123.0,NaN,-2.0,0.0,100.0,NaN,0.0,0.0,36.5,NaN,0.0,2.0,138.0,NaN,0.0,0.0,92.0,NaN,0.0,0.0,78.0,NaN,0.0,0.0,20.0,NaN,-1.0,0.0,NaN,NaN,NaN,24.0,NaN,NaN,NaN,24.0,21.0,NaN,0.0,1.0,1.0,NaN,0.0,2.0,NaN,NaN,NaN,24.0,NaN,NaN,NaN,24.0,NaN,NaN,NaN,24.0,40.0,NaN,0.0,1.0,27.0,NaN,0.0,1.0,107.0,NaN,0.0,1.0,10.2,NaN,0.0,1.0,107.0,NaN,0.0,1.0,1.8,NaN,0.0,1.0,NaN,NaN,NaN,24.0,99.0,NaN,0.0,1.0,3.1,NaN,0.0,0.0,1.9,NaN,0.0,1.0,2.8,NaN,0.0,1.0,5.5,NaN,0.0,1.0,3.1,NaN,0.0,1.0,NaN,NaN,NaN,24.0,29.4,NaN,0.0,1.0,10.3,NaN,0.0,1.0,45.0,NaN,0.0,1.0,16.0,NaN,0.0,1.0,NaN,NaN,NaN,24.0,156.0,NaN,0.0,1.0,61.0,0.0,1.0,0.0,0.0,4.0,0.0,0.0,1.0,1.0,0.0,0.0,0.0,0.0,1.0,0.0,1.0,1.0,1.0,1.0,0.0,0.0,NaN,7.0,7.0,7.0,NaN,NaN,NaN
122.0,NaN,-1.0,0.0,100.0,NaN,0.0,0.0,37.06,NaN,0.18666666666666742,0.0,140.0,NaN,2.0,0.0,94.0,NaN,2.0,0.0,80.0,NaN,2.0,0.0,18.0,NaN,-2.0,0.0,NaN,NaN,NaN,24.0,NaN,NaN,NaN,24.0,21.0,NaN,0.0,2.0,1.0,NaN,0.0,3.0,NaN,NaN,NaN,24.0,NaN,NaN,NaN,24.0,NaN,NaN,NaN,24.0,40.0,NaN,0.0,2.0,27.0,NaN,0.0,2.0,107.0,NaN,0.0,2.0,10.2,NaN,0.0,2.0,107.0,NaN,0.0,2.0,1.8,NaN,0.0,2.0,NaN,NaN,NaN,24.0,99.0,NaN,0.0,2.0,3.1,NaN,0.0,1.0,1.9,NaN,0.0,2.0,2.8,NaN,0.0,2.0,5.5,NaN,0.0,2.0,3.1,NaN,0.0,2.0,NaN,NaN,NaN,24.0,29.4,NaN,0.0,2.0,10.3,NaN,0.0,2.0,45.0,NaN,0.0,2.0,16.0,NaN,0.0,2.0,NaN,NaN,NaN,24.0,156.0,NaN,0.0,2.0,61.0,0.0,1.0,0.0,0.0,5.0,0.0,0.0,1.0,1.0,0.0,0.0,0.0,0.0,0.0,0.0,1.0,1.0,1.0,1.0,0.0,0.0,NaN,7.0,7.0,7.0,NaN,NaN,NaN
124.0,NaN,2.0,0.0,100.0,NaN,0.0,0.0,37.06,NaN,0.14000000000000057,1.0,139.0,NaN,-1.0,0.0,96.0,NaN,2.0,0.0,85.0,NaN,5.0,0.0,21.5,NaN,3.5,0.0,NaN,NaN,NaN,24.0,NaN,NaN,NaN,24.0,21.0,NaN,0.0,3.0,0.5,NaN,-0.125,0.0,NaN,NaN,NaN,24.0,NaN,NaN,NaN,24.0,NaN,NaN,NaN,24.0,40.0,NaN,0.0,3.0,27.0,NaN,0.0,3.0,107.0,NaN,0.0,3.0,10.2,NaN,0.0,3.0,107.0,NaN,0.0,3.0,1.8,NaN,0.0,3.0,NaN,NaN,NaN,24.0,99.0,NaN,0.0,3.0,3.1,NaN,0.0,2.0,1.9,NaN,0.0,3.0,2.8,NaN,0.0,3.0,5.5,NaN,0.0,3.0,3.1,NaN,0.0,3.0,NaN,NaN,NaN,24.0,29.4,NaN,0.0,3.0,10.3,NaN,0.0,3.0,45.0,NaN,0.0,3.0,16.0,NaN,0.0,3.0,NaN,NaN,NaN,24.0,156.0,NaN,0.0,3.0,61.0,0.0,1.0,0.0,0.0,6.0,0.0,1.0,1.0,1.0,2.0,0.0,0.0,0.0,0.0,0.0,0.0,1.0,1.0,1.0,0.0,0.0,NaN,7.0,7.0,7.0,NaN,NaN,NaN
126.0,NaN,2.0,0.0,99.0,NaN,-1.0,0.0,37.06,NaN,0.11200000000000046,2.0,141.0,NaN,2.0,0.0,91.0,NaN,-5.0,0.0,76.0,NaN,-9.0,0.0,21.0,NaN,-0.5,0.0,NaN,NaN,NaN,24.0,NaN,NaN,NaN,24.0,21.0,NaN,0.0,4.0,0.5,NaN,-0.1,1.0,NaN,NaN,NaN,24.0,NaN,NaN,NaN,24.0,NaN,NaN,NaN,24.0,40.0,NaN,0.0,4.0,27.0,NaN,0.0,4.0,107.0,NaN,0.0,4.0,10.2,NaN,0.0,4.0,107.0,NaN,0.0,4.0,1.8,NaN,0.0,4.0,NaN,NaN,NaN,24.0,99.0,NaN,0.0,4.0,3.1,NaN,0.0,3.0,1.9,NaN,0.0,4.0,2.8,NaN,0.0,4.0,5.5,NaN,0.0,4.0,3.1,NaN,0.0,4.0,NaN,NaN,NaN,24.0,29.4,NaN,0.0,4.0,10.3,NaN,0.0,4.0,45.0,NaN,0.0,4.0,16.0,NaN,0.0,4.0,NaN,NaN,NaN,24.0,156.0,NaN,0.0,4.0,61.0,0.0,1.0,0.0,0.0,7.0,0.0,1.0,1.0,1.0,0.0,0.0,0.0,0.0,0.0,0.0,1.0,1.0,1.0,1.0,0.0,0.0,NaN,7.0,7.0,7.0,NaN,NaN,NaN
120.0,NaN,-6.0,0.0,100.0,NaN,1.0,0.0,37.06,NaN,0.09333333333333371,3.0,136.0,NaN,-5.0,0.0,95.0,NaN,4.0,0.0,83.0,NaN,7.0,0.0,19.0,NaN,-2.0,0.0,NaN,NaN,NaN,24.0,NaN,NaN,NaN,24.0,21.0,NaN,0.0,5.0,0.5,NaN,-0.08333333333333333,2.0,NaN,NaN,NaN,24.0,NaN,NaN,NaN,24.0,NaN,NaN,NaN,24.0,40.0,NaN,0.0,5.0,27.0,NaN,0.0,5.0,107.0,NaN,0.0,5.0,10.2,NaN,0.0,5.0,107.0,NaN,0.0,5.0,1.8,NaN,0.0,5.0,NaN,NaN,NaN,24.0,99.0,NaN,0.0,5.0,3.1,NaN,0.0,4.0,1.9,NaN,0.0,5.0,2.8,NaN,0.0,5.0,5.5,NaN,0.0,5.0,3.1,NaN,0.0,5.0,NaN,NaN,NaN,24.0,29.4,NaN,0.0,5.0,10.3,NaN,0.0,5.0,45.0,NaN,0.0,5.0,16.0,NaN,0.0,5.0,NaN,NaN,NaN,24.0,156.0,NaN,0.0,5.0,61.0,0.0,1.0,0.0,0.0,8.0,0.0,0.0,1.0,1.0,0.0,0.0,0.0,0.0,0.0,0.0,1.0,1.0,1.0,1.0,0.0,0.0,NaN,7.0,7.0,7.0,NaN,NaN,NaN
125.0,NaN,5.0,0.0,100.0,NaN,0.0,0.0,36.94,NaN,-0.030000000000001137,0.0,140.0,NaN,4.0,0.0,95.0,NaN,0.0,0.0,82.0,NaN,-1.0,0.0,21.0,NaN,2.0,0.0,NaN,NaN,NaN,24.0,0.0,NaN,0.0,0.0,21.0,NaN,0.0,6.0,0.5,NaN,0.0,0.0,7.5,NaN,0.0,0.0,30.0,NaN,0.0,0.0,NaN,NaN,NaN,24.0,40.0,NaN,0.0,6.0,27.0,NaN,0.0,6.0,107.0,NaN,0.0,6.0,10.2,NaN,0.0,6.0,107.0,NaN,0.0,6.0,1.8,NaN,0.0,6.0,NaN,NaN,NaN,24.0,99.0,NaN,0.0,6.0,3.0,NaN,-0.020000000000000018,0.0,1.9,NaN,0.0,6.0,2.8,NaN,0.0,6.0,5.5,NaN,0.0,6.0,3.1,NaN,0.0,6.0,NaN,NaN,NaN,24.0,29.4,NaN,0.0,6.0,10.3,NaN,0.0,6.0,45.0,NaN,0.0,6.0,16.0,NaN,0.0,6.0,NaN,NaN,NaN,24.0,156.0,NaN,0.0,6.0,61.0,0.0,1.0,0.0,0.0,9.0,0.0,1.0,1.0,1.0,2.0,0.0,0.0,0.0,1.0,0.0,1.0,1.0,1.0,1.0,0.0,0.0,NaN,7.0,7.0,7.0,NaN,NaN,NaN
117.0,NaN,-8.0,0.0,100.0,NaN,0.0,0.0,36.94,NaN,-0.02400000000000091,1.0,122.0,NaN,-18.0,0.0,82.0,NaN,-13.0,0.0,70.0,NaN,-12.0,0.0,19.0,NaN,-2.0,0.0,NaN,NaN,NaN,24.0,0.0,NaN,0.0,1.0,21.0,NaN,0.0,7.0,0.5,NaN,0.0,1.0,7.5,NaN,0.0,1.0,30.0,NaN,0.0,1.0,NaN,NaN,NaN,24.0,40.0,NaN,0.0,7.0,27.0,NaN,0.0,7.0,107.0,NaN,0.0,7.0,10.2,NaN,0.0,7.0,107.0,NaN,0.0,7.0,1.8,NaN,0.0,7.0,NaN,NaN,NaN,24.0,99.0,NaN,0.0,7.0,3.0,NaN,-0.01666666666666668,1.0,1.9,NaN,0.0,7.0,2.8,NaN,0.0,7.0,5.5,NaN,0.0,7.0,3.1,NaN,0.0,7.0,NaN,NaN,NaN,24.0,29.4,NaN,0.0,7.0,10.3,NaN,0.0,7.0,45.0,NaN,0.0,7.0,16.0,NaN,0.0,7.0,NaN,NaN,NaN,24.0,156.0,NaN,0.0,7.0,61.0,0.0,1.0,0.0,0.0,10.0,0.0,0.0,1.0,1.0,0.0,0.0,0.0,0.0,0.0,0.0,1.0,1.0,1.0,1.0,0.0,0.0,NaN,7.0,7.0,7.0,NaN,NaN,NaN
122.0,NaN,5.0,0.0,100.0,NaN,0.0,0.0,36.94,NaN,-0.020000000000000757,2.0,126.0,NaN,4.0,0.0,91.0,NaN,9.0,0.0,79.0,NaN,9.0,0.0,21.0,NaN,2.0,0.0,NaN,NaN,NaN,24.0,0.0,NaN,0.0,2.0,21.0,NaN,0.0,8.0,0.5,NaN,0.0,2.0,7.5,NaN,0.0,2.0,30.0,NaN,0.0,2.0,NaN,NaN,NaN,24.0,40.0,NaN,0.0,8.0,27.0,NaN,0.0,8.0,107.0,NaN,0.0,8.0,10.2,NaN,0.0,8.0,107.0,NaN,0.0,8.0,1.8,NaN,0.0,8.0,NaN,NaN,NaN,24.0,99.0,NaN,0.0,8.0,3.0,NaN,-0.0142857142857143,2.0,1.9,NaN,0.0,8.0,2.8,NaN,0.0,8.0,5.5,NaN,0.0,8.0,3.1,NaN,0.0,8.0,NaN,NaN,NaN,24.0,29.4,NaN,0.0,8.0,10.3,NaN,0.0,8.0,45.0,NaN,0.0,8.0,16.0,NaN,0.0,8.0,NaN,NaN,NaN,24.0,156.0,NaN,0.0,8.0,61.0,0.0,1.0,0.0,0.0,11.0,0.0,1.0,1.0,1.0,0.0,0.0,0.0,0.0,0.0,0.0,1.0,1.0,1.0,1.0,0.0,0.0,NaN,7.0,7.0,7.0,NaN,NaN,NaN
