85.0,NaN,NaN,24.0,98.0,NaN,NaN,24.0,36.94,NaN,NaN,24.0,124.0,NaN,NaN,24.0,88.0,NaN,NaN,24.0,74.0,NaN,NaN,24.0,20.0,NaN,NaN,24.0,NaN,NaN,NaN,24.0,NaN,NaN,NaN,24.0,NaN,NaN,NaN,24.0,NaN,NaN,NaN,24.0,NaN,NaN,NaN,24.0,NaN,NaN,NaN,24.0,NaN,NaN,NaN,24.0,NaN,NaN,NaN,24.0,NaN,NaN,NaN,24.0,NaN,NaN,NaN,24.0,NaN,NaN,NaN,24.0,NaN,NaN,NaN,24.0,NaN,NaN,NaN,24.0,NaN,NaN,NaN,24.0,NaN,NaN,NaN,24.0,NaN,NaN,NaN,24.0,NaN,NaN,NaN,24.0,NaN,NaN,NaN,24.0,NaN,NaN,NaN,24.0,NaN,NaN,NaN,24.0,NaN,NaN,NaN,24.0,NaN,NaN,NaN,24.0,NaN,NaN,NaN,24.0,NaN,NaN,NaN,24.0,NaN,NaN,NaN,24.0,NaN,NaN,NaN,24.0,NaN,NaN,NaN,24.0,65.0,1.0,0.0,1.0,0.0,1.0,0.0,0.0,0.0,0.0,0.0,0.0,0.0,0.0,0.0,0.0,1.0,0.0,0.0,0.0,0.0,0.0,NaN,NaN,NaN,1.0,NaN,NaN,NaN
80.0,NaN,-5.0,0.0,97.0,NaN,-1.0,0.0,36.94,NaN,0.0,1.0,125.0,NaN,1.0,0.0,86.0,NaN,-2.0,0.0,70.0,NaN,-4.0,0.0,18.0,NaN,-2.0,0.0,NaN,NaN,NaN,24.0,NaN,NaN,NaN,24.0,NaN,NaN,NaN,24.0,NaN,NaN,NaN,24.0,NaN,NaN,NaN,24.0,NaN,NaN,NaN,24.0,NaN,NaN,NaN,24.0,NaN,NaN,NaN,24.0,NaN,NaN,NaN,24.0,NaN,NaN,NaN,24.0,NaN,NaN,NaN,24.0,NaN,NaN,NaN,24.0,NaN,NaN,NaN,24.0,NaN,NaN,NaN,24.0,NaN,NaN,NaN,24.0,NaN,NaN,NaN,24.0,NaN,NaN,NaN,24.0,NaN,NaN,NaN,24.0,NaN,NaN,NaN,24.0,NaN,NaN,NaN,24.0,NaN,NaN,NaN,24.0,NaN,NaN,NaN,24.0,NaN,NaN,NaN,24.0,NaN,NaN,NaN,24.0,NaN,NaN,NaN,24.0,NaN,NaN,NaN,24.0,NaN,NaN,NaN,24.0,65.0,1.0,0.0,1.0,0.0,2.0,0.0,0.0,0.0,0.0,0.0,0.0,0.0,0.0,0.0,0.0,1.0,0.0,0.0,0.0,0.0,0.0,NaN,NaN,NaN,1.0,NaN,NaN,NaN
88.0,NaN,8.0,0.0,95.0,NaN,-2.0,0.0,36.94,NaN,0.0,2.0,118.0,NaN,-7.0,0.0,83.0,NaN,-3.0,0.0,68.0,NaN,-2.0,0.0,13.0,NaN,-5.0,0.0,NaN,NaN,NaN,24.0,NaN,NaN,NaN,24.0,22.0,NaN,0.0,0.0,NaN,NaN,NaN,24.0,NaN,NaN,NaN,24.0,NaN,NaN,NaN,24.0,NaN,NaN,NaN,24.0,112.0,NaN,0.0,0.0,12.0,NaN,0.0,0.0,140.0,NaN,0.0,0.0,8.3,NaN,0.0,0.0,106.0,NaN,0.0,0.0,0.9,NaN,0.0,0.0,NaN,NaN,NaN,24.0,192.0,NaN,0.0,0.0,NaN,NaN,NaN,24.0,2.0,NaN,0.0,0.0,4.0,NaN,0.0,0.0,4.1,NaN,0.0,0.0,0.7,NaN,0.0,0.0,NaN,NaN,NaN,24.0,31.8,NaN,0.0,0.0,10.7,NaN,0.0,0.0,26.6,NaN,0.0,0.0,13.0,NaN,0.0,0.0,NaN,NaN,NaN,24.0,297.0,NaN,0.0,0.0,65.0,1.0,0.0,1.0,0.0,3.0,0.0,0.0,0.0,1.0,0.0,0.0,0.0,0.0,0.0,0.0,1.0,0.0,0.0,0.0,0.0,0.0,NaN,NaN,NaN,1.0,NaN,NaN,NaN
86.0,NaN,-2.0,0.0,96.0,NaN,1.0,0.0,37.44,NaN,0.16666666666666666,0.0,111.0,NaN,-7.0,0.0,81.0,NaN,-2.0,0.0,68.0,NaN,0.0,0.0,13.0,NaN,0.0,0.0,NaN,NaN,NaN,24.0,NaN,NaN,NaN,24.0,22.0,NaN,0.0,1.0,NaN,NaN,NaN,24.0,NaN,NaN,NaN,24.0,NaN,NaN,NaN,24.0,NaN,NaN,NaN,24.0,112.0,NaN,0.0,1.0,12.0,NaN,0.0,1.0,140.0,NaN,0.0,1.0,8.3,NaN,0.0,1.0,106.0,NaN,0.0,1.0,0.9,NaN,0.0,1.0,NaN,NaN,NaN,24.0,192.0,NaN,0.0,1.0,NaN,NaN,NaN,24.0,2.0,NaN,0.0,1.0,4.0,NaN,0.0,1.0,4.1,NaN,0.0,1.0,0.7,NaN,0.0,1.0,NaN,NaN,NaN,24.0,31.8,NaN,0.0,1.0,10.7,NaN,0.0,1.0,26.6,NaN,0.0,1.0,13.0,NaN,0.0,1.0,NaN,NaN,NaN,24.0,297.0,NaN,0.0,1.0,65.0,1.0,0.0,1.0,0.0,4.0,0.0,0.0,0.0,1.0,0.0,0.0,0.0,0.0,0.0,0.0,1.0,0.0,0.0,0.0,0.0,0.0,NaN,NaN,NaN,1.0,NaN,NaN,NaN
94.0,NaN,8.0,0.0,96.0,NaN,0.0,0.0,37.44,NaN,0.125,1.0,128.0,NaN,17.0,0.0,85.0,NaN,4.0,0.0,67.0,NaN,-1.0,0.0,21.0,NaN,8.0,0.0,NaN,NaN,NaN,24.0,NaN,NaN,NaN,24.0,22.0,NaN,0.0,2.0,NaN,NaN,NaN,24.0,NaN,NaN,NaN,24.0,NaN,NaN,NaN,24.0,NaN,NaN,NaN,24.0,112.0,NaN,0.0,2.0,12.0,NaN,0.0,2.0,140.0,NaN,0.0,2.0,8.3,NaN,0.0,2.0,106.0,NaN,0.0,2.0,0.9,NaN,0.0,2.0,NaN,NaN,NaN,24.0,192.0,NaN,0.0,2.0,NaN,NaN,NaN,24.0,2.0,NaN,0.0,2.0,4.0,NaN,0.0,2.0,4.1,NaN,0.0,2.0,0.7,NaN,0.0,2.0,NaN,NaN,NaN,24.0,31.8,NaN,0.0,2.0,10.7,NaN,0.0,2.0,26.6,NaN,0.0,2.0,13.0,NaN,0.0,2.0,NaN,NaN,NaN,24.0,297.0,NaN,0.0,2.0,65.0,1.0,0.0,1.0,0.0,5.0,0.0,1.0,1.0,1.0,0.0,0.0,0.0,0.0,0.0,0.0,1.0,0.0,0.0,0.0,0.0,0.0,NaN,NaN,NaN,1.0,NaN,NaN,NaN
93.0,NaN,-1.0,0.0,93.0,NaN,-3.0,0.0,37.44,NaN,0.1,2.0,109.0,NaN,-19.0,0.0,79.0,NaN,-6.0,0.0,67.0,NaN,0.0,0.0,13.0,NaN,-8.0,0.0,NaN,NaN,NaN,24.0,NaN,NaN,NaN,24.0,22.0,NaN,0.0,3.0,NaN,NaN,NaN,24.0,NaN,NaN,NaN,24.0,NaN,NaN,NaN,24.0,NaN,NaN,NaN,24.0,112.0,NaN,0.0,3.0,12.0,NaN,0.0,3.0,140.0,NaN,0.0,3.0,8.3,NaN,0.0,3.0,106.0,NaN,0.0,3.0,0.9,NaN,0.0,3.0,NaN,NaN,NaN,24.0,192.0,NaN,0.0,3.0,NaN,NaN,NaN,24.0,2.0,NaN,0.0,3.0,4.0,NaN,0.0,3.0,4.1,NaN,0.0,3.0,0.7,NaN,0.0,3.0,NaN,NaN,NaN,24.0,31.8,NaN,0.0,3.0,10.7,NaN,0.0,3.0,26.6,NaN,0.0,3.0,13.0,NaN,0.0,3.0,NaN,NaN,NaN,24.0,297.0,NaN,0.0,3.0,65.0,1.0,0.0,1.0,0.0,6.0,0.0,0.0,1.0,1.0,0.0,0.0,0.0,0.0,0.0,0.0,1.0,0.0,0.0,0.0,0.0,0.0,NaN,NaN,NaN,1.0,NaN,NaN,NaN
87.0,NaN,-6.0,0.0,95.0,NaN,2.0,0.0,37.44,NaN,0.08333333333333333,3.0,111.0,NaN,2.0,0.0,80.0,NaN,1.0,0.0,69.0,NaN,2.0,0.0,14.0,NaN,1.0,0.0,NaN,NaN,NaN,24.0,NaN,NaN,NaN,24.0,22.0,NaN,0.0,4.0,NaN,NaN,NaN,24.0,NaN,NaN,NaN,24.0,NaN,NaN,NaN,24.0,NaN,NaN,NaN,24.0,112.0,NaN,0.0,4.0,12.0,NaN,0.0,4.0,140.0,NaN,0.0,4.0,8.3,NaN,0.0,4.0,106.0,NaN,0.0,4.0,0.9,NaN,0.0,4.0,NaN,NaN,NaN,24.0,192.0,NaN,0.0,4.0,NaN,NaN,NaN,24.0,2.0,NaN,0.0,4.0,4.0,NaN,0.0,4.0,4.1,NaN,0.0,4.0,0.7,NaN,0.0,4.0,NaN,NaN,NaN,24.0,31.8,NaN,0.0,4.0,10.7,NaN,0.0,4.0,26.6,NaN,0.0,4.0,13.0,NaN,0.0,4.0,NaN,NaN,NaN,24.0,297.0,NaN,0.0,4.0,65.0,1.0,0.0,1.0,0.0,7.0,0.0,0.0,0.0,1.0,0.0,0.0,0.0,0.0,0.0,0.0,1.0,0.0,0.0,0.0,0.0,0.0,NaN,NaN,NaN,1.0,NaN,NaN,NaN
89.0,NaN,2.0,0.0,97.0,NaN,2.0,0.0,37.44,NaN,0.07142857142857142,4.0,115.0,NaN,4.0,0.0,82.0,NaN,2.0,0.0,68.0,NaN,-1.0,0.0,21.0,NaN,7.0,0.0,NaN,NaN,NaN,24.0,NaN,NaN,NaN,24.0,22.0,NaN,0.0,5.0,NaN,NaN,NaN,24.0,NaN,NaN,NaN,24.0,NaN,NaN,NaN,24.0,NaN,NaN,NaN,24.0,112.0,NaN,0.0,5.0,12.0,NaN,0.0,5.0,140.0,NaN,0.0,5.0,8.3,NaN,0.0,5.0,106.0,NaN,0.0,5.0,0.9,NaN,0.0,5.0,NaN,NaN,NaN,24.0,192.0,NaN,0.0,5.0,NaN,NaN,NaN,24.0,2.0,NaN,0.0,5.0,4.0,NaN,0.0,5.0,4.1,NaN,0.0,5.0,0.7,NaN,0.0,5.0,NaN,NaN,NaN,24.0,31.8,NaN,0.0,5.0,10.7,NaN,0.0,5.0,26.6,NaN,0.0,5.0,13.0,NaN,0.0,5.0,NaN,NaN,NaN,24.0,297.0,NaN,0.0,5.0,65.0,1.0,0.0,1.0,0.0,8.0,0.0,1.0,0.0,1.0,0.0,0.0,0.0,0.0,0.0,0.0,1.0,0.0,0.0,0.0,0.0,0.0,NaN,NaN,NaN,1.0,NaN,NaN,NaN
92.0,NaN,3.0,0.0,93.0,NaN,-4.0,0.0,37.06,NaN,-0.0759999999999991,0.0,108.0,NaN,-7.0,0.0,77.0,NaN,-5.0,0.0,63.0,NaN,-5.0,0.0,14.0,NaN,-7.0,0.0,NaN,NaN,NaN,24.0,NaN,NaN,NaN,24.0,22.0,NaN,0.0,6.0,NaN,NaN,NaN,24.0,NaN,NaN,NaN,24.0,NaN,NaN,NaN,24.0,NaN,NaN,NaN,24.0,112.0,NaN,0.0,6.0,12.0,NaN,0.0,6.0,140.0,NaN,0.0,6.0,8.3,NaN,0.0,6.0,106.0,NaN,0.0,6.0,0.9,NaN,0.0,6.0,NaN,NaN,NaN,24.0,192.0,NaN,0.0,6.0,NaN,NaN,NaN,24.0,2.0,NaN,0.0,6.0,4.0,NaN,0.0,6.0,4.1,NaN,0.0,6.0,0.7,NaN,0.0,6.0,NaN,NaN,NaN,24.0,31.8,NaN,0.0,6.0,10.7,NaN,0.0,6.0,26.6,NaN,0.0,6.0,13.0,NaN,0.0,6.0,NaN,NaN,NaN,24.0,297.0,NaN,0.0,6.0,65.0,1.0,0.0,1.0,0.0,9.0,0.0,0.0,1.0,1.0,0.0,0.0,0.0,0.0,0.0,0.0,1.0,0.0,0.0,0.0,0.0,0.0,NaN,NaN,NaN,1.0,NaN,NaN,NaN
85.0,NaN,-7.0,0.0,95.0,NaN,2.0,0.0,37.06,NaN,-0.06333333333333258,1.0,108.0,NaN,0.0,0.0,77.0,NaN,0.0,0.0,64.0,NaN,1.0,0.0,10.0,NaN,-4.0,0.0,NaN,NaN,NaN,24.0,NaN,NaN,NaN,24.0,22.0,NaN,0.0,7.0,NaN,NaN,NaN,24.0,NaN,NaN,NaN,24.0,NaN,NaN,NaN,24.0,NaN,NaN,NaN,24.0,112.0,NaN,0.0,7.0,12.0,NaN,0.0,7.0,140.0,NaN,0.0,7.0,8.3,NaN,0.0,7.0,106.0,NaN,0.0,7.0,0.9,NaN,0.0,7.0,NaN,NaN,NaN,24.0,192.0,NaN,0.0,7.0,NaN,NaN,NaN,24.0,2.0,NaN,0.0,7.0,4.0,NaN,0.0,7.0,4.1,NaN,0.0,7.0,0.7,NaN,0.0,7.0,NaN,NaN,NaN,24.0,31.8,NaN,0.0,7.0,10.7,NaN,0.0,7.0,26.6,NaN,0.0,7.0,13.0,NaN,0.0,7.0,NaN,NaN,NaN,24.0,297.0,NaN,0.0,7.0,65.0,1.0,0.0,1.0,0.0,10.0,0.0,0.0,0.0,1.0,0.0,0.0,0.0,0.0,0.0,0.0,1.0,0.0,0.0,0.0,0.0,0.0,NaN,NaN,NaN,1.0,NaN,NaN,NaN
91.0,NaN,6.0,0.0,96.0,NaN,1.0,0.0,37.06,NaN,-0.05428571428571364,2.0,108.0,NaN,0.0,0.0,77.0,NaN,0.0,0.0,63.0,NaN,-1.0,0.0,15.0,NaN,5.0,0.0,NaN,NaN,NaN,24.0,NaN,NaN,NaN,24.0,22.0,NaN,0.0,8.0,NaN,NaN,NaN,24.0,NaN,NaN,NaN,24.0,NaN,NaN,NaN,24.0,NaN,NaN,NaN,24.0,112.0,NaN,0.0,8.0,12.0,NaN,0.0,8.0,140.0,NaN,0.0,8.0,8.3,NaN,0.0,8.0,106.0,NaN,0.0,8.0,0.9,NaN,0.0,8.0,NaN,NaN,NaN,24.0,192.0,NaN,0.0,8.0,NaN,NaN,NaN,24.0,2.0,NaN,0.0,8.0,4.0,NaN,0.0,8.0,4.1,NaN,0.0,8.0,0.7,NaN,0.0,8.0,NaN,NaN,NaN,24.0,31.8,NaN,0.0,8.0,10.7,NaN,0.0,8.0,26.6,NaN,0.0,8.0,13.0,NaN,0.0,8.0,NaN,NaN,NaN,24.0,297.0,NaN,0.0,8.0,65.0,1.0,0.0,1.0,0.0,11.0,0.0,0.0,1.0,1.0,0.0,0.0,0.0,0.0,0.0,0.0,1.0,0.0,0.0,0.0,0.0,0.0,NaN,NaN,NaN,1.0,NaN,NaN,NaN
88.0,NaN,-3.0,0.0,96.0,NaN,0.0,0.0,37.06,NaN,-0.04749999999999943,3.0,110.0,NaN,2.0,0.0,78.0,NaN,1.0,0.0,64.0,NaN,1.0,0.0,10.0,NaN,-5.0,0.0,NaN,NaN,NaN,24.0,NaN,NaN,NaN,24.0,22.0,NaN,0.0,9.0,NaN,NaN,NaN,24.0,NaN,NaN,NaN,24.0,NaN,NaN,NaN,24.0,NaN,NaN,NaN,24.0,112.0,NaN,0.0,9.0,12.0,NaN,0.0,9.0,140.0,NaN,0.0,9.0,8.3,NaN,0.0,9.0,106.0,NaN,0.0,9.0,0.9,NaN,0.0,9.0,NaN,NaN,NaN,24.0,192.0,NaN,0.0,9.0,NaN,NaN,NaN,24.0,2.0,NaN,0.0,9.0,4.0,NaN,0.0,9.0,4.1,NaN,0.0,9.0,0.7,NaN,0.0,9.0,NaN,NaN,NaN,24.0,31.8,NaN,0.0,9.0,10.7,NaN,0.0,9.0,26.6,NaN,0.0,9.0,13.0,NaN,0.0,9.0,NaN,NaN,NaN,24.0,297.0,NaN,0.0,9.0,65.0,1.0,0.0,1.0,0.0,12.0,0.0,0.0,0.0,1.0,0.0,0.0,0.0,0.0,0.0,0.0,1.0,0.0,0.0,0.0,0.0,0.0,NaN,NaN,NaN,1.0,NaN,NaN,NaN
78.0,NaN,-10.0,0.0,96.0,NaN,0.0,0.0,37.0,NaN,-0.015000000000000568,0.0,110.0,NaN,0.0,0.0,77.0,NaN,-1.0,0.0,64.0,NaN,0.0,0.0,12.0,NaN,2.0,0.0,NaN,NaN,NaN,24.0,NaN,NaN,NaN,24.0,22.0,NaN,0.0,0.0,NaN,NaN,NaN,24.0,NaN,NaN,NaN,24.0,NaN,NaN,NaN,24.0,NaN,NaN,NaN,24.0,79.0,NaN,-3.3,0.0,11.0,NaN,-0.1,0.0,121.0,NaN,-1.9,0.0,8.0,NaN,-0.030000000000000072,0.0,105.0,NaN,-0.1,0.0,0.9,NaN,0.0,0.0,NaN,NaN,NaN,24.0,121.0,NaN,-7.1,0.0,NaN,NaN,NaN,24.0,2.1,NaN,0.010000000000000009,0.0,3.2,NaN,-0.07999999999999999,0.0,4.1,NaN,0.0,0.0,0.7,NaN,0.0,0.0,NaN,NaN,NaN,24.0,29.7,NaN,-0.21000000000000013,0.0,10.2,NaN,-0.05,0.0,26.6,NaN,0.0,10.0,10.7,NaN,-0.23000000000000007,0.0,NaN,NaN,NaN,24.0,291.0,NaN,-0.6,0.0,65.0,1.0,0.0,1.0,0.0,13.0,0.0,0.0,0.0,0.0,0.0,0.0,0.0,0.0,0.0,0.0,1.0,0.0,0.0,0.0,0.0,0.0,NaN,NaN,NaN,1.0,NaN,NaN,NaN
95.0,NaN,17.0,0.0,94.0,NaN,-2.0,0.0,37.0,NaN,-0.012000000000000455,1.0,110.0,NaN,0.0,1.0,77.0,NaN,-0.5,1.0,64.0,NaN,0.0,1.0,18.0,NaN,6.0,0.0,NaN,NaN,NaN,24.0,NaN,NaN,NaN,24.0,22.0,NaN,0.0,1.0,NaN,NaN,NaN,24.0,NaN,NaN,NaN,24.0,NaN,NaN,NaN,24.0,NaN,NaN,NaN,24.0,79.0,NaN,-3.0,1.0,11.0,NaN,-0.09090909090909091,1.0,121.0,NaN,-1.7272727272727273,1.0,8.0,NaN,-0.027272727272727337,1.0,105.0,NaN,-0.09090909090909091,1.0,0.9,NaN,0.0,1.0,NaN,NaN,NaN,24.0,121.0,NaN,-6.454545454545454,1.0,NaN,NaN,NaN,24.0,2.1,NaN,0.0090909090909091,1.0,3.2,NaN,-0.07272727272727271,1.0,4.1,NaN,0.0,1.0,0.7,NaN,0.0,1.0,NaN,NaN,NaN,24.0,29.7,NaN,-0.19090909090909103,1.0,10.2,NaN,-0.045454545454545456,1.0,26.6,NaN,0.0,11.0,10.7,NaN,-0.20909090909090916,1.0,NaN,NaN,NaN,24.0,291.0,NaN,-0.5454545454545454,1.0,65.0,1.0,0.0,1.0,0.0,14.0,0.0,0.0,1.0,0.0,0.0,0.0,0.0,0.0,0.0,0.0,1.0,0.0,0.0,0.0,0.0,0.0,NaN,NaN,NaN,1.0,NaN,NaN,NaN
86.0,NaN,-9.0,0.0,95.0,NaN,1.0,0.0,37.0,NaN,-0.010000000000000378,2.0,112.0,NaN,1.0,0.0,80.0,NaN,1.5,0.0,66.0,NaN,1.0,0.0,21.0,NaN,3.0,0.0,NaN,NaN,NaN,24.0,NaN,NaN,NaN,24.0,22.0,NaN,0.0,2.0,NaN,NaN,NaN,24.0,NaN,NaN,NaN,24.0,NaN,NaN,NaN,24.0,NaN,NaN,NaN,24.0,79.0,NaN,-2.75,2.0,11.0,NaN,-0.08333333333333333,2.0,121.0,NaN,-1.5833333333333333,2.0,8.0,NaN,-0.02500000000000006,2.0,105.0,NaN,-0.08333333333333333,2.0,0.9,NaN,0.0,2.0,NaN,NaN,NaN,24.0,121.0,NaN,-5.916666666666667,2.0,NaN,NaN,NaN,24.0,2.1,NaN,0.00833333333333334,2.0,3.2,NaN,-0.06666666666666665,2.0,4.1,NaN,0.0,2.0,0.7,NaN,0.0,2.0,NaN,NaN,NaN,24.0,29.7,NaN,-0.17500000000000013,2.0,10.2,NaN,-0.041666666666666664,2.0,26.6,NaN,0.0,12.0,10.7,NaN,-0.19166666666666674,2.0,NaN,NaN,NaN,24.0,291.0,NaN,-0.5,2.0,65.0,1.0,0.0,1.0,0.0,15.0,0.0,1.0,0.0,0.0,0.0,0.0,0.0,0.0,0.0,0.0,1.0,0.0,0.0,0.0,0.0,0.0,NaN,NaN,NaN,1.0,NaN,NaN,NaN
