NaN,NaN,NaN,24.0,NaN,NaN,NaN,24.0,NaN,NaN,NaN,24.0,NaN,NaN,NaN,24.0,NaN,NaN,NaN,24.0,NaN,NaN,NaN,24.0,NaN,NaN,NaN,24.0,NaN,NaN,NaN,24.0,NaN,NaN,NaN,24.0,NaN,NaN,NaN,24.0,NaN,NaN,NaN,24.0,NaN,NaN,NaN,24.0,NaN,NaN,NaN,24.0,NaN,NaN,NaN,24.0,NaN,NaN,NaN,24.0,NaN,NaN,NaN,24.0,NaN,NaN,NaN,24.0,NaN,NaN,NaN,24.0,NaN,NaN,NaN,24.0,NaN,NaN,NaN,24.0,NaN,NaN,NaN,24.0,NaN,NaN,NaN,24.0,NaN,NaN,NaN,24.0,NaN,NaN,NaN,24.0,NaN,NaN,NaN,24.0,NaN,NaN,NaN,24.0,NaN,NaN,NaN,24.0,NaN,NaN,NaN,24.0,NaN,NaN,NaN,24.0,NaN,NaN,NaN,24.0,NaN,NaN,NaN,24.0,NaN,NaN,NaN,24.0,NaN,NaN,NaN,24.0,NaN,NaN,NaN,24.0,83.0,0.0,1.0,0.0,-4.416944444444445,1.0,0.0,0.0,0.0,0.0,0.0,0.0,0.0,0.0,0.0,0.0,1.0,0.0,0.0,NaN,0.0,0.0,NaN,NaN,NaN,NaN,NaN,NaN,NaN
86.25,NaN,0.0,0.0,96.3333333333333,NaN,0.0,0.0,37.28,NaN,0.0,0.0,159.5,NaN,0.0,0.0,85.75,NaN,0.0,0.0,60.25,NaN,0.0,0.0,15.6666666666667,NaN,0.0,0.0,NaN,NaN,NaN,24.0,NaN,NaN,NaN,24.0,NaN,NaN,NaN,24.0,NaN,NaN,NaN,24.0,NaN,NaN,NaN,24.0,NaN,NaN,NaN,24.0,NaN,NaN,NaN,24.0,NaN,NaN,NaN,24.0,NaN,NaN,NaN,24.0,NaN,NaN,NaN,24.0,NaN,NaN,NaN,24.0,NaN,NaN,NaN,24.0,NaN,NaN,NaN,24.0,NaN,NaN,NaN,24.0,NaN,NaN,NaN,24.0,NaN,NaN,NaN,24.0,NaN,NaN,NaN,24.0,NaN,NaN,NaN,24.0,NaN,NaN,NaN,24.0,NaN,NaN,NaN,24.0,NaN,NaN,NaN,24.0,NaN,NaN,NaN,24.0,NaN,NaN,NaN,24.0,NaN,NaN,NaN,24.0,NaN,NaN,NaN,24.0,NaN,NaN,NaN,24.0,NaN,NaN,NaN,24.0,83.0,0.0,1.0,0.0,-4.416944444444445,2.0,0.0,0.0,0.0,0.0,0.0,0.0,0.0,0.0,0.0,0.0,1.0,0.0,0.0,NaN,0.0,0.0,NaN,NaN,NaN,NaN,NaN,NaN,NaN
79.0,NaN,-7.25,0.0,97.5,NaN,1.1666666666666998,0.0,37.28,NaN,0.0,1.0,150.0,NaN,-9.5,0.0,83.0,NaN,-2.75,0.0,61.0,NaN,0.75,0.0,15.5,NaN,-0.16666666666669983,0.0,NaN,NaN,NaN,24.0,NaN,NaN,NaN,24.0,NaN,NaN,NaN,24.0,NaN,NaN,NaN,24.0,NaN,NaN,NaN,24.0,NaN,NaN,NaN,24.0,NaN,NaN,NaN,24.0,NaN,NaN,NaN,24.0,NaN,NaN,NaN,24.0,NaN,NaN,NaN,24.0,NaN,NaN,NaN,24.0,NaN,NaN,NaN,24.0,NaN,NaN,NaN,24.0,NaN,NaN,NaN,24.0,NaN,NaN,NaN,24.0,NaN,NaN,NaN,24.0,NaN,NaN,NaN,24.0,NaN,NaN,NaN,24.0,NaN,NaN,NaN,24.0,NaN,NaN,NaN,24.0,NaN,NaN,NaN,24.0,NaN,NaN,NaN,24.0,NaN,NaN,NaN,24.0,NaN,NaN,NaN,24.0,NaN,NaN,NaN,24.0,NaN,NaN,NaN,24.0,NaN,NaN,NaN,24.0,83.0,0.0,1.0,0.0,-4.416944444444445,3.0,0.0,0.0,0.0,0.0,0.0,0.0,0.0,0.0,0.0,0.0,1.0,0.0,0.0,NaN,0.0,0.0,NaN,NaN,NaN,NaN,NaN,NaN,NaN
71.0,NaN,-8.0,0.0,95.0,NaN,-2.5,0.0,37.28,NaN,0.0,2.0,140.0,NaN,-10.0,0.0,76.0,NaN,-7.0,0.0,56.0,NaN,-5.0,0.0,13.0,NaN,-2.5,0.0,NaN,NaN,NaN,24.0,NaN,NaN,NaN,24.0,NaN,NaN,NaN,24.0,NaN,NaN,NaN,24.0,NaN,NaN,NaN,24.0,NaN,NaN,NaN,24.0,NaN,NaN,NaN,24.0,NaN,NaN,NaN,24.0,NaN,NaN,NaN,24.0,NaN,NaN,NaN,24.0,NaN,NaN,NaN,24.0,NaN,NaN,NaN,24.0,NaN,NaN,NaN,24.0,NaN,NaN,NaN,24.0,NaN,NaN,NaN,24.0,NaN,NaN,NaN,24.0,NaN,NaN,NaN,24.0,NaN,NaN,NaN,24.0,NaN,NaN,NaN,24.0,NaN,NaN,NaN,24.0,NaN,NaN,NaN,24.0,NaN,NaN,NaN,24.0,NaN,NaN,NaN,24.0,NaN,NaN,NaN,24.0,NaN,NaN,NaN,24.0,NaN,NaN,NaN,24.0,NaN,NaN,NaN,24.0,83.0,0.0,1.0,0.0,-4.416944444444445,4.0,0.0,0.0,0.0,0.0,0.0,0.0,0.0,0.0,0.0,0.0,1.0,0.0,0.0,NaN,0.0,0.0,NaN,NaN,NaN,NaN,NaN,NaN,NaN
74.0,NaN,3.0,0.0,96.0,NaN,1.0,0.0,37.17,NaN,-0.03666666666666648,0.0,149.0,NaN,9.0,0.0,80.0,NaN,4.0,0.0,60.0,NaN,4.0,0.0,15.0,NaN,2.0,0.0,NaN,NaN,NaN,24.0,NaN,NaN,NaN,24.0,23.0,NaN,0.0,0.0,NaN,NaN,NaN,24.0,NaN,NaN,NaN,24.0,NaN,NaN,NaN,24.0,NaN,NaN,NaN,24.0,NaN,NaN,NaN,24.0,8.0,NaN,0.0,0.0,NaN,NaN,NaN,24.0,9.4,NaN,0.0,0.0,108.0,NaN,0.0,0.0,0.8,NaN,0.0,0.0,NaN,NaN,NaN,24.0,103.0,NaN,0.0,0.0,NaN,NaN,NaN,24.0,2.2,NaN,0.0,0.0,2.9,NaN,0.0,0.0,4.1,NaN,0.0,0.0,NaN,NaN,NaN,24.0,NaN,NaN,NaN,24.0,40.0,NaN,0.0,0.0,12.9,NaN,0.0,0.0,NaN,NaN,NaN,24.0,9.5,NaN,0.0,0.0,NaN,NaN,NaN,24.0,192.0,NaN,0.0,0.0,83.0,0.0,1.0,0.0,-4.416944444444445,5.0,0.0,0.0,0.0,0.0,0.0,0.0,0.0,0.0,0.0,0.0,1.0,0.0,0.0,NaN,0.0,0.0,NaN,NaN,NaN,NaN,NaN,NaN,NaN
77.0,NaN,3.0,0.0,97.0,NaN,1.0,0.0,37.17,NaN,-0.027499999999999858,1.0,170.0,NaN,21.0,0.0,93.0,NaN,13.0,0.0,67.0,NaN,7.0,0.0,15.0,NaN,0.0,0.0,NaN,NaN,NaN,24.0,NaN,NaN,NaN,24.0,23.0,NaN,0.0,1.0,NaN,NaN,NaN,24.0,NaN,NaN,NaN,24.0,NaN,NaN,NaN,24.0,NaN,NaN,NaN,24.0,NaN,NaN,NaN,24.0,8.0,NaN,0.0,1.0,NaN,NaN,NaN,24.0,9.4,NaN,0.0,1.0,108.0,NaN,0.0,1.0,0.8,NaN,0.0,1.0,NaN,NaN,NaN,24.0,103.0,NaN,0.0,1.0,0.9,NaN,0.0,0.0,2.2,NaN,0.0,1.0,2.9,NaN,0.0,1.0,4.1,NaN,0.0,1.0,NaN,NaN,NaN,24.0,NaN,NaN,NaN,24.0,40.0,NaN,0.0,1.0,12.9,NaN,0.0,1.0,NaN,NaN,NaN,24.0,9.5,NaN,0.0,1.0,NaN,NaN,NaN,24.0,192.0,NaN,0.0,1.0,83.0,0.0,1.0,0.0,-4.416944444444445,6.0,0.0,0.0,0.0,0.0,0.0,0.0,0.0,0.0,0.0,0.0,1.0,0.0,0.0,NaN,0.0,0.0,NaN,NaN,NaN,NaN,NaN,NaN,NaN
74.0,NaN,-3.0,0.0,96.0,NaN,-1.0,0.0,37.17,NaN,-0.021999999999999888,2.0,145.0,NaN,-25.0,0.0,85.0,NaN,-8.0,0.0,63.0,NaN,-4.0,0.0,14.0,NaN,-1.0,0.0,NaN,NaN,NaN,24.0,NaN,NaN,NaN,24.0,23.0,NaN,0.0,2.0,NaN,NaN,NaN,24.0,NaN,NaN,NaN,24.0,NaN,NaN,NaN,24.0,NaN,NaN,NaN,24.0,NaN,NaN,NaN,24.0,8.0,NaN,0.0,2.0,NaN,NaN,NaN,24.0,9.4,NaN,0.0,2.0,108.0,NaN,0.0,2.0,0.8,NaN,0.0,2.0,NaN,NaN,NaN,24.0,103.0,NaN,0.0,2.0,0.9,NaN,0.0,1.0,2.2,NaN,0.0,2.0,2.9,NaN,0.0,2.0,4.1,NaN,0.0,2.0,NaN,NaN,NaN,24.0,NaN,NaN,NaN,24.0,40.0,NaN,0.0,2.0,12.9,NaN,0.0,2.0,NaN,NaN,NaN,24.0,9.5,NaN,0.0,2.0,NaN,NaN,NaN,24.0,192.0,NaN,0.0,2.0,83.0,0.0,1.0,0.0,-4.416944444444445,7.0,0.0,0.0,0.0,0.0,0.0,0.0,0.0,0.0,0.0,0.0,1.0,0.0,0.0,NaN,0.0,0.0,NaN,NaN,NaN,NaN,NaN,NaN,NaN
80.0,NaN,6.0,0.0,98.0,NaN,2.0,0.0,37.17,NaN,-0.01833333333333324,3.0,155.0,NaN,10.0,0.0,91.0,NaN,6.0,0.0,68.0,NaN,5.0,0.0,14.0,NaN,0.0,0.0,NaN,NaN,NaN,24.0,NaN,NaN,NaN,24.0,23.0,NaN,0.0,3.0,NaN,NaN,NaN,24.0,NaN,NaN,NaN,24.0,NaN,NaN,NaN,24.0,NaN,NaN,NaN,24.0,NaN,NaN,NaN,24.0,8.0,NaN,0.0,3.0,NaN,NaN,NaN,24.0,9.4,NaN,0.0,3.0,108.0,NaN,0.0,3.0,0.8,NaN,0.0,3.0,NaN,NaN,NaN,24.0,103.0,NaN,0.0,3.0,0.9,NaN,0.0,2.0,2.2,NaN,0.0,3.0,2.9,NaN,0.0,3.0,4.1,NaN,0.0,3.0,NaN,NaN,NaN,24.0,NaN,NaN,NaN,24.0,40.0,NaN,0.0,3.0,12.9,NaN,0.0,3.0,NaN,NaN,NaN,24.0,9.5,NaN,0.0,3.0,NaN,NaN,NaN,24.0,192.0,NaN,0.0,3.0,83.0,0.0,1.0,0.0,-4.416944444444445,8.0,0.0,0.0,0.0,0.0,0.0,0.0,0.0,0.0,0.0,0.0,1.0,0.0,0.0,NaN,0.0,0.0,NaN,NaN,NaN,NaN,NaN,NaN,NaN
65.0,NaN,-15.0,0.0,95.0,NaN,-3.0,0.0,36.56,NaN,-0.15249999999999986,0.0,136.0,NaN,-19.0,0.0,74.0,NaN,-17.0,0.0,53.0,NaN,-15.0,0.0,11.0,NaN,-3.0,0.0,NaN,NaN,NaN,24.0,NaN,NaN,NaN,24.0,23.0,NaN,0.0,4.0,NaN,NaN,NaN,24.0,NaN,NaN,NaN,24.0,NaN,NaN,NaN,24.0,NaN,NaN,NaN,24.0,NaN,NaN,NaN,24.0,8.0,NaN,0.0,4.0,NaN,NaN,NaN,24.0,9.4,NaN,0.0,4.0,108.0,NaN,0.0,4.0,0.8,NaN,0.0,4.0,NaN,NaN,NaN,24.0,103.0,NaN,0.0,4.0,0.9,NaN,0.0,3.0,2.2,NaN,0.0,4.0,2.9,NaN,0.0,4.0,4.1,NaN,0.0,4.0,NaN,NaN,NaN,24.0,NaN,NaN,NaN,24.0,40.0,NaN,0.0,4.0,12.9,NaN,0.0,4.0,NaN,NaN,NaN,24.0,9.5,NaN,0.0,4.0,NaN,NaN,NaN,24.0,192.0,NaN,0.0,4.0,83.0,0.0,1.0,0.0,-4.416944444444445,9.0,0.0,0.0,0.0,0.0,0.0,0.0,0.0,0.0,0.0,0.0,1.0,0.0,0.0,NaN,0.0,0.0,NaN,NaN,NaN,NaN,NaN,NaN,NaN
69.0,NaN,4.0,0.0,96.0,NaN,1.0,0.0,36.56,NaN,-0.12199999999999989,1.0,128.0,NaN,-8.0,0.0,73.0,NaN,-1.0,0.0,57.0,NaN,4.0,0.0,12.0,NaN,1.0,0.0,NaN,NaN,NaN,24.0,NaN,NaN,NaN,24.0,23.0,NaN,0.0,5.0,NaN,NaN,NaN,24.0,NaN,NaN,NaN,24.0,NaN,NaN,NaN,24.0,NaN,NaN,NaN,24.0,NaN,NaN,NaN,24.0,8.0,NaN,0.0,5.0,NaN,NaN,NaN,24.0,9.4,NaN,0.0,5.0,108.0,NaN,0.0,5.0,0.8,NaN,0.0,5.0,NaN,NaN,NaN,24.0,103.0,NaN,0.0,5.0,0.9,NaN,0.0,4.0,2.2,NaN,0.0,5.0,2.9,NaN,0.0,5.0,4.1,NaN,0.0,5.0,NaN,NaN,NaN,24.0,NaN,NaN,NaN,24.0,40.0,NaN,0.0,5.0,12.9,NaN,0.0,5.0,NaN,NaN,NaN,24.0,9.5,NaN,0.0,5.0,NaN,NaN,NaN,24.0,192.0,NaN,0.0,5.0,83.0,0.0,1.0,0.0,-4.416944444444445,10.0,0.0,0.0,0.0,0.0,0.0,0.0,0.0,0.0,0.0,0.0,1.0,0.0,0.0,NaN,0.0,0.0,NaN,NaN,NaN,NaN,NaN,NaN,NaN
65.0,NaN,-4.0,0.0,94.0,NaN,-2.0,0.0,36.56,NaN,-0.10166666666666657,2.0,139.0,NaN,11.0,0.0,74.0,NaN,1.0,0.0,52.0,NaN,-5.0,0.0,15.0,NaN,3.0,0.0,NaN,NaN,NaN,24.0,NaN,NaN,NaN,24.0,23.0,NaN,0.0,6.0,NaN,NaN,NaN,24.0,NaN,NaN,NaN,24.0,NaN,NaN,NaN,24.0,NaN,NaN,NaN,24.0,NaN,NaN,NaN,24.0,8.0,NaN,0.0,6.0,NaN,NaN,NaN,24.0,9.4,NaN,0.0,6.0,108.0,NaN,0.0,6.0,0.8,NaN,0.0,6.0,NaN,NaN,NaN,24.0,103.0,NaN,0.0,6.0,0.9,NaN,0.0,5.0,2.2,NaN,0.0,6.0,2.9,NaN,0.0,6.0,4.1,NaN,0.0,6.0,NaN,NaN,NaN,24.0,NaN,NaN,NaN,24.0,40.0,NaN,0.0,6.0,12.9,NaN,0.0,6.0,NaN,NaN,NaN,24.0,9.5,NaN,0.0,6.0,NaN,NaN,NaN,24.0,192.0,NaN,0.0,6.0,83.0,0.0,1.0,0.0,-4.416944444444445,11.0,0.0,0.0,0.0,0.0,0.0,0.0,0.0,0.0,0.0,0.0,1.0,0.0,0.0,NaN,0.0,0.0,NaN,NaN,NaN,NaN,NaN,NaN,NaN
81.0,NaN,16.0,0.0,95.0,NaN,1.0,0.0,36.56,NaN,-0.08714285714285706,3.0,152.0,NaN,13.0,0.0,84.0,NaN,10.0,0.0,64.0,NaN,12.0,0.0,14.0,NaN,-1.0,0.0,NaN,NaN,NaN,24.0,NaN,NaN,NaN,24.0,23.0,NaN,0.0,7.0,NaN,NaN,NaN,24.0,NaN,NaN,NaN,24.0,NaN,NaN,NaN,24.0,NaN,NaN,NaN,24.0,NaN,NaN,NaN,24.0,8.0,NaN,0.0,7.0,NaN,NaN,NaN,24.0,9.4,NaN,0.0,7.0,108.0,NaN,0.0,7.0,0.8,NaN,0.0,7.0,NaN,NaN,NaN,24.0,103.0,NaN,0.0,7.0,0.9,NaN,0.0,6.0,2.2,NaN,0.0,7.0,2.9,NaN,0.0,7.0,4.1,NaN,0.0,7.0,NaN,NaN,NaN,24.0,NaN,NaN,NaN,24.0,40.0,NaN,0.0,7.0,12.9,NaN,0.0,7.0,NaN,NaN,NaN,24.0,9.5,NaN,0.0,7.0,NaN,NaN,NaN,24.0,192.0,NaN,0.0,7.0,83.0,0.0,1.0,0.0,-4.416944444444445,12.0,0.0,0.0,0.0,0.0,0.0,0.0,0.0,0.0,0.0,0.0,1.0,0.0,0.0,NaN,0.0,0.0,NaN,NaN,NaN,NaN,NaN,NaN,NaN
85.0,NaN,4.0,0.0,96.0,NaN,1.0,0.0,36.94,NaN,0.09499999999999886,0.0,155.0,NaN,3.0,0.0,87.0,NaN,3.0,0.0,65.0,NaN,1.0,0.0,18.0,NaN,4.0,0.0,NaN,NaN,NaN,24.0,NaN,NaN,NaN,24.0,23.0,NaN,0.0,8.0,NaN,NaN,NaN,24.0,NaN,NaN,NaN,24.0,NaN,NaN,NaN,24.0,NaN,NaN,NaN,24.0,NaN,NaN,NaN,24.0,8.0,NaN,0.0,8.0,NaN,NaN,NaN,24.0,9.4,NaN,0.0,8.0,108.0,NaN,0.0,8.0,0.8,NaN,0.0,8.0,NaN,NaN,NaN,24.0,103.0,NaN,0.0,8.0,0.9,NaN,0.0,7.0,2.2,NaN,0.0,8.0,2.9,NaN,0.0,8.0,4.1,NaN,0.0,8.0,NaN,NaN,NaN,24.0,NaN,NaN,NaN,24.0,40.0,NaN,0.0,8.0,12.9,NaN,0.0,8.0,NaN,NaN,NaN,24.0,9.5,NaN,0.0,8.0,NaN,NaN,NaN,24.0,192.0,NaN,0.0,8.0,83.0,0.0,1.0,0.0,-4.416944444444445,13.0,0.0,0.0,0.0,0.0,0.0,0.0,0.0,0.0,0.0,0.0,1.0,0.0,0.0,NaN,0.0,0.0,NaN,NaN,NaN,NaN,NaN,NaN,NaN
81.0,NaN,-4.0,0.0,96.0,NaN,0.0,0.0,36.94,NaN,0.0759999999999991,1.0,137.0,NaN,-18.0,0.0,81.0,NaN,-6.0,0.0,59.0,NaN,-6.0,0.0,15.0,NaN,-3.0,0.0,NaN,NaN,NaN,24.0,NaN,NaN,NaN,24.0,23.0,NaN,0.0,9.0,NaN,NaN,NaN,24.0,NaN,NaN,NaN,24.0,NaN,NaN,NaN,24.0,NaN,NaN,NaN,24.0,NaN,NaN,NaN,24.0,8.0,NaN,0.0,9.0,NaN,NaN,NaN,24.0,9.4,NaN,0.0,9.0,108.0,NaN,0.0,9.0,0.8,NaN,0.0,9.0,NaN,NaN,NaN,24.0,103.0,NaN,0.0,9.0,0.9,NaN,0.0,8.0,2.2,NaN,0.0,9.0,2.9,NaN,0.0,9.0,4.1,NaN,0.0,9.0,NaN,NaN,NaN,24.0,NaN,NaN,NaN,24.0,40.0,NaN,0.0,9.0,12.9,NaN,0.0,9.0,NaN,NaN,NaN,24.0,9.5,NaN,0.0,9.0,NaN,NaN,NaN,24.0,192.0,NaN,0.0,9.0,83.0,0.0,1.0,0.0,-4.416944444444445,14.0,0.0,0.0,0.0,0.0,0.0,0.0,0.0,0.0,0.0,0.0,1.0,0.0,0.0,NaN,0.0,0.0,NaN,NaN,NaN,NaN,NaN,NaN,NaN
71.0,NaN,-10.0,0.0,96.0,NaN,0.0,0.0,36.94,NaN,0.06333333333333258,2.0,142.0,NaN,5.0,0.0,82.0,NaN,1.0,0.0,63.0,NaN,4.0,0.0,15.0,NaN,0.0,0.0,NaN,NaN,NaN,24.0,NaN,NaN,NaN,24.0,23.0,NaN,0.0,10.0,NaN,NaN,NaN,24.0,NaN,NaN,NaN,24.0,NaN,NaN,NaN,24.0,NaN,NaN,NaN,24.0,NaN,NaN,NaN,24.0,8.0,NaN,0.0,10.0,NaN,NaN,NaN,24.0,9.4,NaN,0.0,10.0,108.0,NaN,0.0,10.0,0.8,NaN,0.0,10.0,NaN,NaN,NaN,24.0,103.0,NaN,0.0,10.0,0.9,NaN,0.0,9.0,2.2,NaN,0.0,10.0,2.9,NaN,0.0,10.0,4.1,NaN,0.0,10.0,NaN,NaN,NaN,24.0,NaN,NaN,NaN,24.0,40.0,NaN,0.0,10.0,12.9,NaN,0.0,10.0,NaN,NaN,NaN,24.0,9.5,NaN,0.0,10.0,NaN,NaN,NaN,24.0,192.0,NaN,0.0,10.0,83.0,0.0,1.0,0.0,-4.416944444444445,15.0,0.0,0.0,0.0,0.0,0.0,0.0,0.0,0.0,0.0,0.0,1.0,0.0,0.0,NaN,0.0,0.0,NaN,NaN,NaN,NaN,NaN,NaN,NaN
77.0,NaN,6.0,0.0,95.0,NaN,-1.0,0.0,36.94,NaN,0.05428571428571364,3.0,148.0,NaN,6.0,0.0,87.0,NaN,5.0,0.0,68.0,NaN,5.0,0.0,17.0,NaN,2.0,0.0,NaN,NaN,NaN,24.0,NaN,NaN,NaN,24.0,23.0,NaN,0.0,11.0,NaN,NaN,NaN,24.0,NaN,NaN,NaN,24.0,NaN,NaN,NaN,24.0,NaN,NaN,NaN,24.0,NaN,NaN,NaN,24.0,8.0,NaN,0.0,11.0,NaN,NaN,NaN,24.0,9.4,NaN,0.0,11.0,108.0,NaN,0.0,11.0,0.8,NaN,0.0,11.0,NaN,NaN,NaN,24.0,103.0,NaN,0.0,11.0,0.9,NaN,0.0,10.0,2.2,NaN,0.0,11.0,2.9,NaN,0.0,11.0,4.1,NaN,0.0,11.0,NaN,NaN,NaN,24.0,NaN,NaN,NaN,24.0,40.0,NaN,0.0,11.0,12.9,NaN,0.0,11.0,NaN,NaN,NaN,24.0,9.5,NaN,0.0,11.0,NaN,NaN,NaN,24.0,192.0,NaN,0.0,11.0,83.0,0.0,1.0,0.0,-4.416944444444445,16.0,0.0,0.0,0.0,0.0,0.0,0.0,0.0,0.0,0.0,0.0,1.0,0.0,0.0,NaN,0.0,0.0,NaN,NaN,NaN,NaN,NaN,NaN,NaN
