68.0,NaN,NaN,24.0,95.0,NaN,NaN,24.0,NaN,NaN,NaN,24.0,158.0,NaN,NaN,24.0,103.0,NaN,NaN,24.0,86.0,NaN,NaN,24.0,13.0,NaN,NaN,24.0,NaN,NaN,NaN,24.0,NaN,NaN,NaN,24.0,26.0,NaN,NaN,24.0,NaN,NaN,NaN,24.0,NaN,NaN,NaN,24.0,NaN,NaN,NaN,24.0,NaN,NaN,NaN,24.0,27.0,NaN,NaN,24.0,23.0,NaN,NaN,24.0,67.0,NaN,NaN,24.0,9.5,NaN,NaN,24.0,105.0,NaN,NaN,24.0,1.2,NaN,NaN,24.0,NaN,NaN,NaN,24.0,95.0,NaN,NaN,24.0,NaN,NaN,NaN,24.0,1.9,NaN,NaN,24.0,3.3,NaN,NaN,24.0,4.3,NaN,NaN,24.0,0.7,NaN,NaN,24.0,0.01,NaN,NaN,24.0,40.4,NaN,NaN,24.0,14.0,NaN,NaN,24.0,27.3,NaN,NaN,24.0,8.8,NaN,NaN,24.0,NaN,NaN,NaN,24.0,196.0,NaN,NaN,24.0,75.0,1.0,0.0,1.0,-6.769166666666667,1.0,0.0,0.0,0.0,0.0,0.0,0.0,0.0,0.0,0.0,1.0,1.0,0.0,0.0,NaN,0.0,0.0,NaN,NaN,NaN,NaN,NaN,NaN,NaN
66.6666666666667,NaN,-1.3333333333333002,0.0,96.0,NaN,1.0,0.0,36.33,NaN,0.0,0.0,159.0,NaN,1.0,0.0,108.0,NaN,5.0,0.0,92.0,NaN,6.0,0.0,15.6666666666667,NaN,2.6666666666667,0.0,NaN,NaN,NaN,24.0,NaN,NaN,NaN,24.0,26.0,NaN,0.0,1.0,NaN,NaN,NaN,24.0,NaN,NaN,NaN,24.0,NaN,NaN,NaN,24.0,NaN,NaN,NaN,24.0,27.0,NaN,0.0,1.0,23.0,NaN,0.0,1.0,67.0,NaN,0.0,1.0,9.5,NaN,0.0,1.0,105.0,NaN,0.0,1.0,1.2,NaN,0.0,1.0,NaN,NaN,NaN,24.0,95.0,NaN,0.0,1.0,NaN,NaN,NaN,24.0,1.9,NaN,0.0,1.0,3.3,NaN,0.0,1.0,4.3,NaN,0.0,1.0,0.7,NaN,0.0,1.0,0.01,NaN,0.0,1.0,40.4,NaN,0.0,1.0,14.0,NaN,0.0,1.0,27.3,NaN,0.0,1.0,8.8,NaN,0.0,1.0,NaN,NaN,NaN,24.0,196.0,NaN,0.0,1.0,75.0,1.0,0.0,1.0,-6.769166666666667,2.0,0.0,0.0,0.0,0.0,0.0,0.0,0.0,0.0,0.0,0.0,1.0,0.0,0.0,NaN,0.0,0.0,NaN,NaN,NaN,NaN,NaN,NaN,NaN
66.0,NaN,-0.6666666666666998,0.0,95.0,NaN,-1.0,0.0,36.33,NaN,0.0,1.0,172.0,NaN,13.0,0.0,126.0,NaN,18.0,0.0,111.0,NaN,19.0,0.0,15.0,NaN,-0.6666666666666998,0.0,NaN,NaN,NaN,24.0,NaN,NaN,NaN,24.0,26.0,NaN,0.0,2.0,NaN,NaN,NaN,24.0,NaN,NaN,NaN,24.0,NaN,NaN,NaN,24.0,NaN,NaN,NaN,24.0,27.0,NaN,0.0,2.0,23.0,NaN,0.0,2.0,67.0,NaN,0.0,2.0,9.5,NaN,0.0,2.0,105.0,NaN,0.0,2.0,1.2,NaN,0.0,2.0,NaN,NaN,NaN,24.0,95.0,NaN,0.0,2.0,NaN,NaN,NaN,24.0,1.9,NaN,0.0,2.0,3.3,NaN,0.0,2.0,4.3,NaN,0.0,2.0,0.7,NaN,0.0,2.0,0.01,NaN,0.0,2.0,40.4,NaN,0.0,2.0,14.0,NaN,0.0,2.0,27.3,NaN,0.0,2.0,8.8,NaN,0.0,2.0,NaN,NaN,NaN,24.0,196.0,NaN,0.0,2.0,75.0,1.0,0.0,1.0,-6.769166666666667,3.0,0.0,0.0,0.0,0.0,0.0,0.0,0.0,0.0,0.0,0.0,1.0,0.0,0.0,NaN,0.0,0.0,NaN,NaN,NaN,NaN,NaN,NaN,NaN
68.0,NaN,2.0,0.0,96.0,NaN,1.0,0.0,36.33,NaN,0.0,2.0,173.0,NaN,1.0,0.0,113.0,NaN,-13.0,0.0,95.0,NaN,-16.0,0.0,17.0,NaN,2.0,0.0,NaN,NaN,NaN,24.0,NaN,NaN,NaN,24.0,26.0,NaN,0.0,3.0,NaN,NaN,NaN,24.0,NaN,NaN,NaN,24.0,NaN,NaN,NaN,24.0,NaN,NaN,NaN,24.0,27.0,NaN,0.0,3.0,23.0,NaN,0.0,3.0,67.0,NaN,0.0,3.0,9.5,NaN,0.0,3.0,105.0,NaN,0.0,3.0,1.2,NaN,0.0,3.0,NaN,NaN,NaN,24.0,95.0,NaN,0.0,3.0,NaN,NaN,NaN,24.0,1.9,NaN,0.0,3.0,3.3,NaN,0.0,3.0,4.3,NaN,0.0,3.0,0.7,NaN,0.0,3.0,0.01,NaN,0.0,3.0,40.4,NaN,0.0,3.0,14.0,NaN,0.0,3.0,27.3,NaN,0.0,3.0,8.8,NaN,0.0,3.0,NaN,NaN,NaN,24.0,196.0,NaN,0.0,3.0,75.0,1.0,0.0,1.0,-6.769166666666667,4.0,0.0,0.0,0.0,0.0,0.0,0.0,0.0,0.0,0.0,0.0,1.0,0.0,0.0,NaN,0.0,0.0,NaN,NaN,NaN,NaN,NaN,NaN,NaN
66.0,NaN,-2.0,0.0,96.0,NaN,0.0,0.0,36.33,NaN,0.0,3.0,182.0,NaN,9.0,0.0,119.0,NaN,6.0,0.0,102.0,NaN,7.0,0.0,16.0,NaN,-1.0,0.0,NaN,NaN,NaN,24.0,NaN,NaN,NaN,24.0,26.0,NaN,0.0,4.0,NaN,NaN,NaN,24.0,NaN,NaN,NaN,24.0,NaN,NaN,NaN,24.0,NaN,NaN,NaN,24.0,27.0,NaN,0.0,4.0,23.0,NaN,0.0,4.0,67.0,NaN,0.0,4.0,9.5,NaN,0.0,4.0,105.0,NaN,0.0,4.0,1.2,NaN,0.0,4.0,NaN,NaN,NaN,24.0,95.0,NaN,0.0,4.0,NaN,NaN,NaN,24.0,1.9,NaN,0.0,4.0,3.3,NaN,0.0,4.0,4.3,NaN,0.0,4.0,0.7,NaN,0.0,4.0,0.01,NaN,0.0,4.0,40.4,NaN,0.0,4.0,14.0,NaN,0.0,4.0,27.3,NaN,0.0,4.0,8.8,NaN,0.0,4.0,NaN,NaN,NaN,24.0,196.0,NaN,0.0,4.0,75.0,1.0,0.0,1.0,-6.769166666666667,5.0,0.0,0.0,0.0,0.0,0.0,0.0,0.0,0.0,0.0,0.0,1.0,0.0,0.0,NaN,0.0,0.0,NaN,NaN,NaN,NaN,NaN,NaN,NaN
65.0,NaN,-1.0,0.0,96.0,NaN,0.0,0.0,36.61,NaN,0.07000000000000028,0.0,169.0,NaN,-13.0,0.0,110.0,NaN,-9.0,0.0,93.0,NaN,-9.0,0.0,18.0,NaN,2.0,0.0,NaN,NaN,NaN,24.0,NaN,NaN,NaN,24.0,26.0,NaN,0.0,5.0,NaN,NaN,NaN,24.0,NaN,NaN,NaN,24.0,NaN,NaN,NaN,24.0,NaN,NaN,NaN,24.0,27.0,NaN,0.0,5.0,23.0,NaN,0.0,5.0,67.0,NaN,0.0,5.0,9.5,NaN,0.0,5.0,105.0,NaN,0.0,5.0,1.2,NaN,0.0,5.0,NaN,NaN,NaN,24.0,95.0,NaN,0.0,5.0,NaN,NaN,NaN,24.0,1.9,NaN,0.0,5.0,3.3,NaN,0.0,5.0,4.3,NaN,0.0,5.0,0.7,NaN,0.0,5.0,0.01,NaN,0.0,5.0,40.4,NaN,0.0,5.0,14.0,NaN,0.0,5.0,27.3,NaN,0.0,5.0,8.8,NaN,0.0,5.0,NaN,NaN,NaN,24.0,196.0,NaN,0.0,5.0,75.0,1.0,0.0,1.0,-6.769166666666667,6.0,0.0,0.0,0.0,0.0,0.0,0.0,0.0,0.0,0.0,0.0,1.0,0.0,0.0,NaN,0.0,0.0,NaN,NaN,NaN,NaN,NaN,NaN,NaN
66.5,NaN,1.5,0.0,96.0,NaN,0.0,0.0,36.61,NaN,0.05600000000000023,1.0,180.0,NaN,11.0,0.0,135.5,NaN,25.5,0.0,121.5,NaN,28.5,0.0,14.5,NaN,-3.5,0.0,NaN,NaN,NaN,24.0,NaN,NaN,NaN,24.0,26.0,NaN,0.0,6.0,NaN,NaN,NaN,24.0,NaN,NaN,NaN,24.0,NaN,NaN,NaN,24.0,NaN,NaN,NaN,24.0,27.0,NaN,0.0,6.0,23.0,NaN,0.0,6.0,67.0,NaN,0.0,6.0,9.5,NaN,0.0,6.0,105.0,NaN,0.0,6.0,1.2,NaN,0.0,6.0,NaN,NaN,NaN,24.0,95.0,NaN,0.0,6.0,NaN,NaN,NaN,24.0,1.9,NaN,0.0,6.0,3.3,NaN,0.0,6.0,4.3,NaN,0.0,6.0,0.7,NaN,0.0,6.0,0.01,NaN,0.0,6.0,40.4,NaN,0.0,6.0,14.0,NaN,0.0,6.0,27.3,NaN,0.0,6.0,8.8,NaN,0.0,6.0,NaN,NaN,NaN,24.0,196.0,NaN,0.0,6.0,75.0,1.0,0.0,1.0,-6.769166666666667,7.0,0.0,0.0,0.0,0.0,0.0,0.0,0.0,0.0,0.0,0.0,1.0,0.0,0.0,NaN,0.0,0.0,NaN,NaN,NaN,NaN,NaN,NaN,NaN
65.0,NaN,-1.5,0.0,93.0,NaN,-3.0,0.0,36.61,NaN,0.046666666666666856,2.0,175.0,NaN,-5.0,0.0,112.0,NaN,-23.5,0.0,92.0,NaN,-29.5,0.0,14.0,NaN,-0.5,0.0,NaN,NaN,NaN,24.0,NaN,NaN,NaN,24.0,26.0,NaN,0.0,7.0,NaN,NaN,NaN,24.0,NaN,NaN,NaN,24.0,NaN,NaN,NaN,24.0,NaN,NaN,NaN,24.0,27.0,NaN,0.0,7.0,23.0,NaN,0.0,7.0,67.0,NaN,0.0,7.0,9.5,NaN,0.0,7.0,105.0,NaN,0.0,7.0,1.2,NaN,0.0,7.0,NaN,NaN,NaN,24.0,95.0,NaN,0.0,7.0,NaN,NaN,NaN,24.0,1.9,NaN,0.0,7.0,3.3,NaN,0.0,7.0,4.3,NaN,0.0,7.0,0.7,NaN,0.0,7.0,0.01,NaN,0.0,7.0,40.4,NaN,0.0,7.0,14.0,NaN,0.0,7.0,27.3,NaN,0.0,7.0,8.8,NaN,0.0,7.0,NaN,NaN,NaN,24.0,196.0,NaN,0.0,7.0,75.0,1.0,0.0,1.0,-6.769166666666667,8.0,0.0,0.0,0.0,0.0,0.0,0.0,0.0,0.0,0.0,0.0,1.0,0.0,0.0,NaN,0.0,0.0,NaN,NaN,NaN,NaN,NaN,NaN,NaN
66.0,NaN,1.0,0.0,96.0,NaN,3.0,0.0,36.61,NaN,0.04000000000000016,3.0,190.0,NaN,15.0,0.0,123.0,NaN,11.0,0.0,109.0,NaN,17.0,0.0,19.0,NaN,5.0,0.0,NaN,NaN,NaN,24.0,NaN,NaN,NaN,24.0,26.0,NaN,0.0,8.0,NaN,NaN,NaN,24.0,NaN,NaN,NaN,24.0,NaN,NaN,NaN,24.0,NaN,NaN,NaN,24.0,27.0,NaN,0.0,8.0,23.0,NaN,0.0,8.0,67.0,NaN,0.0,8.0,9.5,NaN,0.0,8.0,105.0,NaN,0.0,8.0,1.2,NaN,0.0,8.0,NaN,NaN,NaN,24.0,95.0,NaN,0.0,8.0,NaN,NaN,NaN,24.0,1.9,NaN,0.0,8.0,3.3,NaN,0.0,8.0,4.3,NaN,0.0,8.0,0.7,NaN,0.0,8.0,0.01,NaN,0.0,8.0,40.4,NaN,0.0,8.0,14.0,NaN,0.0,8.0,27.3,NaN,0.0,8.0,8.8,NaN,0.0,8.0,NaN,NaN,NaN,24.0,196.0,NaN,0.0,8.0,75.0,1.0,0.0,1.0,-6.769166666666667,9.0,0.0,0.0,0.0,0.0,0.0,0.0,0.0,0.0,0.0,0.0,1.0,0.0,0.0,NaN,0.0,0.0,NaN,NaN,NaN,NaN,NaN,NaN,NaN
66.0,NaN,0.0,0.0,96.0,NaN,0.0,0.0,36.72,NaN,0.027499999999999858,0.0,178.0,NaN,-12.0,0.0,120.0,NaN,-3.0,0.0,102.0,NaN,-7.0,0.0,15.0,NaN,-4.0,0.0,NaN,NaN,NaN,24.0,NaN,NaN,NaN,24.0,26.0,NaN,0.0,9.0,NaN,NaN,NaN,24.0,NaN,NaN,NaN,24.0,NaN,NaN,NaN,24.0,NaN,NaN,NaN,24.0,27.0,NaN,0.0,9.0,23.0,NaN,0.0,9.0,67.0,NaN,0.0,9.0,9.5,NaN,0.0,9.0,105.0,NaN,0.0,9.0,1.2,NaN,0.0,9.0,NaN,NaN,NaN,24.0,95.0,NaN,0.0,9.0,NaN,NaN,NaN,24.0,1.9,NaN,0.0,9.0,3.3,NaN,0.0,9.0,4.3,NaN,0.0,9.0,0.7,NaN,0.0,9.0,0.01,NaN,0.0,9.0,40.4,NaN,0.0,9.0,14.0,NaN,0.0,9.0,41.7,NaN,1.6000000000000003,0.0,8.8,NaN,0.0,9.0,NaN,NaN,NaN,24.0,196.0,NaN,0.0,9.0,75.0,1.0,0.0,1.0,-6.769166666666667,10.0,0.0,0.0,0.0,0.0,0.0,0.0,0.0,0.0,0.0,0.0,1.0,0.0,0.0,NaN,0.0,0.0,NaN,NaN,NaN,NaN,NaN,NaN,NaN
82.0,NaN,16.0,0.0,97.0,NaN,1.0,0.0,36.72,NaN,0.021999999999999888,1.0,171.0,NaN,-7.0,0.0,117.0,NaN,-3.0,0.0,102.0,NaN,0.0,0.0,17.0,NaN,2.0,0.0,NaN,NaN,NaN,24.0,NaN,NaN,NaN,24.0,26.0,NaN,0.0,10.0,NaN,NaN,NaN,24.0,NaN,NaN,NaN,24.0,NaN,NaN,NaN,24.0,NaN,NaN,NaN,24.0,27.0,NaN,0.0,10.0,23.0,NaN,0.0,10.0,67.0,NaN,0.0,10.0,9.5,NaN,0.0,10.0,105.0,NaN,0.0,10.0,1.2,NaN,0.0,10.0,NaN,NaN,NaN,24.0,95.0,NaN,0.0,10.0,NaN,NaN,NaN,24.0,1.9,NaN,0.0,10.0,3.3,NaN,0.0,10.0,4.3,NaN,0.0,10.0,0.7,NaN,0.0,10.0,0.01,NaN,0.0,0.0,40.4,NaN,0.0,10.0,14.0,NaN,0.0,10.0,41.7,NaN,1.4400000000000002,1.0,8.8,NaN,0.0,10.0,NaN,NaN,NaN,24.0,196.0,NaN,0.0,10.0,75.0,1.0,0.0,1.0,-6.769166666666667,11.0,0.0,0.0,0.0,0.0,0.0,0.0,0.0,0.0,0.0,0.0,1.0,0.0,0.0,NaN,0.0,0.0,NaN,NaN,NaN,NaN,NaN,NaN,NaN
69.0,NaN,-13.0,0.0,96.0,NaN,-1.0,0.0,36.72,NaN,0.01833333333333324,2.0,172.0,NaN,1.0,0.0,117.0,NaN,0.0,0.0,101.0,NaN,-1.0,0.0,17.0,NaN,0.0,0.0,NaN,NaN,NaN,24.0,NaN,NaN,NaN,24.0,26.0,NaN,0.0,11.0,NaN,NaN,NaN,24.0,NaN,NaN,NaN,24.0,NaN,NaN,NaN,24.0,NaN,NaN,NaN,24.0,27.0,NaN,0.0,11.0,23.0,NaN,0.0,11.0,67.0,NaN,0.0,11.0,9.5,NaN,0.0,11.0,105.0,NaN,0.0,11.0,1.2,NaN,0.0,11.0,NaN,NaN,NaN,24.0,95.0,NaN,0.0,11.0,NaN,NaN,NaN,24.0,1.9,NaN,0.0,11.0,3.3,NaN,0.0,11.0,4.3,NaN,0.0,11.0,0.7,NaN,0.0,11.0,0.01,NaN,0.0,1.0,40.4,NaN,0.0,11.0,14.0,NaN,0.0,11.0,41.7,NaN,1.3090909090909093,2.0,8.8,NaN,0.0,11.0,NaN,NaN,NaN,24.0,196.0,NaN,0.0,11.0,75.0,1.0,0.0,1.0,-6.769166666666667,12.0,0.0,0.0,0.0,0.0,0.0,0.0,0.0,0.0,0.0,0.0,1.0,0.0,0.0,NaN,0.0,0.0,NaN,NaN,NaN,NaN,NaN,NaN,NaN
77.0,NaN,8.0,0.0,96.0,NaN,0.0,0.0,37.11,NaN,0.1300000000000002,0.0,161.0,NaN,-11.0,0.0,109.0,NaN,-8.0,0.0,96.0,NaN,-5.0,0.0,15.0,NaN,-2.0,0.0,NaN,NaN,NaN,24.0,NaN,NaN,NaN,24.0,26.0,NaN,0.0,12.0,NaN,NaN,NaN,24.0,NaN,NaN,NaN,24.0,NaN,NaN,NaN,24.0,NaN,NaN,NaN,24.0,27.0,NaN,0.0,12.0,23.0,NaN,0.0,12.0,67.0,NaN,0.0,12.0,9.5,NaN,0.0,12.0,105.0,NaN,0.0,12.0,1.2,NaN,0.0,12.0,NaN,NaN,NaN,24.0,95.0,NaN,0.0,12.0,NaN,NaN,NaN,24.0,1.9,NaN,0.0,12.0,3.3,NaN,0.0,12.0,4.3,NaN,0.0,12.0,0.7,NaN,0.0,12.0,0.01,NaN,0.0,2.0,40.4,NaN,0.0,12.0,14.0,NaN,0.0,12.0,41.7,NaN,1.2000000000000002,3.0,8.8,NaN,0.0,12.0,NaN,NaN,NaN,24.0,196.0,NaN,0.0,12.0,75.0,1.0,0.0,1.0,-6.769166666666667,13.0,0.0,0.0,0.0,0.0,0.0,0.0,0.0,0.0,0.0,0.0,1.0,0.0,0.0,NaN,0.0,0.0,NaN,NaN,NaN,NaN,NaN,NaN,NaN
70.0,NaN,-7.0,0.0,95.0,NaN,-1.0,0.0,37.11,NaN,0.09750000000000014,1.0,152.0,NaN,-9.0,0.0,106.0,NaN,-3.0,0.0,91.0,NaN,-5.0,0.0,17.0,NaN,2.0,0.0,NaN,NaN,NaN,24.0,NaN,NaN,NaN,24.0,26.0,NaN,0.0,13.0,NaN,NaN,NaN,24.0,NaN,NaN,NaN,24.0,NaN,NaN,NaN,24.0,NaN,NaN,NaN,24.0,27.0,NaN,0.0,13.0,23.0,NaN,0.0,13.0,67.0,NaN,0.0,13.0,9.5,NaN,0.0,13.0,105.0,NaN,0.0,13.0,1.2,NaN,0.0,13.0,NaN,NaN,NaN,24.0,95.0,NaN,0.0,13.0,NaN,NaN,NaN,24.0,1.9,NaN,0.0,13.0,3.3,NaN,0.0,13.0,4.3,NaN,0.0,13.0,0.7,NaN,0.0,13.0,0.01,NaN,0.0,3.0,40.4,NaN,0.0,13.0,14.0,NaN,0.0,13.0,41.7,NaN,1.1076923076923078,4.0,8.8,NaN,0.0,13.0,NaN,NaN,NaN,24.0,196.0,NaN,0.0,13.0,75.0,1.0,0.0,1.0,-6.769166666666667,14.0,0.0,0.0,0.0,0.0,0.0,0.0,0.0,0.0,0.0,0.0,1.0,0.0,0.0,NaN,0.0,0.0,NaN,NaN,NaN,NaN,NaN,NaN,NaN
