NaN,NaN,NaN,24.0,NaN,NaN,NaN,24.0,NaN,NaN,NaN,24.0,NaN,NaN,NaN,24.0,NaN,NaN,NaN,24.0,NaN,NaN,NaN,24.0,NaN,NaN,NaN,24.0,NaN,NaN,NaN,24.0,NaN,NaN,NaN,24.0,NaN,NaN,NaN,24.0,NaN,NaN,NaN,24.0,NaN,NaN,NaN,24.0,NaN,NaN,NaN,24.0,NaN,NaN,NaN,24.0,NaN,NaN,NaN,24.0,NaN,NaN,NaN,24.0,NaN,NaN,NaN,24.0,NaN,NaN,NaN,24.0,NaN,NaN,NaN,24.0,NaN,NaN,NaN,24.0,NaN,NaN,NaN,24.0,NaN,NaN,NaN,24.0,NaN,NaN,NaN,24.0,NaN,NaN,NaN,24.0,NaN,NaN,NaN,24.0,NaN,NaN,NaN,24.0,NaN,NaN,NaN,24.0,NaN,NaN,NaN,24.0,NaN,NaN,NaN,24.0,NaN,NaN,NaN,24.0,NaN,NaN,NaN,24.0,NaN,NaN,NaN,24.0,NaN,NaN,NaN,24.0,NaN,NaN,NaN,24.0,80.0,0.0,0.0,1.0,-3.620833333333333,1.0,0.0,0.0,0.0,0.0,0.0,0.0,0.0,0.0,0.0,0.0,1.0,0.0,0.0,0.0,1.0,0.0,NaN,NaN,NaN,4.0,NaN,NaN,NaN
88.0,NaN,0.0,0.0,NaN,NaN,NaN,24.0,NaN,NaN,NaN,24.0,65.0,NaN,0.0,0.0,52.0,NaN,0.0,0.0,48.0,NaN,0.0,0.0,20.0,NaN,0.0,0.0,NaN,NaN,NaN,24.0,NaN,NaN,NaN,24.0,NaN,NaN,NaN,24.0,1.0,NaN,0.0,0.0,NaN,NaN,NaN,24.0,NaN,NaN,NaN,24.0,NaN,NaN,NaN,24.0,NaN,NaN,NaN,24.0,NaN,NaN,NaN,24.0,NaN,NaN,NaN,24.0,NaN,NaN,NaN,24.0,NaN,NaN,NaN,24.0,NaN,NaN,NaN,24.0,NaN,NaN,NaN,24.0,NaN,NaN,NaN,24.0,NaN,NaN,NaN,24.0,NaN,NaN,NaN,24.0,NaN,NaN,NaN,24.0,NaN,NaN,NaN,24.0,NaN,NaN,NaN,24.0,NaN,NaN,NaN,24.0,NaN,NaN,NaN,24.0,NaN,NaN,NaN,24.0,NaN,NaN,NaN,24.0,NaN,NaN,NaN,24.0,NaN,NaN,NaN,24.0,NaN,NaN,NaN,24.0,80.0,0.0,0.0,1.0,-3.620833333333333,2.0,0.0,0.0,0.0,0.0,0.0,0.0,0.0,1.0,0.0,0.0,1.0,0.0,0.0,0.0,1.0,0.0,NaN,NaN,NaN,4.0,NaN,NaN,NaN
82.0,NaN,-6.0,0.0,95.0,NaN,0.0,0.0,37.11,NaN,0.0,0.0,109.25,NaN,44.25,0.0,59.0,NaN,7.0,0.0,46.0,NaN,-2.0,0.0,21.0,NaN,1.0,0.0,NaN,NaN,NaN,24.0,NaN,NaN,NaN,24.0,6.0,NaN,0.0,0.0,1.0,NaN,0.0,1.0,NaN,NaN,NaN,24.0,NaN,NaN,NaN,24.0,NaN,NaN,NaN,24.0,NaN,NaN,NaN,24.0,9.0,NaN,0.0,0.0,NaN,NaN,NaN,24.0,1.6,NaN,0.0,0.0,140.0,NaN,0.0,0.0,1.0,NaN,0.0,0.0,NaN,NaN,NaN,24.0,65.0,NaN,0.0,0.0,NaN,NaN,NaN,24.0,0.5,NaN,0.0,0.0,1.0,NaN,0.0,0.0,1.4,NaN,0.0,0.0,NaN,NaN,NaN,24.0,0.01,NaN,0.0,0.0,NaN,NaN,NaN,24.0,NaN,NaN,NaN,24.0,65.9,NaN,0.0,0.0,NaN,NaN,NaN,24.0,NaN,NaN,NaN,24.0,NaN,NaN,NaN,24.0,80.0,0.0,0.0,1.0,-3.620833333333333,3.0,0.0,1.0,0.0,0.0,0.0,0.0,0.0,1.0,0.0,0.0,1.0,0.0,0.0,0.0,1.0,0.0,NaN,NaN,NaN,4.0,NaN,NaN,NaN
90.25,NaN,8.25,0.0,94.75,NaN,-0.25,0.0,37.11,NaN,0.0,1.0,129.5,NaN,20.25,0.0,80.75,NaN,21.75,0.0,65.25,NaN,19.25,0.0,20.75,NaN,-0.25,0.0,NaN,NaN,NaN,24.0,NaN,NaN,NaN,24.0,6.0,NaN,0.0,1.0,1.0,NaN,0.0,2.0,NaN,NaN,NaN,24.0,NaN,NaN,NaN,24.0,NaN,NaN,NaN,24.0,NaN,NaN,NaN,24.0,9.0,NaN,0.0,1.0,NaN,NaN,NaN,24.0,1.6,NaN,0.0,1.0,140.0,NaN,0.0,1.0,1.0,NaN,0.0,1.0,NaN,NaN,NaN,24.0,65.0,NaN,0.0,1.0,NaN,NaN,NaN,24.0,0.5,NaN,0.0,1.0,1.0,NaN,0.0,1.0,1.4,NaN,0.0,1.0,NaN,NaN,NaN,24.0,0.01,NaN,0.0,1.0,NaN,NaN,NaN,24.0,NaN,NaN,NaN,24.0,65.9,NaN,0.0,1.0,NaN,NaN,NaN,24.0,NaN,NaN,NaN,24.0,NaN,NaN,NaN,24.0,80.0,0.0,0.0,1.0,-3.620833333333333,4.0,0.0,1.0,1.0,0.0,0.0,0.0,0.0,0.0,0.0,0.0,1.0,0.0,0.0,0.0,1.0,0.0,NaN,NaN,NaN,4.0,NaN,NaN,NaN
87.0,NaN,-3.25,0.0,93.0,NaN,-1.75,0.0,37.11,NaN,0.0,2.0,132.0,NaN,2.5,0.0,80.0,NaN,-0.75,0.0,64.0,NaN,-1.25,0.0,20.0,NaN,-0.75,0.0,NaN,NaN,NaN,24.0,NaN,NaN,NaN,24.0,6.0,NaN,0.0,2.0,1.0,NaN,0.0,3.0,NaN,NaN,NaN,24.0,NaN,NaN,NaN,24.0,NaN,NaN,NaN,24.0,NaN,NaN,NaN,24.0,9.0,NaN,0.0,2.0,NaN,NaN,NaN,24.0,1.6,NaN,0.0,2.0,140.0,NaN,0.0,2.0,1.0,NaN,0.0,2.0,NaN,NaN,NaN,24.0,65.0,NaN,0.0,2.0,NaN,NaN,NaN,24.0,0.5,NaN,0.0,2.0,1.0,NaN,0.0,2.0,1.4,NaN,0.0,2.0,NaN,NaN,NaN,24.0,0.01,NaN,0.0,2.0,NaN,NaN,NaN,24.0,NaN,NaN,NaN,24.0,65.9,NaN,0.0,2.0,NaN,NaN,NaN,24.0,NaN,NaN,NaN,24.0,NaN,NaN,NaN,24.0,80.0,0.0,0.0,1.0,-3.620833333333333,5.0,0.0,0.0,0.0,0.0,0.0,0.0,0.0,0.0,0.0,0.0,1.0,0.0,0.0,0.0,1.0,0.0,NaN,NaN,NaN,4.0,NaN,NaN,NaN
87.0,NaN,0.0,0.0,99.0,NaN,6.0,0.0,37.11,NaN,0.0,3.0,121.0,NaN,-11.0,0.0,75.0,NaN,-5.0,0.0,65.0,NaN,1.0,0.0,21.0,NaN,1.0,0.0,NaN,NaN,NaN,24.0,NaN,NaN,NaN,24.0,11.0,NaN,1.6666666666666667,0.0,1.0,NaN,0.0,4.0,NaN,NaN,NaN,24.0,NaN,NaN,NaN,24.0,NaN,NaN,NaN,24.0,NaN,NaN,NaN,24.0,29.0,NaN,6.666666666666667,0.0,NaN,NaN,NaN,24.0,7.0,NaN,1.8,0.0,100.0,NaN,-13.333333333333334,0.0,4.6,NaN,1.2,0.0,NaN,NaN,NaN,24.0,207.0,NaN,47.333333333333336,0.0,NaN,NaN,NaN,24.0,1.6,NaN,0.3666666666666667,0.0,4.7,NaN,1.2333333333333334,0.0,5.5,NaN,1.3666666666666665,0.0,NaN,NaN,NaN,24.0,0.58,NaN,0.18999999999999997,0.0,NaN,NaN,NaN,24.0,NaN,NaN,NaN,24.0,27.2,NaN,-12.9,0.0,NaN,NaN,NaN,24.0,NaN,NaN,NaN,24.0,NaN,NaN,NaN,24.0,80.0,0.0,0.0,1.0,-3.620833333333333,6.0,0.0,1.0,0.0,0.0,0.0,0.0,0.0,0.0,0.0,3.0,1.0,0.0,0.0,0.0,1.0,0.0,NaN,NaN,NaN,4.0,NaN,NaN,NaN
88.0,NaN,1.0,0.0,97.0,NaN,-2.0,0.0,37.11,NaN,0.0,4.0,125.0,NaN,4.0,0.0,88.0,NaN,13.0,0.0,75.0,NaN,10.0,0.0,21.0,NaN,0.0,0.0,NaN,NaN,NaN,24.0,NaN,NaN,NaN,24.0,11.0,NaN,1.25,1.0,1.0,NaN,0.0,0.0,NaN,NaN,NaN,24.0,NaN,NaN,NaN,24.0,NaN,NaN,NaN,24.0,NaN,NaN,NaN,24.0,29.0,NaN,5.0,1.0,NaN,NaN,NaN,24.0,7.0,NaN,1.35,1.0,100.0,NaN,-10.0,1.0,4.6,NaN,0.8999999999999999,1.0,NaN,NaN,NaN,24.0,207.0,NaN,35.5,1.0,NaN,NaN,NaN,24.0,1.6,NaN,0.275,1.0,4.7,NaN,0.925,1.0,5.5,NaN,1.025,1.0,NaN,NaN,NaN,24.0,0.58,NaN,0.1425,1.0,NaN,NaN,NaN,24.0,NaN,NaN,NaN,24.0,27.2,NaN,-9.675,1.0,NaN,NaN,NaN,24.0,NaN,NaN,NaN,24.0,NaN,NaN,NaN,24.0,80.0,0.0,0.0,1.0,-3.620833333333333,7.0,0.0,1.0,0.0,0.0,3.0,0.0,0.0,0.0,0.0,0.0,0.0,0.0,0.0,0.0,1.0,0.0,NaN,NaN,NaN,4.0,NaN,NaN,NaN
93.0,NaN,5.0,0.0,93.0,NaN,-4.0,0.0,37.22,NaN,0.021999999999999888,0.0,88.0,NaN,-37.0,0.0,64.5,NaN,-23.5,0.0,54.5,NaN,-20.5,0.0,21.0,NaN,0.0,0.0,NaN,NaN,NaN,24.0,NaN,NaN,0.0,0.0,11.0,NaN,1.0,2.0,1.0,NaN,0.0,1.0,7.26,NaN,0.0,0.0,24.0,NaN,0.0,0.0,NaN,NaN,NaN,24.0,NaN,NaN,NaN,24.0,29.0,NaN,4.0,2.0,NaN,NaN,NaN,24.0,7.0,NaN,1.08,2.0,100.0,NaN,-8.0,2.0,4.6,NaN,0.72,2.0,NaN,NaN,NaN,24.0,223.0,NaN,8.0,0.0,4.2,NaN,0.0,0.0,1.6,NaN,0.22000000000000003,2.0,4.7,NaN,0.74,2.0,5.5,NaN,0.82,2.0,NaN,NaN,NaN,24.0,0.58,NaN,0.11399999999999999,2.0,44.1,NaN,0.0,0.0,13.6,NaN,0.0,0.0,27.2,NaN,-7.74,2.0,22.1,NaN,0.0,0.0,NaN,NaN,NaN,24.0,409.0,NaN,0.0,0.0,80.0,0.0,0.0,1.0,-3.620833333333333,8.0,0.0,1.0,1.0,1.0,0.0,0.0,0.0,1.0,1.0,0.0,1.0,0.0,0.0,0.0,1.0,0.0,NaN,NaN,NaN,4.0,NaN,NaN,NaN
90.0,NaN,-3.0,0.0,81.0,NaN,-12.0,0.0,37.22,NaN,0.01833333333333324,1.0,115.5,NaN,27.5,0.0,83.0,NaN,18.5,0.0,68.5,NaN,14.0,0.0,27.0,NaN,6.0,0.0,NaN,NaN,NaN,24.0,NaN,NaN,0.0,1.0,11.0,NaN,0.8333333333333334,3.0,0.6,NaN,-0.2,0.0,7.26,NaN,0.0,1.0,24.0,NaN,0.0,1.0,NaN,NaN,NaN,24.0,NaN,NaN,NaN,24.0,29.0,NaN,3.3333333333333335,3.0,NaN,NaN,NaN,24.0,7.0,NaN,0.9,3.0,100.0,NaN,-6.666666666666667,3.0,4.6,NaN,0.6,3.0,NaN,NaN,NaN,24.0,223.0,NaN,5.333333333333333,1.0,4.2,NaN,0.0,1.0,1.6,NaN,0.18333333333333335,3.0,4.7,NaN,0.6166666666666667,3.0,5.5,NaN,0.6833333333333332,3.0,NaN,NaN,NaN,24.0,0.58,NaN,0.09499999999999999,3.0,44.1,NaN,0.0,1.0,13.6,NaN,0.0,1.0,27.2,NaN,-6.45,3.0,22.1,NaN,0.0,1.0,NaN,NaN,NaN,24.0,409.0,NaN,0.0,1.0,80.0,0.0,0.0,1.0,-3.620833333333333,9.0,0.0,1.0,0.0,1.0,3.0,0.0,0.0,0.0,0.0,0.0,0.0,0.0,0.0,0.0,1.0,0.0,NaN,NaN,NaN,4.0,NaN,NaN,NaN
93.0,NaN,3.0,0.0,90.0,NaN,9.0,0.0,37.22,NaN,0.015714285714285632,2.0,99.0,NaN,-16.5,0.0,83.0,NaN,0.0,0.0,75.5,NaN,7.0,0.0,26.0,NaN,-1.0,0.0,NaN,NaN,NaN,24.0,NaN,NaN,NaN,0.0,11.0,NaN,0.7142857142857143,4.0,0.6,NaN,-0.13333333333333333,1.0,7.22,NaN,-0.020000000000000018,0.0,27.0,NaN,1.5,0.0,NaN,NaN,NaN,24.0,NaN,NaN,NaN,24.0,29.0,NaN,2.857142857142857,4.0,NaN,NaN,NaN,24.0,7.0,NaN,0.7714285714285715,4.0,100.0,NaN,-5.714285714285714,4.0,4.6,NaN,0.5142857142857142,4.0,NaN,NaN,NaN,24.0,223.0,NaN,4.0,2.0,5.4,NaN,0.6000000000000001,0.0,1.6,NaN,0.15714285714285717,4.0,4.7,NaN,0.5285714285714286,4.0,5.5,NaN,0.5857142857142856,4.0,NaN,NaN,NaN,24.0,0.58,NaN,0.08142857142857142,4.0,44.1,NaN,0.0,2.0,13.6,NaN,0.0,2.0,27.2,NaN,-5.528571428571429,4.0,22.1,NaN,0.0,2.0,NaN,NaN,NaN,24.0,409.0,NaN,0.0,2.0,80.0,0.0,0.0,1.0,-3.620833333333333,10.0,0.0,1.0,1.0,1.0,0.0,0.0,0.0,0.0,1.0,0.0,1.0,0.0,0.0,0.0,1.0,0.0,NaN,NaN,NaN,4.0,NaN,NaN,NaN
94.0,NaN,1.0,0.0,92.0,NaN,2.0,0.0,37.22,NaN,0.013749999999999929,3.0,101.0,NaN,2.0,0.0,69.0,NaN,-14.0,0.0,57.0,NaN,-18.5,0.0,28.0,NaN,2.0,0.0,NaN,NaN,NaN,24.0,NaN,NaN,NaN,1.0,11.0,NaN,0.625,5.0,0.6,NaN,0.0,0.0,7.22,NaN,-0.013333333333333345,1.0,27.0,NaN,1.0,1.0,NaN,NaN,NaN,24.0,NaN,NaN,NaN,24.0,29.0,NaN,2.5,5.0,NaN,NaN,NaN,24.0,7.0,NaN,0.675,5.0,100.0,NaN,-5.0,5.0,4.6,NaN,0.44999999999999996,5.0,NaN,NaN,NaN,24.0,223.0,NaN,3.2,3.0,5.4,NaN,0.4000000000000001,1.0,1.6,NaN,0.1375,5.0,4.7,NaN,0.4625,5.0,5.5,NaN,0.5125,5.0,NaN,NaN,NaN,24.0,0.58,NaN,0.07125,5.0,44.1,NaN,0.0,3.0,13.6,NaN,0.0,3.0,27.2,NaN,-4.8375,5.0,22.1,NaN,0.0,3.0,NaN,NaN,NaN,24.0,409.0,NaN,0.0,3.0,80.0,0.0,0.0,1.0,-3.620833333333333,11.0,0.0,1.0,1.0,1.0,2.0,0.0,0.0,0.0,0.0,0.0,0.0,0.0,0.0,0.0,1.0,0.0,NaN,NaN,NaN,4.0,NaN,NaN,NaN
93.0,NaN,-1.0,0.0,92.0,NaN,1.0,1.0,37.22,NaN,0.0,0.0,110.0,NaN,9.0,0.0,70.0,NaN,1.0,0.0,60.0,NaN,3.0,0.0,29.0,NaN,1.0,0.0,NaN,NaN,NaN,24.0,NaN,NaN,NaN,2.0,11.0,NaN,0.5555555555555556,6.0,0.6,NaN,0.0,1.0,7.22,NaN,-0.010000000000000009,2.0,27.0,NaN,0.75,2.0,NaN,NaN,NaN,24.0,NaN,NaN,NaN,24.0,29.0,NaN,2.2222222222222223,6.0,NaN,NaN,NaN,24.0,7.0,NaN,0.6000000000000001,6.0,100.0,NaN,-4.444444444444445,6.0,4.6,NaN,0.39999999999999997,6.0,NaN,NaN,NaN,24.0,223.0,NaN,2.6666666666666665,4.0,5.4,NaN,0.30000000000000004,2.0,1.6,NaN,0.12222222222222223,6.0,4.7,NaN,0.41111111111111115,6.0,5.5,NaN,0.4555555555555555,6.0,NaN,NaN,NaN,24.0,0.58,NaN,0.06333333333333332,6.0,44.1,NaN,0.0,4.0,13.6,NaN,0.0,4.0,27.2,NaN,-4.300000000000001,6.0,22.1,NaN,0.0,4.0,NaN,NaN,NaN,24.0,409.0,NaN,0.0,4.0,80.0,0.0,0.0,1.0,-3.620833333333333,12.0,0.0,1.0,1.0,1.0,0.0,0.0,0.0,0.0,0.0,0.0,1.0,0.0,0.0,0.0,1.0,0.0,NaN,NaN,NaN,4.0,NaN,NaN,NaN
98.0,NaN,5.0,0.0,92.0,NaN,0.6666666666666666,2.0,37.22,NaN,0.0,1.0,84.0,NaN,-26.0,0.0,63.0,NaN,-7.0,0.0,52.0,NaN,-8.0,0.0,24.0,NaN,-5.0,0.0,NaN,NaN,NaN,24.0,NaN,NaN,NaN,3.0,11.0,NaN,0.5,7.0,0.6,NaN,0.0,2.0,7.22,NaN,-0.008000000000000007,3.0,27.0,NaN,0.6,3.0,NaN,NaN,NaN,24.0,NaN,NaN,NaN,24.0,29.0,NaN,2.0,7.0,NaN,NaN,NaN,24.0,7.0,NaN,0.54,7.0,100.0,NaN,-4.0,7.0,4.6,NaN,0.36,7.0,NaN,NaN,NaN,24.0,223.0,NaN,2.2857142857142856,5.0,5.4,NaN,0.24000000000000005,3.0,1.6,NaN,0.11000000000000001,7.0,4.7,NaN,0.37,7.0,5.5,NaN,0.41,7.0,NaN,NaN,NaN,24.0,0.58,NaN,0.056999999999999995,7.0,44.1,NaN,0.0,5.0,13.6,NaN,0.0,5.0,27.2,NaN,-3.87,7.0,22.1,NaN,0.0,5.0,NaN,NaN,NaN,24.0,409.0,NaN,0.0,5.0,80.0,0.0,0.0,1.0,-3.620833333333333,13.0,0.0,1.0,1.0,1.0,0.0,0.0,0.0,1.0,0.0,0.0,1.0,0.0,0.0,0.0,1.0,0.0,NaN,NaN,NaN,4.0,NaN,NaN,NaN
