99.0,NaN,NaN,24.0,92.0,NaN,NaN,24.0,38.78,NaN,NaN,24.0,163.0,NaN,NaN,24.0,86.0,NaN,NaN,24.0,63.0,NaN,NaN,24.0,23.0,NaN,NaN,24.0,NaN,NaN,NaN,24.0,NaN,NaN,NaN,24.0,23.0,NaN,NaN,24.0,NaN,NaN,NaN,24.0,NaN,NaN,NaN,24.0,NaN,NaN,NaN,24.0,NaN,NaN,NaN,24.0,NaN,NaN,NaN,24.0,9.0,NaN,NaN,24.0,NaN,NaN,NaN,24.0,9.1,NaN,NaN,24.0,96.0,NaN,NaN,24.0,1.0,NaN,NaN,24.0,NaN,NaN,NaN,24.0,117.0,NaN,NaN,24.0,NaN,NaN,NaN,24.0,2.5,NaN,NaN,24.0,3.0,NaN,NaN,24.0,4.2,NaN,NaN,24.0,NaN,NaN,NaN,24.0,NaN,NaN,NaN,24.0,NaN,NaN,NaN,24.0,NaN,NaN,NaN,24.0,NaN,NaN,NaN,24.0,NaN,NaN,NaN,24.0,NaN,NaN,NaN,24.0,NaN,NaN,NaN,24.0,53.0,1.0,1.0,0.0,-47.10388888888889,1.0,1.0,1.0,1.0,0.0,0.0,0.0,0.0,0.0,0.0,0.0,1.0,0.0,1.0,1.0,0.0,0.0,3.0,5.0,4.0,2.0,NaN,NaN,NaN
101.0,NaN,2.0,0.0,94.0,NaN,2.0,0.0,39.56,NaN,0.7800000000000011,0.0,161.0,NaN,-2.0,0.0,113.0,NaN,27.0,0.0,97.0,NaN,34.0,0.0,20.0,NaN,-3.0,0.0,NaN,NaN,NaN,24.0,NaN,NaN,NaN,24.0,23.0,NaN,0.0,1.0,NaN,NaN,NaN,24.0,NaN,NaN,NaN,24.0,NaN,NaN,NaN,24.0,NaN,NaN,NaN,24.0,NaN,NaN,NaN,24.0,9.0,NaN,0.0,1.0,NaN,NaN,NaN,24.0,9.1,NaN,0.0,1.0,96.0,NaN,0.0,1.0,1.0,NaN,0.0,1.0,NaN,NaN,NaN,24.0,117.0,NaN,0.0,1.0,NaN,NaN,NaN,24.0,2.5,NaN,0.0,1.0,3.0,NaN,0.0,1.0,4.2,NaN,0.0,1.0,NaN,NaN,NaN,24.0,NaN,NaN,NaN,24.0,NaN,NaN,NaN,24.0,NaN,NaN,NaN,24.0,NaN,NaN,NaN,24.0,NaN,NaN,NaN,24.0,NaN,NaN,NaN,24.0,NaN,NaN,NaN,24.0,53.0,1.0,1.0,0.0,-47.10388888888889,2.0,1.0,0.0,1.0,0.0,0.0,0.0,0.0,0.0,0.0,0.0,1.0,1.0,1.0,1.0,0.0,0.0,3.0,5.0,4.0,2.0,NaN,NaN,NaN
108.0,NaN,7.0,0.0,95.0,NaN,1.0,0.0,39.5,NaN,-0.060000000000002274,0.0,169.0,NaN,8.0,0.0,114.0,NaN,1.0,0.0,92.0,NaN,-5.0,0.0,22.0,NaN,2.0,0.0,NaN,NaN,NaN,24.0,NaN,NaN,NaN,24.0,23.0,NaN,0.0,2.0,NaN,NaN,NaN,24.0,NaN,NaN,NaN,24.0,NaN,NaN,NaN,24.0,NaN,NaN,NaN,24.0,NaN,NaN,NaN,24.0,9.0,NaN,0.0,2.0,NaN,NaN,NaN,24.0,9.1,NaN,0.0,2.0,96.0,NaN,0.0,2.0,1.0,NaN,0.0,2.0,NaN,NaN,NaN,24.0,117.0,NaN,0.0,2.0,NaN,NaN,NaN,24.0,2.5,NaN,0.0,2.0,3.0,NaN,0.0,2.0,4.2,NaN,0.0,2.0,NaN,NaN,NaN,24.0,NaN,NaN,NaN,24.0,NaN,NaN,NaN,24.0,NaN,NaN,NaN,24.0,NaN,NaN,NaN,24.0,NaN,NaN,NaN,24.0,NaN,NaN,NaN,24.0,NaN,NaN,NaN,24.0,53.0,1.0,1.0,0.0,-47.10388888888889,3.0,1.0,1.0,1.0,0.0,0.0,0.0,0.0,0.0,0.0,0.0,1.0,1.0,1.0,1.0,0.0,0.0,3.0,5.0,4.0,2.0,NaN,NaN,NaN
99.0,NaN,-9.0,0.0,93.0,NaN,-2.0,0.0,39.56,NaN,0.060000000000002274,0.0,161.0,NaN,-8.0,0.0,111.0,NaN,-3.0,0.0,97.0,NaN,5.0,0.0,23.0,NaN,1.0,0.0,NaN,NaN,NaN,24.0,NaN,NaN,NaN,24.0,23.0,NaN,0.0,3.0,NaN,NaN,NaN,24.0,NaN,NaN,NaN,24.0,NaN,NaN,NaN,24.0,NaN,NaN,NaN,24.0,NaN,NaN,NaN,24.0,9.0,NaN,0.0,3.0,NaN,NaN,NaN,24.0,9.1,NaN,0.0,3.0,96.0,NaN,0.0,3.0,1.0,NaN,0.0,3.0,NaN,NaN,NaN,24.0,117.0,NaN,0.0,3.0,NaN,NaN,NaN,24.0,2.5,NaN,0.0,3.0,3.0,NaN,0.0,3.0,4.2,NaN,0.0,3.0,NaN,NaN,NaN,24.0,NaN,NaN,NaN,24.0,NaN,NaN,NaN,24.0,NaN,NaN,NaN,24.0,NaN,NaN,NaN,24.0,NaN,NaN,NaN,24.0,NaN,NaN,NaN,24.0,NaN,NaN,NaN,24.0,53.0,1.0,1.0,0.0,-47.10388888888889,4.0,1.0,1.0,1.0,0.0,0.0,0.0,0.0,0.0,0.0,0.0,1.0,1.0,1.0,1.0,0.0,0.0,3.0,5.0,4.0,2.0,NaN,NaN,NaN
93.0,NaN,-6.0,0.0,95.0,NaN,2.0,0.0,39.56,NaN,0.030000000000001137,1.0,158.0,NaN,-3.0,0.0,101.0,NaN,-10.0,0.0,85.0,NaN,-12.0,0.0,20.0,NaN,-3.0,0.0,NaN,NaN,NaN,24.0,1.0,NaN,0.0,0.0,23.0,NaN,0.0,4.0,NaN,NaN,NaN,24.0,7.44,NaN,0.0,0.0,38.0,NaN,0.0,0.0,NaN,NaN,NaN,24.0,NaN,NaN,NaN,24.0,9.0,NaN,0.0,4.0,NaN,NaN,NaN,24.0,9.1,NaN,0.0,4.0,96.0,NaN,0.0,4.0,1.0,NaN,0.0,4.0,NaN,NaN,NaN,24.0,117.0,NaN,0.0,4.0,1.6,NaN,0.0,0.0,2.5,NaN,0.0,4.0,3.0,NaN,0.0,4.0,4.2,NaN,0.0,4.0,NaN,NaN,NaN,24.0,NaN,NaN,NaN,24.0,45.9,NaN,0.0,0.0,15.4,NaN,0.0,0.0,30.2,NaN,0.0,0.0,7.9,NaN,0.0,0.0,649.0,NaN,0.0,0.0,287.0,NaN,0.0,0.0,53.0,1.0,1.0,0.0,-47.10388888888889,5.0,1.0,0.0,1.0,0.0,0.0,0.0,0.0,0.0,0.0,0.0,1.0,1.0,1.0,1.0,0.0,0.0,3.0,5.0,4.0,2.0,NaN,NaN,NaN
93.0,NaN,0.0,0.0,98.0,NaN,3.0,0.0,39.0,NaN,-0.28000000000000114,0.0,171.0,NaN,13.0,0.0,109.0,NaN,8.0,0.0,86.0,NaN,1.0,0.0,22.0,NaN,2.0,0.0,NaN,NaN,NaN,24.0,1.0,NaN,0.0,1.0,23.0,NaN,0.0,5.0,NaN,NaN,NaN,24.0,7.44,NaN,0.0,1.0,38.0,NaN,0.0,1.0,NaN,NaN,NaN,24.0,NaN,NaN,NaN,24.0,9.0,NaN,0.0,5.0,NaN,NaN,NaN,24.0,9.1,NaN,0.0,5.0,96.0,NaN,0.0,5.0,1.0,NaN,0.0,5.0,NaN,NaN,NaN,24.0,117.0,NaN,0.0,5.0,1.6,NaN,0.0,1.0,2.5,NaN,0.0,5.0,3.0,NaN,0.0,5.0,4.2,NaN,0.0,5.0,NaN,NaN,NaN,24.0,NaN,NaN,NaN,24.0,45.9,NaN,0.0,1.0,15.4,NaN,0.0,1.0,30.2,NaN,0.0,1.0,7.9,NaN,0.0,1.0,649.0,NaN,0.0,1.0,287.0,NaN,0.0,1.0,53.0,1.0,1.0,0.0,-47.10388888888889,6.0,1.0,1.0,1.0,0.0,0.0,0.0,0.0,0.0,0.0,0.0,1.0,1.0,1.0,1.0,0.0,0.0,3.0,5.0,4.0,2.0,NaN,NaN,NaN
84.0,NaN,-9.0,0.0,96.0,NaN,-2.0,0.0,38.83,NaN,-0.1700000000000017,0.0,155.0,NaN,-16.0,0.0,109.0,NaN,0.0,0.0,92.0,NaN,6.0,0.0,20.0,NaN,-2.0,0.0,NaN,NaN,NaN,24.0,1.0,NaN,0.0,2.0,23.0,NaN,0.0,6.0,NaN,NaN,NaN,24.0,7.44,NaN,0.0,2.0,38.0,NaN,0.0,2.0,NaN,NaN,NaN,24.0,NaN,NaN,NaN,24.0,9.0,NaN,0.0,6.0,NaN,NaN,NaN,24.0,9.1,NaN,0.0,6.0,96.0,NaN,0.0,6.0,1.0,NaN,0.0,6.0,NaN,NaN,NaN,24.0,117.0,NaN,0.0,6.0,1.6,NaN,0.0,2.0,2.5,NaN,0.0,6.0,3.0,NaN,0.0,6.0,4.2,NaN,0.0,6.0,NaN,NaN,NaN,24.0,NaN,NaN,NaN,24.0,45.9,NaN,0.0,2.0,15.4,NaN,0.0,2.0,30.2,NaN,0.0,2.0,7.9,NaN,0.0,2.0,649.0,NaN,0.0,2.0,287.0,NaN,0.0,2.0,53.0,1.0,1.0,0.0,-47.10388888888889,7.0,1.0,0.0,0.0,0.0,0.0,0.0,0.0,0.0,0.0,0.0,1.0,1.0,1.0,1.0,0.0,0.0,3.0,5.0,4.0,2.0,NaN,NaN,NaN
80.0,NaN,-4.0,0.0,95.0,NaN,-1.0,0.0,38.83,NaN,-0.08500000000000085,1.0,135.0,NaN,-20.0,0.0,111.0,NaN,2.0,0.0,100.0,NaN,8.0,0.0,19.0,NaN,-1.0,0.0,NaN,NaN,NaN,24.0,1.0,NaN,0.0,3.0,23.0,NaN,0.0,7.0,NaN,NaN,NaN,24.0,7.44,NaN,0.0,3.0,38.0,NaN,0.0,3.0,NaN,NaN,NaN,24.0,NaN,NaN,NaN,24.0,9.0,NaN,0.0,7.0,NaN,NaN,NaN,24.0,9.1,NaN,0.0,7.0,96.0,NaN,0.0,7.0,1.0,NaN,0.0,7.0,NaN,NaN,NaN,24.0,117.0,NaN,0.0,7.0,1.6,NaN,0.0,3.0,2.5,NaN,0.0,7.0,3.0,NaN,0.0,7.0,4.2,NaN,0.0,7.0,NaN,NaN,NaN,24.0,NaN,NaN,NaN,24.0,45.9,NaN,0.0,3.0,15.4,NaN,0.0,3.0,30.2,NaN,0.0,3.0,7.9,NaN,0.0,3.0,649.0,NaN,0.0,3.0,287.0,NaN,0.0,3.0,53.0,1.0,1.0,0.0,-47.10388888888889,8.0,1.0,0.0,0.0,0.0,0.0,0.0,0.0,0.0,0.0,0.0,1.0,1.0,1.0,1.0,0.0,0.0,3.0,5.0,4.0,2.0,NaN,NaN,NaN
84.0,NaN,4.0,0.0,96.0,NaN,1.0,0.0,39.33,NaN,0.25,0.0,141.0,NaN,6.0,0.0,120.0,NaN,9.0,0.0,112.0,NaN,12.0,0.0,17.0,NaN,-2.0,0.0,NaN,NaN,NaN,24.0,1.0,NaN,0.0,4.0,23.0,NaN,0.0,8.0,NaN,NaN,NaN,24.0,7.44,NaN,0.0,4.0,38.0,NaN,0.0,4.0,NaN,NaN,NaN,24.0,NaN,NaN,NaN,24.0,9.0,NaN,0.0,8.0,NaN,NaN,NaN,24.0,9.1,NaN,0.0,8.0,96.0,NaN,0.0,8.0,1.0,NaN,0.0,8.0,NaN,NaN,NaN,24.0,117.0,NaN,0.0,8.0,1.6,NaN,0.0,4.0,2.5,NaN,0.0,8.0,3.0,NaN,0.0,8.0,4.2,NaN,0.0,8.0,NaN,NaN,NaN,24.0,NaN,NaN,NaN,24.0,45.9,NaN,0.0,4.0,15.4,NaN,0.0,4.0,30.2,NaN,0.0,4.0,7.9,NaN,0.0,4.0,649.0,NaN,0.0,4.0,287.0,NaN,0.0,4.0,53.0,1.0,1.0,0.0,-47.10388888888889,9.0,1.0,0.0,0.0,0.0,0.0,0.0,0.0,0.0,0.0,0.0,1.0,1.0,1.0,1.0,0.0,0.0,3.0,5.0,4.0,2.0,NaN,NaN,NaN
