130.416666666667,NaN,NaN,24.0,93.0833333333333,NaN,NaN,24.0,39.44,NaN,NaN,24.0,109.0,NaN,NaN,24.0,73.3076923076923,NaN,NaN,24.0,60.5833333333333,NaN,NaN,24.0,29.2083333333333,NaN,NaN,24.0,NaN,NaN,NaN,24.0,NaN,NaN,NaN,24.0,25.0,NaN,NaN,24.0,1.0,NaN,NaN,24.0,NaN,NaN,NaN,24.0,NaN,NaN,NaN,24.0,NaN,NaN,NaN,24.0,62.0,NaN,NaN,24.0,4.0,NaN,NaN,24.0,101.0,NaN,NaN,24.0,7.6,NaN,NaN,24.0,103.0,NaN,NaN,24.0,0.6,NaN,NaN,24.0,NaN,NaN,NaN,24.0,129.0,NaN,NaN,24.0,NaN,NaN,NaN,24.0,2.0,NaN,NaN,24.0,1.7,NaN,NaN,24.0,3.8,NaN,NaN,24.0,0.4,NaN,NaN,24.0,NaN,NaN,NaN,24.0,26.5,NaN,NaN,24.0,8.9,NaN,NaN,24.0,27.0,NaN,NaN,24.0,17.4,NaN,NaN,24.0,665.0,NaN,NaN,24.0,179.0,NaN,NaN,24.0,20.0,0.0,1.0,0.0,-55.90277777777778,1.0,1.0,1.0,1.0,1.0,3.0,0.0,0.0,0.0,0.0,0.0,0.0,0.0,1.0,1.0,0.0,0.0,3.0,5.0,4.0,0.0,NaN,NaN,NaN
136.0,NaN,5.583333333333002,0.0,98.0,NaN,4.9166666666667,0.0,39.44,NaN,0.0,1.0,105.5,NaN,-3.5,0.0,64.5,NaN,-8.807692307692307,0.0,52.5,NaN,-8.0833333333333,0.0,29.75,NaN,0.5416666666666998,0.0,NaN,NaN,NaN,24.0,0.0,NaN,0.0,0.0,25.0,NaN,0.0,1.0,0.6,NaN,-0.4,0.0,7.41,NaN,0.0,0.0,37.0,NaN,0.0,0.0,NaN,NaN,NaN,24.0,62.0,NaN,0.0,1.0,4.0,NaN,0.0,1.0,101.0,NaN,0.0,1.0,7.6,NaN,0.0,1.0,103.0,NaN,0.0,1.0,0.6,NaN,0.0,1.0,NaN,NaN,NaN,24.0,73.0,NaN,-56.0,0.0,0.8,NaN,0.0,0.0,2.0,NaN,0.0,1.0,1.7,NaN,0.0,1.0,3.8,NaN,0.0,1.0,0.4,NaN,0.0,1.0,NaN,NaN,NaN,24.0,26.5,NaN,0.0,1.0,8.9,NaN,0.0,1.0,27.0,NaN,0.0,1.0,17.4,NaN,0.0,1.0,665.0,NaN,0.0,1.0,179.0,NaN,0.0,1.0,20.0,0.0,1.0,0.0,-55.90277777777778,2.0,1.0,1.0,1.0,1.0,2.0,0.0,0.0,1.0,0.0,0.0,1.0,1.0,1.0,1.0,0.0,0.0,3.0,5.0,4.0,0.0,NaN,NaN,NaN
126.0,NaN,-10.0,0.0,97.0,NaN,-1.0,0.0,39.44,NaN,0.0,2.0,80.0,NaN,-25.5,0.0,46.0,NaN,-18.5,0.0,35.0,NaN,-17.5,0.0,28.0,NaN,-1.75,0.0,NaN,NaN,NaN,24.0,0.0,NaN,0.0,1.0,25.0,NaN,0.0,2.0,0.6,NaN,-0.2,1.0,7.41,NaN,0.0,1.0,37.0,NaN,0.0,1.0,NaN,NaN,NaN,24.0,62.0,NaN,0.0,2.0,4.0,NaN,0.0,2.0,101.0,NaN,0.0,2.0,7.6,NaN,0.0,2.0,103.0,NaN,0.0,2.0,0.6,NaN,0.0,2.0,NaN,NaN,NaN,24.0,73.0,NaN,-28.0,1.0,0.8,NaN,0.0,1.0,2.0,NaN,0.0,2.0,1.7,NaN,0.0,2.0,3.8,NaN,0.0,2.0,0.4,NaN,0.0,2.0,NaN,NaN,NaN,24.0,26.5,NaN,0.0,2.0,8.9,NaN,0.0,2.0,27.0,NaN,0.0,2.0,17.4,NaN,0.0,2.0,665.0,NaN,0.0,2.0,179.0,NaN,0.0,2.0,20.0,0.0,1.0,0.0,-55.90277777777778,3.0,1.0,1.0,1.0,1.0,0.0,0.0,0.0,1.0,0.0,0.0,1.0,1.0,1.0,1.0,0.0,0.0,3.0,5.0,4.0,0.0,NaN,NaN,NaN
124.0,NaN,-2.0,0.0,97.0,NaN,0.0,0.0,39.44,NaN,0.0,3.0,92.0,NaN,12.0,0.0,58.0,NaN,12.0,0.0,48.0,NaN,13.0,0.0,31.0,NaN,3.0,0.0,NaN,NaN,NaN,24.0,0.0,NaN,0.0,2.0,25.0,NaN,0.0,3.0,0.6,NaN,-0.13333333333333333,2.0,7.41,NaN,0.0,2.0,37.0,NaN,0.0,2.0,NaN,NaN,NaN,24.0,62.0,NaN,0.0,3.0,4.0,NaN,0.0,3.0,101.0,NaN,0.0,3.0,7.6,NaN,0.0,3.0,103.0,NaN,0.0,3.0,0.6,NaN,0.0,3.0,NaN,NaN,NaN,24.0,73.0,NaN,-18.666666666666668,2.0,0.8,NaN,0.0,2.0,2.0,NaN,0.0,3.0,1.7,NaN,0.0,3.0,3.8,NaN,0.0,3.0,0.4,NaN,0.0,3.0,NaN,NaN,NaN,24.0,26.5,NaN,0.0,3.0,8.9,NaN,0.0,3.0,27.0,NaN,0.0,3.0,17.4,NaN,0.0,3.0,665.0,NaN,0.0,3.0,179.0,NaN,0.0,3.0,20.0,0.0,1.0,0.0,-55.90277777777778,4.0,1.0,1.0,1.0,1.0,0.0,0.0,0.0,1.0,0.0,0.0,1.0,1.0,1.0,1.0,0.0,0.0,3.0,5.0,4.0,0.0,NaN,NaN,NaN
121.5,NaN,-2.5,0.0,98.5,NaN,1.5,0.0,39.22,NaN,-0.054999999999999716,0.0,87.5,NaN,-4.5,0.0,50.5,NaN,-7.5,0.0,40.5,NaN,-7.5,0.0,32.0,NaN,1.0,0.0,NaN,NaN,NaN,24.0,0.0,NaN,0.0,3.0,25.0,NaN,0.0,4.0,0.6,NaN,0.0,0.0,7.41,NaN,0.0,3.0,37.0,NaN,0.0,3.0,NaN,NaN,NaN,24.0,62.0,NaN,0.0,4.0,4.0,NaN,0.0,4.0,101.0,NaN,0.0,4.0,7.6,NaN,0.0,4.0,103.0,NaN,0.0,4.0,0.6,NaN,0.0,4.0,NaN,NaN,NaN,24.0,73.0,NaN,-14.0,3.0,0.8,NaN,0.0,3.0,2.0,NaN,0.0,4.0,1.7,NaN,0.0,4.0,3.8,NaN,0.0,4.0,0.4,NaN,0.0,4.0,NaN,NaN,NaN,24.0,26.5,NaN,0.0,4.0,8.9,NaN,0.0,4.0,27.0,NaN,0.0,4.0,17.4,NaN,0.0,4.0,665.0,NaN,0.0,4.0,179.0,NaN,0.0,4.0,20.0,0.0,1.0,0.0,-55.90277777777778,5.0,1.0,1.0,1.0,1.0,2.0,0.0,0.0,1.0,0.0,0.0,1.0,1.0,1.0,1.0,0.0,0.0,3.0,5.0,4.0,0.0,NaN,NaN,NaN
108.0,NaN,-13.5,0.0,100.0,NaN,1.5,0.0,39.22,NaN,-0.043999999999999775,1.0,73.0,NaN,-14.5,0.0,43.0,NaN,-7.5,0.0,34.0,NaN,-6.5,0.0,31.0,NaN,-1.0,0.0,NaN,NaN,NaN,24.0,0.0,NaN,0.0,4.0,25.0,NaN,0.0,5.0,0.6,NaN,0.0,1.0,7.41,NaN,0.0,4.0,37.0,NaN,0.0,4.0,69.0,NaN,0.0,0.0,62.0,NaN,0.0,5.0,4.0,NaN,0.0,5.0,101.0,NaN,0.0,5.0,7.6,NaN,0.0,5.0,103.0,NaN,0.0,5.0,0.6,NaN,0.0,5.0,NaN,NaN,NaN,24.0,73.0,NaN,-11.2,4.0,1.0,NaN,0.04999999999999999,0.0,2.0,NaN,0.0,5.0,1.7,NaN,0.0,5.0,3.8,NaN,0.0,5.0,0.4,NaN,0.0,5.0,NaN,NaN,NaN,24.0,26.5,NaN,0.0,5.0,8.9,NaN,0.0,5.0,27.0,NaN,0.0,5.0,17.4,NaN,0.0,5.0,665.0,NaN,0.0,5.0,179.0,NaN,0.0,5.0,20.0,0.0,1.0,0.0,-55.90277777777778,6.0,1.0,1.0,1.0,1.0,0.0,0.0,0.0,1.0,0.0,0.0,1.0,1.0,1.0,1.0,0.0,0.0,3.0,5.0,4.0,0.0,NaN,NaN,NaN
110.0,NaN,2.0,0.0,99.0,NaN,-1.0,0.0,39.22,NaN,-0.03666666666666648,2.0,99.0,NaN,26.0,0.0,57.0,NaN,14.0,0.0,45.0,NaN,11.0,0.0,31.5,NaN,0.5,0.0,NaN,NaN,NaN,24.0,0.0,NaN,0.0,5.0,25.0,NaN,0.0,6.0,0.6,NaN,0.0,0.0,7.41,NaN,0.0,5.0,37.0,NaN,0.0,5.0,69.0,NaN,0.0,1.0,62.0,NaN,0.0,6.0,4.0,NaN,0.0,6.0,101.0,NaN,0.0,6.0,7.6,NaN,0.0,6.0,103.0,NaN,0.0,6.0,0.6,NaN,0.0,6.0,NaN,NaN,NaN,24.0,73.0,NaN,-9.333333333333334,5.0,1.0,NaN,0.039999999999999994,1.0,2.0,NaN,0.0,6.0,1.7,NaN,0.0,6.0,3.8,NaN,0.0,6.0,0.4,NaN,0.0,6.0,NaN,NaN,NaN,24.0,26.5,NaN,0.0,6.0,8.9,NaN,0.0,6.0,27.0,NaN,0.0,6.0,17.4,NaN,0.0,6.0,665.0,NaN,0.0,6.0,179.0,NaN,0.0,6.0,20.0,0.0,1.0,0.0,-55.90277777777778,7.0,1.0,1.0,1.0,1.0,2.0,0.0,0.0,1.0,0.0,0.0,1.0,1.0,1.0,1.0,0.0,0.0,3.0,5.0,4.0,0.0,NaN,NaN,NaN
120.0,NaN,10.0,0.0,100.0,NaN,1.0,0.0,39.22,NaN,-0.031428571428571264,3.0,110.0,NaN,11.0,0.0,64.0,NaN,7.0,0.0,50.0,NaN,5.0,0.0,33.0,NaN,1.5,0.0,NaN,NaN,NaN,24.0,-2.0,NaN,-0.3333333333333333,0.0,22.0,NaN,-0.42857142857142855,0.0,0.6,NaN,0.0,1.0,7.35,NaN,-0.010000000000000083,0.0,41.0,NaN,0.6666666666666666,0.0,77.0,NaN,4.0,0.0,62.0,NaN,0.0,7.0,6.0,NaN,0.2857142857142857,0.0,101.0,NaN,0.0,7.0,6.8,NaN,-0.11428571428571425,0.0,107.0,NaN,0.5714285714285714,0.0,0.7,NaN,0.014285714285714282,0.0,NaN,NaN,NaN,24.0,130.0,NaN,9.5,0.0,1.0,NaN,0.033333333333333326,2.0,1.7,NaN,-0.042857142857142864,0.0,3.0,NaN,0.18571428571428572,0.0,4.2,NaN,0.0571428571428572,0.0,0.4,NaN,0.0,7.0,NaN,NaN,NaN,24.0,22.8,NaN,-0.5285714285714285,0.0,7.7,NaN,-0.17142857142857146,0.0,28.0,NaN,0.14285714285714285,0.0,17.4,NaN,0.0,0.0,625.0,NaN,-5.714285714285714,0.0,177.0,NaN,-0.2857142857142857,0.0,20.0,0.0,1.0,0.0,-55.90277777777778,8.0,1.0,1.0,1.0,1.0,0.0,0.0,0.0,1.0,0.0,0.0,1.0,1.0,1.0,1.0,0.0,0.0,3.0,5.0,4.0,0.0,NaN,NaN,NaN
112.0,NaN,-8.0,0.0,99.0,NaN,-1.0,0.0,39.22,NaN,-0.027499999999999858,4.0,113.0,NaN,3.0,0.0,62.0,NaN,-2.0,0.0,46.0,NaN,-4.0,0.0,33.0,NaN,0.0,0.0,NaN,NaN,NaN,24.0,-2.0,NaN,-0.2857142857142857,1.0,22.0,NaN,-0.375,1.0,0.6,NaN,0.0,2.0,7.35,NaN,-0.008571428571428643,1.0,41.0,NaN,0.5714285714285714,1.0,77.0,NaN,2.6666666666666665,1.0,62.0,NaN,0.0,8.0,6.0,NaN,0.25,1.0,101.0,NaN,0.0,8.0,6.8,NaN,-0.09999999999999998,1.0,107.0,NaN,0.5,1.0,0.7,NaN,0.012499999999999997,1.0,NaN,NaN,NaN,24.0,130.0,NaN,8.142857142857142,1.0,1.0,NaN,0.028571428571428564,3.0,1.7,NaN,-0.037500000000000006,1.0,3.0,NaN,0.1625,1.0,4.2,NaN,0.050000000000000044,1.0,0.4,NaN,0.0,8.0,NaN,NaN,NaN,24.0,22.8,NaN,-0.4624999999999999,1.0,7.7,NaN,-0.15000000000000002,1.0,28.0,NaN,0.125,1.0,17.4,NaN,0.0,1.0,625.0,NaN,-5.0,1.0,177.0,NaN,-0.25,1.0,20.0,0.0,1.0,0.0,-55.90277777777778,9.0,1.0,1.0,1.0,1.0,0.0,0.0,0.0,1.0,0.0,0.0,1.0,1.0,1.0,1.0,0.0,0.0,3.0,5.0,4.0,0.0,NaN,NaN,NaN
