76.0,NaN,NaN,24.0,95.0,NaN,NaN,24.0,37.44,NaN,NaN,24.0,114.0,NaN,NaN,24.0,80.0,NaN,NaN,24.0,58.0,NaN,NaN,24.0,15.0,NaN,NaN,24.0,NaN,NaN,NaN,24.0,NaN,NaN,NaN,24.0,24.0,NaN,NaN,24.0,NaN,NaN,NaN,24.0,7.44,NaN,NaN,24.0,NaN,NaN,NaN,24.0,NaN,NaN,NaN,24.0,NaN,NaN,NaN,24.0,9.0,NaN,NaN,24.0,NaN,NaN,NaN,24.0,8.4,NaN,NaN,24.0,104.0,NaN,NaN,24.0,0.7,NaN,NaN,24.0,NaN,NaN,NaN,24.0,120.0,NaN,NaN,24.0,NaN,NaN,NaN,24.0,1.6,NaN,NaN,24.0,4.2,NaN,NaN,24.0,4.1,NaN,NaN,24.0,NaN,NaN,NaN,24.0,NaN,NaN,NaN,24.0,31.1,NaN,NaN,24.0,10.4,NaN,NaN,24.0,28.9,NaN,NaN,24.0,10.9,NaN,NaN,24.0,NaN,NaN,NaN,24.0,210.0,NaN,NaN,24.0,58.0,1.0,-1.0,-1.0,-150.12694444444443,1.0,0.0,0.0,0.0,0.0,0.0,0.0,0.0,0.0,0.0,0.0,1.0,0.0,0.0,NaN,0.0,0.0,NaN,NaN,NaN,NaN,NaN,NaN,NaN
68.0,NaN,-8.0,0.0,99.0,NaN,4.0,0.0,37.44,NaN,0.0,1.0,107.0,NaN,-7.0,0.0,73.0,NaN,-7.0,0.0,52.0,NaN,-6.0,0.0,9.0,NaN,-6.0,0.0,NaN,NaN,NaN,24.0,NaN,NaN,NaN,24.0,24.0,NaN,0.0,1.0,NaN,NaN,NaN,24.0,7.44,NaN,0.0,1.0,NaN,NaN,NaN,24.0,NaN,NaN,NaN,24.0,NaN,NaN,NaN,24.0,9.0,NaN,0.0,1.0,NaN,NaN,NaN,24.0,8.4,NaN,0.0,1.0,104.0,NaN,0.0,1.0,0.7,NaN,0.0,1.0,NaN,NaN,NaN,24.0,120.0,NaN,0.0,1.0,NaN,NaN,NaN,24.0,1.6,NaN,0.0,1.0,4.2,NaN,0.0,1.0,4.1,NaN,0.0,1.0,NaN,NaN,NaN,24.0,NaN,NaN,NaN,24.0,31.1,NaN,0.0,1.0,10.4,NaN,0.0,1.0,28.9,NaN,0.0,1.0,10.9,NaN,0.0,1.0,NaN,NaN,NaN,24.0,210.0,NaN,0.0,1.0,58.0,1.0,-1.0,-1.0,-150.12694444444443,2.0,0.0,0.0,0.0,0.0,0.0,0.0,0.0,0.0,0.0,0.0,1.0,0.0,0.0,NaN,0.0,0.0,NaN,NaN,NaN,NaN,NaN,NaN,NaN
91.0,NaN,23.0,0.0,99.0,NaN,0.0,0.0,37.44,NaN,0.0,2.0,122.0,NaN,15.0,0.0,78.0,NaN,5.0,0.0,56.0,NaN,4.0,0.0,20.0,NaN,11.0,0.0,NaN,NaN,NaN,24.0,NaN,NaN,NaN,24.0,24.0,NaN,0.0,2.0,NaN,NaN,NaN,24.0,7.44,NaN,0.0,2.0,NaN,NaN,NaN,24.0,NaN,NaN,NaN,24.0,NaN,NaN,NaN,24.0,9.0,NaN,0.0,2.0,NaN,NaN,NaN,24.0,8.4,NaN,0.0,2.0,104.0,NaN,0.0,2.0,0.7,NaN,0.0,2.0,NaN,NaN,NaN,24.0,120.0,NaN,0.0,2.0,NaN,NaN,NaN,24.0,1.6,NaN,0.0,2.0,4.2,NaN,0.0,2.0,4.1,NaN,0.0,2.0,NaN,NaN,NaN,24.0,NaN,NaN,NaN,24.0,31.1,NaN,0.0,2.0,10.4,NaN,0.0,2.0,28.9,NaN,0.0,2.0,10.9,NaN,0.0,2.0,NaN,NaN,NaN,24.0,210.0,NaN,0.0,2.0,58.0,1.0,-1.0,-1.0,-150.12694444444443,3.0,0.0,0.0,1.0,0.0,0.0,0.0,0.0,0.0,0.0,0.0,1.0,0.0,0.0,NaN,0.0,0.0,NaN,NaN,NaN,NaN,NaN,NaN,NaN
81.0,NaN,-10.0,0.0,94.0,NaN,-5.0,0.0,37.06,NaN,-0.12666666666666515,0.0,103.5,NaN,-18.5,0.0,67.5,NaN,-10.5,0.0,49.0,NaN,-7.0,0.0,10.0,NaN,-10.0,0.0,NaN,NaN,NaN,24.0,NaN,NaN,NaN,24.0,24.0,NaN,0.0,3.0,NaN,NaN,NaN,24.0,7.44,NaN,0.0,3.0,NaN,NaN,NaN,24.0,NaN,NaN,NaN,24.0,NaN,NaN,NaN,24.0,9.0,NaN,0.0,3.0,NaN,NaN,NaN,24.0,8.4,NaN,0.0,3.0,104.0,NaN,0.0,3.0,0.7,NaN,0.0,3.0,NaN,NaN,NaN,24.0,120.0,NaN,0.0,3.0,NaN,NaN,NaN,24.0,1.6,NaN,0.0,3.0,4.2,NaN,0.0,3.0,4.1,NaN,0.0,3.0,NaN,NaN,NaN,24.0,NaN,NaN,NaN,24.0,31.1,NaN,0.0,3.0,10.4,NaN,0.0,3.0,28.9,NaN,0.0,3.0,10.9,NaN,0.0,3.0,NaN,NaN,NaN,24.0,210.0,NaN,0.0,3.0,58.0,1.0,-1.0,-1.0,-150.12694444444443,4.0,0.0,0.0,0.0,0.0,0.0,0.0,0.0,0.0,0.0,0.0,1.0,0.0,0.0,NaN,0.0,0.0,NaN,NaN,NaN,NaN,NaN,NaN,NaN
94.0,NaN,13.0,0.0,96.0,NaN,2.0,0.0,37.06,NaN,-0.09499999999999886,1.0,106.0,NaN,2.5,0.0,71.0,NaN,3.5,0.0,54.5,NaN,5.5,0.0,16.0,NaN,6.0,0.0,NaN,NaN,NaN,24.0,NaN,NaN,NaN,24.0,24.0,NaN,0.0,4.0,NaN,NaN,NaN,24.0,7.44,NaN,0.0,4.0,NaN,NaN,NaN,24.0,NaN,NaN,NaN,24.0,NaN,NaN,NaN,24.0,9.0,NaN,0.0,4.0,NaN,NaN,NaN,24.0,8.4,NaN,0.0,4.0,104.0,NaN,0.0,4.0,0.7,NaN,0.0,4.0,NaN,NaN,NaN,24.0,120.0,NaN,0.0,4.0,NaN,NaN,NaN,24.0,1.6,NaN,0.0,4.0,4.2,NaN,0.0,4.0,4.1,NaN,0.0,4.0,NaN,NaN,NaN,24.0,NaN,NaN,NaN,24.0,31.1,NaN,0.0,4.0,10.4,NaN,0.0,4.0,28.9,NaN,0.0,4.0,10.9,NaN,0.0,4.0,NaN,NaN,NaN,24.0,210.0,NaN,0.0,4.0,58.0,1.0,-1.0,-1.0,-150.12694444444443,5.0,0.0,0.0,1.0,0.0,0.0,0.0,0.0,0.0,0.0,0.0,1.0,0.0,0.0,NaN,0.0,0.0,NaN,NaN,NaN,NaN,NaN,NaN,NaN
92.0,NaN,-2.0,0.0,97.0,NaN,1.0,0.0,37.06,NaN,-0.0759999999999991,2.0,105.5,NaN,-0.5,0.0,71.5,NaN,0.5,0.0,54.0,NaN,-0.5,0.0,18.0,NaN,2.0,0.0,NaN,NaN,NaN,24.0,NaN,NaN,NaN,24.0,24.0,NaN,0.0,5.0,NaN,NaN,NaN,24.0,7.44,NaN,0.0,5.0,NaN,NaN,NaN,24.0,NaN,NaN,NaN,24.0,NaN,NaN,NaN,24.0,9.0,NaN,0.0,5.0,NaN,NaN,NaN,24.0,8.4,NaN,0.0,5.0,104.0,NaN,0.0,5.0,0.7,NaN,0.0,5.0,NaN,NaN,NaN,24.0,120.0,NaN,0.0,5.0,NaN,NaN,NaN,24.0,1.6,NaN,0.0,5.0,4.2,NaN,0.0,5.0,4.1,NaN,0.0,5.0,NaN,NaN,NaN,24.0,NaN,NaN,NaN,24.0,31.1,NaN,0.0,5.0,10.4,NaN,0.0,5.0,28.9,NaN,0.0,5.0,10.9,NaN,0.0,5.0,NaN,NaN,NaN,24.0,210.0,NaN,0.0,5.0,58.0,1.0,-1.0,-1.0,-150.12694444444443,6.0,0.0,0.0,1.0,0.0,0.0,0.0,0.0,0.0,0.0,0.0,1.0,0.0,0.0,NaN,0.0,0.0,NaN,NaN,NaN,NaN,NaN,NaN,NaN
90.0,NaN,-2.0,0.0,92.0,NaN,-5.0,0.0,37.06,NaN,-0.06333333333333258,3.0,106.0,NaN,0.5,0.0,71.5,NaN,0.0,0.0,54.0,NaN,0.0,0.0,20.0,NaN,2.0,0.0,NaN,NaN,NaN,24.0,NaN,NaN,NaN,24.0,24.0,NaN,0.0,6.0,NaN,NaN,NaN,24.0,7.44,NaN,0.0,6.0,NaN,NaN,NaN,24.0,NaN,NaN,NaN,24.0,NaN,NaN,NaN,24.0,9.0,NaN,0.0,6.0,NaN,NaN,NaN,24.0,8.4,NaN,0.0,6.0,104.0,NaN,0.0,6.0,0.7,NaN,0.0,6.0,NaN,NaN,NaN,24.0,120.0,NaN,0.0,6.0,NaN,NaN,NaN,24.0,1.6,NaN,0.0,6.0,4.2,NaN,0.0,6.0,4.1,NaN,0.0,6.0,NaN,NaN,NaN,24.0,NaN,NaN,NaN,24.0,31.1,NaN,0.0,6.0,10.4,NaN,0.0,6.0,28.9,NaN,0.0,6.0,10.9,NaN,0.0,6.0,NaN,NaN,NaN,24.0,210.0,NaN,0.0,6.0,58.0,1.0,-1.0,-1.0,-150.12694444444443,7.0,0.0,0.0,0.0,0.0,0.0,0.0,0.0,0.0,0.0,0.0,1.0,0.0,0.0,NaN,0.0,0.0,NaN,NaN,NaN,NaN,NaN,NaN,NaN
73.0,NaN,-17.0,0.0,97.0,NaN,5.0,0.0,37.06,NaN,-0.05428571428571364,4.0,105.5,NaN,-0.5,0.0,71.0,NaN,-0.5,0.0,54.0,NaN,0.0,0.0,15.0,NaN,-5.0,0.0,NaN,NaN,NaN,24.0,NaN,NaN,NaN,24.0,24.0,NaN,0.0,7.0,NaN,NaN,NaN,24.0,7.44,NaN,0.0,7.0,NaN,NaN,NaN,24.0,NaN,NaN,NaN,24.0,NaN,NaN,NaN,24.0,9.0,NaN,0.0,7.0,NaN,NaN,NaN,24.0,8.4,NaN,0.0,7.0,104.0,NaN,0.0,7.0,0.7,NaN,0.0,7.0,NaN,NaN,NaN,24.0,120.0,NaN,0.0,7.0,NaN,NaN,NaN,24.0,1.6,NaN,0.0,7.0,4.2,NaN,0.0,7.0,4.1,NaN,0.0,7.0,NaN,NaN,NaN,24.0,NaN,NaN,NaN,24.0,31.1,NaN,0.0,7.0,10.4,NaN,0.0,7.0,28.9,NaN,0.0,7.0,10.9,NaN,0.0,7.0,NaN,NaN,NaN,24.0,210.0,NaN,0.0,7.0,58.0,1.0,-1.0,-1.0,-150.12694444444443,8.0,0.0,0.0,0.0,0.0,0.0,0.0,0.0,0.0,0.0,0.0,1.0,0.0,0.0,NaN,0.0,0.0,NaN,NaN,NaN,NaN,NaN,NaN,NaN
83.0,NaN,10.0,0.0,98.0,NaN,1.0,0.0,36.89,NaN,-0.03400000000000034,0.0,96.0,NaN,-9.5,0.0,78.5,NaN,7.5,0.0,66.5,NaN,12.5,0.0,14.0,NaN,-1.0,0.0,NaN,NaN,NaN,24.0,NaN,NaN,NaN,24.0,24.0,NaN,0.0,8.0,NaN,NaN,NaN,24.0,7.44,NaN,0.0,8.0,NaN,NaN,NaN,24.0,NaN,NaN,NaN,24.0,NaN,NaN,NaN,24.0,9.0,NaN,0.0,8.0,NaN,NaN,NaN,24.0,8.4,NaN,0.0,8.0,104.0,NaN,0.0,8.0,0.7,NaN,0.0,8.0,NaN,NaN,NaN,24.0,120.0,NaN,0.0,8.0,NaN,NaN,NaN,24.0,1.6,NaN,0.0,8.0,4.2,NaN,0.0,8.0,4.1,NaN,0.0,8.0,NaN,NaN,NaN,24.0,NaN,NaN,NaN,24.0,31.1,NaN,0.0,8.0,10.4,NaN,0.0,8.0,28.9,NaN,0.0,8.0,10.9,NaN,0.0,8.0,NaN,NaN,NaN,24.0,210.0,NaN,0.0,8.0,58.0,1.0,-1.0,-1.0,-150.12694444444443,9.0,0.0,0.0,0.0,0.0,0.0,0.0,0.0,0.0,0.0,0.0,1.0,0.0,0.0,NaN,0.0,0.0,NaN,NaN,NaN,NaN,NaN,NaN,NaN
77.0,NaN,-6.0,0.0,97.0,NaN,-1.0,0.0,36.89,NaN,-0.028333333333333616,1.0,92.0,NaN,-4.0,0.0,68.0,NaN,-10.5,0.0,54.0,NaN,-12.5,0.0,13.0,NaN,-1.0,0.0,NaN,NaN,NaN,24.0,NaN,NaN,NaN,24.0,24.0,NaN,0.0,9.0,NaN,NaN,NaN,24.0,7.44,NaN,0.0,9.0,NaN,NaN,NaN,24.0,NaN,NaN,NaN,24.0,NaN,NaN,NaN,24.0,9.0,NaN,0.0,9.0,NaN,NaN,NaN,24.0,8.4,NaN,0.0,9.0,104.0,NaN,0.0,9.0,0.7,NaN,0.0,9.0,NaN,NaN,NaN,24.0,120.0,NaN,0.0,9.0,NaN,NaN,NaN,24.0,1.6,NaN,0.0,9.0,4.2,NaN,0.0,9.0,4.1,NaN,0.0,9.0,NaN,NaN,NaN,24.0,NaN,NaN,NaN,24.0,31.1,NaN,0.0,9.0,10.4,NaN,0.0,9.0,28.9,NaN,0.0,9.0,10.9,NaN,0.0,9.0,NaN,NaN,NaN,24.0,210.0,NaN,0.0,9.0,58.0,1.0,-1.0,-1.0,-150.12694444444443,10.0,0.0,0.0,0.0,0.0,0.0,0.0,0.0,0.0,0.0,0.0,1.0,0.0,0.0,NaN,0.0,0.0,NaN,NaN,NaN,NaN,NaN,NaN,NaN
84.0,NaN,7.0,0.0,95.0,NaN,-2.0,0.0,36.89,NaN,-0.02428571428571453,2.0,93.5,NaN,1.5,0.0,72.0,NaN,4.0,0.0,60.0,NaN,6.0,0.0,18.0,NaN,5.0,0.0,NaN,NaN,NaN,24.0,NaN,NaN,NaN,24.0,24.0,NaN,0.0,10.0,NaN,NaN,NaN,24.0,7.44,NaN,0.0,10.0,NaN,NaN,NaN,24.0,NaN,NaN,NaN,24.0,NaN,NaN,NaN,24.0,9.0,NaN,0.0,10.0,NaN,NaN,NaN,24.0,8.4,NaN,0.0,10.0,104.0,NaN,0.0,10.0,0.7,NaN,0.0,10.0,NaN,NaN,NaN,24.0,120.0,NaN,0.0,10.0,NaN,NaN,NaN,24.0,1.6,NaN,0.0,10.0,4.2,NaN,0.0,10.0,4.1,NaN,0.0,10.0,NaN,NaN,NaN,24.0,NaN,NaN,NaN,24.0,31.1,NaN,0.0,10.0,10.4,NaN,0.0,10.0,28.9,NaN,0.0,10.0,10.9,NaN,0.0,10.0,NaN,NaN,NaN,24.0,210.0,NaN,0.0,10.0,58.0,1.0,-1.0,-1.0,-150.12694444444443,11.0,0.0,0.0,0.0,0.0,0.0,0.0,0.0,0.0,0.0,0.0,1.0,0.0,0.0,NaN,0.0,0.0,NaN,NaN,NaN,NaN,NaN,NaN,NaN
85.0,NaN,1.0,0.0,93.0,NaN,-2.0,0.0,36.89,NaN,-0.021250000000000213,3.0,93.0,NaN,-0.5,0.0,85.0,NaN,13.0,0.0,79.0,NaN,19.0,0.0,14.0,NaN,-4.0,0.0,NaN,NaN,NaN,24.0,NaN,NaN,NaN,24.0,24.0,NaN,0.0,11.0,NaN,NaN,NaN,24.0,7.44,NaN,0.0,11.0,NaN,NaN,NaN,24.0,NaN,NaN,NaN,24.0,NaN,NaN,NaN,24.0,9.0,NaN,0.0,11.0,NaN,NaN,NaN,24.0,8.4,NaN,0.0,11.0,104.0,NaN,0.0,11.0,0.7,NaN,0.0,11.0,NaN,NaN,NaN,24.0,120.0,NaN,0.0,11.0,NaN,NaN,NaN,24.0,1.6,NaN,0.0,11.0,4.2,NaN,0.0,11.0,4.1,NaN,0.0,11.0,NaN,NaN,NaN,24.0,NaN,NaN,NaN,24.0,31.1,NaN,0.0,11.0,10.4,NaN,0.0,11.0,28.9,NaN,0.0,11.0,10.9,NaN,0.0,11.0,NaN,NaN,NaN,24.0,210.0,NaN,0.0,11.0,58.0,1.0,-1.0,-1.0,-150.12694444444443,12.0,0.0,0.0,0.0,0.0,0.0,0.0,0.0,0.0,0.0,0.0,1.0,0.0,0.0,NaN,0.0,0.0,NaN,NaN,NaN,NaN,NaN,NaN,NaN
