78.0,NaN,NaN,24.0,96.5,NaN,NaN,24.0,36.67,NaN,NaN,24.0,114.0,NaN,NaN,24.0,76.0,NaN,NaN,24.0,68.0,NaN,NaN,24.0,15.5,NaN,NaN,24.0,NaN,NaN,NaN,24.0,NaN,NaN,NaN,24.0,NaN,NaN,NaN,24.0,NaN,NaN,NaN,24.0,NaN,NaN,NaN,24.0,NaN,NaN,NaN,24.0,NaN,NaN,NaN,24.0,NaN,NaN,NaN,24.0,NaN,NaN,NaN,24.0,NaN,NaN,NaN,24.0,NaN,NaN,NaN,24.0,NaN,NaN,NaN,24.0,NaN,NaN,NaN,24.0,NaN,NaN,NaN,24.0,NaN,NaN,NaN,24.0,NaN,NaN,NaN,24.0,NaN,NaN,NaN,24.0,NaN,NaN,NaN,24.0,NaN,NaN,NaN,24.0,NaN,NaN,NaN,24.0,NaN,NaN,NaN,24.0,NaN,NaN,NaN,24.0,NaN,NaN,NaN,24.0,NaN,NaN,NaN,24.0,NaN,NaN,NaN,24.0,NaN,NaN,NaN,24.0,NaN,NaN,NaN,24.0,84.0,0.0,0.0,1.0,-6.066666666666666,1.0,0.0,0.0,0.0,0.0,0.0,0.0,0.0,0.0,0.0,0.0,1.0,0.0,1.0,1.0,0.0,0.0,NaN,8.0,8.0,1.0,NaN,NaN,NaN
79.0,NaN,1.0,0.0,97.0,NaN,0.5,0.0,36.67,NaN,0.0,1.0,117.0,NaN,3.0,0.0,68.0,NaN,-8.0,0.0,51.0,NaN,-17.0,0.0,18.0,NaN,2.5,0.0,NaN,NaN,NaN,24.0,-1.0,NaN,0.0,0.0,21.0,NaN,0.0,0.0,NaN,NaN,NaN,24.0,7.44,NaN,0.0,0.0,30.0,NaN,0.0,0.0,NaN,NaN,NaN,24.0,491.0,NaN,0.0,0.0,55.0,NaN,0.0,0.0,140.0,NaN,0.0,0.0,8.0,NaN,0.0,0.0,102.0,NaN,0.0,0.0,1.7,NaN,0.0,0.0,NaN,NaN,NaN,24.0,333.0,NaN,0.0,0.0,2.65,NaN,0.0,0.0,1.9,NaN,0.0,0.0,3.3,NaN,0.0,0.0,3.9,NaN,0.0,0.0,1.1,NaN,0.0,0.0,NaN,NaN,NaN,24.0,33.2,NaN,0.0,0.0,11.2,NaN,0.0,0.0,23.1,NaN,0.0,0.0,12.6,NaN,0.0,0.0,NaN,NaN,NaN,24.0,129.0,NaN,0.0,0.0,84.0,0.0,0.0,1.0,-6.066666666666666,2.0,0.0,0.0,0.0,1.0,0.0,1.0,0.0,0.0,1.0,1.0,1.0,0.0,1.0,1.0,0.0,0.0,NaN,8.0,8.0,1.0,NaN,NaN,NaN
75.0,NaN,-4.0,0.0,98.0,NaN,1.0,0.0,36.67,NaN,0.0,2.0,117.0,NaN,0.0,0.0,63.0,NaN,-5.0,0.0,43.0,NaN,-8.0,0.0,18.0,NaN,0.0,0.0,NaN,NaN,NaN,24.0,-1.0,NaN,0.0,1.0,21.0,NaN,0.0,1.0,NaN,NaN,NaN,24.0,7.44,NaN,0.0,1.0,30.0,NaN,0.0,1.0,NaN,NaN,NaN,24.0,491.0,NaN,0.0,1.0,55.0,NaN,0.0,1.0,140.0,NaN,0.0,1.0,8.0,NaN,0.0,1.0,102.0,NaN,0.0,1.0,1.7,NaN,0.0,1.0,NaN,NaN,NaN,24.0,333.0,NaN,0.0,1.0,2.65,NaN,0.0,1.0,1.9,NaN,0.0,1.0,3.3,NaN,0.0,1.0,3.9,NaN,0.0,1.0,1.1,NaN,0.0,1.0,NaN,NaN,NaN,24.0,33.2,NaN,0.0,1.0,11.2,NaN,0.0,1.0,23.1,NaN,0.0,1.0,12.6,NaN,0.0,1.0,NaN,NaN,NaN,24.0,129.0,NaN,0.0,1.0,84.0,0.0,0.0,1.0,-6.066666666666666,3.0,0.0,0.0,0.0,1.0,0.0,0.0,0.0,1.0,0.0,0.0,1.0,0.0,1.0,1.0,0.0,0.0,NaN,8.0,8.0,1.0,NaN,NaN,NaN
75.0,NaN,0.0,0.0,97.0,NaN,-1.0,0.0,36.67,NaN,0.0,3.0,117.0,NaN,0.0,0.0,66.0,NaN,3.0,0.0,48.0,NaN,5.0,0.0,17.0,NaN,-1.0,0.0,NaN,NaN,NaN,24.0,-1.0,NaN,0.0,2.0,21.0,NaN,0.0,2.0,NaN,NaN,NaN,24.0,7.44,NaN,0.0,2.0,30.0,NaN,0.0,2.0,NaN,NaN,NaN,24.0,491.0,NaN,0.0,2.0,55.0,NaN,0.0,2.0,140.0,NaN,0.0,2.0,8.0,NaN,0.0,2.0,102.0,NaN,0.0,2.0,1.7,NaN,0.0,2.0,NaN,NaN,NaN,24.0,333.0,NaN,0.0,2.0,2.65,NaN,0.0,2.0,1.9,NaN,0.0,2.0,3.3,NaN,0.0,2.0,3.9,NaN,0.0,2.0,1.1,NaN,0.0,2.0,NaN,NaN,NaN,24.0,33.2,NaN,0.0,2.0,11.2,NaN,0.0,2.0,23.1,NaN,0.0,2.0,12.6,NaN,0.0,2.0,NaN,NaN,NaN,24.0,129.0,NaN,0.0,2.0,84.0,0.0,0.0,1.0,-6.066666666666666,4.0,0.0,0.0,0.0,1.0,0.0,0.0,0.0,0.0,0.0,0.0,1.0,0.0,1.0,1.0,0.0,0.0,NaN,8.0,8.0,1.0,NaN,NaN,NaN
79.0,NaN,4.0,0.0,96.0,NaN,-1.0,0.0,36.72,NaN,0.01249999999999929,0.0,120.0,NaN,3.0,0.0,66.0,NaN,0.0,0.0,49.0,NaN,1.0,0.0,17.0,NaN,0.0,0.0,NaN,NaN,NaN,24.0,-1.0,NaN,0.0,3.0,21.0,NaN,0.0,3.0,NaN,NaN,NaN,24.0,7.44,NaN,0.0,3.0,30.0,NaN,0.0,3.0,NaN,NaN,NaN,24.0,491.0,NaN,0.0,3.0,55.0,NaN,0.0,3.0,140.0,NaN,0.0,3.0,8.0,NaN,0.0,3.0,102.0,NaN,0.0,3.0,1.7,NaN,0.0,3.0,NaN,NaN,NaN,24.0,333.0,NaN,0.0,3.0,2.65,NaN,0.0,3.0,1.9,NaN,0.0,3.0,3.3,NaN,0.0,3.0,3.9,NaN,0.0,3.0,1.1,NaN,0.0,3.0,NaN,NaN,NaN,24.0,33.2,NaN,0.0,3.0,11.2,NaN,0.0,3.0,23.1,NaN,0.0,3.0,12.6,NaN,0.0,3.0,NaN,NaN,NaN,24.0,129.0,NaN,0.0,3.0,84.0,0.0,0.0,1.0,-6.066666666666666,5.0,0.0,0.0,0.0,1.0,0.0,0.0,0.0,0.0,0.0,0.0,1.0,1.0,1.0,1.0,0.0,0.0,NaN,8.0,8.0,1.0,NaN,NaN,NaN
79.0,NaN,0.0,0.0,98.0,NaN,2.0,0.0,36.72,NaN,0.009999999999999431,1.0,115.0,NaN,-5.0,0.0,64.0,NaN,-2.0,0.0,47.0,NaN,-2.0,0.0,16.0,NaN,-1.0,0.0,NaN,NaN,NaN,24.0,-1.0,NaN,0.0,4.0,21.0,NaN,0.0,4.0,NaN,NaN,NaN,24.0,7.44,NaN,0.0,4.0,30.0,NaN,0.0,4.0,NaN,NaN,NaN,24.0,491.0,NaN,0.0,4.0,55.0,NaN,0.0,4.0,140.0,NaN,0.0,4.0,8.0,NaN,0.0,4.0,102.0,NaN,0.0,4.0,1.7,NaN,0.0,4.0,NaN,NaN,NaN,24.0,333.0,NaN,0.0,4.0,2.65,NaN,0.0,4.0,1.9,NaN,0.0,4.0,3.3,NaN,0.0,4.0,3.9,NaN,0.0,4.0,1.1,NaN,0.0,4.0,NaN,NaN,NaN,24.0,33.2,NaN,0.0,4.0,11.2,NaN,0.0,4.0,23.1,NaN,0.0,4.0,12.6,NaN,0.0,4.0,NaN,NaN,NaN,24.0,129.0,NaN,0.0,4.0,84.0,0.0,0.0,1.0,-6.066666666666666,6.0,0.0,0.0,0.0,1.0,0.0,0.0,0.0,1.0,0.0,0.0,1.0,1.0,1.0,1.0,0.0,0.0,NaN,8.0,8.0,1.0,NaN,NaN,NaN
79.0,NaN,0.0,0.0,97.0,NaN,-1.0,0.0,36.72,NaN,0.00833333333333286,2.0,118.0,NaN,3.0,0.0,65.0,NaN,1.0,0.0,49.0,NaN,2.0,0.0,28.0,NaN,12.0,0.0,NaN,NaN,NaN,24.0,-1.0,NaN,0.0,5.0,21.0,NaN,0.0,5.0,NaN,NaN,NaN,24.0,7.44,NaN,0.0,5.0,30.0,NaN,0.0,5.0,NaN,NaN,NaN,24.0,491.0,NaN,0.0,5.0,55.0,NaN,0.0,5.0,140.0,NaN,0.0,5.0,8.0,NaN,0.0,5.0,102.0,NaN,0.0,5.0,1.7,NaN,0.0,5.0,NaN,NaN,NaN,24.0,333.0,NaN,0.0,5.0,2.65,NaN,0.0,5.0,1.9,NaN,0.0,5.0,3.3,NaN,0.0,5.0,3.9,NaN,0.0,5.0,1.1,NaN,0.0,5.0,NaN,NaN,NaN,24.0,33.2,NaN,0.0,5.0,11.2,NaN,0.0,5.0,23.1,NaN,0.0,5.0,12.6,NaN,0.0,5.0,NaN,NaN,NaN,24.0,129.0,NaN,0.0,5.0,84.0,0.0,0.0,1.0,-6.066666666666666,7.0,0.0,1.0,0.0,1.0,0.0,0.0,0.0,1.0,0.0,0.0,1.0,1.0,1.0,1.0,0.0,0.0,NaN,8.0,8.0,1.0,NaN,NaN,NaN
77.0,NaN,-2.0,0.0,98.0,NaN,1.0,0.0,36.72,NaN,0.007142857142856737,3.0,114.0,NaN,-4.0,0.0,63.0,NaN,-2.0,0.0,46.0,NaN,-3.0,0.0,22.0,NaN,-6.0,0.0,NaN,NaN,NaN,24.0,-1.0,NaN,0.0,6.0,21.0,NaN,0.0,6.0,NaN,NaN,NaN,24.0,7.44,NaN,0.0,6.0,30.0,NaN,0.0,6.0,NaN,NaN,NaN,24.0,491.0,NaN,0.0,6.0,55.0,NaN,0.0,6.0,140.0,NaN,0.0,6.0,8.0,NaN,0.0,6.0,102.0,NaN,0.0,6.0,1.7,NaN,0.0,6.0,NaN,NaN,NaN,24.0,333.0,NaN,0.0,6.0,2.65,NaN,0.0,6.0,1.9,NaN,0.0,6.0,3.3,NaN,0.0,6.0,3.9,NaN,0.0,6.0,1.1,NaN,0.0,6.0,NaN,NaN,NaN,24.0,33.2,NaN,0.0,6.0,11.2,NaN,0.0,6.0,23.1,NaN,0.0,6.0,12.6,NaN,0.0,6.0,NaN,NaN,NaN,24.0,129.0,NaN,0.0,6.0,84.0,0.0,0.0,1.0,-6.066666666666666,8.0,0.0,1.0,0.0,1.0,0.0,0.0,0.0,1.0,0.0,0.0,1.0,1.0,1.0,1.0,0.0,0.0,NaN,8.0,8.0,1.0,NaN,NaN,NaN
84.0,NaN,7.0,0.0,98.0,NaN,0.0,0.0,37.0,NaN,0.07000000000000028,0.0,120.0,NaN,6.0,0.0,66.0,NaN,3.0,0.0,53.0,NaN,7.0,0.0,15.0,NaN,-7.0,0.0,NaN,NaN,NaN,24.0,-1.0,NaN,0.0,7.0,21.0,NaN,0.0,7.0,NaN,NaN,NaN,24.0,7.44,NaN,0.0,7.0,30.0,NaN,0.0,7.0,NaN,NaN,NaN,24.0,491.0,NaN,0.0,7.0,55.0,NaN,0.0,7.0,140.0,NaN,0.0,7.0,8.0,NaN,0.0,7.0,102.0,NaN,0.0,7.0,1.7,NaN,0.0,7.0,NaN,NaN,NaN,24.0,333.0,NaN,0.0,7.0,2.65,NaN,0.0,7.0,1.9,NaN,0.0,7.0,3.3,NaN,0.0,7.0,3.9,NaN,0.0,7.0,1.1,NaN,0.0,7.0,NaN,NaN,NaN,24.0,33.2,NaN,0.0,7.0,11.2,NaN,0.0,7.0,23.1,NaN,0.0,7.0,12.6,NaN,0.0,7.0,NaN,NaN,NaN,24.0,129.0,NaN,0.0,7.0,84.0,0.0,0.0,1.0,-6.066666666666666,9.0,0.0,0.0,0.0,1.0,0.0,0.0,0.0,0.0,0.0,0.0,1.0,1.0,1.0,1.0,0.0,0.0,NaN,8.0,8.0,1.0,NaN,NaN,NaN
78.0,NaN,-6.0,0.0,98.0,NaN,0.0,0.0,37.0,NaN,0.05600000000000023,1.0,97.0,NaN,-23.0,0.0,60.0,NaN,-6.0,0.0,50.0,NaN,-3.0,0.0,17.0,NaN,2.0,0.0,NaN,NaN,NaN,24.0,-1.0,NaN,0.0,8.0,21.0,NaN,0.0,8.0,NaN,NaN,NaN,24.0,7.44,NaN,0.0,8.0,30.0,NaN,0.0,8.0,NaN,NaN,NaN,24.0,491.0,NaN,0.0,8.0,55.0,NaN,0.0,8.0,140.0,NaN,0.0,8.0,8.0,NaN,0.0,8.0,102.0,NaN,0.0,8.0,1.7,NaN,0.0,8.0,NaN,NaN,NaN,24.0,333.0,NaN,0.0,8.0,2.65,NaN,0.0,8.0,1.9,NaN,0.0,8.0,3.3,NaN,0.0,8.0,3.9,NaN,0.0,8.0,1.1,NaN,0.0,8.0,NaN,NaN,NaN,24.0,33.2,NaN,0.0,8.0,11.2,NaN,0.0,8.0,23.1,NaN,0.0,8.0,12.6,NaN,0.0,8.0,NaN,NaN,NaN,24.0,129.0,NaN,0.0,8.0,84.0,0.0,0.0,1.0,-6.066666666666666,10.0,0.0,0.0,0.0,1.0,0.0,0.0,0.0,1.0,0.0,0.0,1.0,1.0,1.0,1.0,0.0,0.0,NaN,8.0,8.0,1.0,NaN,NaN,NaN
77.0,NaN,-1.0,0.0,97.0,NaN,-1.0,0.0,37.0,NaN,0.046666666666666856,2.0,100.0,NaN,3.0,0.0,64.0,NaN,4.0,0.0,52.0,NaN,2.0,0.0,16.0,NaN,-1.0,0.0,NaN,NaN,NaN,24.0,-1.0,NaN,0.0,9.0,21.0,NaN,0.0,9.0,NaN,NaN,NaN,24.0,7.44,NaN,0.0,9.0,30.0,NaN,0.0,9.0,NaN,NaN,NaN,24.0,491.0,NaN,0.0,9.0,55.0,NaN,0.0,9.0,140.0,NaN,0.0,9.0,8.0,NaN,0.0,9.0,102.0,NaN,0.0,9.0,1.7,NaN,0.0,9.0,NaN,NaN,NaN,24.0,333.0,NaN,0.0,9.0,2.65,NaN,0.0,9.0,1.9,NaN,0.0,9.0,3.3,NaN,0.0,9.0,3.9,NaN,0.0,9.0,1.1,NaN,0.0,9.0,NaN,NaN,NaN,24.0,33.2,NaN,0.0,9.0,11.2,NaN,0.0,9.0,23.1,NaN,0.0,9.0,12.6,NaN,0.0,9.0,NaN,NaN,NaN,24.0,129.0,NaN,0.0,9.0,84.0,0.0,0.0,1.0,-6.066666666666666,11.0,0.0,0.0,0.0,1.0,0.0,0.0,0.0,1.0,0.0,0.0,1.0,1.0,1.0,1.0,0.0,0.0,NaN,8.0,8.0,1.0,NaN,NaN,NaN
80.0,NaN,3.0,0.0,96.6666666666667,NaN,-0.3333333333333002,0.0,37.0,NaN,0.04000000000000016,3.0,113.666666666667,NaN,13.666666666666998,0.0,64.6666666666667,NaN,0.6666666666666998,0.0,48.6666666666667,NaN,-3.3333333333333,0.0,19.6666666666667,NaN,3.6666666666667,0.0,NaN,NaN,NaN,24.0,-1.0,NaN,0.0,10.0,21.0,NaN,0.0,10.0,NaN,NaN,NaN,24.0,7.44,NaN,0.0,10.0,30.0,NaN,0.0,10.0,NaN,NaN,NaN,24.0,491.0,NaN,0.0,10.0,55.0,NaN,0.0,10.0,140.0,NaN,0.0,10.0,8.0,NaN,0.0,10.0,102.0,NaN,0.0,10.0,1.7,NaN,0.0,10.0,NaN,NaN,NaN,24.0,333.0,NaN,0.0,10.0,2.65,NaN,0.0,10.0,1.9,NaN,0.0,10.0,3.3,NaN,0.0,10.0,3.9,NaN,0.0,10.0,1.1,NaN,0.0,10.0,NaN,NaN,NaN,24.0,33.2,NaN,0.0,10.0,11.2,NaN,0.0,10.0,23.1,NaN,0.0,10.0,12.6,NaN,0.0,10.0,NaN,NaN,NaN,24.0,129.0,NaN,0.0,10.0,84.0,0.0,0.0,1.0,-6.066666666666666,12.0,0.0,0.0,0.0,1.0,0.0,0.0,0.0,1.0,0.0,0.0,1.0,1.0,1.0,1.0,0.0,0.0,NaN,8.0,8.0,1.0,NaN,NaN,NaN
