NaN,NaN,NaN,24.0,NaN,NaN,NaN,24.0,NaN,NaN,NaN,24.0,NaN,NaN,NaN,24.0,NaN,NaN,NaN,24.0,NaN,NaN,NaN,24.0,NaN,NaN,NaN,24.0,NaN,NaN,NaN,24.0,NaN,NaN,NaN,24.0,NaN,NaN,NaN,24.0,NaN,NaN,NaN,24.0,NaN,NaN,NaN,24.0,NaN,NaN,NaN,24.0,NaN,NaN,NaN,24.0,NaN,NaN,NaN,24.0,NaN,NaN,NaN,24.0,NaN,NaN,NaN,24.0,NaN,NaN,NaN,24.0,NaN,NaN,NaN,24.0,NaN,NaN,NaN,24.0,NaN,NaN,NaN,24.0,NaN,NaN,NaN,24.0,NaN,NaN,NaN,24.0,NaN,NaN,NaN,24.0,NaN,NaN,NaN,24.0,NaN,NaN,NaN,24.0,NaN,NaN,NaN,24.0,NaN,NaN,NaN,24.0,NaN,NaN,NaN,24.0,NaN,NaN,NaN,24.0,NaN,NaN,NaN,24.0,NaN,NaN,NaN,24.0,NaN,NaN,NaN,24.0,NaN,NaN,NaN,24.0,61.0,0.0,1.0,0.0,-3.504166666666667,1.0,0.0,0.0,0.0,0.0,0.0,0.0,0.0,0.0,0.0,0.0,1.0,0.0,1.0,1.0,0.0,0.0,NaN,12.0,12.0,7.0,NaN,NaN,NaN
NaN,NaN,NaN,24.0,NaN,NaN,NaN,24.0,NaN,NaN,NaN,24.0,NaN,NaN,NaN,24.0,NaN,NaN,NaN,24.0,NaN,NaN,NaN,24.0,NaN,NaN,NaN,24.0,NaN,NaN,NaN,24.0,NaN,NaN,NaN,24.0,NaN,NaN,NaN,24.0,NaN,NaN,NaN,24.0,NaN,NaN,NaN,24.0,NaN,NaN,NaN,24.0,NaN,NaN,NaN,24.0,NaN,NaN,NaN,24.0,NaN,NaN,NaN,24.0,NaN,NaN,NaN,24.0,NaN,NaN,NaN,24.0,NaN,NaN,NaN,24.0,NaN,NaN,NaN,24.0,NaN,NaN,NaN,24.0,NaN,NaN,NaN,24.0,NaN,NaN,NaN,24.0,NaN,NaN,NaN,24.0,NaN,NaN,NaN,24.0,NaN,NaN,NaN,24.0,NaN,NaN,NaN,24.0,NaN,NaN,NaN,24.0,NaN,NaN,NaN,24.0,NaN,NaN,NaN,24.0,NaN,NaN,NaN,24.0,NaN,NaN,NaN,24.0,NaN,NaN,NaN,24.0,NaN,NaN,NaN,24.0,61.0,0.0,1.0,0.0,-3.504166666666667,2.0,0.0,0.0,0.0,0.0,0.0,0.0,0.0,0.0,0.0,0.0,1.0,0.0,1.0,1.0,0.0,0.0,NaN,12.0,12.0,7.0,NaN,NaN,NaN
101.0,NaN,0.0,0.0,99.0,NaN,0.0,0.0,36.83,NaN,0.0,0.0,157.0,NaN,0.0,0.0,90.0,NaN,0.0,0.0,66.0,NaN,0.0,0.0,21.0,NaN,0.0,0.0,NaN,NaN,NaN,24.0,NaN,NaN,NaN,24.0,NaN,NaN,NaN,24.0,0.5,NaN,0.0,0.0,NaN,NaN,NaN,24.0,NaN,NaN,NaN,24.0,NaN,NaN,NaN,24.0,NaN,NaN,NaN,24.0,NaN,NaN,NaN,24.0,NaN,NaN,NaN,24.0,NaN,NaN,NaN,24.0,NaN,NaN,NaN,24.0,NaN,NaN,NaN,24.0,NaN,NaN,NaN,24.0,NaN,NaN,NaN,24.0,NaN,NaN,NaN,24.0,NaN,NaN,NaN,24.0,NaN,NaN,NaN,24.0,NaN,NaN,NaN,24.0,NaN,NaN,NaN,24.0,NaN,NaN,NaN,24.0,NaN,NaN,NaN,24.0,NaN,NaN,NaN,24.0,NaN,NaN,NaN,24.0,NaN,NaN,NaN,24.0,NaN,NaN,NaN,24.0,NaN,NaN,NaN,24.0,61.0,0.0,1.0,0.0,-3.504166666666667,3.0,0.0,1.0,1.0,0.0,2.0,0.0,0.0,0.0,0.0,0.0,0.0,0.0,1.0,1.0,0.0,0.0,NaN,12.0,12.0,7.0,NaN,NaN,NaN
96.0,NaN,-5.0,0.0,100.0,NaN,1.0,0.0,36.83,NaN,0.0,1.0,157.0,NaN,0.0,0.0,101.0,NaN,11.0,0.0,83.0,NaN,17.0,0.0,16.0,NaN,-5.0,0.0,NaN,NaN,NaN,24.0,NaN,NaN,NaN,24.0,NaN,NaN,NaN,24.0,0.5,NaN,0.0,1.0,NaN,NaN,NaN,24.0,NaN,NaN,NaN,24.0,NaN,NaN,NaN,24.0,NaN,NaN,NaN,24.0,NaN,NaN,NaN,24.0,NaN,NaN,NaN,24.0,NaN,NaN,NaN,24.0,NaN,NaN,NaN,24.0,NaN,NaN,NaN,24.0,NaN,NaN,NaN,24.0,NaN,NaN,NaN,24.0,NaN,NaN,NaN,24.0,NaN,NaN,NaN,24.0,NaN,NaN,NaN,24.0,NaN,NaN,NaN,24.0,NaN,NaN,NaN,24.0,NaN,NaN,NaN,24.0,NaN,NaN,NaN,24.0,NaN,NaN,NaN,24.0,NaN,NaN,NaN,24.0,NaN,NaN,NaN,24.0,NaN,NaN,NaN,24.0,NaN,NaN,NaN,24.0,61.0,0.0,1.0,0.0,-3.504166666666667,4.0,0.0,0.0,1.0,0.0,0.0,0.0,0.0,0.0,0.0,0.0,1.0,0.0,1.0,1.0,0.0,0.0,NaN,12.0,12.0,7.0,NaN,NaN,NaN
105.0,NaN,9.0,0.0,100.0,NaN,0.0,0.0,36.83,NaN,0.0,2.0,156.0,NaN,-1.0,0.0,91.0,NaN,-10.0,0.0,72.0,NaN,-11.0,0.0,22.0,NaN,6.0,0.0,NaN,NaN,NaN,24.0,NaN,NaN,NaN,24.0,NaN,NaN,NaN,24.0,0.5,NaN,0.0,2.0,NaN,NaN,NaN,24.0,NaN,NaN,NaN,24.0,NaN,NaN,NaN,24.0,NaN,NaN,NaN,24.0,NaN,NaN,NaN,24.0,NaN,NaN,NaN,24.0,NaN,NaN,NaN,24.0,NaN,NaN,NaN,24.0,NaN,NaN,NaN,24.0,NaN,NaN,NaN,24.0,NaN,NaN,NaN,24.0,NaN,NaN,NaN,24.0,NaN,NaN,NaN,24.0,NaN,NaN,NaN,24.0,NaN,NaN,NaN,24.0,NaN,NaN,NaN,24.0,NaN,NaN,NaN,24.0,NaN,NaN,NaN,24.0,NaN,NaN,NaN,24.0,NaN,NaN,NaN,24.0,NaN,NaN,NaN,24.0,NaN,NaN,NaN,24.0,NaN,NaN,NaN,24.0,61.0,0.0,1.0,0.0,-3.504166666666667,5.0,0.0,1.0,1.0,0.0,0.0,0.0,0.0,0.0,0.0,0.0,1.0,0.0,1.0,1.0,0.0,0.0,NaN,12.0,12.0,7.0,NaN,NaN,NaN
102.0,NaN,-3.0,0.0,100.0,NaN,0.0,0.0,36.83,NaN,0.0,3.0,153.0,NaN,-3.0,0.0,91.0,NaN,0.0,0.0,69.0,NaN,-3.0,0.0,19.0,NaN,-3.0,0.0,NaN,NaN,NaN,24.0,NaN,NaN,NaN,24.0,NaN,NaN,NaN,24.0,0.5,NaN,0.0,3.0,NaN,NaN,NaN,24.0,NaN,NaN,NaN,24.0,NaN,NaN,NaN,24.0,NaN,NaN,NaN,24.0,NaN,NaN,NaN,24.0,NaN,NaN,NaN,24.0,NaN,NaN,NaN,24.0,NaN,NaN,NaN,24.0,NaN,NaN,NaN,24.0,NaN,NaN,NaN,24.0,NaN,NaN,NaN,24.0,NaN,NaN,NaN,24.0,NaN,NaN,NaN,24.0,NaN,NaN,NaN,24.0,NaN,NaN,NaN,24.0,NaN,NaN,NaN,24.0,NaN,NaN,NaN,24.0,NaN,NaN,NaN,24.0,NaN,NaN,NaN,24.0,NaN,NaN,NaN,24.0,NaN,NaN,NaN,24.0,NaN,NaN,NaN,24.0,NaN,NaN,NaN,24.0,61.0,0.0,1.0,0.0,-3.504166666666667,6.0,0.0,0.0,1.0,0.0,0.0,0.0,0.0,0.0,0.0,0.0,1.0,0.0,1.0,1.0,0.0,0.0,NaN,12.0,12.0,7.0,NaN,NaN,NaN
106.0,NaN,4.0,0.0,100.0,NaN,0.0,0.0,36.83,NaN,0.0,4.0,153.0,NaN,0.0,0.0,91.0,NaN,0.0,0.0,69.0,NaN,0.0,0.0,21.0,NaN,2.0,0.0,NaN,NaN,NaN,24.0,NaN,NaN,NaN,24.0,26.0,NaN,0.0,0.0,0.5,NaN,0.0,0.0,NaN,NaN,NaN,24.0,NaN,NaN,NaN,24.0,NaN,NaN,NaN,24.0,16.0,NaN,0.0,0.0,83.0,NaN,0.0,0.0,180.0,NaN,0.0,0.0,8.4,NaN,0.0,0.0,119.0,NaN,0.0,0.0,0.9,NaN,0.0,0.0,NaN,NaN,NaN,24.0,75.0,NaN,0.0,0.0,NaN,NaN,NaN,24.0,1.8,NaN,0.0,0.0,6.0,NaN,0.0,0.0,3.8,NaN,0.0,0.0,0.8,NaN,0.0,0.0,NaN,NaN,NaN,24.0,26.7,NaN,0.0,0.0,8.6,NaN,0.0,0.0,25.2,NaN,0.0,0.0,2.0,NaN,0.0,0.0,NaN,NaN,NaN,24.0,107.0,NaN,0.0,0.0,61.0,0.0,1.0,0.0,-3.504166666666667,7.0,0.0,1.0,1.0,1.0,2.0,1.0,0.0,0.0,0.0,0.0,0.0,0.0,1.0,1.0,0.0,0.0,NaN,12.0,12.0,7.0,NaN,NaN,NaN
101.0,NaN,-5.0,0.0,97.0,NaN,-3.0,0.0,36.56,NaN,-0.0539999999999992,0.0,160.0,NaN,7.0,0.0,101.0,NaN,10.0,0.0,84.0,NaN,15.0,0.0,18.0,NaN,-3.0,0.0,NaN,NaN,NaN,24.0,4.0,NaN,0.0,0.0,26.0,NaN,0.0,1.0,0.5,NaN,0.0,1.0,7.44,NaN,0.0,0.0,42.0,NaN,0.0,0.0,NaN,NaN,NaN,24.0,16.0,NaN,0.0,1.0,83.0,NaN,0.0,1.0,180.0,NaN,0.0,1.0,8.4,NaN,0.0,1.0,119.0,NaN,0.0,1.0,0.9,NaN,0.0,1.0,NaN,NaN,NaN,24.0,75.0,NaN,0.0,1.0,NaN,NaN,NaN,24.0,1.8,NaN,0.0,1.0,6.0,NaN,0.0,1.0,3.8,NaN,0.0,1.0,0.8,NaN,0.0,1.0,NaN,NaN,NaN,24.0,26.7,NaN,0.0,1.0,8.6,NaN,0.0,1.0,25.2,NaN,0.0,1.0,2.0,NaN,0.0,1.0,NaN,NaN,NaN,24.0,107.0,NaN,0.0,1.0,61.0,0.0,1.0,0.0,-3.504166666666667,8.0,0.0,0.0,1.0,1.0,0.0,0.0,0.0,0.0,0.0,0.0,0.0,0.0,1.0,1.0,0.0,0.0,NaN,12.0,12.0,7.0,NaN,NaN,NaN
94.0,NaN,-7.0,0.0,100.0,NaN,3.0,0.0,36.56,NaN,-0.04499999999999934,1.0,155.0,NaN,-5.0,0.0,99.0,NaN,-2.0,0.0,79.0,NaN,-5.0,0.0,16.0,NaN,-2.0,0.0,NaN,NaN,NaN,24.0,4.0,NaN,0.0,1.0,26.0,NaN,0.0,2.0,0.4,NaN,-0.04999999999999999,0.0,7.44,NaN,0.0,1.0,42.0,NaN,0.0,1.0,NaN,NaN,NaN,24.0,16.0,NaN,0.0,2.0,83.0,NaN,0.0,2.0,180.0,NaN,0.0,2.0,8.4,NaN,0.0,2.0,119.0,NaN,0.0,2.0,0.9,NaN,0.0,2.0,NaN,NaN,NaN,24.0,75.0,NaN,0.0,2.0,NaN,NaN,NaN,24.0,1.8,NaN,0.0,2.0,6.0,NaN,0.0,2.0,3.8,NaN,0.0,2.0,0.8,NaN,0.0,2.0,NaN,NaN,NaN,24.0,26.7,NaN,0.0,2.0,8.6,NaN,0.0,2.0,25.2,NaN,0.0,2.0,2.0,NaN,0.0,2.0,NaN,NaN,NaN,24.0,107.0,NaN,0.0,2.0,61.0,0.0,1.0,0.0,-3.504166666666667,9.0,0.0,0.0,1.0,1.0,1.0,0.0,0.0,0.0,0.0,0.0,0.0,1.0,1.0,1.0,0.0,0.0,NaN,12.0,12.0,7.0,NaN,NaN,NaN
107.0,NaN,13.0,0.0,100.0,NaN,0.0,0.0,36.56,NaN,-0.038571428571428,2.0,155.0,NaN,0.0,0.0,94.0,NaN,-5.0,0.0,74.0,NaN,-5.0,0.0,16.0,NaN,0.0,0.0,NaN,NaN,NaN,24.0,4.0,NaN,0.0,2.0,26.0,NaN,0.0,3.0,0.4,NaN,-0.033333333333333326,1.0,7.44,NaN,0.0,2.0,42.0,NaN,0.0,2.0,NaN,NaN,NaN,24.0,16.0,NaN,0.0,3.0,83.0,NaN,0.0,3.0,180.0,NaN,0.0,3.0,8.4,NaN,0.0,3.0,119.0,NaN,0.0,3.0,0.9,NaN,0.0,3.0,NaN,NaN,NaN,24.0,75.0,NaN,0.0,3.0,NaN,NaN,NaN,24.0,1.8,NaN,0.0,3.0,6.0,NaN,0.0,3.0,3.8,NaN,0.0,3.0,0.8,NaN,0.0,3.0,NaN,NaN,NaN,24.0,26.7,NaN,0.0,3.0,8.6,NaN,0.0,3.0,25.2,NaN,0.0,3.0,2.0,NaN,0.0,3.0,NaN,NaN,NaN,24.0,107.0,NaN,0.0,3.0,61.0,0.0,1.0,0.0,-3.504166666666667,10.0,0.0,0.0,1.0,1.0,0.0,0.0,0.0,0.0,0.0,0.0,1.0,1.0,1.0,1.0,0.0,0.0,NaN,12.0,12.0,7.0,NaN,NaN,NaN
109.0,NaN,2.0,0.0,100.0,NaN,0.0,0.0,37.06,NaN,0.16666666666666666,0.0,163.0,NaN,8.0,0.0,102.0,NaN,8.0,0.0,81.0,NaN,7.0,0.0,21.0,NaN,5.0,0.0,NaN,NaN,NaN,24.0,4.0,NaN,0.0,3.0,26.0,NaN,0.0,4.0,0.4,NaN,-0.024999999999999994,2.0,7.44,NaN,0.0,3.0,42.0,NaN,0.0,3.0,NaN,NaN,NaN,24.0,16.0,NaN,0.0,4.0,83.0,NaN,0.0,4.0,180.0,NaN,0.0,4.0,8.4,NaN,0.0,4.0,119.0,NaN,0.0,4.0,0.9,NaN,0.0,4.0,NaN,NaN,NaN,24.0,75.0,NaN,0.0,4.0,NaN,NaN,NaN,24.0,1.8,NaN,0.0,4.0,6.0,NaN,0.0,4.0,3.8,NaN,0.0,4.0,0.8,NaN,0.0,4.0,NaN,NaN,NaN,24.0,26.7,NaN,0.0,4.0,8.6,NaN,0.0,4.0,25.2,NaN,0.0,4.0,2.0,NaN,0.0,4.0,NaN,NaN,NaN,24.0,107.0,NaN,0.0,4.0,61.0,0.0,1.0,0.0,-3.504166666666667,11.0,0.0,1.0,1.0,1.0,0.0,0.0,0.0,0.0,0.0,0.0,1.0,1.0,1.0,1.0,0.0,0.0,NaN,12.0,12.0,7.0,NaN,NaN,NaN
124.0,NaN,15.0,0.0,100.0,NaN,0.0,0.0,37.06,NaN,0.125,1.0,156.0,NaN,-7.0,0.0,105.0,NaN,3.0,0.0,90.0,NaN,9.0,0.0,14.0,NaN,-7.0,0.0,NaN,NaN,NaN,24.0,4.0,NaN,0.0,4.0,26.0,NaN,0.0,5.0,0.4,NaN,0.0,0.0,7.44,NaN,0.0,4.0,42.0,NaN,0.0,4.0,NaN,NaN,NaN,24.0,16.0,NaN,0.0,5.0,83.0,NaN,0.0,5.0,180.0,NaN,0.0,5.0,8.4,NaN,0.0,5.0,119.0,NaN,0.0,5.0,0.9,NaN,0.0,5.0,NaN,NaN,NaN,24.0,75.0,NaN,0.0,5.0,NaN,NaN,NaN,24.0,1.8,NaN,0.0,5.0,6.0,NaN,0.0,5.0,3.8,NaN,0.0,5.0,0.8,NaN,0.0,5.0,NaN,NaN,NaN,24.0,26.7,NaN,0.0,5.0,8.6,NaN,0.0,5.0,25.2,NaN,0.0,5.0,2.0,NaN,0.0,5.0,NaN,NaN,NaN,24.0,107.0,NaN,0.0,5.0,61.0,0.0,1.0,0.0,-3.504166666666667,12.0,0.0,0.0,1.0,1.0,1.0,0.0,0.0,0.0,0.0,0.0,0.0,1.0,1.0,1.0,0.0,0.0,NaN,12.0,12.0,7.0,NaN,NaN,NaN
117.0,NaN,-7.0,0.0,99.0,NaN,-1.0,0.0,37.06,NaN,0.1,2.0,172.0,NaN,16.0,0.0,104.0,NaN,-1.0,0.0,84.0,NaN,-6.0,0.0,12.0,NaN,-2.0,0.0,NaN,NaN,NaN,24.0,4.0,NaN,0.0,5.0,26.0,NaN,0.0,6.0,0.4,NaN,0.0,1.0,7.44,NaN,0.0,5.0,42.0,NaN,0.0,5.0,NaN,NaN,NaN,24.0,16.0,NaN,0.0,6.0,83.0,NaN,0.0,6.0,180.0,NaN,0.0,6.0,8.4,NaN,0.0,6.0,119.0,NaN,0.0,6.0,0.9,NaN,0.0,6.0,NaN,NaN,NaN,24.0,75.0,NaN,0.0,6.0,NaN,NaN,NaN,24.0,1.8,NaN,0.0,6.0,6.0,NaN,0.0,6.0,3.8,NaN,0.0,6.0,0.8,NaN,0.0,6.0,NaN,NaN,NaN,24.0,26.7,NaN,0.0,6.0,8.6,NaN,0.0,6.0,25.2,NaN,0.0,6.0,2.0,NaN,0.0,6.0,NaN,NaN,NaN,24.0,107.0,NaN,0.0,6.0,61.0,0.0,1.0,0.0,-3.504166666666667,13.0,0.0,0.0,1.0,1.0,0.0,0.0,0.0,0.0,0.0,0.0,1.0,1.0,1.0,1.0,0.0,0.0,NaN,12.0,12.0,7.0,NaN,NaN,NaN
107.0,NaN,-10.0,0.0,100.0,NaN,1.0,0.0,37.06,NaN,0.08333333333333333,3.0,175.0,NaN,3.0,0.0,99.0,NaN,-5.0,0.0,78.0,NaN,-6.0,0.0,23.0,NaN,11.0,0.0,NaN,NaN,NaN,24.0,4.0,NaN,0.0,6.0,26.0,NaN,0.0,7.0,0.4,NaN,0.0,2.0,7.44,NaN,0.0,6.0,42.0,NaN,0.0,6.0,NaN,NaN,NaN,24.0,16.0,NaN,0.0,7.0,83.0,NaN,0.0,7.0,180.0,NaN,0.0,7.0,8.4,NaN,0.0,7.0,119.0,NaN,0.0,7.0,0.9,NaN,0.0,7.0,NaN,NaN,NaN,24.0,75.0,NaN,0.0,7.0,NaN,NaN,NaN,24.0,1.8,NaN,0.0,7.0,6.0,NaN,0.0,7.0,3.8,NaN,0.0,7.0,0.8,NaN,0.0,7.0,NaN,NaN,NaN,24.0,26.7,NaN,0.0,7.0,8.6,NaN,0.0,7.0,25.2,NaN,0.0,7.0,2.0,NaN,0.0,7.0,NaN,NaN,NaN,24.0,107.0,NaN,0.0,7.0,61.0,0.0,1.0,0.0,-3.504166666666667,14.0,0.0,1.0,1.0,1.0,0.0,0.0,0.0,0.0,0.0,0.0,1.0,1.0,1.0,1.0,0.0,0.0,NaN,12.0,12.0,7.0,NaN,NaN,NaN
99.0,NaN,-8.0,0.0,100.0,NaN,0.0,0.0,37.06,NaN,0.07142857142857142,4.0,175.0,NaN,0.0,0.0,103.0,NaN,4.0,0.0,79.0,NaN,1.0,0.0,23.0,NaN,0.0,0.0,NaN,NaN,NaN,24.0,4.0,NaN,0.0,7.0,26.0,NaN,0.0,8.0,0.4,NaN,0.0,3.0,7.44,NaN,0.0,7.0,42.0,NaN,0.0,7.0,NaN,NaN,NaN,24.0,16.0,NaN,0.0,8.0,83.0,NaN,0.0,8.0,180.0,NaN,0.0,8.0,8.4,NaN,0.0,8.0,119.0,NaN,0.0,8.0,0.9,NaN,0.0,8.0,NaN,NaN,NaN,24.0,75.0,NaN,0.0,8.0,NaN,NaN,NaN,24.0,1.8,NaN,0.0,8.0,6.0,NaN,0.0,8.0,3.8,NaN,0.0,8.0,0.8,NaN,0.0,8.0,NaN,NaN,NaN,24.0,26.7,NaN,0.0,8.0,8.6,NaN,0.0,8.0,25.2,NaN,0.0,8.0,2.0,NaN,0.0,8.0,NaN,NaN,NaN,24.0,107.0,NaN,0.0,8.0,61.0,0.0,1.0,0.0,-3.504166666666667,15.0,0.0,1.0,1.0,1.0,0.0,0.0,0.0,0.0,0.0,0.0,1.0,1.0,1.0,1.0,0.0,0.0,NaN,12.0,12.0,7.0,NaN,NaN,NaN
98.0,NaN,-1.0,0.0,100.0,NaN,0.0,0.0,36.72,NaN,-0.06800000000000068,0.0,167.0,NaN,-8.0,0.0,93.0,NaN,-10.0,0.0,71.0,NaN,-8.0,0.0,22.5,NaN,-0.5,0.0,NaN,NaN,NaN,24.0,4.0,NaN,0.0,8.0,26.0,NaN,0.0,9.0,0.4,NaN,0.0,0.0,7.44,NaN,0.0,8.0,42.0,NaN,0.0,8.0,NaN,NaN,NaN,24.0,16.0,NaN,0.0,9.0,83.0,NaN,0.0,9.0,180.0,NaN,0.0,9.0,8.4,NaN,0.0,9.0,119.0,NaN,0.0,9.0,0.9,NaN,0.0,9.0,NaN,NaN,NaN,24.0,75.0,NaN,0.0,9.0,NaN,NaN,NaN,24.0,1.8,NaN,0.0,9.0,6.0,NaN,0.0,9.0,3.8,NaN,0.0,9.0,0.8,NaN,0.0,9.0,NaN,NaN,NaN,24.0,26.7,NaN,0.0,9.0,8.6,NaN,0.0,9.0,25.2,NaN,0.0,9.0,2.0,NaN,0.0,9.0,NaN,NaN,NaN,24.0,107.0,NaN,0.0,9.0,61.0,0.0,1.0,0.0,-3.504166666666667,16.0,0.0,1.0,1.0,1.0,1.0,0.0,0.0,0.0,0.0,0.0,0.0,1.0,1.0,1.0,0.0,0.0,NaN,12.0,12.0,7.0,NaN,NaN,NaN
