60.0,NaN,NaN,24.0,100.0,NaN,NaN,24.0,NaN,NaN,NaN,24.0,104.0,NaN,NaN,24.0,64.0,NaN,NaN,24.0,46.5,NaN,NaN,24.0,9.0,NaN,NaN,24.0,NaN,NaN,NaN,24.0,NaN,NaN,NaN,24.0,NaN,NaN,NaN,24.0,NaN,NaN,NaN,24.0,NaN,NaN,NaN,24.0,NaN,NaN,NaN,24.0,NaN,NaN,NaN,24.0,NaN,NaN,NaN,24.0,NaN,NaN,NaN,24.0,NaN,NaN,NaN,24.0,NaN,NaN,NaN,24.0,NaN,NaN,NaN,24.0,NaN,NaN,NaN,24.0,NaN,NaN,NaN,24.0,NaN,NaN,NaN,24.0,NaN,NaN,NaN,24.0,NaN,NaN,NaN,24.0,NaN,NaN,NaN,24.0,NaN,NaN,NaN,24.0,NaN,NaN,NaN,24.0,NaN,NaN,NaN,24.0,NaN,NaN,NaN,24.0,NaN,NaN,NaN,24.0,NaN,NaN,NaN,24.0,NaN,NaN,NaN,24.0,NaN,NaN,NaN,24.0,NaN,NaN,NaN,24.0,57.0,0.0,1.0,0.0,-4.966666666666667,1.0,0.0,0.0,0.0,0.0,0.0,0.0,0.0,1.0,0.0,0.0,1.0,0.0,1.0,1.0,0.0,0.0,NaN,6.0,6.0,2.0,NaN,NaN,NaN
60.0,NaN,0.0,0.0,100.0,NaN,0.0,0.0,NaN,NaN,NaN,24.0,108.5,NaN,4.5,0.0,69.5,NaN,5.5,0.0,52.0,NaN,5.5,0.0,12.0,NaN,3.0,0.0,NaN,NaN,NaN,24.0,NaN,NaN,NaN,24.0,NaN,NaN,NaN,24.0,NaN,NaN,NaN,24.0,NaN,NaN,NaN,24.0,NaN,NaN,NaN,24.0,NaN,NaN,NaN,24.0,NaN,NaN,NaN,24.0,NaN,NaN,NaN,24.0,NaN,NaN,NaN,24.0,NaN,NaN,NaN,24.0,NaN,NaN,NaN,24.0,NaN,NaN,NaN,24.0,NaN,NaN,NaN,24.0,NaN,NaN,NaN,24.0,NaN,NaN,NaN,24.0,NaN,NaN,NaN,24.0,NaN,NaN,NaN,24.0,NaN,NaN,NaN,24.0,NaN,NaN,NaN,24.0,NaN,NaN,NaN,24.0,NaN,NaN,NaN,24.0,NaN,NaN,NaN,24.0,NaN,NaN,NaN,24.0,NaN,NaN,NaN,24.0,NaN,NaN,NaN,24.0,NaN,NaN,NaN,24.0,57.0,0.0,1.0,0.0,-4.966666666666667,2.0,0.0,0.0,0.0,0.0,0.0,0.0,0.0,0.0,0.0,0.0,1.0,0.0,1.0,1.0,0.0,0.0,NaN,6.0,6.0,2.0,NaN,NaN,NaN
60.0,NaN,0.0,0.0,100.0,NaN,0.0,0.0,36.44,NaN,0.0,0.0,110.0,NaN,1.5,0.0,75.0,NaN,5.5,0.0,53.0,NaN,1.0,0.0,11.0,NaN,-1.0,0.0,NaN,NaN,NaN,24.0,NaN,NaN,NaN,24.0,NaN,NaN,NaN,24.0,NaN,NaN,NaN,24.0,NaN,NaN,NaN,24.0,NaN,NaN,NaN,24.0,NaN,NaN,NaN,24.0,NaN,NaN,NaN,24.0,NaN,NaN,NaN,24.0,NaN,NaN,NaN,24.0,NaN,NaN,NaN,24.0,NaN,NaN,NaN,24.0,NaN,NaN,NaN,24.0,NaN,NaN,NaN,24.0,NaN,NaN,NaN,24.0,NaN,NaN,NaN,24.0,NaN,NaN,NaN,24.0,NaN,NaN,NaN,24.0,NaN,NaN,NaN,24.0,NaN,NaN,NaN,24.0,NaN,NaN,NaN,24.0,NaN,NaN,NaN,24.0,NaN,NaN,NaN,24.0,NaN,NaN,NaN,24.0,NaN,NaN,NaN,24.0,NaN,NaN,NaN,24.0,NaN,NaN,NaN,24.0,57.0,0.0,1.0,0.0,-4.966666666666667,3.0,0.0,0.0,0.0,0.0,0.0,0.0,0.0,0.0,0.0,0.0,1.0,1.0,1.0,1.0,0.0,0.0,NaN,6.0,6.0,2.0,NaN,NaN,NaN
60.0,NaN,0.0,0.0,100.0,NaN,0.0,0.0,36.44,NaN,0.0,1.0,108.0,NaN,-2.0,0.0,71.5,NaN,-3.5,0.0,53.5,NaN,0.5,0.0,6.0,NaN,-5.0,0.0,NaN,NaN,NaN,24.0,NaN,NaN,NaN,24.0,NaN,NaN,NaN,24.0,NaN,NaN,NaN,24.0,NaN,NaN,NaN,24.0,NaN,NaN,NaN,24.0,NaN,NaN,NaN,24.0,NaN,NaN,NaN,24.0,NaN,NaN,NaN,24.0,NaN,NaN,NaN,24.0,NaN,NaN,NaN,24.0,NaN,NaN,NaN,24.0,NaN,NaN,NaN,24.0,NaN,NaN,NaN,24.0,NaN,NaN,NaN,24.0,NaN,NaN,NaN,24.0,NaN,NaN,NaN,24.0,NaN,NaN,NaN,24.0,NaN,NaN,NaN,24.0,NaN,NaN,NaN,24.0,NaN,NaN,NaN,24.0,NaN,NaN,NaN,24.0,NaN,NaN,NaN,24.0,NaN,NaN,NaN,24.0,NaN,NaN,NaN,24.0,NaN,NaN,NaN,24.0,NaN,NaN,NaN,24.0,57.0,0.0,1.0,0.0,-4.966666666666667,4.0,0.0,0.0,0.0,0.0,0.0,0.0,0.0,0.0,0.0,0.0,1.0,1.0,1.0,1.0,0.0,0.0,NaN,6.0,6.0,2.0,NaN,NaN,NaN
60.0,NaN,0.0,0.0,100.0,NaN,0.0,0.0,36.44,NaN,0.0,2.0,97.5,NaN,-10.5,0.0,66.5,NaN,-5.0,0.0,51.5,NaN,-2.0,0.0,11.0,NaN,5.0,0.0,NaN,NaN,NaN,24.0,NaN,NaN,NaN,24.0,NaN,NaN,NaN,24.0,NaN,NaN,NaN,24.0,NaN,NaN,NaN,24.0,NaN,NaN,NaN,24.0,NaN,NaN,NaN,24.0,NaN,NaN,NaN,24.0,NaN,NaN,NaN,24.0,NaN,NaN,NaN,24.0,NaN,NaN,NaN,24.0,NaN,NaN,NaN,24.0,NaN,NaN,NaN,24.0,NaN,NaN,NaN,24.0,NaN,NaN,NaN,24.0,NaN,NaN,NaN,24.0,NaN,NaN,NaN,24.0,NaN,NaN,NaN,24.0,NaN,NaN,NaN,24.0,NaN,NaN,NaN,24.0,NaN,NaN,NaN,24.0,NaN,NaN,NaN,24.0,NaN,NaN,NaN,24.0,NaN,NaN,NaN,24.0,NaN,NaN,NaN,24.0,NaN,NaN,NaN,24.0,NaN,NaN,NaN,24.0,57.0,0.0,1.0,0.0,-4.966666666666667,5.0,0.0,0.0,0.0,0.0,0.0,0.0,0.0,0.0,0.0,0.0,1.0,1.0,1.0,1.0,0.0,0.0,NaN,6.0,6.0,2.0,NaN,NaN,NaN
60.0,NaN,0.0,0.0,100.0,NaN,0.0,0.0,36.44,NaN,0.0,3.0,102.0,NaN,4.5,0.0,63.0,NaN,-3.5,0.0,45.0,NaN,-6.5,0.0,10.0,NaN,-1.0,0.0,NaN,NaN,NaN,24.0,NaN,NaN,NaN,24.0,16.0,NaN,0.0,0.0,NaN,NaN,NaN,24.0,NaN,NaN,NaN,24.0,NaN,NaN,NaN,24.0,NaN,NaN,NaN,24.0,NaN,NaN,NaN,24.0,61.0,NaN,0.0,0.0,NaN,NaN,NaN,24.0,8.9,NaN,0.0,0.0,101.0,NaN,0.0,0.0,4.5,NaN,0.0,0.0,NaN,NaN,NaN,24.0,54.0,NaN,0.0,0.0,NaN,NaN,NaN,24.0,2.1,NaN,0.0,0.0,6.9,NaN,0.0,0.0,5.7,NaN,0.0,0.0,NaN,NaN,NaN,24.0,NaN,NaN,NaN,24.0,36.8,NaN,0.0,0.0,11.1,NaN,0.0,0.0,26.6,NaN,0.0,0.0,13.8,NaN,0.0,0.0,NaN,NaN,NaN,24.0,248.0,NaN,0.0,0.0,57.0,0.0,1.0,0.0,-4.966666666666667,6.0,0.0,0.0,0.0,1.0,0.0,0.0,0.0,1.0,0.0,3.0,1.0,1.0,1.0,1.0,0.0,0.0,NaN,6.0,6.0,2.0,NaN,NaN,NaN
60.0,NaN,0.0,0.0,100.0,NaN,0.0,0.0,36.5,NaN,0.015000000000000568,0.0,99.0,NaN,-3.0,0.0,62.0,NaN,-1.0,0.0,44.0,NaN,-1.0,0.0,8.0,NaN,-2.0,0.0,NaN,NaN,NaN,24.0,NaN,NaN,NaN,24.0,16.0,NaN,0.0,1.0,NaN,NaN,NaN,24.0,NaN,NaN,NaN,24.0,NaN,NaN,NaN,24.0,NaN,NaN,NaN,24.0,NaN,NaN,NaN,24.0,61.0,NaN,0.0,1.0,NaN,NaN,NaN,24.0,8.9,NaN,0.0,1.0,101.0,NaN,0.0,1.0,4.5,NaN,0.0,1.0,NaN,NaN,NaN,24.0,54.0,NaN,0.0,1.0,NaN,NaN,NaN,24.0,2.1,NaN,0.0,1.0,6.9,NaN,0.0,1.0,5.7,NaN,0.0,1.0,NaN,NaN,NaN,24.0,NaN,NaN,NaN,24.0,36.8,NaN,0.0,1.0,11.1,NaN,0.0,1.0,26.6,NaN,0.0,1.0,13.8,NaN,0.0,1.0,NaN,NaN,NaN,24.0,248.0,NaN,0.0,1.0,57.0,0.0,1.0,0.0,-4.966666666666667,7.0,0.0,0.0,0.0,1.0,0.0,0.0,0.0,1.0,0.0,0.0,1.0,1.0,1.0,1.0,0.0,0.0,NaN,6.0,6.0,2.0,NaN,NaN,NaN
60.0,NaN,0.0,0.0,100.0,NaN,0.0,0.0,36.5,NaN,0.012000000000000455,1.0,100.5,NaN,1.5,0.0,66.5,NaN,4.5,0.0,51.0,NaN,7.0,0.0,8.0,NaN,0.0,0.0,NaN,NaN,NaN,24.0,NaN,NaN,NaN,24.0,16.0,NaN,0.0,2.0,NaN,NaN,NaN,24.0,NaN,NaN,NaN,24.0,NaN,NaN,NaN,24.0,NaN,NaN,NaN,24.0,NaN,NaN,NaN,24.0,61.0,NaN,0.0,2.0,NaN,NaN,NaN,24.0,8.9,NaN,0.0,2.0,101.0,NaN,0.0,2.0,4.5,NaN,0.0,2.0,NaN,NaN,NaN,24.0,54.0,NaN,0.0,2.0,NaN,NaN,NaN,24.0,2.1,NaN,0.0,2.0,6.9,NaN,0.0,2.0,5.7,NaN,0.0,2.0,NaN,NaN,NaN,24.0,NaN,NaN,NaN,24.0,36.8,NaN,0.0,2.0,11.1,NaN,0.0,2.0,26.6,NaN,0.0,2.0,13.8,NaN,0.0,2.0,NaN,NaN,NaN,24.0,248.0,NaN,0.0,2.0,57.0,0.0,1.0,0.0,-4.966666666666667,8.0,0.0,0.0,0.0,1.0,0.0,0.0,0.0,0.0,0.0,0.0,1.0,1.0,1.0,1.0,0.0,0.0,NaN,6.0,6.0,2.0,NaN,NaN,NaN
64.0,NaN,4.0,0.0,100.0,NaN,0.0,0.0,36.5,NaN,0.010000000000000378,2.0,96.5,NaN,-4.0,0.0,67.5,NaN,1.0,0.0,54.5,NaN,3.5,0.0,6.0,NaN,-2.0,0.0,NaN,NaN,NaN,24.0,NaN,NaN,NaN,24.0,26.0,NaN,3.3333333333333335,0.0,NaN,NaN,NaN,24.0,NaN,NaN,NaN,24.0,NaN,NaN,NaN,24.0,NaN,NaN,NaN,24.0,NaN,NaN,NaN,24.0,47.0,NaN,-4.666666666666667,0.0,NaN,NaN,NaN,24.0,7.7,NaN,-0.4000000000000001,0.0,100.0,NaN,-0.3333333333333333,0.0,3.1,NaN,-0.4666666666666666,0.0,NaN,NaN,NaN,24.0,236.0,NaN,60.666666666666664,0.0,NaN,NaN,NaN,24.0,2.1,NaN,0.0,0.0,5.4,NaN,-0.5,0.0,4.5,NaN,-0.4000000000000001,0.0,NaN,NaN,NaN,24.0,NaN,NaN,NaN,24.0,36.6,NaN,-0.06666666666666525,0.0,11.2,NaN,0.033333333333333215,0.0,26.6,NaN,0.0,0.0,14.6,NaN,0.26666666666666633,0.0,NaN,NaN,NaN,24.0,305.0,NaN,19.0,0.0,57.0,0.0,1.0,0.0,-4.966666666666667,9.0,0.0,0.0,0.0,1.0,0.0,0.0,0.0,0.0,0.0,2.0,1.0,1.0,1.0,1.0,0.0,0.0,NaN,6.0,6.0,2.0,NaN,NaN,NaN
66.0,NaN,2.0,0.0,93.0,NaN,-7.0,0.0,36.5,NaN,0.008571428571428896,3.0,87.0,NaN,-9.5,0.0,54.0,NaN,-13.5,0.0,39.5,NaN,-15.0,0.0,16.0,NaN,10.0,0.0,NaN,NaN,NaN,24.0,NaN,NaN,NaN,24.0,26.0,NaN,2.5,1.0,NaN,NaN,NaN,24.0,NaN,NaN,NaN,24.0,NaN,NaN,NaN,24.0,NaN,NaN,NaN,24.0,NaN,NaN,NaN,24.0,47.0,NaN,-3.5,1.0,NaN,NaN,NaN,24.0,7.7,NaN,-0.30000000000000004,1.0,100.0,NaN,-0.25,1.0,3.1,NaN,-0.35,1.0,NaN,NaN,NaN,24.0,236.0,NaN,45.5,1.0,NaN,NaN,NaN,24.0,2.1,NaN,0.0,1.0,5.4,NaN,-0.375,1.0,4.5,NaN,-0.30000000000000004,1.0,NaN,NaN,NaN,24.0,NaN,NaN,NaN,24.0,36.6,NaN,-0.049999999999998934,1.0,11.2,NaN,0.02499999999999991,1.0,26.6,NaN,0.0,1.0,14.6,NaN,0.19999999999999973,1.0,NaN,NaN,NaN,24.0,305.0,NaN,14.25,1.0,57.0,0.0,1.0,0.0,-4.966666666666667,10.0,0.0,0.0,0.0,1.0,0.0,0.0,0.0,1.0,0.0,0.0,1.0,1.0,1.0,1.0,0.0,0.0,NaN,6.0,6.0,2.0,NaN,NaN,NaN
