NaN,NaN,NaN,24.0,NaN,NaN,NaN,24.0,NaN,NaN,NaN,24.0,NaN,NaN,NaN,24.0,NaN,NaN,NaN,24.0,NaN,NaN,NaN,24.0,NaN,NaN,NaN,24.0,NaN,NaN,NaN,24.0,NaN,NaN,NaN,24.0,NaN,NaN,NaN,24.0,NaN,NaN,NaN,24.0,NaN,NaN,NaN,24.0,NaN,NaN,NaN,24.0,NaN,NaN,NaN,24.0,NaN,NaN,NaN,24.0,NaN,NaN,NaN,24.0,NaN,NaN,NaN,24.0,NaN,NaN,NaN,24.0,NaN,NaN,NaN,24.0,NaN,NaN,NaN,24.0,NaN,NaN,NaN,24.0,NaN,NaN,NaN,24.0,NaN,NaN,NaN,24.0,NaN,NaN,NaN,24.0,NaN,NaN,NaN,24.0,NaN,NaN,NaN,24.0,NaN,NaN,NaN,24.0,NaN,NaN,NaN,24.0,NaN,NaN,NaN,24.0,NaN,NaN,NaN,24.0,NaN,NaN,NaN,24.0,NaN,NaN,NaN,24.0,NaN,NaN,NaN,24.0,NaN,NaN,NaN,24.0,48.0,1.0,1.0,0.0,-28.034444444444443,1.0,0.0,0.0,0.0,0.0,0.0,0.0,0.0,0.0,0.0,0.0,1.0,0.0,1.0,1.0,0.0,0.0,-6.0,11.0,11.0,1.0,NaN,NaN,NaN
NaN,NaN,NaN,24.0,NaN,NaN,NaN,24.0,NaN,NaN,NaN,24.0,NaN,NaN,NaN,24.0,NaN,NaN,NaN,24.0,NaN,NaN,NaN,24.0,NaN,NaN,NaN,24.0,NaN,NaN,NaN,24.0,NaN,NaN,NaN,24.0,NaN,NaN,NaN,24.0,NaN,NaN,NaN,24.0,NaN,NaN,NaN,24.0,NaN,NaN,NaN,24.0,NaN,NaN,NaN,24.0,NaN,NaN,NaN,24.0,NaN,NaN,NaN,24.0,NaN,NaN,NaN,24.0,NaN,NaN,NaN,24.0,NaN,NaN,NaN,24.0,NaN,NaN,NaN,24.0,NaN,NaN,NaN,24.0,NaN,NaN,NaN,24.0,NaN,NaN,NaN,24.0,NaN,NaN,NaN,24.0,NaN,NaN,NaN,24.0,NaN,NaN,NaN,24.0,NaN,NaN,NaN,24.0,NaN,NaN,NaN,24.0,NaN,NaN,NaN,24.0,NaN,NaN,NaN,24.0,NaN,NaN,NaN,24.0,NaN,NaN,NaN,24.0,NaN,NaN,NaN,24.0,NaN,NaN,NaN,24.0,48.0,1.0,1.0,0.0,-28.034444444444443,2.0,0.0,0.0,0.0,0.0,0.0,0.0,0.0,0.0,0.0,0.0,1.0,0.0,1.0,1.0,0.0,0.0,-6.0,11.0,11.0,1.0,NaN,NaN,NaN
95.0,NaN,0.0,0.0,98.0,NaN,0.0,0.0,37.11,NaN,0.0,0.0,156.0,NaN,0.0,0.0,109.0,NaN,0.0,0.0,95.0,NaN,0.0,0.0,29.0,NaN,0.0,0.0,NaN,NaN,NaN,24.0,NaN,NaN,NaN,24.0,NaN,NaN,NaN,24.0,NaN,NaN,NaN,24.0,NaN,NaN,NaN,24.0,NaN,NaN,NaN,24.0,NaN,NaN,NaN,24.0,NaN,NaN,NaN,24.0,NaN,NaN,NaN,24.0,NaN,NaN,NaN,24.0,NaN,NaN,NaN,24.0,NaN,NaN,NaN,24.0,NaN,NaN,NaN,24.0,NaN,NaN,NaN,24.0,NaN,NaN,NaN,24.0,NaN,NaN,NaN,24.0,NaN,NaN,NaN,24.0,NaN,NaN,NaN,24.0,NaN,NaN,NaN,24.0,NaN,NaN,NaN,24.0,NaN,NaN,NaN,24.0,NaN,NaN,NaN,24.0,NaN,NaN,NaN,24.0,NaN,NaN,NaN,24.0,NaN,NaN,NaN,24.0,NaN,NaN,NaN,24.0,NaN,NaN,NaN,24.0,48.0,1.0,1.0,0.0,-28.034444444444443,3.0,0.0,1.0,1.0,0.0,0.0,0.0,0.0,0.0,0.0,0.0,1.0,0.0,1.0,1.0,0.0,0.0,-6.0,11.0,11.0,1.0,NaN,NaN,NaN
95.0,NaN,0.0,0.0,98.0,NaN,0.0,0.0,37.11,NaN,0.0,1.0,147.0,NaN,-9.0,0.0,106.0,NaN,-3.0,0.0,96.0,NaN,1.0,0.0,21.6666666666667,NaN,-7.3333333333333,0.0,NaN,NaN,NaN,24.0,NaN,NaN,NaN,24.0,20.0,NaN,0.0,0.0,NaN,NaN,NaN,24.0,NaN,NaN,NaN,24.0,NaN,NaN,NaN,24.0,NaN,NaN,NaN,24.0,NaN,NaN,NaN,24.0,29.0,NaN,0.0,0.0,NaN,NaN,NaN,24.0,8.0,NaN,0.0,0.0,97.0,NaN,0.0,0.0,1.3,NaN,0.0,0.0,NaN,NaN,NaN,24.0,129.0,NaN,0.0,0.0,NaN,NaN,NaN,24.0,1.8,NaN,0.0,0.0,3.9,NaN,0.0,0.0,4.3,NaN,0.0,0.0,NaN,NaN,NaN,24.0,NaN,NaN,NaN,24.0,32.1,NaN,0.0,0.0,10.7,NaN,0.0,0.0,33.1,NaN,0.0,0.0,19.6,NaN,0.0,0.0,NaN,NaN,NaN,24.0,449.0,NaN,0.0,0.0,48.0,1.0,1.0,0.0,-28.034444444444443,4.0,0.0,1.0,1.0,1.0,0.0,0.0,0.0,0.0,0.0,1.0,1.0,0.0,1.0,1.0,0.0,0.0,-6.0,11.0,11.0,1.0,NaN,NaN,NaN
89.0,NaN,-6.0,0.0,98.0,NaN,0.0,0.0,37.11,NaN,0.0,2.0,126.0,NaN,-21.0,0.0,92.0,NaN,-14.0,0.0,82.0,NaN,-14.0,0.0,29.0,NaN,7.3333333333333,0.0,NaN,NaN,NaN,24.0,NaN,NaN,NaN,24.0,20.0,NaN,0.0,1.0,NaN,NaN,NaN,24.0,NaN,NaN,NaN,24.0,NaN,NaN,NaN,24.0,NaN,NaN,NaN,24.0,NaN,NaN,NaN,24.0,29.0,NaN,0.0,1.0,NaN,NaN,NaN,24.0,8.0,NaN,0.0,1.0,97.0,NaN,0.0,1.0,1.3,NaN,0.0,1.0,NaN,NaN,NaN,24.0,129.0,NaN,0.0,1.0,NaN,NaN,NaN,24.0,1.8,NaN,0.0,1.0,3.9,NaN,0.0,1.0,4.3,NaN,0.0,1.0,NaN,NaN,NaN,24.0,NaN,NaN,NaN,24.0,32.1,NaN,0.0,1.0,10.7,NaN,0.0,1.0,33.1,NaN,0.0,1.0,19.6,NaN,0.0,1.0,NaN,NaN,NaN,24.0,449.0,NaN,0.0,1.0,48.0,1.0,1.0,0.0,-28.034444444444443,5.0,0.0,1.0,0.0,1.0,0.0,0.0,0.0,0.0,0.0,0.0,1.0,0.0,1.0,1.0,0.0,0.0,-6.0,11.0,11.0,1.0,NaN,NaN,NaN
76.0,NaN,-13.0,0.0,97.0,NaN,-1.0,0.0,37.06,NaN,-0.01666666666666572,0.0,111.0,NaN,-15.0,0.0,82.0,NaN,-10.0,0.0,72.0,NaN,-10.0,0.0,13.0,NaN,-16.0,0.0,NaN,NaN,NaN,24.0,NaN,NaN,NaN,24.0,20.0,NaN,0.0,2.0,NaN,NaN,NaN,24.0,NaN,NaN,NaN,24.0,NaN,NaN,NaN,24.0,NaN,NaN,NaN,24.0,NaN,NaN,NaN,24.0,29.0,NaN,0.0,2.0,NaN,NaN,NaN,24.0,8.0,NaN,0.0,2.0,97.0,NaN,0.0,2.0,1.3,NaN,0.0,2.0,NaN,NaN,NaN,24.0,129.0,NaN,0.0,2.0,NaN,NaN,NaN,24.0,1.8,NaN,0.0,2.0,3.9,NaN,0.0,2.0,4.3,NaN,0.0,2.0,NaN,NaN,NaN,24.0,NaN,NaN,NaN,24.0,32.1,NaN,0.0,2.0,10.7,NaN,0.0,2.0,33.1,NaN,0.0,2.0,19.6,NaN,0.0,2.0,NaN,NaN,NaN,24.0,449.0,NaN,0.0,2.0,48.0,1.0,1.0,0.0,-28.034444444444443,6.0,0.0,0.0,0.0,1.0,0.0,0.0,0.0,0.0,0.0,0.0,1.0,0.0,1.0,1.0,0.0,0.0,-6.0,11.0,11.0,1.0,NaN,NaN,NaN
77.0,NaN,1.0,0.0,96.0,NaN,-1.0,0.0,37.06,NaN,-0.01249999999999929,1.0,126.0,NaN,15.0,0.0,94.0,NaN,12.0,0.0,83.0,NaN,11.0,0.0,16.0,NaN,3.0,0.0,NaN,NaN,NaN,24.0,NaN,NaN,NaN,24.0,21.0,NaN,0.3333333333333333,0.0,NaN,NaN,NaN,24.0,NaN,NaN,NaN,24.0,NaN,NaN,NaN,24.0,NaN,NaN,NaN,24.0,NaN,NaN,NaN,24.0,30.0,NaN,0.3333333333333333,0.0,NaN,NaN,NaN,24.0,8.1,NaN,0.033333333333333215,0.0,99.0,NaN,0.6666666666666666,0.0,1.5,NaN,0.06666666666666665,0.0,NaN,NaN,NaN,24.0,130.0,NaN,0.3333333333333333,0.0,NaN,NaN,NaN,24.0,2.4,NaN,0.19999999999999996,0.0,4.0,NaN,0.03333333333333336,0.0,4.7,NaN,0.13333333333333344,0.0,NaN,NaN,NaN,24.0,NaN,NaN,NaN,24.0,30.5,NaN,-0.5333333333333338,0.0,10.1,NaN,-0.19999999999999987,0.0,33.1,NaN,0.0,3.0,21.6,NaN,0.6666666666666666,0.0,NaN,NaN,NaN,24.0,448.0,NaN,-0.3333333333333333,0.0,48.0,1.0,1.0,0.0,-28.034444444444443,7.0,0.0,0.0,0.0,1.0,0.0,0.0,0.0,0.0,0.0,1.0,1.0,0.0,1.0,1.0,0.0,0.0,-6.0,11.0,11.0,1.0,NaN,NaN,NaN
87.0,NaN,10.0,0.0,95.0,NaN,-1.0,0.0,37.06,NaN,-0.009999999999999431,2.0,137.0,NaN,11.0,0.0,94.0,NaN,0.0,0.0,83.0,NaN,0.0,0.0,23.0,NaN,7.0,0.0,NaN,NaN,NaN,24.0,NaN,NaN,NaN,24.0,21.0,NaN,0.25,1.0,NaN,NaN,NaN,24.0,NaN,NaN,NaN,24.0,NaN,NaN,NaN,24.0,NaN,NaN,NaN,24.0,NaN,NaN,NaN,24.0,30.0,NaN,0.25,1.0,NaN,NaN,NaN,24.0,8.1,NaN,0.02499999999999991,1.0,99.0,NaN,0.5,1.0,1.5,NaN,0.04999999999999999,1.0,NaN,NaN,NaN,24.0,130.0,NaN,0.25,1.0,NaN,NaN,NaN,24.0,2.4,NaN,0.14999999999999997,1.0,4.0,NaN,0.025000000000000022,1.0,4.7,NaN,0.10000000000000009,1.0,NaN,NaN,NaN,24.0,NaN,NaN,NaN,24.0,30.5,NaN,-0.40000000000000036,1.0,10.1,NaN,-0.1499999999999999,1.0,33.1,NaN,0.0,4.0,21.6,NaN,0.5,1.0,NaN,NaN,NaN,24.0,448.0,NaN,-0.25,1.0,48.0,1.0,1.0,0.0,-28.034444444444443,8.0,0.0,1.0,0.0,1.0,0.0,0.0,0.0,0.0,0.0,0.0,1.0,1.0,1.0,1.0,0.0,0.0,-6.0,11.0,11.0,1.0,NaN,NaN,NaN
77.0,NaN,-10.0,0.0,96.0,NaN,1.0,0.0,37.06,NaN,-0.00833333333333286,3.0,116.0,NaN,-21.0,0.0,84.0,NaN,-10.0,0.0,75.0,NaN,-8.0,0.0,14.0,NaN,-9.0,0.0,NaN,NaN,NaN,24.0,NaN,NaN,NaN,24.0,21.0,NaN,0.2,2.0,NaN,NaN,NaN,24.0,NaN,NaN,NaN,24.0,NaN,NaN,NaN,24.0,NaN,NaN,NaN,24.0,NaN,NaN,NaN,24.0,30.0,NaN,0.2,2.0,NaN,NaN,NaN,24.0,8.1,NaN,0.019999999999999928,2.0,99.0,NaN,0.4,2.0,1.5,NaN,0.039999999999999994,2.0,NaN,NaN,NaN,24.0,130.0,NaN,0.2,2.0,NaN,NaN,NaN,24.0,2.4,NaN,0.11999999999999997,2.0,4.0,NaN,0.020000000000000018,2.0,4.7,NaN,0.08000000000000007,2.0,NaN,NaN,NaN,24.0,NaN,NaN,NaN,24.0,30.5,NaN,-0.3200000000000003,2.0,10.1,NaN,-0.11999999999999993,2.0,33.1,NaN,0.0,5.0,21.6,NaN,0.4,2.0,NaN,NaN,NaN,24.0,448.0,NaN,-0.2,2.0,48.0,1.0,1.0,0.0,-28.034444444444443,9.0,0.0,0.0,0.0,1.0,0.0,0.0,0.0,0.0,0.0,0.0,1.0,1.0,1.0,1.0,0.0,0.0,-6.0,11.0,11.0,1.0,NaN,NaN,NaN
76.0,NaN,-1.0,0.0,96.0,NaN,0.0,0.0,37.11,NaN,0.01249999999999929,0.0,119.0,NaN,3.0,0.0,86.0,NaN,2.0,0.0,76.0,NaN,1.0,0.0,16.0,NaN,2.0,0.0,NaN,NaN,NaN,24.0,NaN,NaN,NaN,24.0,21.0,NaN,0.16666666666666666,3.0,NaN,NaN,NaN,24.0,NaN,NaN,NaN,24.0,NaN,NaN,NaN,24.0,NaN,NaN,NaN,24.0,NaN,NaN,NaN,24.0,30.0,NaN,0.16666666666666666,3.0,NaN,NaN,NaN,24.0,8.1,NaN,0.016666666666666607,3.0,99.0,NaN,0.3333333333333333,3.0,1.5,NaN,0.033333333333333326,3.0,NaN,NaN,NaN,24.0,130.0,NaN,0.16666666666666666,3.0,NaN,NaN,NaN,24.0,2.4,NaN,0.09999999999999998,3.0,4.0,NaN,0.01666666666666668,3.0,4.7,NaN,0.06666666666666672,3.0,NaN,NaN,NaN,24.0,NaN,NaN,NaN,24.0,30.5,NaN,-0.2666666666666669,3.0,10.1,NaN,-0.09999999999999994,3.0,33.1,NaN,0.0,6.0,21.6,NaN,0.3333333333333333,3.0,NaN,NaN,NaN,24.0,448.0,NaN,-0.16666666666666666,3.0,48.0,1.0,1.0,0.0,-28.034444444444443,10.0,0.0,0.0,0.0,1.0,0.0,0.0,0.0,0.0,0.0,0.0,1.0,1.0,1.0,1.0,0.0,0.0,-6.0,11.0,11.0,1.0,NaN,NaN,NaN
82.0,NaN,6.0,0.0,95.0,NaN,-1.0,0.0,37.11,NaN,0.009999999999999431,1.0,132.0,NaN,13.0,0.0,89.0,NaN,3.0,0.0,76.0,NaN,0.0,0.0,21.5,NaN,5.5,0.0,NaN,NaN,NaN,24.0,NaN,NaN,NaN,24.0,21.0,NaN,0.14285714285714285,4.0,NaN,NaN,NaN,24.0,NaN,NaN,NaN,24.0,NaN,NaN,NaN,24.0,NaN,NaN,NaN,24.0,NaN,NaN,NaN,24.0,30.0,NaN,0.14285714285714285,4.0,NaN,NaN,NaN,24.0,8.1,NaN,0.014285714285714235,4.0,99.0,NaN,0.2857142857142857,4.0,1.5,NaN,0.028571428571428564,4.0,NaN,NaN,NaN,24.0,130.0,NaN,0.14285714285714285,4.0,NaN,NaN,NaN,24.0,2.4,NaN,0.0857142857142857,4.0,4.0,NaN,0.0142857142857143,4.0,4.7,NaN,0.0571428571428572,4.0,NaN,NaN,NaN,24.0,NaN,NaN,NaN,24.0,30.5,NaN,-0.2285714285714288,4.0,10.1,NaN,-0.08571428571428566,4.0,33.1,NaN,0.0,7.0,21.6,NaN,0.2857142857142857,4.0,NaN,NaN,NaN,24.0,448.0,NaN,-0.14285714285714285,4.0,48.0,1.0,1.0,0.0,-28.034444444444443,11.0,0.0,1.0,0.0,1.0,0.0,0.0,0.0,0.0,0.0,0.0,1.0,1.0,1.0,1.0,0.0,0.0,-6.0,11.0,11.0,1.0,NaN,NaN,NaN
79.0,NaN,-3.0,0.0,94.0,NaN,-1.0,0.0,37.11,NaN,0.00833333333333286,2.0,126.0,NaN,-6.0,0.0,89.0,NaN,0.0,0.0,80.0,NaN,4.0,0.0,17.0,NaN,-4.5,0.0,NaN,NaN,NaN,24.0,NaN,NaN,NaN,24.0,21.0,NaN,0.125,5.0,NaN,NaN,NaN,24.0,NaN,NaN,NaN,24.0,NaN,NaN,NaN,24.0,NaN,NaN,NaN,24.0,NaN,NaN,NaN,24.0,30.0,NaN,0.125,5.0,NaN,NaN,NaN,24.0,8.1,NaN,0.012499999999999956,5.0,99.0,NaN,0.25,5.0,1.5,NaN,0.024999999999999994,5.0,NaN,NaN,NaN,24.0,130.0,NaN,0.125,5.0,NaN,NaN,NaN,24.0,2.4,NaN,0.07499999999999998,5.0,4.0,NaN,0.012500000000000011,5.0,4.7,NaN,0.050000000000000044,5.0,NaN,NaN,NaN,24.0,NaN,NaN,NaN,24.0,30.5,NaN,-0.20000000000000018,5.0,10.1,NaN,-0.07499999999999996,5.0,33.1,NaN,0.0,8.0,21.6,NaN,0.25,5.0,NaN,NaN,NaN,24.0,448.0,NaN,-0.125,5.0,48.0,1.0,1.0,0.0,-28.034444444444443,12.0,0.0,0.0,0.0,1.0,0.0,0.0,0.0,0.0,0.0,0.0,1.0,1.0,1.0,1.0,0.0,0.0,-6.0,11.0,11.0,1.0,NaN,NaN,NaN
76.0,NaN,-3.0,0.0,95.0,NaN,1.0,0.0,37.11,NaN,0.007142857142856737,3.0,124.0,NaN,-2.0,0.0,91.0,NaN,2.0,0.0,82.0,NaN,2.0,0.0,17.0,NaN,0.0,0.0,NaN,NaN,NaN,24.0,NaN,NaN,NaN,24.0,22.0,NaN,0.16666666666666666,0.0,NaN,NaN,NaN,24.0,NaN,NaN,NaN,24.0,NaN,NaN,NaN,24.0,NaN,NaN,NaN,24.0,NaN,NaN,NaN,24.0,29.0,NaN,-0.16666666666666666,0.0,NaN,NaN,NaN,24.0,7.8,NaN,-0.04999999999999997,0.0,102.0,NaN,0.5,0.0,1.4,NaN,-0.01666666666666668,0.0,NaN,NaN,NaN,24.0,134.0,NaN,0.6666666666666666,0.0,NaN,NaN,NaN,24.0,2.5,NaN,0.01666666666666668,0.0,3.2,NaN,-0.1333333333333333,0.0,4.4,NaN,-0.04999999999999997,0.0,NaN,NaN,NaN,24.0,NaN,NaN,NaN,24.0,29.6,NaN,-0.14999999999999977,0.0,9.7,NaN,-0.06666666666666672,0.0,33.1,NaN,0.0,9.0,22.1,NaN,0.08333333333333333,0.0,NaN,NaN,NaN,24.0,442.0,NaN,-1.0,0.0,48.0,1.0,1.0,0.0,-28.034444444444443,13.0,0.0,0.0,0.0,1.0,0.0,0.0,0.0,0.0,0.0,1.0,1.0,1.0,1.0,1.0,0.0,0.0,-6.0,11.0,11.0,1.0,NaN,NaN,NaN
82.0,NaN,6.0,0.0,94.0,NaN,-1.0,0.0,36.67,NaN,-0.10999999999999943,0.0,135.0,NaN,11.0,0.0,95.0,NaN,4.0,0.0,83.0,NaN,1.0,0.0,25.0,NaN,8.0,0.0,NaN,NaN,NaN,24.0,NaN,NaN,NaN,24.0,22.0,NaN,0.14285714285714285,1.0,NaN,NaN,NaN,24.0,NaN,NaN,NaN,24.0,NaN,NaN,NaN,24.0,NaN,NaN,NaN,24.0,NaN,NaN,NaN,24.0,29.0,NaN,-0.14285714285714285,1.0,NaN,NaN,NaN,24.0,7.8,NaN,-0.04285714285714283,1.0,102.0,NaN,0.42857142857142855,1.0,1.4,NaN,-0.0142857142857143,1.0,NaN,NaN,NaN,24.0,134.0,NaN,0.5714285714285714,1.0,NaN,NaN,NaN,24.0,2.5,NaN,0.0142857142857143,1.0,3.2,NaN,-0.11428571428571425,1.0,4.4,NaN,-0.04285714285714283,1.0,NaN,NaN,NaN,24.0,NaN,NaN,NaN,24.0,29.6,NaN,-0.12857142857142836,1.0,9.7,NaN,-0.0571428571428572,1.0,33.1,NaN,0.0,10.0,22.1,NaN,0.07142857142857142,1.0,NaN,NaN,NaN,24.0,442.0,NaN,-0.8571428571428571,1.0,48.0,1.0,1.0,0.0,-28.034444444444443,14.0,0.0,1.0,0.0,1.0,0.0,0.0,0.0,0.0,0.0,0.0,1.0,1.0,1.0,1.0,0.0,0.0,-6.0,11.0,11.0,1.0,NaN,NaN,NaN
76.0,NaN,-6.0,0.0,94.0,NaN,0.0,0.0,36.67,NaN,-0.08799999999999955,1.0,127.0,NaN,-8.0,0.0,108.0,NaN,13.0,0.0,101.0,NaN,18.0,0.0,21.0,NaN,-4.0,0.0,NaN,NaN,NaN,24.0,NaN,NaN,NaN,24.0,22.0,NaN,0.125,2.0,NaN,NaN,NaN,24.0,NaN,NaN,NaN,24.0,NaN,NaN,NaN,24.0,NaN,NaN,NaN,24.0,NaN,NaN,NaN,24.0,29.0,NaN,-0.125,2.0,NaN,NaN,NaN,24.0,7.8,NaN,-0.03749999999999998,2.0,102.0,NaN,0.375,2.0,1.4,NaN,-0.012500000000000011,2.0,NaN,NaN,NaN,24.0,134.0,NaN,0.5,2.0,NaN,NaN,NaN,24.0,2.5,NaN,0.012500000000000011,2.0,3.2,NaN,-0.09999999999999998,2.0,4.4,NaN,-0.03749999999999998,2.0,NaN,NaN,NaN,24.0,NaN,NaN,NaN,24.0,29.6,NaN,-0.11249999999999982,2.0,9.7,NaN,-0.050000000000000044,2.0,33.1,NaN,0.0,11.0,22.1,NaN,0.0625,2.0,NaN,NaN,NaN,24.0,442.0,NaN,-0.75,2.0,48.0,1.0,1.0,0.0,-28.034444444444443,15.0,0.0,1.0,0.0,1.0,0.0,0.0,0.0,0.0,0.0,0.0,1.0,1.0,1.0,1.0,0.0,0.0,-6.0,11.0,11.0,1.0,NaN,NaN,NaN
