130.0,NaN,NaN,24.0,93.0,NaN,NaN,24.0,37.5,NaN,NaN,24.0,122.0,NaN,NaN,24.0,84.0,NaN,NaN,24.0,74.0,NaN,NaN,24.0,21.0,NaN,NaN,24.0,NaN,NaN,NaN,24.0,NaN,NaN,NaN,24.0,NaN,NaN,NaN,24.0,NaN,NaN,NaN,24.0,NaN,NaN,NaN,24.0,NaN,NaN,NaN,24.0,NaN,NaN,NaN,24.0,NaN,NaN,NaN,24.0,NaN,NaN,NaN,24.0,NaN,NaN,NaN,24.0,NaN,NaN,NaN,24.0,NaN,NaN,NaN,24.0,NaN,NaN,NaN,24.0,NaN,NaN,NaN,24.0,NaN,NaN,NaN,24.0,NaN,NaN,NaN,24.0,NaN,NaN,NaN,24.0,NaN,NaN,NaN,24.0,NaN,NaN,NaN,24.0,NaN,NaN,NaN,24.0,NaN,NaN,NaN,24.0,NaN,NaN,NaN,24.0,NaN,NaN,NaN,24.0,NaN,NaN,NaN,24.0,NaN,NaN,NaN,24.0,NaN,NaN,NaN,24.0,NaN,NaN,NaN,24.0,50.0,1.0,1.0,0.0,-12.292777777777777,1.0,0.0,1.0,1.0,0.0,0.0,0.0,0.0,0.0,0.0,0.0,1.0,0.0,1.0,1.0,0.0,0.0,3.0,9.0,9.0,7.0,NaN,NaN,NaN
131.0,NaN,1.0,0.0,93.0,NaN,0.0,0.0,37.5,NaN,0.0,1.0,120.0,NaN,-2.0,0.0,79.0,NaN,-5.0,0.0,67.0,NaN,-7.0,0.0,17.0,NaN,-4.0,0.0,NaN,NaN,NaN,24.0,NaN,NaN,NaN,24.0,NaN,NaN,NaN,24.0,NaN,NaN,NaN,24.0,NaN,NaN,NaN,24.0,NaN,NaN,NaN,24.0,NaN,NaN,NaN,24.0,NaN,NaN,NaN,24.0,NaN,NaN,NaN,24.0,NaN,NaN,NaN,24.0,NaN,NaN,NaN,24.0,NaN,NaN,NaN,24.0,NaN,NaN,NaN,24.0,NaN,NaN,NaN,24.0,NaN,NaN,NaN,24.0,NaN,NaN,NaN,24.0,NaN,NaN,NaN,24.0,NaN,NaN,NaN,24.0,NaN,NaN,NaN,24.0,NaN,NaN,NaN,24.0,NaN,NaN,NaN,24.0,NaN,NaN,NaN,24.0,NaN,NaN,NaN,24.0,NaN,NaN,NaN,24.0,NaN,NaN,NaN,24.0,NaN,NaN,NaN,24.0,NaN,NaN,NaN,24.0,50.0,1.0,1.0,0.0,-12.292777777777777,2.0,0.0,0.0,1.0,0.0,0.0,0.0,0.0,0.0,0.0,0.0,1.0,0.0,1.0,1.0,0.0,0.0,3.0,9.0,9.0,7.0,NaN,NaN,NaN
131.0,NaN,0.0,0.0,94.0,NaN,1.0,0.0,37.5,NaN,0.0,2.0,115.0,NaN,-5.0,0.0,78.0,NaN,-1.0,0.0,65.0,NaN,-2.0,0.0,16.0,NaN,-1.0,0.0,NaN,NaN,NaN,24.0,NaN,NaN,NaN,24.0,21.0,NaN,0.0,0.0,NaN,NaN,NaN,24.0,NaN,NaN,NaN,24.0,NaN,NaN,NaN,24.0,NaN,NaN,NaN,24.0,62.0,NaN,0.0,0.0,10.0,NaN,0.0,0.0,101.0,NaN,0.0,0.0,8.7,NaN,0.0,0.0,102.0,NaN,0.0,0.0,0.7,NaN,0.0,0.0,NaN,NaN,NaN,24.0,164.0,NaN,0.0,0.0,NaN,NaN,NaN,24.0,2.0,NaN,0.0,0.0,2.6,NaN,0.0,0.0,3.8,NaN,0.0,0.0,6.7,NaN,0.0,0.0,NaN,NaN,NaN,24.0,22.4,NaN,0.0,0.0,7.6,NaN,0.0,0.0,60.2,NaN,0.0,0.0,12.2,NaN,0.0,0.0,NaN,NaN,NaN,24.0,104.0,NaN,0.0,0.0,50.0,1.0,1.0,0.0,-12.292777777777777,3.0,0.0,0.0,1.0,1.0,0.0,1.0,3.0,0.0,0.0,0.0,1.0,0.0,1.0,1.0,0.0,0.0,3.0,9.0,9.0,7.0,NaN,NaN,NaN
130.0,NaN,-1.0,0.0,93.0,NaN,-1.0,0.0,37.5,NaN,0.0,3.0,114.0,NaN,-1.0,0.0,78.0,NaN,0.0,0.0,65.0,NaN,0.0,0.0,14.0,NaN,-2.0,0.0,NaN,NaN,NaN,24.0,NaN,NaN,NaN,24.0,21.0,NaN,0.0,1.0,NaN,NaN,NaN,24.0,NaN,NaN,NaN,24.0,NaN,NaN,NaN,24.0,NaN,NaN,NaN,24.0,62.0,NaN,0.0,1.0,10.0,NaN,0.0,1.0,101.0,NaN,0.0,1.0,8.7,NaN,0.0,1.0,102.0,NaN,0.0,1.0,0.7,NaN,0.0,1.0,NaN,NaN,NaN,24.0,164.0,NaN,0.0,1.0,2.2,NaN,0.0,0.0,2.0,NaN,0.0,1.0,2.6,NaN,0.0,1.0,3.8,NaN,0.0,1.0,6.7,NaN,0.0,1.0,NaN,NaN,NaN,24.0,22.4,NaN,0.0,1.0,7.6,NaN,0.0,1.0,60.2,NaN,0.0,1.0,12.2,NaN,0.0,1.0,NaN,NaN,NaN,24.0,104.0,NaN,0.0,1.0,50.0,1.0,1.0,0.0,-12.292777777777777,4.0,0.0,0.0,1.0,1.0,0.0,0.0,0.0,0.0,1.0,0.0,1.0,0.0,1.0,1.0,0.0,0.0,3.0,9.0,9.0,7.0,NaN,NaN,NaN
128.0,NaN,-2.0,0.0,94.0,NaN,1.0,0.0,37.06,NaN,-0.10999999999999943,0.0,112.0,NaN,-2.0,0.0,78.0,NaN,0.0,0.0,67.0,NaN,2.0,0.0,17.0,NaN,3.0,0.0,NaN,NaN,NaN,24.0,NaN,NaN,NaN,24.0,21.0,NaN,0.0,2.0,NaN,NaN,NaN,24.0,NaN,NaN,NaN,24.0,NaN,NaN,NaN,24.0,NaN,NaN,NaN,24.0,62.0,NaN,0.0,2.0,10.0,NaN,0.0,2.0,101.0,NaN,0.0,2.0,8.7,NaN,0.0,2.0,102.0,NaN,0.0,2.0,0.7,NaN,0.0,2.0,NaN,NaN,NaN,24.0,164.0,NaN,0.0,2.0,2.2,NaN,0.0,1.0,2.0,NaN,0.0,2.0,2.6,NaN,0.0,2.0,3.8,NaN,0.0,2.0,6.7,NaN,0.0,2.0,NaN,NaN,NaN,24.0,22.4,NaN,0.0,2.0,7.6,NaN,0.0,2.0,60.2,NaN,0.0,2.0,12.2,NaN,0.0,2.0,NaN,NaN,NaN,24.0,104.0,NaN,0.0,2.0,50.0,1.0,1.0,0.0,-12.292777777777777,5.0,0.0,0.0,1.0,1.0,0.0,0.0,0.0,0.0,0.0,0.0,1.0,0.0,1.0,1.0,0.0,0.0,3.0,9.0,9.0,7.0,NaN,NaN,NaN
126.0,NaN,-2.0,0.0,93.0,NaN,-1.0,0.0,37.06,NaN,-0.08799999999999955,1.0,119.0,NaN,7.0,0.0,80.0,NaN,2.0,0.0,69.0,NaN,2.0,0.0,18.0,NaN,1.0,0.0,NaN,NaN,NaN,24.0,NaN,NaN,NaN,24.0,21.0,NaN,0.0,3.0,NaN,NaN,NaN,24.0,NaN,NaN,NaN,24.0,NaN,NaN,NaN,24.0,NaN,NaN,NaN,24.0,62.0,NaN,0.0,3.0,10.0,NaN,0.0,3.0,101.0,NaN,0.0,3.0,8.7,NaN,0.0,3.0,102.0,NaN,0.0,3.0,0.7,NaN,0.0,3.0,NaN,NaN,NaN,24.0,164.0,NaN,0.0,3.0,2.2,NaN,0.0,2.0,2.0,NaN,0.0,3.0,2.6,NaN,0.0,3.0,3.8,NaN,0.0,3.0,6.7,NaN,0.0,3.0,NaN,NaN,NaN,24.0,22.4,NaN,0.0,3.0,7.6,NaN,0.0,3.0,60.2,NaN,0.0,3.0,12.2,NaN,0.0,3.0,NaN,NaN,NaN,24.0,104.0,NaN,0.0,3.0,50.0,1.0,1.0,0.0,-12.292777777777777,6.0,0.0,0.0,1.0,1.0,0.0,0.0,0.0,0.0,0.0,0.0,1.0,1.0,1.0,1.0,0.0,0.0,3.0,9.0,9.0,7.0,NaN,NaN,NaN
124.0,NaN,-2.0,0.0,92.0,NaN,-1.0,0.0,37.06,NaN,-0.07333333333333296,2.0,117.0,NaN,-2.0,0.0,76.0,NaN,-4.0,0.0,65.0,NaN,-4.0,0.0,27.0,NaN,9.0,0.0,NaN,NaN,NaN,24.0,NaN,NaN,NaN,24.0,21.0,NaN,0.0,4.0,NaN,NaN,NaN,24.0,NaN,NaN,NaN,24.0,NaN,NaN,NaN,24.0,NaN,NaN,NaN,24.0,62.0,NaN,0.0,4.0,10.0,NaN,0.0,4.0,101.0,NaN,0.0,4.0,8.7,NaN,0.0,4.0,102.0,NaN,0.0,4.0,0.7,NaN,0.0,4.0,NaN,NaN,NaN,24.0,164.0,NaN,0.0,4.0,2.2,NaN,0.0,3.0,2.0,NaN,0.0,4.0,2.6,NaN,0.0,4.0,3.8,NaN,0.0,4.0,6.7,NaN,0.0,4.0,NaN,NaN,NaN,24.0,22.4,NaN,0.0,4.0,7.6,NaN,0.0,4.0,60.2,NaN,0.0,4.0,12.2,NaN,0.0,4.0,NaN,NaN,NaN,24.0,104.0,NaN,0.0,4.0,50.0,1.0,1.0,0.0,-12.292777777777777,7.0,0.0,1.0,1.0,1.0,0.0,0.0,0.0,0.0,0.0,0.0,1.0,1.0,1.0,1.0,0.0,0.0,3.0,9.0,9.0,7.0,NaN,NaN,NaN
134.0,NaN,10.0,0.0,91.0,NaN,-1.0,0.0,37.28,NaN,0.07333333333333296,0.0,138.0,NaN,21.0,0.0,90.0,NaN,14.0,0.0,75.0,NaN,10.0,0.0,34.0,NaN,7.0,0.0,NaN,NaN,NaN,24.0,NaN,NaN,NaN,24.0,21.0,NaN,0.0,5.0,NaN,NaN,NaN,24.0,NaN,NaN,NaN,24.0,NaN,NaN,NaN,24.0,NaN,NaN,NaN,24.0,62.0,NaN,0.0,5.0,10.0,NaN,0.0,5.0,101.0,NaN,0.0,5.0,8.7,NaN,0.0,5.0,102.0,NaN,0.0,5.0,0.7,NaN,0.0,5.0,NaN,NaN,NaN,24.0,164.0,NaN,0.0,5.0,2.2,NaN,0.0,4.0,2.0,NaN,0.0,5.0,2.6,NaN,0.0,5.0,3.8,NaN,0.0,5.0,6.7,NaN,0.0,5.0,NaN,NaN,NaN,24.0,22.4,NaN,0.0,5.0,7.6,NaN,0.0,5.0,60.2,NaN,0.0,5.0,12.2,NaN,0.0,5.0,NaN,NaN,NaN,24.0,104.0,NaN,0.0,5.0,50.0,1.0,1.0,0.0,-12.292777777777777,8.0,0.0,1.0,1.0,1.0,0.0,0.0,0.0,0.0,0.0,0.0,1.0,1.0,1.0,1.0,0.0,0.0,3.0,9.0,9.0,7.0,NaN,NaN,NaN
127.0,NaN,-7.0,0.0,94.0,NaN,3.0,0.0,37.28,NaN,0.054999999999999716,1.0,117.0,NaN,-21.0,0.0,80.0,NaN,-10.0,0.0,71.0,NaN,-4.0,0.0,18.0,NaN,-16.0,0.0,NaN,NaN,NaN,24.0,NaN,NaN,NaN,24.0,21.0,NaN,0.0,6.0,NaN,NaN,NaN,24.0,NaN,NaN,NaN,24.0,NaN,NaN,NaN,24.0,NaN,NaN,NaN,24.0,62.0,NaN,0.0,6.0,10.0,NaN,0.0,6.0,101.0,NaN,0.0,6.0,8.7,NaN,0.0,6.0,102.0,NaN,0.0,6.0,0.7,NaN,0.0,6.0,NaN,NaN,NaN,24.0,164.0,NaN,0.0,6.0,2.2,NaN,0.0,5.0,2.0,NaN,0.0,6.0,2.6,NaN,0.0,6.0,3.8,NaN,0.0,6.0,6.7,NaN,0.0,6.0,NaN,NaN,NaN,24.0,22.4,NaN,0.0,6.0,7.6,NaN,0.0,6.0,60.2,NaN,0.0,6.0,12.2,NaN,0.0,6.0,NaN,NaN,NaN,24.0,104.0,NaN,0.0,6.0,50.0,1.0,1.0,0.0,-12.292777777777777,9.0,0.0,0.0,1.0,1.0,0.0,0.0,0.0,0.0,0.0,0.0,1.0,1.0,1.0,1.0,0.0,0.0,3.0,9.0,9.0,7.0,NaN,NaN,NaN
123.0,NaN,-4.0,0.0,95.0,NaN,1.0,0.0,37.28,NaN,0.043999999999999775,2.0,131.0,NaN,14.0,0.0,88.0,NaN,8.0,0.0,74.0,NaN,3.0,0.0,20.0,NaN,2.0,0.0,NaN,NaN,NaN,24.0,NaN,NaN,NaN,24.0,21.0,NaN,0.0,7.0,NaN,NaN,NaN,24.0,NaN,NaN,NaN,24.0,NaN,NaN,NaN,24.0,NaN,NaN,NaN,24.0,62.0,NaN,0.0,7.0,10.0,NaN,0.0,7.0,101.0,NaN,0.0,7.0,8.7,NaN,0.0,7.0,102.0,NaN,0.0,7.0,0.7,NaN,0.0,7.0,NaN,NaN,NaN,24.0,164.0,NaN,0.0,7.0,2.2,NaN,0.0,6.0,2.0,NaN,0.0,7.0,2.6,NaN,0.0,7.0,3.8,NaN,0.0,7.0,6.7,NaN,0.0,7.0,NaN,NaN,NaN,24.0,22.4,NaN,0.0,7.0,7.6,NaN,0.0,7.0,60.2,NaN,0.0,7.0,12.2,NaN,0.0,7.0,NaN,NaN,NaN,24.0,104.0,NaN,0.0,7.0,50.0,1.0,1.0,0.0,-12.292777777777777,10.0,0.0,0.0,1.0,1.0,0.0,0.0,0.0,0.0,0.0,0.0,1.0,1.0,1.0,1.0,0.0,0.0,3.0,9.0,9.0,7.0,NaN,NaN,NaN
124.0,NaN,1.0,0.0,94.0,NaN,-1.0,0.0,37.67,NaN,0.1300000000000002,0.0,121.0,NaN,-10.0,0.0,80.0,NaN,-8.0,0.0,68.0,NaN,-6.0,0.0,15.0,NaN,-5.0,0.0,NaN,NaN,NaN,24.0,NaN,NaN,NaN,24.0,21.0,NaN,0.0,8.0,NaN,NaN,NaN,24.0,NaN,NaN,NaN,24.0,NaN,NaN,NaN,24.0,NaN,NaN,NaN,24.0,62.0,NaN,0.0,8.0,10.0,NaN,0.0,8.0,101.0,NaN,0.0,8.0,8.7,NaN,0.0,8.0,102.0,NaN,0.0,8.0,0.7,NaN,0.0,8.0,NaN,NaN,NaN,24.0,164.0,NaN,0.0,8.0,2.2,NaN,0.0,7.0,2.0,NaN,0.0,8.0,2.6,NaN,0.0,8.0,3.8,NaN,0.0,8.0,6.7,NaN,0.0,8.0,NaN,NaN,NaN,24.0,22.4,NaN,0.0,8.0,7.6,NaN,0.0,8.0,60.2,NaN,0.0,8.0,12.2,NaN,0.0,8.0,NaN,NaN,NaN,24.0,104.0,NaN,0.0,8.0,50.0,1.0,1.0,0.0,-12.292777777777777,11.0,0.0,0.0,1.0,1.0,0.0,0.0,0.0,0.0,0.0,0.0,1.0,1.0,1.0,1.0,0.0,0.0,3.0,9.0,9.0,7.0,NaN,NaN,NaN
121.0,NaN,-3.0,0.0,94.0,NaN,0.0,0.0,37.67,NaN,0.09750000000000014,1.0,125.0,NaN,4.0,0.0,79.0,NaN,-1.0,0.0,67.0,NaN,-1.0,0.0,12.0,NaN,-3.0,0.0,NaN,NaN,NaN,24.0,NaN,NaN,NaN,24.0,21.0,NaN,0.0,9.0,NaN,NaN,NaN,24.0,NaN,NaN,NaN,24.0,NaN,NaN,NaN,24.0,NaN,NaN,NaN,24.0,62.0,NaN,0.0,9.0,10.0,NaN,0.0,9.0,101.0,NaN,0.0,9.0,8.7,NaN,0.0,9.0,102.0,NaN,0.0,9.0,0.7,NaN,0.0,9.0,NaN,NaN,NaN,24.0,164.0,NaN,0.0,9.0,2.2,NaN,0.0,8.0,2.0,NaN,0.0,9.0,2.6,NaN,0.0,9.0,3.8,NaN,0.0,9.0,6.7,NaN,0.0,9.0,NaN,NaN,NaN,24.0,22.4,NaN,0.0,9.0,7.6,NaN,0.0,9.0,60.2,NaN,0.0,9.0,12.2,NaN,0.0,9.0,NaN,NaN,NaN,24.0,104.0,NaN,0.0,9.0,50.0,1.0,1.0,0.0,-12.292777777777777,12.0,0.0,0.0,1.0,1.0,0.0,0.0,0.0,0.0,0.0,0.0,1.0,1.0,1.0,1.0,0.0,0.0,3.0,9.0,9.0,7.0,NaN,NaN,NaN
131.0,NaN,10.0,0.0,94.0,NaN,0.0,0.0,37.5,NaN,-0.08500000000000085,0.0,107.0,NaN,-18.0,0.0,76.0,NaN,-3.0,0.0,67.0,NaN,0.0,0.0,20.0,NaN,8.0,0.0,NaN,NaN,NaN,24.0,NaN,NaN,NaN,24.0,21.0,NaN,0.0,10.0,NaN,NaN,NaN,24.0,NaN,NaN,NaN,24.0,NaN,NaN,NaN,24.0,NaN,NaN,NaN,24.0,62.0,NaN,0.0,10.0,10.0,NaN,0.0,10.0,101.0,NaN,0.0,10.0,8.7,NaN,0.0,10.0,102.0,NaN,0.0,10.0,0.7,NaN,0.0,10.0,NaN,NaN,NaN,24.0,164.0,NaN,0.0,10.0,2.2,NaN,0.0,9.0,2.0,NaN,0.0,10.0,2.6,NaN,0.0,10.0,3.8,NaN,0.0,10.0,6.7,NaN,0.0,10.0,NaN,NaN,NaN,24.0,22.4,NaN,0.0,10.0,7.6,NaN,0.0,10.0,60.2,NaN,0.0,10.0,12.2,NaN,0.0,10.0,NaN,NaN,NaN,24.0,104.0,NaN,0.0,10.0,50.0,1.0,1.0,0.0,-12.292777777777777,13.0,0.0,0.0,1.0,1.0,0.0,0.0,0.0,0.0,0.0,0.0,1.0,1.0,1.0,1.0,0.0,0.0,3.0,9.0,9.0,7.0,NaN,NaN,NaN
