90.0,NaN,NaN,24.0,95.0,NaN,NaN,24.0,38.33,NaN,NaN,24.0,122.0,NaN,NaN,24.0,72.0,NaN,NaN,24.0,52.0,NaN,NaN,24.0,28.0,NaN,NaN,24.0,NaN,NaN,NaN,24.0,NaN,NaN,NaN,24.0,21.0,NaN,NaN,24.0,0.35,NaN,NaN,24.0,NaN,NaN,NaN,24.0,NaN,NaN,NaN,24.0,NaN,NaN,NaN,24.0,NaN,NaN,NaN,24.0,27.0,NaN,NaN,24.0,NaN,NaN,NaN,24.0,9.2,NaN,NaN,24.0,106.0,NaN,NaN,24.0,1.2,NaN,NaN,24.0,NaN,NaN,NaN,24.0,73.0,NaN,NaN,24.0,NaN,NaN,NaN,24.0,1.9,NaN,NaN,24.0,3.9,NaN,NaN,24.0,4.1,NaN,NaN,24.0,NaN,NaN,NaN,24.0,0.03,NaN,NaN,24.0,32.6,NaN,NaN,24.0,10.2,NaN,NaN,24.0,40.1,NaN,NaN,24.0,8.4,NaN,NaN,24.0,NaN,NaN,NaN,24.0,105.0,NaN,NaN,24.0,91.0,0.0,1.0,0.0,-105.53472222222223,1.0,1.0,1.0,0.0,0.0,1.0,1.0,0.0,0.0,0.0,1.0,1.0,0.0,1.0,NaN,1.0,0.0,-10.0,5.0,4.0,NaN,NaN,NaN,NaN
82.0,NaN,-8.0,0.0,92.0,NaN,-3.0,0.0,38.33,NaN,0.0,1.0,91.0,NaN,-31.0,0.0,55.0,NaN,-17.0,0.0,42.0,NaN,-10.0,0.0,27.0,NaN,-1.0,0.0,NaN,NaN,NaN,24.0,NaN,NaN,NaN,24.0,21.0,NaN,0.0,1.0,0.35,NaN,0.0,1.0,NaN,NaN,NaN,24.0,NaN,NaN,NaN,24.0,NaN,NaN,NaN,24.0,NaN,NaN,NaN,24.0,27.0,NaN,0.0,1.0,NaN,NaN,NaN,24.0,9.2,NaN,0.0,1.0,106.0,NaN,0.0,1.0,1.2,NaN,0.0,1.0,NaN,NaN,NaN,24.0,73.0,NaN,0.0,1.0,NaN,NaN,NaN,24.0,1.9,NaN,0.0,1.0,3.9,NaN,0.0,1.0,4.1,NaN,0.0,1.0,NaN,NaN,NaN,24.0,0.03,NaN,0.0,1.0,32.6,NaN,0.0,1.0,10.2,NaN,0.0,1.0,40.1,NaN,0.0,1.0,8.4,NaN,0.0,1.0,NaN,NaN,NaN,24.0,105.0,NaN,0.0,1.0,91.0,0.0,1.0,0.0,-105.53472222222223,2.0,1.0,1.0,0.0,0.0,0.0,0.0,0.0,1.0,0.0,0.0,1.0,1.0,1.0,NaN,1.0,0.0,-10.0,5.0,4.0,NaN,NaN,NaN,NaN
79.0,NaN,-3.0,0.0,95.0,NaN,3.0,0.0,38.33,NaN,0.0,2.0,89.0,NaN,-2.0,0.0,55.0,NaN,0.0,0.0,40.0,NaN,-2.0,0.0,26.0,NaN,-1.0,0.0,NaN,NaN,NaN,24.0,NaN,NaN,NaN,24.0,21.0,NaN,0.0,2.0,0.35,NaN,0.0,2.0,NaN,NaN,NaN,24.0,NaN,NaN,NaN,24.0,NaN,NaN,NaN,24.0,NaN,NaN,NaN,24.0,27.0,NaN,0.0,2.0,NaN,NaN,NaN,24.0,9.2,NaN,0.0,2.0,106.0,NaN,0.0,2.0,1.2,NaN,0.0,2.0,NaN,NaN,NaN,24.0,73.0,NaN,0.0,2.0,NaN,NaN,NaN,24.0,1.9,NaN,0.0,2.0,3.9,NaN,0.0,2.0,4.1,NaN,0.0,2.0,NaN,NaN,NaN,24.0,0.03,NaN,0.0,2.0,32.6,NaN,0.0,2.0,10.2,NaN,0.0,2.0,40.1,NaN,0.0,2.0,8.4,NaN,0.0,2.0,NaN,NaN,NaN,24.0,105.0,NaN,0.0,2.0,91.0,0.0,1.0,0.0,-105.53472222222223,3.0,1.0,1.0,0.0,0.0,0.0,0.0,0.0,1.0,0.0,0.0,1.0,1.0,1.0,NaN,1.0,0.0,-10.0,5.0,4.0,NaN,NaN,NaN,NaN
85.0,NaN,6.0,0.0,91.0,NaN,-4.0,0.0,38.33,NaN,0.0,3.0,96.0,NaN,7.0,0.0,60.0,NaN,5.0,0.0,45.0,NaN,5.0,0.0,38.0,NaN,12.0,0.0,NaN,NaN,NaN,24.0,NaN,NaN,NaN,24.0,21.0,NaN,0.0,3.0,0.35,NaN,0.0,3.0,NaN,NaN,NaN,24.0,NaN,NaN,NaN,24.0,NaN,NaN,NaN,24.0,NaN,NaN,NaN,24.0,27.0,NaN,0.0,3.0,NaN,NaN,NaN,24.0,9.2,NaN,0.0,3.0,106.0,NaN,0.0,3.0,1.2,NaN,0.0,3.0,NaN,NaN,NaN,24.0,73.0,NaN,0.0,3.0,NaN,NaN,NaN,24.0,1.9,NaN,0.0,3.0,3.9,NaN,0.0,3.0,4.1,NaN,0.0,3.0,NaN,NaN,NaN,24.0,0.03,NaN,0.0,3.0,32.6,NaN,0.0,3.0,10.2,NaN,0.0,3.0,40.1,NaN,0.0,3.0,8.4,NaN,0.0,3.0,NaN,NaN,NaN,24.0,105.0,NaN,0.0,3.0,91.0,0.0,1.0,0.0,-105.53472222222223,4.0,1.0,1.0,0.0,0.0,0.0,0.0,0.0,1.0,0.0,0.0,1.0,1.0,1.0,NaN,1.0,0.0,-10.0,5.0,4.0,NaN,NaN,NaN,NaN
88.0,NaN,3.0,0.0,93.0,NaN,2.0,0.0,37.22,NaN,-0.27749999999999986,0.0,86.0,NaN,-10.0,0.0,53.0,NaN,-7.0,0.0,37.0,NaN,-8.0,0.0,24.0,NaN,-14.0,0.0,NaN,NaN,NaN,24.0,NaN,NaN,NaN,24.0,21.0,NaN,0.0,4.0,0.35,NaN,0.0,4.0,NaN,NaN,NaN,24.0,NaN,NaN,NaN,24.0,NaN,NaN,NaN,24.0,NaN,NaN,NaN,24.0,27.0,NaN,0.0,4.0,NaN,NaN,NaN,24.0,9.2,NaN,0.0,4.0,106.0,NaN,0.0,4.0,1.2,NaN,0.0,4.0,NaN,NaN,NaN,24.0,73.0,NaN,0.0,4.0,NaN,NaN,NaN,24.0,1.9,NaN,0.0,4.0,3.9,NaN,0.0,4.0,4.1,NaN,0.0,4.0,NaN,NaN,NaN,24.0,0.03,NaN,0.0,4.0,32.6,NaN,0.0,4.0,10.2,NaN,0.0,4.0,40.1,NaN,0.0,4.0,8.4,NaN,0.0,4.0,NaN,NaN,NaN,24.0,105.0,NaN,0.0,4.0,91.0,0.0,1.0,0.0,-105.53472222222223,5.0,0.0,1.0,0.0,0.0,0.0,0.0,0.0,1.0,0.0,0.0,1.0,1.0,1.0,NaN,1.0,0.0,-10.0,5.0,4.0,NaN,NaN,NaN,NaN
88.0,NaN,0.0,0.0,92.0,NaN,-1.0,0.0,37.22,NaN,-0.2219999999999999,1.0,83.0,NaN,-3.0,0.0,62.0,NaN,9.0,0.0,50.0,NaN,13.0,0.0,37.0,NaN,13.0,0.0,NaN,NaN,NaN,24.0,NaN,NaN,NaN,24.0,21.0,NaN,0.0,5.0,0.35,NaN,0.0,5.0,NaN,NaN,NaN,24.0,NaN,NaN,NaN,24.0,NaN,NaN,NaN,24.0,NaN,NaN,NaN,24.0,27.0,NaN,0.0,5.0,NaN,NaN,NaN,24.0,9.2,NaN,0.0,5.0,106.0,NaN,0.0,5.0,1.2,NaN,0.0,5.0,NaN,NaN,NaN,24.0,73.0,NaN,0.0,5.0,NaN,NaN,NaN,24.0,1.9,NaN,0.0,5.0,3.9,NaN,0.0,5.0,4.1,NaN,0.0,5.0,NaN,NaN,NaN,24.0,0.03,NaN,0.0,5.0,32.6,NaN,0.0,5.0,10.2,NaN,0.0,5.0,40.1,NaN,0.0,5.0,8.4,NaN,0.0,5.0,NaN,NaN,NaN,24.0,105.0,NaN,0.0,5.0,91.0,0.0,1.0,0.0,-105.53472222222223,6.0,0.0,1.0,0.0,0.0,0.0,0.0,0.0,1.0,0.0,0.0,1.0,1.0,1.0,NaN,1.0,0.0,-10.0,5.0,4.0,NaN,NaN,NaN,NaN
93.0,NaN,5.0,0.0,93.0,NaN,1.0,0.0,37.22,NaN,-0.18499999999999991,2.0,108.0,NaN,25.0,0.0,66.0,NaN,4.0,0.0,49.0,NaN,-1.0,0.0,31.0,NaN,-6.0,0.0,NaN,NaN,NaN,24.0,-2.0,NaN,0.0,0.0,17.0,NaN,-0.6666666666666666,0.0,0.35,NaN,0.0,6.0,7.35,NaN,0.0,0.0,42.0,NaN,0.0,0.0,NaN,NaN,NaN,24.0,45.0,NaN,0.0,0.0,27.0,NaN,0.0,0.0,62.0,NaN,0.0,0.0,7.9,NaN,-0.21666666666666648,0.0,110.0,NaN,0.6666666666666666,0.0,1.2,NaN,0.0,0.0,NaN,NaN,NaN,24.0,56.0,NaN,-2.8333333333333335,0.0,1.8,NaN,0.0,0.0,1.6,NaN,-0.04999999999999997,0.0,3.7,NaN,-0.03333333333333329,0.0,3.6,NaN,-0.08333333333333326,0.0,1.2,NaN,0.0,0.0,0.09,NaN,0.01,0.0,27.5,NaN,-0.8500000000000002,0.0,8.3,NaN,-0.31666666666666643,0.0,43.7,NaN,0.6000000000000002,0.0,8.8,NaN,0.06666666666666672,0.0,NaN,NaN,NaN,24.0,89.0,NaN,-2.6666666666666665,0.0,91.0,0.0,1.0,0.0,-105.53472222222223,7.0,0.0,1.0,1.0,0.0,0.0,2.0,1.0,0.0,0.0,1.0,1.0,1.0,1.0,NaN,1.0,0.0,-10.0,5.0,4.0,NaN,NaN,NaN,NaN
85.0,NaN,-8.0,0.0,96.0,NaN,3.0,0.0,37.28,NaN,0.020000000000000757,0.0,89.0,NaN,-19.0,0.0,59.0,NaN,-7.0,0.0,44.0,NaN,-5.0,0.0,29.0,NaN,-2.0,0.0,NaN,NaN,NaN,24.0,-2.0,NaN,0.0,1.0,17.0,NaN,-0.5714285714285714,1.0,0.35,NaN,0.0,7.0,7.35,NaN,0.0,1.0,42.0,NaN,0.0,1.0,NaN,NaN,NaN,24.0,45.0,NaN,0.0,1.0,27.0,NaN,0.0,1.0,62.0,NaN,0.0,1.0,7.9,NaN,-0.18571428571428555,1.0,110.0,NaN,0.5714285714285714,1.0,1.2,NaN,0.0,1.0,NaN,NaN,NaN,24.0,56.0,NaN,-2.4285714285714284,1.0,1.8,NaN,0.0,1.0,1.6,NaN,-0.04285714285714283,1.0,3.7,NaN,-0.028571428571428532,1.0,3.6,NaN,-0.07142857142857137,1.0,1.2,NaN,0.0,1.0,0.09,NaN,0.008571428571428572,1.0,27.5,NaN,-0.7285714285714288,1.0,8.3,NaN,-0.27142857142857124,1.0,43.7,NaN,0.5142857142857145,1.0,8.8,NaN,0.0571428571428572,1.0,NaN,NaN,NaN,24.0,89.0,NaN,-2.2857142857142856,1.0,91.0,0.0,1.0,0.0,-105.53472222222223,8.0,0.0,1.0,0.0,0.0,0.0,0.0,0.0,1.0,0.0,0.0,1.0,1.0,1.0,NaN,1.0,0.0,-10.0,5.0,4.0,NaN,NaN,NaN,NaN
86.0,NaN,1.0,0.0,89.0,NaN,-7.0,0.0,37.28,NaN,0.015000000000000568,1.0,107.0,NaN,18.0,0.0,72.0,NaN,13.0,0.0,58.0,NaN,14.0,0.0,24.0,NaN,-5.0,0.0,NaN,NaN,NaN,24.0,-2.0,NaN,0.0,2.0,17.0,NaN,-0.5,2.0,1.0,NaN,0.08125,0.0,7.35,NaN,0.0,2.0,42.0,NaN,0.0,2.0,NaN,NaN,NaN,24.0,45.0,NaN,0.0,2.0,27.0,NaN,0.0,2.0,62.0,NaN,0.0,2.0,7.9,NaN,-0.16249999999999987,2.0,110.0,NaN,0.5,2.0,1.2,NaN,0.0,2.0,NaN,NaN,NaN,24.0,56.0,NaN,-2.125,2.0,1.8,NaN,0.0,2.0,1.6,NaN,-0.03749999999999998,2.0,3.7,NaN,-0.024999999999999967,2.0,3.6,NaN,-0.062499999999999944,2.0,1.2,NaN,0.0,2.0,0.09,NaN,0.0075,2.0,27.5,NaN,-0.6375000000000002,2.0,8.3,NaN,-0.23749999999999982,2.0,43.7,NaN,0.4500000000000002,2.0,8.8,NaN,0.050000000000000044,2.0,NaN,NaN,NaN,24.0,89.0,NaN,-2.0,2.0,91.0,0.0,1.0,0.0,-105.53472222222223,9.0,0.0,1.0,0.0,0.0,3.0,0.0,0.0,0.0,0.0,0.0,0.0,1.0,1.0,NaN,1.0,0.0,-10.0,5.0,4.0,NaN,NaN,NaN,NaN
