74.0,NaN,NaN,24.0,97.0,NaN,NaN,24.0,36.39,NaN,NaN,24.0,92.0,NaN,NaN,24.0,57.0,NaN,NaN,24.0,47.0,NaN,NaN,24.0,12.0,NaN,NaN,24.0,NaN,NaN,NaN,24.0,NaN,NaN,NaN,24.0,NaN,NaN,NaN,24.0,NaN,NaN,NaN,24.0,NaN,NaN,NaN,24.0,NaN,NaN,NaN,24.0,NaN,NaN,NaN,24.0,NaN,NaN,NaN,24.0,NaN,NaN,NaN,24.0,NaN,NaN,NaN,24.0,NaN,NaN,NaN,24.0,NaN,NaN,NaN,24.0,NaN,NaN,NaN,24.0,NaN,NaN,NaN,24.0,NaN,NaN,NaN,24.0,NaN,NaN,NaN,24.0,NaN,NaN,NaN,24.0,NaN,NaN,NaN,24.0,NaN,NaN,NaN,24.0,NaN,NaN,NaN,24.0,NaN,NaN,NaN,24.0,NaN,NaN,NaN,24.0,NaN,NaN,NaN,24.0,NaN,NaN,NaN,24.0,NaN,NaN,NaN,24.0,NaN,NaN,NaN,24.0,NaN,NaN,NaN,24.0,29.0,0.0,1.0,0.0,-9.160833333333333,1.0,0.0,0.0,0.0,0.0,0.0,0.0,0.0,1.0,0.0,0.0,1.0,0.0,1.0,1.0,0.0,0.0,3.0,5.0,4.0,1.0,NaN,NaN,NaN
78.0,NaN,4.0,0.0,97.0,NaN,0.0,0.0,36.39,NaN,0.0,1.0,82.0,NaN,-10.0,0.0,53.0,NaN,-4.0,0.0,44.0,NaN,-3.0,0.0,16.0,NaN,4.0,0.0,NaN,NaN,NaN,24.0,NaN,NaN,NaN,24.0,23.0,NaN,0.0,0.0,NaN,NaN,NaN,24.0,NaN,NaN,NaN,24.0,NaN,NaN,NaN,24.0,NaN,NaN,NaN,24.0,12.0,NaN,0.0,0.0,5.0,NaN,0.0,0.0,63.0,NaN,0.0,0.0,7.2,NaN,0.0,0.0,111.0,NaN,0.0,0.0,0.7,NaN,0.0,0.0,NaN,NaN,NaN,24.0,99.0,NaN,0.0,0.0,NaN,NaN,NaN,24.0,1.9,NaN,0.0,0.0,3.2,NaN,0.0,0.0,4.2,NaN,0.0,0.0,0.1,NaN,0.0,0.0,NaN,NaN,NaN,24.0,22.3,NaN,0.0,0.0,7.1,NaN,0.0,0.0,28.3,NaN,0.0,0.0,7.4,NaN,0.0,0.0,NaN,NaN,NaN,24.0,296.0,NaN,0.0,0.0,29.0,0.0,1.0,0.0,-9.160833333333333,2.0,0.0,0.0,0.0,0.0,0.0,0.0,0.0,1.0,0.0,0.0,1.0,1.0,1.0,1.0,0.0,0.0,3.0,5.0,4.0,1.0,NaN,NaN,NaN
80.0,NaN,2.0,0.0,98.0,NaN,1.0,0.0,36.39,NaN,0.0,2.0,81.0,NaN,-1.0,0.0,51.0,NaN,-2.0,0.0,41.0,NaN,-3.0,0.0,16.0,NaN,0.0,0.0,NaN,NaN,NaN,24.0,NaN,NaN,NaN,24.0,23.0,NaN,0.0,1.0,NaN,NaN,NaN,24.0,NaN,NaN,NaN,24.0,NaN,NaN,NaN,24.0,NaN,NaN,NaN,24.0,12.0,NaN,0.0,1.0,5.0,NaN,0.0,1.0,63.0,NaN,0.0,1.0,7.2,NaN,0.0,1.0,111.0,NaN,0.0,1.0,0.7,NaN,0.0,1.0,NaN,NaN,NaN,24.0,99.0,NaN,0.0,1.0,NaN,NaN,NaN,24.0,1.9,NaN,0.0,1.0,3.2,NaN,0.0,1.0,4.2,NaN,0.0,1.0,0.1,NaN,0.0,1.0,NaN,NaN,NaN,24.0,22.3,NaN,0.0,1.0,7.1,NaN,0.0,1.0,28.3,NaN,0.0,1.0,7.4,NaN,0.0,1.0,NaN,NaN,NaN,24.0,296.0,NaN,0.0,1.0,29.0,0.0,1.0,0.0,-9.160833333333333,3.0,0.0,0.0,0.0,0.0,0.0,0.0,0.0,1.0,0.0,0.0,1.0,1.0,1.0,1.0,0.0,0.0,3.0,5.0,4.0,1.0,NaN,NaN,NaN
78.0,NaN,-2.0,0.0,98.0,NaN,0.0,0.0,36.39,NaN,0.0,3.0,77.0,NaN,-4.0,0.0,52.0,NaN,1.0,0.0,44.0,NaN,3.0,0.0,17.0,NaN,1.0,0.0,NaN,NaN,NaN,24.0,NaN,NaN,NaN,24.0,23.0,NaN,0.0,2.0,NaN,NaN,NaN,24.0,NaN,NaN,NaN,24.0,NaN,NaN,NaN,24.0,NaN,NaN,NaN,24.0,12.0,NaN,0.0,2.0,5.0,NaN,0.0,2.0,63.0,NaN,0.0,2.0,7.2,NaN,0.0,2.0,111.0,NaN,0.0,2.0,0.7,NaN,0.0,2.0,NaN,NaN,NaN,24.0,99.0,NaN,0.0,2.0,NaN,NaN,NaN,24.0,1.9,NaN,0.0,2.0,3.2,NaN,0.0,2.0,4.2,NaN,0.0,2.0,0.1,NaN,0.0,2.0,NaN,NaN,NaN,24.0,22.3,NaN,0.0,2.0,7.1,NaN,0.0,2.0,28.3,NaN,0.0,2.0,7.4,NaN,0.0,2.0,NaN,NaN,NaN,24.0,296.0,NaN,0.0,2.0,29.0,0.0,1.0,0.0,-9.160833333333333,4.0,0.0,0.0,0.0,0.0,0.0,0.0,0.0,1.0,0.0,0.0,1.0,1.0,1.0,1.0,0.0,0.0,3.0,5.0,4.0,1.0,NaN,NaN,NaN
76.0,NaN,-2.0,0.0,98.0,NaN,0.0,0.0,36.39,NaN,0.0,4.0,78.0,NaN,1.0,0.0,49.0,NaN,-3.0,0.0,40.0,NaN,-4.0,0.0,15.0,NaN,-2.0,0.0,NaN,NaN,NaN,24.0,NaN,NaN,NaN,24.0,23.0,NaN,0.0,3.0,NaN,NaN,NaN,24.0,NaN,NaN,NaN,24.0,NaN,NaN,NaN,24.0,NaN,NaN,NaN,24.0,12.0,NaN,0.0,3.0,5.0,NaN,0.0,3.0,63.0,NaN,0.0,3.0,7.2,NaN,0.0,3.0,111.0,NaN,0.0,3.0,0.7,NaN,0.0,3.0,NaN,NaN,NaN,24.0,99.0,NaN,0.0,3.0,NaN,NaN,NaN,24.0,1.9,NaN,0.0,3.0,3.2,NaN,0.0,3.0,4.2,NaN,0.0,3.0,0.1,NaN,0.0,3.0,NaN,NaN,NaN,24.0,22.3,NaN,0.0,3.0,7.1,NaN,0.0,3.0,28.3,NaN,0.0,3.0,7.4,NaN,0.0,3.0,NaN,NaN,NaN,24.0,296.0,NaN,0.0,3.0,29.0,0.0,1.0,0.0,-9.160833333333333,5.0,0.0,0.0,0.0,0.0,0.0,0.0,0.0,1.0,0.0,0.0,1.0,1.0,1.0,1.0,0.0,0.0,3.0,5.0,4.0,1.0,NaN,NaN,NaN
89.0,NaN,13.0,0.0,95.0,NaN,-3.0,0.0,36.39,NaN,0.0,5.0,86.0,NaN,8.0,0.0,54.0,NaN,5.0,0.0,44.0,NaN,4.0,0.0,19.0,NaN,4.0,0.0,NaN,NaN,NaN,24.0,NaN,NaN,NaN,24.0,23.0,NaN,0.0,4.0,NaN,NaN,NaN,24.0,NaN,NaN,NaN,24.0,NaN,NaN,NaN,24.0,NaN,NaN,NaN,24.0,12.0,NaN,0.0,4.0,5.0,NaN,0.0,4.0,63.0,NaN,0.0,4.0,7.2,NaN,0.0,4.0,111.0,NaN,0.0,4.0,0.7,NaN,0.0,4.0,NaN,NaN,NaN,24.0,99.0,NaN,0.0,4.0,NaN,NaN,NaN,24.0,1.9,NaN,0.0,4.0,3.2,NaN,0.0,4.0,4.2,NaN,0.0,4.0,0.1,NaN,0.0,4.0,NaN,NaN,NaN,24.0,22.3,NaN,0.0,4.0,7.1,NaN,0.0,4.0,28.3,NaN,0.0,4.0,7.4,NaN,0.0,4.0,NaN,NaN,NaN,24.0,296.0,NaN,0.0,4.0,29.0,0.0,1.0,0.0,-9.160833333333333,6.0,0.0,0.0,0.0,0.0,0.0,0.0,0.0,1.0,0.0,0.0,1.0,1.0,1.0,1.0,0.0,0.0,3.0,5.0,4.0,1.0,NaN,NaN,NaN
92.0,NaN,3.0,0.0,96.0,NaN,1.0,0.0,36.39,NaN,0.0,6.0,87.0,NaN,1.0,0.0,52.0,NaN,-2.0,0.0,41.0,NaN,-3.0,0.0,17.0,NaN,-2.0,0.0,NaN,NaN,NaN,24.0,NaN,NaN,NaN,24.0,23.0,NaN,0.0,5.0,NaN,NaN,NaN,24.0,NaN,NaN,NaN,24.0,NaN,NaN,NaN,24.0,NaN,NaN,NaN,24.0,12.0,NaN,0.0,5.0,5.0,NaN,0.0,5.0,63.0,NaN,0.0,5.0,7.2,NaN,0.0,5.0,111.0,NaN,0.0,5.0,0.7,NaN,0.0,5.0,NaN,NaN,NaN,24.0,99.0,NaN,0.0,5.0,NaN,NaN,NaN,24.0,1.9,NaN,0.0,5.0,3.2,NaN,0.0,5.0,4.2,NaN,0.0,5.0,0.1,NaN,0.0,5.0,NaN,NaN,NaN,24.0,22.3,NaN,0.0,5.0,7.1,NaN,0.0,5.0,28.3,NaN,0.0,5.0,7.4,NaN,0.0,5.0,NaN,NaN,NaN,24.0,296.0,NaN,0.0,5.0,29.0,0.0,1.0,0.0,-9.160833333333333,7.0,0.0,0.0,1.0,0.0,0.0,0.0,0.0,1.0,0.0,0.0,1.0,1.0,1.0,1.0,0.0,0.0,3.0,5.0,4.0,1.0,NaN,NaN,NaN
87.0,NaN,-5.0,0.0,97.0,NaN,1.0,0.0,35.44,NaN,-0.13571428571428612,0.0,98.0,NaN,11.0,0.0,61.0,NaN,9.0,0.0,50.0,NaN,9.0,0.0,18.0,NaN,1.0,0.0,NaN,NaN,NaN,24.0,NaN,NaN,NaN,24.0,23.0,NaN,0.0,6.0,NaN,NaN,NaN,24.0,NaN,NaN,NaN,24.0,NaN,NaN,NaN,24.0,NaN,NaN,NaN,24.0,12.0,NaN,0.0,6.0,5.0,NaN,0.0,6.0,63.0,NaN,0.0,6.0,7.2,NaN,0.0,6.0,111.0,NaN,0.0,6.0,0.7,NaN,0.0,6.0,NaN,NaN,NaN,24.0,99.0,NaN,0.0,6.0,NaN,NaN,NaN,24.0,1.9,NaN,0.0,6.0,3.2,NaN,0.0,6.0,4.2,NaN,0.0,6.0,0.1,NaN,0.0,6.0,NaN,NaN,NaN,24.0,22.3,NaN,0.0,6.0,7.1,NaN,0.0,6.0,28.3,NaN,0.0,6.0,7.4,NaN,0.0,6.0,NaN,NaN,NaN,24.0,296.0,NaN,0.0,6.0,29.0,0.0,1.0,0.0,-9.160833333333333,8.0,1.0,0.0,0.0,0.0,0.0,0.0,0.0,1.0,0.0,0.0,1.0,1.0,1.0,1.0,0.0,0.0,3.0,5.0,4.0,1.0,NaN,NaN,NaN
80.0,NaN,-7.0,0.0,97.0,NaN,0.0,0.0,35.44,NaN,-0.11875000000000036,1.0,100.0,NaN,2.0,0.0,68.0,NaN,7.0,0.0,58.0,NaN,8.0,0.0,19.0,NaN,1.0,0.0,NaN,NaN,NaN,24.0,NaN,NaN,NaN,24.0,23.0,NaN,0.0,7.0,NaN,NaN,NaN,24.0,NaN,NaN,NaN,24.0,NaN,NaN,NaN,24.0,NaN,NaN,NaN,24.0,12.0,NaN,0.0,7.0,5.0,NaN,0.0,7.0,63.0,NaN,0.0,7.0,7.2,NaN,0.0,7.0,111.0,NaN,0.0,7.0,0.7,NaN,0.0,7.0,NaN,NaN,NaN,24.0,99.0,NaN,0.0,7.0,NaN,NaN,NaN,24.0,1.9,NaN,0.0,7.0,3.2,NaN,0.0,7.0,4.2,NaN,0.0,7.0,0.1,NaN,0.0,7.0,NaN,NaN,NaN,24.0,22.3,NaN,0.0,7.0,7.1,NaN,0.0,7.0,28.3,NaN,0.0,7.0,7.4,NaN,0.0,7.0,NaN,NaN,NaN,24.0,296.0,NaN,0.0,7.0,29.0,0.0,1.0,0.0,-9.160833333333333,9.0,1.0,0.0,0.0,0.0,0.0,0.0,0.0,0.0,0.0,0.0,1.0,1.0,1.0,1.0,0.0,0.0,3.0,5.0,4.0,1.0,NaN,NaN,NaN
