64.0,NaN,NaN,24.0,97.6666666666667,NaN,NaN,24.0,36.44,NaN,NaN,24.0,133.0,NaN,NaN,24.0,96.0,NaN,NaN,24.0,85.0,NaN,NaN,24.0,12.6666666666667,NaN,NaN,24.0,NaN,NaN,NaN,24.0,NaN,NaN,NaN,24.0,NaN,NaN,NaN,24.0,NaN,NaN,NaN,24.0,NaN,NaN,NaN,24.0,NaN,NaN,NaN,24.0,NaN,NaN,NaN,24.0,NaN,NaN,NaN,24.0,NaN,NaN,NaN,24.0,NaN,NaN,NaN,24.0,NaN,NaN,NaN,24.0,NaN,NaN,NaN,24.0,NaN,NaN,NaN,24.0,NaN,NaN,NaN,24.0,NaN,NaN,NaN,24.0,NaN,NaN,NaN,24.0,NaN,NaN,NaN,24.0,NaN,NaN,NaN,24.0,NaN,NaN,NaN,24.0,NaN,NaN,NaN,24.0,NaN,NaN,NaN,24.0,NaN,NaN,NaN,24.0,NaN,NaN,NaN,24.0,NaN,NaN,NaN,24.0,NaN,NaN,NaN,24.0,NaN,NaN,NaN,24.0,NaN,NaN,NaN,24.0,66.0,1.0,-1.0,-1.0,-14.400833333333333,1.0,0.0,0.0,0.0,0.0,0.0,0.0,0.0,0.0,0.0,0.0,1.0,0.0,0.0,NaN,0.0,0.0,NaN,NaN,NaN,NaN,NaN,NaN,NaN
60.25,NaN,-3.75,0.0,98.75,NaN,1.0833333333333002,0.0,36.44,NaN,0.0,1.0,100.25,NaN,-32.75,0.0,70.25,NaN,-25.75,0.0,61.75,NaN,-23.25,0.0,15.0,NaN,2.3333333333333,0.0,NaN,NaN,NaN,24.0,NaN,NaN,NaN,24.0,25.0,NaN,0.0,0.0,NaN,NaN,NaN,24.0,NaN,NaN,NaN,24.0,NaN,NaN,NaN,24.0,NaN,NaN,NaN,24.0,NaN,NaN,NaN,24.0,25.0,NaN,0.0,0.0,NaN,NaN,NaN,24.0,8.1,NaN,0.0,0.0,110.0,NaN,0.0,0.0,1.1,NaN,0.0,0.0,NaN,NaN,NaN,24.0,116.0,NaN,0.0,0.0,NaN,NaN,NaN,24.0,1.9,NaN,0.0,0.0,2.3,NaN,0.0,0.0,4.1,NaN,0.0,0.0,NaN,NaN,NaN,24.0,NaN,NaN,NaN,24.0,40.6,NaN,0.0,0.0,12.9,NaN,0.0,0.0,NaN,NaN,NaN,24.0,9.6,NaN,0.0,0.0,NaN,NaN,NaN,24.0,312.0,NaN,0.0,0.0,66.0,1.0,-1.0,-1.0,-14.400833333333333,2.0,0.0,0.0,0.0,0.0,0.0,0.0,0.0,0.0,0.0,0.0,1.0,0.0,0.0,NaN,0.0,0.0,NaN,NaN,NaN,NaN,NaN,NaN,NaN
77.0,NaN,16.75,0.0,99.0,NaN,0.25,0.0,36.44,NaN,0.0,2.0,123.0,NaN,22.75,0.0,91.0,NaN,20.75,0.0,82.0,NaN,20.25,0.0,19.0,NaN,4.0,0.0,NaN,NaN,NaN,24.0,NaN,NaN,NaN,24.0,25.0,NaN,0.0,1.0,NaN,NaN,NaN,24.0,NaN,NaN,NaN,24.0,NaN,NaN,NaN,24.0,NaN,NaN,NaN,24.0,NaN,NaN,NaN,24.0,25.0,NaN,0.0,1.0,NaN,NaN,NaN,24.0,8.1,NaN,0.0,1.0,110.0,NaN,0.0,1.0,1.1,NaN,0.0,1.0,NaN,NaN,NaN,24.0,116.0,NaN,0.0,1.0,NaN,NaN,NaN,24.0,1.9,NaN,0.0,1.0,2.3,NaN,0.0,1.0,4.1,NaN,0.0,1.0,NaN,NaN,NaN,24.0,NaN,NaN,NaN,24.0,40.6,NaN,0.0,1.0,12.9,NaN,0.0,1.0,NaN,NaN,NaN,24.0,9.6,NaN,0.0,1.0,NaN,NaN,NaN,24.0,312.0,NaN,0.0,1.0,66.0,1.0,-1.0,-1.0,-14.400833333333333,3.0,0.0,0.0,0.0,0.0,0.0,0.0,0.0,0.0,0.0,0.0,1.0,0.0,0.0,NaN,0.0,0.0,NaN,NaN,NaN,NaN,NaN,NaN,NaN
75.0,NaN,-2.0,0.0,98.0,NaN,-1.0,0.0,36.44,NaN,0.0,3.0,133.0,NaN,10.0,0.0,93.0,NaN,2.0,0.0,80.0,NaN,-2.0,0.0,16.0,NaN,-3.0,0.0,NaN,NaN,NaN,24.0,NaN,NaN,NaN,24.0,25.0,NaN,0.0,2.0,NaN,NaN,NaN,24.0,NaN,NaN,NaN,24.0,NaN,NaN,NaN,24.0,NaN,NaN,NaN,24.0,NaN,NaN,NaN,24.0,25.0,NaN,0.0,2.0,NaN,NaN,NaN,24.0,8.1,NaN,0.0,2.0,110.0,NaN,0.0,2.0,1.1,NaN,0.0,2.0,NaN,NaN,NaN,24.0,116.0,NaN,0.0,2.0,NaN,NaN,NaN,24.0,1.9,NaN,0.0,2.0,2.3,NaN,0.0,2.0,4.1,NaN,0.0,2.0,NaN,NaN,NaN,24.0,NaN,NaN,NaN,24.0,40.6,NaN,0.0,2.0,12.9,NaN,0.0,2.0,NaN,NaN,NaN,24.0,9.6,NaN,0.0,2.0,NaN,NaN,NaN,24.0,312.0,NaN,0.0,2.0,66.0,1.0,-1.0,-1.0,-14.400833333333333,4.0,0.0,0.0,0.0,0.0,0.0,0.0,0.0,0.0,0.0,0.0,1.0,0.0,0.0,NaN,0.0,0.0,NaN,NaN,NaN,NaN,NaN,NaN,NaN
65.0,NaN,-10.0,0.0,100.0,NaN,2.0,0.0,36.44,NaN,0.0,4.0,127.0,NaN,-6.0,0.0,87.0,NaN,-6.0,0.0,74.0,NaN,-6.0,0.0,18.0,NaN,2.0,0.0,NaN,NaN,NaN,24.0,NaN,NaN,NaN,24.0,25.0,NaN,0.0,3.0,NaN,NaN,NaN,24.0,NaN,NaN,NaN,24.0,NaN,NaN,NaN,24.0,NaN,NaN,NaN,24.0,NaN,NaN,NaN,24.0,25.0,NaN,0.0,3.0,NaN,NaN,NaN,24.0,8.1,NaN,0.0,3.0,110.0,NaN,0.0,3.0,1.1,NaN,0.0,3.0,NaN,NaN,NaN,24.0,116.0,NaN,0.0,3.0,NaN,NaN,NaN,24.0,1.9,NaN,0.0,3.0,2.3,NaN,0.0,3.0,4.1,NaN,0.0,3.0,NaN,NaN,NaN,24.0,NaN,NaN,NaN,24.0,40.6,NaN,0.0,3.0,12.9,NaN,0.0,3.0,NaN,NaN,NaN,24.0,9.6,NaN,0.0,3.0,NaN,NaN,NaN,24.0,312.0,NaN,0.0,3.0,66.0,1.0,-1.0,-1.0,-14.400833333333333,5.0,0.0,0.0,0.0,0.0,0.0,0.0,0.0,0.0,0.0,0.0,1.0,0.0,0.0,NaN,0.0,0.0,NaN,NaN,NaN,NaN,NaN,NaN,NaN
69.0,NaN,4.0,0.0,99.0,NaN,-1.0,0.0,36.67,NaN,0.0460000000000008,0.0,108.0,NaN,-19.0,0.0,85.0,NaN,-2.0,0.0,78.0,NaN,4.0,0.0,18.0,NaN,0.0,0.0,NaN,NaN,NaN,24.0,NaN,NaN,NaN,24.0,25.0,NaN,0.0,4.0,NaN,NaN,NaN,24.0,NaN,NaN,NaN,24.0,NaN,NaN,NaN,24.0,NaN,NaN,NaN,24.0,NaN,NaN,NaN,24.0,25.0,NaN,0.0,4.0,NaN,NaN,NaN,24.0,8.1,NaN,0.0,4.0,110.0,NaN,0.0,4.0,1.1,NaN,0.0,4.0,NaN,NaN,NaN,24.0,116.0,NaN,0.0,4.0,NaN,NaN,NaN,24.0,1.9,NaN,0.0,4.0,2.3,NaN,0.0,4.0,4.1,NaN,0.0,4.0,NaN,NaN,NaN,24.0,NaN,NaN,NaN,24.0,40.6,NaN,0.0,4.0,12.9,NaN,0.0,4.0,NaN,NaN,NaN,24.0,9.6,NaN,0.0,4.0,NaN,NaN,NaN,24.0,312.0,NaN,0.0,4.0,66.0,1.0,-1.0,-1.0,-14.400833333333333,6.0,0.0,0.0,0.0,0.0,0.0,0.0,0.0,0.0,0.0,0.0,1.0,0.0,0.0,NaN,0.0,0.0,NaN,NaN,NaN,NaN,NaN,NaN,NaN
59.0,NaN,-10.0,0.0,96.0,NaN,-3.0,0.0,36.67,NaN,0.038333333333333997,1.0,96.0,NaN,-12.0,0.0,59.0,NaN,-26.0,0.0,46.0,NaN,-32.0,0.0,20.0,NaN,2.0,0.0,NaN,NaN,NaN,24.0,NaN,NaN,NaN,24.0,25.0,NaN,0.0,0.0,NaN,NaN,NaN,24.0,NaN,NaN,NaN,24.0,NaN,NaN,NaN,24.0,NaN,NaN,NaN,24.0,NaN,NaN,NaN,24.0,21.0,NaN,-0.8,0.0,NaN,NaN,NaN,24.0,7.9,NaN,-0.039999999999999855,0.0,109.0,NaN,-0.2,0.0,0.9,NaN,-0.040000000000000015,0.0,NaN,NaN,NaN,24.0,179.0,NaN,12.6,0.0,NaN,NaN,NaN,24.0,2.0,NaN,0.020000000000000018,0.0,2.8,NaN,0.1,0.0,3.9,NaN,-0.039999999999999945,0.0,NaN,NaN,NaN,24.0,0.01,NaN,0.0,0.0,40.0,NaN,-0.12000000000000029,0.0,12.9,NaN,0.0,0.0,25.9,NaN,0.0,0.0,9.2,NaN,-0.08000000000000007,0.0,NaN,NaN,NaN,24.0,288.0,NaN,-4.8,0.0,66.0,1.0,-1.0,-1.0,-14.400833333333333,7.0,0.0,0.0,0.0,0.0,0.0,0.0,0.0,1.0,0.0,0.0,1.0,0.0,0.0,NaN,0.0,0.0,NaN,NaN,NaN,NaN,NaN,NaN,NaN
81.0,NaN,22.0,0.0,99.0,NaN,3.0,0.0,36.67,NaN,0.032857142857143425,2.0,128.0,NaN,32.0,0.0,94.0,NaN,35.0,0.0,84.0,NaN,38.0,0.0,18.0,NaN,-2.0,0.0,NaN,NaN,NaN,24.0,NaN,NaN,NaN,24.0,25.0,NaN,0.0,1.0,NaN,NaN,NaN,24.0,NaN,NaN,NaN,24.0,NaN,NaN,NaN,24.0,NaN,NaN,NaN,24.0,NaN,NaN,NaN,24.0,21.0,NaN,-0.6666666666666666,1.0,NaN,NaN,NaN,24.0,7.9,NaN,-0.033333333333333215,1.0,109.0,NaN,-0.16666666666666666,1.0,0.9,NaN,-0.03333333333333335,1.0,NaN,NaN,NaN,24.0,179.0,NaN,10.5,1.0,NaN,NaN,NaN,24.0,2.0,NaN,0.01666666666666668,1.0,2.8,NaN,0.08333333333333333,1.0,3.9,NaN,-0.03333333333333329,1.0,NaN,NaN,NaN,24.0,0.01,NaN,0.0,1.0,40.0,NaN,-0.10000000000000024,1.0,12.9,NaN,0.0,1.0,25.9,NaN,0.0,1.0,9.2,NaN,-0.06666666666666672,1.0,NaN,NaN,NaN,24.0,288.0,NaN,-4.0,1.0,66.0,1.0,-1.0,-1.0,-14.400833333333333,8.0,0.0,0.0,0.0,0.0,0.0,0.0,0.0,0.0,0.0,0.0,1.0,0.0,0.0,NaN,0.0,0.0,NaN,NaN,NaN,NaN,NaN,NaN,NaN
53.0,NaN,-28.0,0.0,98.0,NaN,-1.0,0.0,36.67,NaN,0.028750000000000497,3.0,132.0,NaN,4.0,0.0,87.0,NaN,-7.0,0.0,74.0,NaN,-10.0,0.0,22.0,NaN,4.0,0.0,NaN,NaN,NaN,24.0,NaN,NaN,NaN,24.0,25.0,NaN,0.0,2.0,NaN,NaN,NaN,24.0,NaN,NaN,NaN,24.0,NaN,NaN,NaN,24.0,NaN,NaN,NaN,24.0,NaN,NaN,NaN,24.0,21.0,NaN,-0.5714285714285714,2.0,NaN,NaN,NaN,24.0,7.9,NaN,-0.02857142857142847,2.0,109.0,NaN,-0.14285714285714285,2.0,0.9,NaN,-0.02857142857142858,2.0,NaN,NaN,NaN,24.0,179.0,NaN,9.0,2.0,NaN,NaN,NaN,24.0,2.0,NaN,0.0142857142857143,2.0,2.8,NaN,0.07142857142857142,2.0,3.9,NaN,-0.028571428571428532,2.0,NaN,NaN,NaN,24.0,0.01,NaN,0.0,2.0,40.0,NaN,-0.08571428571428592,2.0,12.9,NaN,0.0,2.0,25.9,NaN,0.0,2.0,9.2,NaN,-0.0571428571428572,2.0,NaN,NaN,NaN,24.0,288.0,NaN,-3.4285714285714284,2.0,66.0,1.0,-1.0,-1.0,-14.400833333333333,9.0,0.0,1.0,0.0,0.0,0.0,0.0,0.0,0.0,0.0,0.0,1.0,0.0,0.0,NaN,0.0,0.0,NaN,NaN,NaN,NaN,NaN,NaN,NaN
67.0,NaN,14.0,0.0,98.0,NaN,0.0,0.0,36.83,NaN,0.03999999999999915,0.0,119.0,NaN,-13.0,0.0,77.0,NaN,-10.0,0.0,63.0,NaN,-11.0,0.0,23.0,NaN,1.0,0.0,NaN,NaN,NaN,24.0,NaN,NaN,NaN,24.0,25.0,NaN,0.0,3.0,NaN,NaN,NaN,24.0,NaN,NaN,NaN,24.0,NaN,NaN,NaN,24.0,NaN,NaN,NaN,24.0,NaN,NaN,NaN,24.0,21.0,NaN,-0.5,3.0,NaN,NaN,NaN,24.0,7.9,NaN,-0.02499999999999991,3.0,109.0,NaN,-0.125,3.0,0.9,NaN,-0.02500000000000001,3.0,NaN,NaN,NaN,24.0,179.0,NaN,7.875,3.0,NaN,NaN,NaN,24.0,2.0,NaN,0.012500000000000011,3.0,2.8,NaN,0.0625,3.0,3.9,NaN,-0.024999999999999967,3.0,NaN,NaN,NaN,24.0,0.01,NaN,0.0,3.0,40.0,NaN,-0.07500000000000018,3.0,12.9,NaN,0.0,3.0,25.9,NaN,0.0,3.0,9.2,NaN,-0.050000000000000044,3.0,NaN,NaN,NaN,24.0,288.0,NaN,-3.0,3.0,66.0,1.0,-1.0,-1.0,-14.400833333333333,10.0,0.0,1.0,0.0,0.0,0.0,0.0,0.0,0.0,0.0,0.0,1.0,0.0,0.0,NaN,0.0,0.0,NaN,NaN,NaN,NaN,NaN,NaN,NaN
