104.0,NaN,NaN,24.0,94.0,NaN,NaN,24.0,NaN,NaN,NaN,24.0,159.0,NaN,NaN,24.0,100.0,NaN,NaN,24.0,79.0,NaN,NaN,24.0,17.0,NaN,NaN,24.0,NaN,NaN,NaN,24.0,NaN,NaN,NaN,24.0,NaN,NaN,NaN,24.0,0.5,NaN,NaN,24.0,NaN,NaN,NaN,24.0,NaN,NaN,NaN,24.0,NaN,NaN,NaN,24.0,NaN,NaN,NaN,24.0,NaN,NaN,NaN,24.0,NaN,NaN,NaN,24.0,NaN,NaN,NaN,24.0,NaN,NaN,NaN,24.0,NaN,NaN,NaN,24.0,NaN,NaN,NaN,24.0,NaN,NaN,NaN,24.0,NaN,NaN,NaN,24.0,NaN,NaN,NaN,24.0,NaN,NaN,NaN,24.0,NaN,NaN,NaN,24.0,NaN,NaN,NaN,24.0,NaN,NaN,NaN,24.0,NaN,NaN,NaN,24.0,NaN,NaN,NaN,24.0,NaN,NaN,NaN,24.0,NaN,NaN,NaN,24.0,NaN,NaN,NaN,24.0,NaN,NaN,NaN,24.0,68.0,0.0,1.0,0.0,-17.171944444444446,1.0,0.0,0.0,1.0,0.0,2.0,0.0,0.0,0.0,0.0,0.0,0.0,0.0,1.0,1.0,0.0,0.0,NaN,12.0,12.0,12.0,NaN,NaN,NaN
109.0,NaN,5.0,0.0,94.0,NaN,0.0,0.0,NaN,NaN,NaN,24.0,157.0,NaN,-2.0,0.0,104.0,NaN,4.0,0.0,86.0,NaN,7.0,0.0,15.0,NaN,-2.0,0.0,NaN,NaN,NaN,24.0,NaN,NaN,NaN,24.0,26.0,NaN,0.0,0.0,0.5,NaN,0.0,1.0,NaN,NaN,NaN,24.0,NaN,NaN,NaN,24.0,NaN,NaN,NaN,24.0,NaN,NaN,NaN,24.0,28.0,NaN,0.0,0.0,NaN,NaN,NaN,24.0,10.0,NaN,0.0,0.0,102.0,NaN,0.0,0.0,1.0,NaN,0.0,0.0,NaN,NaN,NaN,24.0,130.0,NaN,0.0,0.0,NaN,NaN,NaN,24.0,1.7,NaN,0.0,0.0,4.5,NaN,0.0,0.0,3.9,NaN,0.0,0.0,NaN,NaN,NaN,24.0,NaN,NaN,NaN,24.0,38.8,NaN,0.0,0.0,14.1,NaN,0.0,0.0,30.2,NaN,0.0,0.0,9.9,NaN,0.0,0.0,NaN,NaN,NaN,24.0,232.0,NaN,0.0,0.0,68.0,0.0,1.0,0.0,-17.171944444444446,2.0,0.0,0.0,1.0,0.0,0.0,0.0,0.0,0.0,0.0,0.0,1.0,0.0,1.0,1.0,0.0,0.0,NaN,12.0,12.0,12.0,NaN,NaN,NaN
102.0,NaN,-7.0,0.0,92.0,NaN,-2.0,0.0,36.56,NaN,0.0,0.0,146.0,NaN,-11.0,0.0,92.0,NaN,-12.0,0.0,73.0,NaN,-13.0,0.0,18.0,NaN,3.0,0.0,NaN,NaN,NaN,24.0,NaN,NaN,NaN,24.0,26.0,NaN,0.0,1.0,0.5,NaN,0.0,2.0,NaN,NaN,NaN,24.0,NaN,NaN,NaN,24.0,NaN,NaN,NaN,24.0,NaN,NaN,NaN,24.0,28.0,NaN,0.0,1.0,NaN,NaN,NaN,24.0,10.0,NaN,0.0,1.0,102.0,NaN,0.0,1.0,1.0,NaN,0.0,1.0,NaN,NaN,NaN,24.0,130.0,NaN,0.0,1.0,NaN,NaN,NaN,24.0,1.7,NaN,0.0,1.0,4.5,NaN,0.0,1.0,3.9,NaN,0.0,1.0,NaN,NaN,NaN,24.0,NaN,NaN,NaN,24.0,38.8,NaN,0.0,1.0,14.1,NaN,0.0,1.0,30.2,NaN,0.0,1.0,9.9,NaN,0.0,1.0,NaN,NaN,NaN,24.0,232.0,NaN,0.0,1.0,68.0,0.0,1.0,0.0,-17.171944444444446,3.0,0.0,0.0,1.0,0.0,0.0,0.0,0.0,0.0,0.0,0.0,1.0,0.0,1.0,1.0,0.0,0.0,NaN,12.0,12.0,12.0,NaN,NaN,NaN
100.0,NaN,-2.0,0.0,90.0,NaN,-2.0,0.0,36.56,NaN,0.0,1.0,133.0,NaN,-13.0,0.0,83.0,NaN,-9.0,0.0,68.0,NaN,-5.0,0.0,21.0,NaN,3.0,0.0,NaN,NaN,NaN,24.0,NaN,NaN,NaN,24.0,26.0,NaN,0.0,2.0,0.7,NaN,0.06666666666666665,0.0,NaN,NaN,NaN,24.0,NaN,NaN,NaN,24.0,NaN,NaN,NaN,24.0,NaN,NaN,NaN,24.0,28.0,NaN,0.0,2.0,NaN,NaN,NaN,24.0,10.0,NaN,0.0,2.0,102.0,NaN,0.0,2.0,1.0,NaN,0.0,2.0,NaN,NaN,NaN,24.0,130.0,NaN,0.0,2.0,NaN,NaN,NaN,24.0,1.7,NaN,0.0,2.0,4.5,NaN,0.0,2.0,3.9,NaN,0.0,2.0,NaN,NaN,NaN,24.0,NaN,NaN,NaN,24.0,38.8,NaN,0.0,2.0,14.1,NaN,0.0,2.0,30.2,NaN,0.0,2.0,9.9,NaN,0.0,2.0,NaN,NaN,NaN,24.0,232.0,NaN,0.0,2.0,68.0,0.0,1.0,0.0,-17.171944444444446,4.0,0.0,1.0,1.0,0.0,3.0,0.0,0.0,0.0,0.0,0.0,0.0,0.0,1.0,1.0,0.0,0.0,NaN,12.0,12.0,12.0,NaN,NaN,NaN
87.0,NaN,-13.0,0.0,91.0,NaN,1.0,0.0,36.56,NaN,0.0,2.0,105.0,NaN,-28.0,0.0,70.0,NaN,-13.0,0.0,59.0,NaN,-9.0,0.0,18.0,NaN,-3.0,0.0,NaN,NaN,NaN,24.0,NaN,NaN,NaN,24.0,26.0,NaN,0.0,3.0,0.7,NaN,0.04999999999999999,1.0,NaN,NaN,NaN,24.0,NaN,NaN,NaN,24.0,NaN,NaN,NaN,24.0,NaN,NaN,NaN,24.0,28.0,NaN,0.0,3.0,NaN,NaN,NaN,24.0,10.0,NaN,0.0,3.0,102.0,NaN,0.0,3.0,1.0,NaN,0.0,3.0,NaN,NaN,NaN,24.0,130.0,NaN,0.0,3.0,NaN,NaN,NaN,24.0,1.7,NaN,0.0,3.0,4.5,NaN,0.0,3.0,3.9,NaN,0.0,3.0,NaN,NaN,NaN,24.0,NaN,NaN,NaN,24.0,38.8,NaN,0.0,3.0,14.1,NaN,0.0,3.0,30.2,NaN,0.0,3.0,9.9,NaN,0.0,3.0,NaN,NaN,NaN,24.0,232.0,NaN,0.0,3.0,68.0,0.0,1.0,0.0,-17.171944444444446,5.0,0.0,0.0,0.0,0.0,0.0,0.0,0.0,0.0,0.0,0.0,1.0,0.0,1.0,1.0,0.0,0.0,NaN,12.0,12.0,12.0,NaN,NaN,NaN
85.0,NaN,-2.0,0.0,93.0,NaN,2.0,0.0,36.44,NaN,-0.040000000000001514,0.0,114.0,NaN,9.0,0.0,69.0,NaN,-1.0,0.0,55.0,NaN,-4.0,0.0,16.0,NaN,-2.0,0.0,NaN,NaN,NaN,24.0,NaN,NaN,NaN,24.0,26.0,NaN,0.0,4.0,0.7,NaN,0.039999999999999994,2.0,NaN,NaN,NaN,24.0,NaN,NaN,NaN,24.0,NaN,NaN,NaN,24.0,NaN,NaN,NaN,24.0,28.0,NaN,0.0,4.0,NaN,NaN,NaN,24.0,10.0,NaN,0.0,4.0,102.0,NaN,0.0,4.0,1.0,NaN,0.0,4.0,NaN,NaN,NaN,24.0,130.0,NaN,0.0,4.0,NaN,NaN,NaN,24.0,1.7,NaN,0.0,4.0,4.5,NaN,0.0,4.0,3.9,NaN,0.0,4.0,NaN,NaN,NaN,24.0,NaN,NaN,NaN,24.0,38.8,NaN,0.0,4.0,14.1,NaN,0.0,4.0,30.2,NaN,0.0,4.0,9.9,NaN,0.0,4.0,NaN,NaN,NaN,24.0,232.0,NaN,0.0,4.0,68.0,0.0,1.0,0.0,-17.171944444444446,6.0,0.0,0.0,0.0,0.0,0.0,0.0,0.0,0.0,0.0,0.0,1.0,0.0,1.0,1.0,0.0,0.0,NaN,12.0,12.0,12.0,NaN,NaN,NaN
87.0,NaN,2.0,0.0,91.0,NaN,-2.0,0.0,36.44,NaN,-0.030000000000001137,1.0,125.0,NaN,11.0,0.0,93.0,NaN,24.0,0.0,82.0,NaN,27.0,0.0,19.0,NaN,3.0,0.0,NaN,NaN,NaN,24.0,NaN,NaN,NaN,24.0,26.0,NaN,0.0,5.0,0.7,NaN,0.033333333333333326,3.0,NaN,NaN,NaN,24.0,NaN,NaN,NaN,24.0,NaN,NaN,NaN,24.0,NaN,NaN,NaN,24.0,28.0,NaN,0.0,5.0,NaN,NaN,NaN,24.0,10.0,NaN,0.0,5.0,102.0,NaN,0.0,5.0,1.0,NaN,0.0,5.0,NaN,NaN,NaN,24.0,130.0,NaN,0.0,5.0,NaN,NaN,NaN,24.0,1.7,NaN,0.0,5.0,4.5,NaN,0.0,5.0,3.9,NaN,0.0,5.0,NaN,NaN,NaN,24.0,NaN,NaN,NaN,24.0,38.8,NaN,0.0,5.0,14.1,NaN,0.0,5.0,30.2,NaN,0.0,5.0,9.9,NaN,0.0,5.0,NaN,NaN,NaN,24.0,232.0,NaN,0.0,5.0,68.0,0.0,1.0,0.0,-17.171944444444446,7.0,0.0,0.0,0.0,0.0,0.0,0.0,0.0,0.0,0.0,0.0,1.0,0.0,1.0,1.0,0.0,0.0,NaN,12.0,12.0,12.0,NaN,NaN,NaN
86.0,NaN,-1.0,0.0,93.0,NaN,2.0,0.0,36.44,NaN,-0.02400000000000091,2.0,129.0,NaN,4.0,0.0,81.0,NaN,-12.0,0.0,65.0,NaN,-17.0,0.0,19.0,NaN,0.0,0.0,NaN,NaN,NaN,24.0,NaN,NaN,NaN,24.0,26.0,NaN,0.0,6.0,0.7,NaN,0.028571428571428564,4.0,NaN,NaN,NaN,24.0,NaN,NaN,NaN,24.0,NaN,NaN,NaN,24.0,NaN,NaN,NaN,24.0,28.0,NaN,0.0,6.0,NaN,NaN,NaN,24.0,10.0,NaN,0.0,6.0,102.0,NaN,0.0,6.0,1.0,NaN,0.0,6.0,NaN,NaN,NaN,24.0,130.0,NaN,0.0,6.0,NaN,NaN,NaN,24.0,1.7,NaN,0.0,6.0,4.5,NaN,0.0,6.0,3.9,NaN,0.0,6.0,NaN,NaN,NaN,24.0,NaN,NaN,NaN,24.0,38.8,NaN,0.0,6.0,14.1,NaN,0.0,6.0,30.2,NaN,0.0,6.0,9.9,NaN,0.0,6.0,NaN,NaN,NaN,24.0,232.0,NaN,0.0,6.0,68.0,0.0,1.0,0.0,-17.171944444444446,8.0,0.0,0.0,0.0,0.0,0.0,0.0,0.0,0.0,0.0,0.0,1.0,0.0,1.0,1.0,0.0,0.0,NaN,12.0,12.0,12.0,NaN,NaN,NaN
91.6666666666667,NaN,5.6666666666667,0.0,93.6666666666667,NaN,0.6666666666666998,0.0,36.44,NaN,-0.020000000000000757,3.0,132.5,NaN,3.5,0.0,84.0,NaN,3.0,0.0,67.0,NaN,2.0,0.0,17.6666666666667,NaN,-1.3333333333333002,0.0,NaN,NaN,NaN,24.0,NaN,NaN,NaN,24.0,26.0,NaN,0.0,7.0,0.7,NaN,0.024999999999999994,5.0,NaN,NaN,NaN,24.0,NaN,NaN,NaN,24.0,NaN,NaN,NaN,24.0,NaN,NaN,NaN,24.0,28.0,NaN,0.0,7.0,NaN,NaN,NaN,24.0,10.0,NaN,0.0,7.0,102.0,NaN,0.0,7.0,1.0,NaN,0.0,7.0,NaN,NaN,NaN,24.0,130.0,NaN,0.0,7.0,NaN,NaN,NaN,24.0,1.7,NaN,0.0,7.0,4.5,NaN,0.0,7.0,3.9,NaN,0.0,7.0,NaN,NaN,NaN,24.0,NaN,NaN,NaN,24.0,38.8,NaN,0.0,7.0,14.1,NaN,0.0,7.0,30.2,NaN,0.0,7.0,9.9,NaN,0.0,7.0,NaN,NaN,NaN,24.0,232.0,NaN,0.0,7.0,68.0,0.0,1.0,0.0,-17.171944444444446,9.0,0.0,0.0,1.0,0.0,0.0,0.0,0.0,0.0,0.0,0.0,1.0,1.0,1.0,1.0,0.0,0.0,NaN,12.0,12.0,12.0,NaN,NaN,NaN
118.25,NaN,26.5833333333333,0.0,85.25,NaN,-8.4166666666667,0.0,36.44,NaN,-0.017142857142857792,4.0,146.666666666667,NaN,14.166666666666998,0.0,100.25,NaN,16.25,0.0,86.3333333333333,NaN,19.3333333333333,0.0,21.5,NaN,3.8333333333333,0.0,NaN,NaN,NaN,24.0,NaN,NaN,NaN,24.0,26.0,NaN,0.0,8.0,0.7,NaN,0.022222222222222216,6.0,NaN,NaN,NaN,24.0,NaN,NaN,NaN,24.0,NaN,NaN,NaN,24.0,NaN,NaN,NaN,24.0,28.0,NaN,0.0,8.0,NaN,NaN,NaN,24.0,10.0,NaN,0.0,8.0,102.0,NaN,0.0,8.0,1.0,NaN,0.0,8.0,NaN,NaN,NaN,24.0,130.0,NaN,0.0,8.0,NaN,NaN,NaN,24.0,1.7,NaN,0.0,8.0,4.5,NaN,0.0,8.0,3.9,NaN,0.0,8.0,NaN,NaN,NaN,24.0,NaN,NaN,NaN,24.0,38.8,NaN,0.0,8.0,14.1,NaN,0.0,8.0,30.2,NaN,0.0,8.0,9.9,NaN,0.0,8.0,NaN,NaN,NaN,24.0,232.0,NaN,0.0,8.0,68.0,0.0,1.0,0.0,-17.171944444444446,10.0,0.0,1.0,1.0,0.0,0.0,0.0,0.0,0.0,0.0,0.0,1.0,1.0,1.0,1.0,0.0,0.0,NaN,12.0,12.0,12.0,NaN,NaN,NaN
88.0,NaN,-30.25,0.0,93.25,NaN,8.0,0.0,35.78,NaN,-0.1319999999999993,0.0,106.0,NaN,-40.666666666667,0.0,68.5,NaN,-31.75,0.0,57.5,NaN,-28.8333333333333,0.0,17.5,NaN,-4.0,0.0,NaN,NaN,NaN,24.0,NaN,NaN,NaN,24.0,26.0,NaN,0.0,9.0,1.0,NaN,0.042857142857142864,0.0,NaN,NaN,NaN,24.0,NaN,NaN,NaN,24.0,NaN,NaN,NaN,24.0,NaN,NaN,NaN,24.0,28.0,NaN,0.0,9.0,NaN,NaN,NaN,24.0,10.0,NaN,0.0,9.0,102.0,NaN,0.0,9.0,1.0,NaN,0.0,9.0,NaN,NaN,NaN,24.0,130.0,NaN,0.0,9.0,NaN,NaN,NaN,24.0,1.7,NaN,0.0,9.0,4.5,NaN,0.0,9.0,3.9,NaN,0.0,9.0,NaN,NaN,NaN,24.0,NaN,NaN,NaN,24.0,38.8,NaN,0.0,9.0,14.1,NaN,0.0,9.0,30.2,NaN,0.0,9.0,9.9,NaN,0.0,9.0,NaN,NaN,NaN,24.0,232.0,NaN,0.0,9.0,68.0,0.0,1.0,0.0,-17.171944444444446,11.0,1.0,0.0,0.0,0.0,3.0,0.0,0.0,0.0,0.0,0.0,0.0,1.0,1.0,1.0,0.0,0.0,NaN,12.0,12.0,12.0,NaN,NaN,NaN
88.0,NaN,0.0,0.0,87.0,NaN,-6.25,0.0,38.11,NaN,2.3299999999999983,0.0,87.0,NaN,-19.0,0.0,43.0,NaN,-25.5,0.0,35.0,NaN,-22.5,0.0,16.0,NaN,-1.5,0.0,NaN,NaN,NaN,24.0,NaN,NaN,NaN,24.0,26.0,NaN,0.0,10.0,1.0,NaN,0.037500000000000006,1.0,NaN,NaN,NaN,24.0,NaN,NaN,NaN,24.0,NaN,NaN,NaN,24.0,NaN,NaN,NaN,24.0,28.0,NaN,0.0,10.0,NaN,NaN,NaN,24.0,10.0,NaN,0.0,10.0,102.0,NaN,0.0,10.0,1.0,NaN,0.0,10.0,NaN,NaN,NaN,24.0,130.0,NaN,0.0,10.0,NaN,NaN,NaN,24.0,1.7,NaN,0.0,10.0,4.5,NaN,0.0,10.0,3.9,NaN,0.0,10.0,NaN,NaN,NaN,24.0,NaN,NaN,NaN,24.0,38.8,NaN,0.0,10.0,14.1,NaN,0.0,10.0,30.2,NaN,0.0,10.0,9.9,NaN,0.0,10.0,NaN,NaN,NaN,24.0,232.0,NaN,0.0,10.0,68.0,0.0,1.0,0.0,-17.171944444444446,12.0,1.0,0.0,0.0,0.0,0.0,0.0,0.0,1.0,0.0,0.0,1.0,1.0,1.0,1.0,0.0,0.0,NaN,12.0,12.0,12.0,NaN,NaN,NaN
86.0,NaN,-2.0,0.0,95.0,NaN,8.0,0.0,38.11,NaN,1.1649999999999991,1.0,100.0,NaN,13.0,0.0,53.0,NaN,10.0,0.0,36.0,NaN,1.0,0.0,16.0,NaN,0.0,0.0,NaN,NaN,NaN,24.0,NaN,NaN,NaN,24.0,26.0,NaN,0.0,11.0,0.6,NaN,-0.2,0.0,NaN,NaN,NaN,24.0,NaN,NaN,NaN,24.0,NaN,NaN,NaN,24.0,NaN,NaN,NaN,24.0,28.0,NaN,0.0,11.0,NaN,NaN,NaN,24.0,10.0,NaN,0.0,11.0,102.0,NaN,0.0,11.0,1.0,NaN,0.0,11.0,NaN,NaN,NaN,24.0,130.0,NaN,0.0,11.0,NaN,NaN,NaN,24.0,1.7,NaN,0.0,11.0,4.5,NaN,0.0,11.0,3.9,NaN,0.0,11.0,NaN,NaN,NaN,24.0,NaN,NaN,NaN,24.0,38.8,NaN,0.0,11.0,14.1,NaN,0.0,11.0,30.2,NaN,0.0,11.0,9.9,NaN,0.0,11.0,NaN,NaN,NaN,24.0,232.0,NaN,0.0,11.0,68.0,0.0,1.0,0.0,-17.171944444444446,13.0,1.0,0.0,0.0,0.0,2.0,0.0,0.0,1.0,0.0,0.0,1.0,1.0,1.0,1.0,0.0,0.0,NaN,12.0,12.0,12.0,NaN,NaN,NaN
80.0,NaN,-6.0,0.0,94.0,NaN,-1.0,0.0,38.11,NaN,0.7766666666666661,2.0,130.0,NaN,30.0,0.0,89.0,NaN,36.0,0.0,76.0,NaN,40.0,0.0,19.0,NaN,3.0,0.0,NaN,NaN,NaN,24.0,NaN,NaN,NaN,24.0,24.0,NaN,-0.16666666666666666,0.0,0.6,NaN,-0.13333333333333333,1.0,NaN,NaN,NaN,24.0,NaN,NaN,NaN,24.0,NaN,NaN,NaN,24.0,NaN,NaN,NaN,24.0,27.0,NaN,-0.08333333333333333,0.0,NaN,NaN,NaN,24.0,7.7,NaN,-0.19166666666666665,0.0,110.0,NaN,0.6666666666666666,0.0,1.1,NaN,0.00833333333333334,0.0,NaN,NaN,NaN,24.0,109.0,NaN,-1.75,0.0,NaN,NaN,NaN,24.0,2.0,NaN,0.025000000000000005,0.0,4.5,NaN,0.0,0.0,4.1,NaN,0.016666666666666646,0.0,NaN,NaN,NaN,24.0,0.04,NaN,0.0,0.0,38.8,NaN,0.0,12.0,14.1,NaN,0.0,12.0,35.8,NaN,0.4666666666666665,0.0,9.9,NaN,0.0,12.0,NaN,NaN,NaN,24.0,232.0,NaN,0.0,12.0,68.0,0.0,1.0,0.0,-17.171944444444446,14.0,1.0,0.0,0.0,0.0,0.0,0.0,0.0,0.0,0.0,0.0,1.0,1.0,1.0,1.0,0.0,0.0,NaN,12.0,12.0,12.0,NaN,NaN,NaN
80.0,NaN,0.0,0.0,97.0,NaN,3.0,0.0,37.44,NaN,-0.2233333333333339,0.0,99.0,NaN,-31.0,0.0,71.0,NaN,-18.0,0.0,63.0,NaN,-13.0,0.0,19.5,NaN,0.5,0.0,NaN,NaN,NaN,24.0,NaN,NaN,NaN,24.0,24.0,NaN,-0.15384615384615385,1.0,0.6,NaN,0.0,0.0,NaN,NaN,NaN,24.0,NaN,NaN,NaN,24.0,NaN,NaN,NaN,24.0,NaN,NaN,NaN,24.0,27.0,NaN,-0.07692307692307693,1.0,NaN,NaN,NaN,24.0,7.7,NaN,-0.1769230769230769,1.0,110.0,NaN,0.6153846153846154,1.0,1.1,NaN,0.007692307692307699,1.0,NaN,NaN,NaN,24.0,109.0,NaN,-1.6153846153846154,1.0,NaN,NaN,NaN,24.0,2.0,NaN,0.02307692307692308,1.0,4.5,NaN,0.0,1.0,4.1,NaN,0.015384615384615365,1.0,NaN,NaN,NaN,24.0,0.04,NaN,0.0,1.0,38.5,NaN,-0.02307692307692286,0.0,12.9,NaN,-0.09230769230769226,0.0,35.8,NaN,0.4307692307692306,1.0,13.2,NaN,0.2538461538461538,0.0,NaN,NaN,NaN,24.0,282.0,NaN,3.8461538461538463,0.0,68.0,0.0,1.0,0.0,-17.171944444444446,15.0,0.0,0.0,0.0,1.0,2.0,0.0,0.0,0.0,0.0,0.0,0.0,1.0,1.0,1.0,0.0,0.0,NaN,12.0,12.0,12.0,NaN,NaN,NaN
76.0,NaN,-4.0,0.0,94.0,NaN,-3.0,0.0,37.44,NaN,-0.16750000000000043,1.0,93.0,NaN,-6.0,0.0,65.0,NaN,-6.0,0.0,55.0,NaN,-8.0,0.0,18.0,NaN,-1.5,0.0,NaN,NaN,NaN,24.0,NaN,NaN,NaN,24.0,24.0,NaN,-0.14285714285714285,2.0,0.6,NaN,0.0,1.0,NaN,NaN,NaN,24.0,NaN,NaN,NaN,24.0,NaN,NaN,NaN,24.0,NaN,NaN,NaN,24.0,27.0,NaN,-0.07142857142857142,2.0,NaN,NaN,NaN,24.0,7.7,NaN,-0.16428571428571428,2.0,110.0,NaN,0.5714285714285714,2.0,1.1,NaN,0.00714285714285715,2.0,NaN,NaN,NaN,24.0,109.0,NaN,-1.5,2.0,NaN,NaN,NaN,24.0,2.0,NaN,0.021428571428571432,2.0,4.5,NaN,0.0,2.0,4.1,NaN,0.014285714285714266,2.0,NaN,NaN,NaN,24.0,0.04,NaN,0.0,2.0,38.5,NaN,-0.021428571428571224,1.0,12.9,NaN,-0.08571428571428566,1.0,35.8,NaN,0.39999999999999986,2.0,13.2,NaN,0.23571428571428563,1.0,NaN,NaN,NaN,24.0,282.0,NaN,3.5714285714285716,1.0,68.0,0.0,1.0,0.0,-17.171944444444446,16.0,0.0,0.0,0.0,1.0,0.0,0.0,0.0,1.0,0.0,0.0,1.0,1.0,1.0,1.0,0.0,0.0,NaN,12.0,12.0,12.0,NaN,NaN,NaN
