NaN,NaN,NaN,24.0,NaN,NaN,NaN,24.0,NaN,NaN,NaN,24.0,NaN,NaN,NaN,24.0,NaN,NaN,NaN,24.0,NaN,NaN,NaN,24.0,NaN,NaN,NaN,24.0,NaN,NaN,NaN,24.0,NaN,NaN,NaN,24.0,NaN,NaN,NaN,24.0,NaN,NaN,NaN,24.0,NaN,NaN,NaN,24.0,NaN,NaN,NaN,24.0,NaN,NaN,NaN,24.0,NaN,NaN,NaN,24.0,NaN,NaN,NaN,24.0,NaN,NaN,NaN,24.0,NaN,NaN,NaN,24.0,NaN,NaN,NaN,24.0,NaN,NaN,NaN,24.0,NaN,NaN,NaN,24.0,NaN,NaN,NaN,24.0,NaN,NaN,NaN,24.0,NaN,NaN,NaN,24.0,NaN,NaN,NaN,24.0,NaN,NaN,NaN,24.0,NaN,NaN,NaN,24.0,NaN,NaN,NaN,24.0,NaN,NaN,NaN,24.0,NaN,NaN,NaN,24.0,NaN,NaN,NaN,24.0,NaN,NaN,NaN,24.0,NaN,NaN,NaN,24.0,NaN,NaN,NaN,24.0,39.0,1.0,0.0,1.0,-7.986666666666666,1.0,0.0,0.0,0.0,0.0,0.0,0.0,0.0,0.0,0.0,0.0,1.0,0.0,0.0,NaN,0.0,0.0,NaN,NaN,NaN,NaN,NaN,NaN,NaN
89.0,NaN,0.0,0.0,97.0,NaN,0.0,0.0,NaN,NaN,NaN,24.0,155.0,NaN,0.0,0.0,91.0,NaN,0.0,0.0,72.0,NaN,0.0,0.0,14.0,NaN,0.0,0.0,NaN,NaN,NaN,24.0,NaN,NaN,NaN,24.0,NaN,NaN,NaN,24.0,NaN,NaN,NaN,24.0,NaN,NaN,NaN,24.0,NaN,NaN,NaN,24.0,NaN,NaN,NaN,24.0,NaN,NaN,NaN,24.0,NaN,NaN,NaN,24.0,NaN,NaN,NaN,24.0,NaN,NaN,NaN,24.0,NaN,NaN,NaN,24.0,NaN,NaN,NaN,24.0,NaN,NaN,NaN,24.0,NaN,NaN,NaN,24.0,NaN,NaN,NaN,24.0,NaN,NaN,NaN,24.0,NaN,NaN,NaN,24.0,NaN,NaN,NaN,24.0,NaN,NaN,NaN,24.0,NaN,NaN,NaN,24.0,NaN,NaN,NaN,24.0,NaN,NaN,NaN,24.0,NaN,NaN,NaN,24.0,NaN,NaN,NaN,24.0,NaN,NaN,NaN,24.0,NaN,NaN,NaN,24.0,39.0,1.0,0.0,1.0,-7.986666666666666,2.0,0.0,0.0,0.0,0.0,0.0,0.0,0.0,0.0,0.0,0.0,1.0,0.0,0.0,NaN,0.0,0.0,NaN,NaN,NaN,NaN,NaN,NaN,NaN
85.0,NaN,-4.0,0.0,94.0,NaN,-3.0,0.0,37.33,NaN,0.0,0.0,152.0,NaN,-3.0,0.0,94.0,NaN,3.0,0.0,75.0,NaN,3.0,0.0,14.0,NaN,0.0,0.0,NaN,NaN,NaN,24.0,NaN,NaN,NaN,24.0,NaN,NaN,NaN,24.0,NaN,NaN,NaN,24.0,NaN,NaN,NaN,24.0,NaN,NaN,NaN,24.0,NaN,NaN,NaN,24.0,NaN,NaN,NaN,24.0,NaN,NaN,NaN,24.0,NaN,NaN,NaN,24.0,NaN,NaN,NaN,24.0,NaN,NaN,NaN,24.0,NaN,NaN,NaN,24.0,NaN,NaN,NaN,24.0,NaN,NaN,NaN,24.0,NaN,NaN,NaN,24.0,NaN,NaN,NaN,24.0,NaN,NaN,NaN,24.0,NaN,NaN,NaN,24.0,NaN,NaN,NaN,24.0,NaN,NaN,NaN,24.0,NaN,NaN,NaN,24.0,NaN,NaN,NaN,24.0,NaN,NaN,NaN,24.0,NaN,NaN,NaN,24.0,NaN,NaN,NaN,24.0,NaN,NaN,NaN,24.0,39.0,1.0,0.0,1.0,-7.986666666666666,3.0,0.0,0.0,0.0,0.0,0.0,0.0,0.0,0.0,0.0,0.0,1.0,0.0,0.0,NaN,0.0,0.0,NaN,NaN,NaN,NaN,NaN,NaN,NaN
84.0,NaN,-1.0,0.0,97.0,NaN,3.0,0.0,37.33,NaN,0.0,1.0,157.0,NaN,5.0,0.0,95.0,NaN,1.0,0.0,76.0,NaN,1.0,0.0,18.0,NaN,4.0,0.0,NaN,NaN,NaN,24.0,NaN,NaN,NaN,24.0,NaN,NaN,NaN,24.0,NaN,NaN,NaN,24.0,NaN,NaN,NaN,24.0,NaN,NaN,NaN,24.0,NaN,NaN,NaN,24.0,NaN,NaN,NaN,24.0,NaN,NaN,NaN,24.0,NaN,NaN,NaN,24.0,NaN,NaN,NaN,24.0,NaN,NaN,NaN,24.0,NaN,NaN,NaN,24.0,NaN,NaN,NaN,24.0,NaN,NaN,NaN,24.0,NaN,NaN,NaN,24.0,NaN,NaN,NaN,24.0,NaN,NaN,NaN,24.0,NaN,NaN,NaN,24.0,NaN,NaN,NaN,24.0,NaN,NaN,NaN,24.0,NaN,NaN,NaN,24.0,NaN,NaN,NaN,24.0,NaN,NaN,NaN,24.0,NaN,NaN,NaN,24.0,NaN,NaN,NaN,24.0,NaN,NaN,NaN,24.0,39.0,1.0,0.0,1.0,-7.986666666666666,4.0,0.0,0.0,0.0,0.0,0.0,0.0,0.0,0.0,0.0,0.0,1.0,0.0,0.0,NaN,0.0,0.0,NaN,NaN,NaN,NaN,NaN,NaN,NaN
81.0,NaN,-3.0,0.0,96.0,NaN,-1.0,0.0,37.22,NaN,-0.054999999999999716,0.0,161.0,NaN,4.0,0.0,95.0,NaN,0.0,0.0,79.0,NaN,3.0,0.0,24.0,NaN,6.0,0.0,NaN,NaN,NaN,24.0,NaN,NaN,NaN,24.0,24.0,NaN,0.0,0.0,NaN,NaN,NaN,24.0,NaN,NaN,NaN,24.0,NaN,NaN,NaN,24.0,NaN,NaN,NaN,24.0,98.0,NaN,0.0,0.0,12.0,NaN,0.0,0.0,110.0,NaN,0.0,0.0,NaN,NaN,NaN,24.0,105.0,NaN,0.0,0.0,1.0,NaN,0.0,0.0,NaN,NaN,NaN,24.0,97.0,NaN,0.0,0.0,NaN,NaN,NaN,24.0,NaN,NaN,NaN,24.0,NaN,NaN,NaN,24.0,3.2,NaN,0.0,0.0,4.2,NaN,0.0,0.0,NaN,NaN,NaN,24.0,31.1,NaN,0.0,0.0,11.1,NaN,0.0,0.0,37.7,NaN,0.0,0.0,2.8,NaN,0.0,0.0,NaN,NaN,NaN,24.0,87.0,NaN,0.0,0.0,39.0,1.0,0.0,1.0,-7.986666666666666,5.0,0.0,1.0,0.0,1.0,0.0,2.0,2.0,0.0,0.0,0.0,1.0,0.0,0.0,NaN,0.0,0.0,NaN,NaN,NaN,NaN,NaN,NaN,NaN
74.0,NaN,-7.0,0.0,94.0,NaN,-2.0,0.0,37.22,NaN,-0.03666666666666648,1.0,127.0,NaN,-34.0,0.0,86.0,NaN,-9.0,0.0,72.0,NaN,-7.0,0.0,26.0,NaN,2.0,0.0,NaN,NaN,NaN,24.0,NaN,NaN,NaN,24.0,24.0,NaN,0.0,1.0,NaN,NaN,NaN,24.0,NaN,NaN,NaN,24.0,NaN,NaN,NaN,24.0,NaN,NaN,NaN,24.0,98.0,NaN,0.0,1.0,12.0,NaN,0.0,1.0,110.0,NaN,0.0,1.0,NaN,NaN,NaN,24.0,105.0,NaN,0.0,1.0,1.0,NaN,0.0,1.0,NaN,NaN,NaN,24.0,97.0,NaN,0.0,1.0,NaN,NaN,NaN,24.0,NaN,NaN,NaN,24.0,NaN,NaN,NaN,24.0,3.2,NaN,0.0,1.0,4.2,NaN,0.0,1.0,NaN,NaN,NaN,24.0,31.1,NaN,0.0,1.0,11.1,NaN,0.0,1.0,37.7,NaN,0.0,1.0,2.8,NaN,0.0,1.0,NaN,NaN,NaN,24.0,87.0,NaN,0.0,1.0,39.0,1.0,0.0,1.0,-7.986666666666666,6.0,0.0,1.0,0.0,1.0,0.0,0.0,0.0,0.0,0.0,0.0,1.0,0.0,0.0,NaN,0.0,0.0,NaN,NaN,NaN,NaN,NaN,NaN,NaN
68.0,NaN,-6.0,0.0,96.0,NaN,2.0,0.0,37.22,NaN,-0.027499999999999858,2.0,126.0,NaN,-1.0,0.0,93.0,NaN,7.0,0.0,82.0,NaN,10.0,0.0,29.0,NaN,3.0,0.0,NaN,NaN,NaN,24.0,NaN,NaN,NaN,24.0,24.0,NaN,0.0,2.0,NaN,NaN,NaN,24.0,NaN,NaN,NaN,24.0,NaN,NaN,NaN,24.0,NaN,NaN,NaN,24.0,98.0,NaN,0.0,2.0,12.0,NaN,0.0,2.0,110.0,NaN,0.0,2.0,NaN,NaN,NaN,24.0,105.0,NaN,0.0,2.0,1.0,NaN,0.0,2.0,NaN,NaN,NaN,24.0,97.0,NaN,0.0,2.0,NaN,NaN,NaN,24.0,NaN,NaN,NaN,24.0,NaN,NaN,NaN,24.0,3.2,NaN,0.0,2.0,4.2,NaN,0.0,2.0,NaN,NaN,NaN,24.0,31.1,NaN,0.0,2.0,11.1,NaN,0.0,2.0,37.7,NaN,0.0,2.0,2.8,NaN,0.0,2.0,NaN,NaN,NaN,24.0,87.0,NaN,0.0,2.0,39.0,1.0,0.0,1.0,-7.986666666666666,7.0,0.0,1.0,0.0,1.0,0.0,0.0,0.0,0.0,0.0,0.0,1.0,0.0,0.0,NaN,0.0,0.0,NaN,NaN,NaN,NaN,NaN,NaN,NaN
67.0,NaN,-1.0,0.0,95.0,NaN,-1.0,0.0,37.22,NaN,-0.021999999999999888,3.0,135.0,NaN,9.0,0.0,78.0,NaN,-15.0,0.0,61.0,NaN,-21.0,0.0,29.0,NaN,0.0,0.0,NaN,NaN,NaN,24.0,NaN,NaN,NaN,24.0,24.0,NaN,0.0,3.0,NaN,NaN,NaN,24.0,NaN,NaN,NaN,24.0,NaN,NaN,NaN,24.0,NaN,NaN,NaN,24.0,98.0,NaN,0.0,3.0,12.0,NaN,0.0,3.0,110.0,NaN,0.0,3.0,NaN,NaN,NaN,24.0,105.0,NaN,0.0,3.0,1.0,NaN,0.0,3.0,NaN,NaN,NaN,24.0,97.0,NaN,0.0,3.0,NaN,NaN,NaN,24.0,NaN,NaN,NaN,24.0,NaN,NaN,NaN,24.0,3.2,NaN,0.0,3.0,4.2,NaN,0.0,3.0,NaN,NaN,NaN,24.0,31.1,NaN,0.0,3.0,11.1,NaN,0.0,3.0,37.7,NaN,0.0,3.0,2.8,NaN,0.0,3.0,NaN,NaN,NaN,24.0,87.0,NaN,0.0,3.0,39.0,1.0,0.0,1.0,-7.986666666666666,8.0,0.0,1.0,0.0,1.0,0.0,0.0,0.0,0.0,0.0,0.0,1.0,0.0,0.0,NaN,0.0,0.0,NaN,NaN,NaN,NaN,NaN,NaN,NaN
71.0,NaN,4.0,0.0,98.0,NaN,3.0,0.0,37.44,NaN,0.054999999999999716,0.0,166.0,NaN,31.0,0.0,109.0,NaN,31.0,0.0,92.0,NaN,31.0,0.0,14.0,NaN,-15.0,0.0,NaN,NaN,NaN,24.0,NaN,NaN,NaN,24.0,24.0,NaN,0.0,4.0,NaN,NaN,NaN,24.0,NaN,NaN,NaN,24.0,NaN,NaN,NaN,24.0,NaN,NaN,NaN,24.0,98.0,NaN,0.0,4.0,12.0,NaN,0.0,4.0,110.0,NaN,0.0,4.0,NaN,NaN,NaN,24.0,105.0,NaN,0.0,4.0,1.0,NaN,0.0,4.0,NaN,NaN,NaN,24.0,97.0,NaN,0.0,4.0,NaN,NaN,NaN,24.0,NaN,NaN,NaN,24.0,NaN,NaN,NaN,24.0,3.2,NaN,0.0,4.0,4.2,NaN,0.0,4.0,NaN,NaN,NaN,24.0,31.1,NaN,0.0,4.0,11.1,NaN,0.0,4.0,37.7,NaN,0.0,4.0,2.8,NaN,0.0,4.0,NaN,NaN,NaN,24.0,87.0,NaN,0.0,4.0,39.0,1.0,0.0,1.0,-7.986666666666666,9.0,0.0,0.0,0.0,1.0,0.0,0.0,0.0,0.0,0.0,0.0,1.0,0.0,0.0,NaN,0.0,0.0,NaN,NaN,NaN,NaN,NaN,NaN,NaN
73.0,NaN,2.0,0.0,99.0,NaN,1.0,0.0,37.44,NaN,0.043999999999999775,1.0,158.0,NaN,-8.0,0.0,115.0,NaN,6.0,0.0,98.0,NaN,6.0,0.0,16.0,NaN,2.0,0.0,NaN,NaN,NaN,24.0,NaN,NaN,NaN,24.0,24.0,NaN,0.0,5.0,NaN,NaN,NaN,24.0,NaN,NaN,NaN,24.0,NaN,NaN,NaN,24.0,NaN,NaN,NaN,24.0,98.0,NaN,0.0,5.0,12.0,NaN,0.0,5.0,110.0,NaN,0.0,5.0,NaN,NaN,NaN,24.0,105.0,NaN,0.0,5.0,1.0,NaN,0.0,5.0,NaN,NaN,NaN,24.0,97.0,NaN,0.0,5.0,NaN,NaN,NaN,24.0,NaN,NaN,NaN,24.0,NaN,NaN,NaN,24.0,3.2,NaN,0.0,5.0,4.2,NaN,0.0,5.0,NaN,NaN,NaN,24.0,31.1,NaN,0.0,5.0,11.1,NaN,0.0,5.0,37.7,NaN,0.0,5.0,2.8,NaN,0.0,5.0,NaN,NaN,NaN,24.0,87.0,NaN,0.0,5.0,39.0,1.0,0.0,1.0,-7.986666666666666,10.0,0.0,0.0,0.0,1.0,0.0,0.0,0.0,0.0,0.0,0.0,1.0,0.0,0.0,NaN,0.0,0.0,NaN,NaN,NaN,NaN,NaN,NaN,NaN
79.0,NaN,6.0,0.0,96.0,NaN,-3.0,0.0,37.44,NaN,0.03666666666666648,2.0,176.0,NaN,18.0,0.0,105.0,NaN,-10.0,0.0,79.0,NaN,-19.0,0.0,19.0,NaN,3.0,0.0,NaN,NaN,NaN,24.0,NaN,NaN,NaN,24.0,24.0,NaN,0.0,6.0,NaN,NaN,NaN,24.0,NaN,NaN,NaN,24.0,NaN,NaN,NaN,24.0,NaN,NaN,NaN,24.0,98.0,NaN,0.0,6.0,12.0,NaN,0.0,6.0,110.0,NaN,0.0,6.0,NaN,NaN,NaN,24.0,105.0,NaN,0.0,6.0,1.0,NaN,0.0,6.0,NaN,NaN,NaN,24.0,97.0,NaN,0.0,6.0,NaN,NaN,NaN,24.0,NaN,NaN,NaN,24.0,NaN,NaN,NaN,24.0,3.2,NaN,0.0,6.0,4.2,NaN,0.0,6.0,NaN,NaN,NaN,24.0,31.1,NaN,0.0,6.0,11.1,NaN,0.0,6.0,37.7,NaN,0.0,6.0,2.8,NaN,0.0,6.0,NaN,NaN,NaN,24.0,87.0,NaN,0.0,6.0,39.0,1.0,0.0,1.0,-7.986666666666666,11.0,0.0,0.0,0.0,1.0,0.0,0.0,0.0,0.0,0.0,0.0,1.0,0.0,0.0,NaN,0.0,0.0,NaN,NaN,NaN,NaN,NaN,NaN,NaN
