NaN,NaN,NaN,24.0,97.0,NaN,NaN,24.0,NaN,NaN,NaN,24.0,NaN,NaN,NaN,24.0,NaN,NaN,NaN,24.0,NaN,NaN,NaN,24.0,18.0,NaN,NaN,24.0,NaN,NaN,NaN,24.0,NaN,NaN,NaN,24.0,NaN,NaN,NaN,24.0,1.0,NaN,NaN,24.0,NaN,NaN,NaN,24.0,NaN,NaN,NaN,24.0,NaN,NaN,NaN,24.0,NaN,NaN,NaN,24.0,NaN,NaN,NaN,24.0,NaN,NaN,NaN,24.0,NaN,NaN,NaN,24.0,NaN,NaN,NaN,24.0,NaN,NaN,NaN,24.0,NaN,NaN,NaN,24.0,NaN,NaN,NaN,24.0,NaN,NaN,NaN,24.0,NaN,NaN,NaN,24.0,NaN,NaN,NaN,24.0,NaN,NaN,NaN,24.0,NaN,NaN,NaN,24.0,NaN,NaN,NaN,24.0,NaN,NaN,NaN,24.0,NaN,NaN,NaN,24.0,NaN,NaN,NaN,24.0,NaN,NaN,NaN,24.0,NaN,NaN,NaN,24.0,NaN,NaN,NaN,24.0,48.0,0.0,1.0,0.0,-2.1333333333333333,1.0,0.0,0.0,0.0,0.0,3.0,0.0,0.0,0.0,0.0,0.0,0.0,0.0,1.0,1.0,0.0,0.0,NaN,7.0,7.0,3.0,NaN,NaN,NaN
126.5,NaN,0.0,0.0,98.0,NaN,1.0,0.0,37.67,NaN,0.0,0.0,128.0,NaN,0.0,0.0,74.0,NaN,0.0,0.0,59.0,NaN,0.0,0.0,27.6666666666667,NaN,9.6666666666667,0.0,NaN,NaN,NaN,24.0,NaN,NaN,NaN,24.0,NaN,NaN,NaN,24.0,1.0,NaN,0.0,1.0,NaN,NaN,NaN,24.0,NaN,NaN,NaN,24.0,NaN,NaN,NaN,24.0,NaN,NaN,NaN,24.0,NaN,NaN,NaN,24.0,NaN,NaN,NaN,24.0,NaN,NaN,NaN,24.0,NaN,NaN,NaN,24.0,NaN,NaN,NaN,24.0,NaN,NaN,NaN,24.0,NaN,NaN,NaN,24.0,NaN,NaN,NaN,24.0,NaN,NaN,NaN,24.0,NaN,NaN,NaN,24.0,NaN,NaN,NaN,24.0,NaN,NaN,NaN,24.0,NaN,NaN,NaN,24.0,NaN,NaN,NaN,24.0,NaN,NaN,NaN,24.0,NaN,NaN,NaN,24.0,NaN,NaN,NaN,24.0,NaN,NaN,NaN,24.0,NaN,NaN,NaN,24.0,48.0,0.0,1.0,0.0,-2.1333333333333333,2.0,0.0,1.0,1.0,0.0,0.0,0.0,0.0,0.0,0.0,0.0,1.0,0.0,1.0,1.0,0.0,0.0,NaN,7.0,7.0,3.0,NaN,NaN,NaN
118.0,NaN,-8.5,0.0,97.0,NaN,-1.0,0.0,37.67,NaN,0.0,1.0,124.0,NaN,-4.0,0.0,79.0,NaN,5.0,0.0,66.0,NaN,7.0,0.0,22.0,NaN,-5.6666666666667,0.0,NaN,NaN,NaN,24.0,-6.0,NaN,0.0,0.0,NaN,NaN,NaN,24.0,1.0,NaN,0.0,2.0,7.23,NaN,0.0,0.0,52.0,NaN,0.0,0.0,NaN,NaN,NaN,24.0,NaN,NaN,NaN,24.0,NaN,NaN,NaN,24.0,NaN,NaN,NaN,24.0,NaN,NaN,NaN,24.0,NaN,NaN,NaN,24.0,NaN,NaN,NaN,24.0,NaN,NaN,NaN,24.0,NaN,NaN,NaN,24.0,2.3,NaN,0.0,0.0,NaN,NaN,NaN,24.0,NaN,NaN,NaN,24.0,4.9,NaN,0.0,0.0,NaN,NaN,NaN,24.0,NaN,NaN,NaN,24.0,NaN,NaN,NaN,24.0,NaN,NaN,NaN,24.0,NaN,NaN,NaN,24.0,NaN,NaN,NaN,24.0,NaN,NaN,NaN,24.0,NaN,NaN,NaN,24.0,48.0,0.0,1.0,0.0,-2.1333333333333333,3.0,0.0,1.0,1.0,0.0,0.0,0.0,0.0,0.0,1.0,0.0,1.0,0.0,1.0,1.0,0.0,0.0,NaN,7.0,7.0,3.0,NaN,NaN,NaN
116.0,NaN,-2.0,0.0,97.0,NaN,0.0,0.0,37.67,NaN,0.0,2.0,125.0,NaN,1.0,0.0,90.0,NaN,11.0,0.0,81.0,NaN,15.0,0.0,25.0,NaN,3.0,0.0,NaN,NaN,NaN,24.0,-6.0,NaN,0.0,1.0,NaN,NaN,NaN,24.0,1.0,NaN,0.0,0.0,7.23,NaN,0.0,1.0,52.0,NaN,0.0,1.0,NaN,NaN,NaN,24.0,NaN,NaN,NaN,24.0,NaN,NaN,NaN,24.0,NaN,NaN,NaN,24.0,NaN,NaN,NaN,24.0,NaN,NaN,NaN,24.0,NaN,NaN,NaN,24.0,NaN,NaN,NaN,24.0,NaN,NaN,NaN,24.0,2.3,NaN,0.0,1.0,NaN,NaN,NaN,24.0,NaN,NaN,NaN,24.0,4.9,NaN,0.0,1.0,NaN,NaN,NaN,24.0,NaN,NaN,NaN,24.0,NaN,NaN,NaN,24.0,NaN,NaN,NaN,24.0,NaN,NaN,NaN,24.0,NaN,NaN,NaN,24.0,NaN,NaN,NaN,24.0,NaN,NaN,NaN,24.0,48.0,0.0,1.0,0.0,-2.1333333333333333,4.0,0.0,1.0,1.0,0.0,3.0,0.0,0.0,0.0,0.0,0.0,0.0,1.0,1.0,1.0,0.0,0.0,NaN,7.0,7.0,3.0,NaN,NaN,NaN
111.0,NaN,-5.0,0.0,97.0,NaN,0.0,0.0,37.67,NaN,0.0,3.0,129.0,NaN,4.0,0.0,92.0,NaN,2.0,0.0,81.0,NaN,0.0,0.0,23.0,NaN,-2.0,0.0,NaN,NaN,NaN,24.0,-6.0,NaN,0.0,2.0,NaN,NaN,NaN,24.0,0.8,NaN,-0.19999999999999996,0.0,7.23,NaN,0.0,2.0,52.0,NaN,0.0,2.0,NaN,NaN,NaN,24.0,NaN,NaN,NaN,24.0,NaN,NaN,NaN,24.0,NaN,NaN,NaN,24.0,NaN,NaN,NaN,24.0,NaN,NaN,NaN,24.0,NaN,NaN,NaN,24.0,NaN,NaN,NaN,24.0,NaN,NaN,NaN,24.0,2.3,NaN,0.0,2.0,NaN,NaN,NaN,24.0,NaN,NaN,NaN,24.0,4.9,NaN,0.0,2.0,NaN,NaN,NaN,24.0,NaN,NaN,NaN,24.0,NaN,NaN,NaN,24.0,NaN,NaN,NaN,24.0,NaN,NaN,NaN,24.0,NaN,NaN,NaN,24.0,NaN,NaN,NaN,24.0,NaN,NaN,NaN,24.0,48.0,0.0,1.0,0.0,-2.1333333333333333,5.0,0.0,1.0,1.0,0.0,3.0,0.0,0.0,0.0,0.0,0.0,0.0,1.0,1.0,1.0,0.0,0.0,NaN,7.0,7.0,3.0,NaN,NaN,NaN
113.0,NaN,2.0,0.0,97.0,NaN,0.0,0.0,37.5,NaN,-0.042500000000000426,0.0,105.0,NaN,-24.0,0.0,75.0,NaN,-17.0,0.0,86.0,NaN,5.0,0.0,21.0,NaN,-2.0,0.0,NaN,NaN,NaN,24.0,-6.0,NaN,0.0,3.0,NaN,NaN,NaN,24.0,0.8,NaN,-0.09999999999999998,1.0,7.23,NaN,0.0,3.0,52.0,NaN,0.0,3.0,NaN,NaN,NaN,24.0,NaN,NaN,NaN,24.0,NaN,NaN,NaN,24.0,NaN,NaN,NaN,24.0,NaN,NaN,NaN,24.0,NaN,NaN,NaN,24.0,NaN,NaN,NaN,24.0,NaN,NaN,NaN,24.0,NaN,NaN,NaN,24.0,2.3,NaN,0.0,3.0,NaN,NaN,NaN,24.0,NaN,NaN,NaN,24.0,4.9,NaN,0.0,3.0,NaN,NaN,NaN,24.0,NaN,NaN,NaN,24.0,NaN,NaN,NaN,24.0,NaN,NaN,NaN,24.0,NaN,NaN,NaN,24.0,NaN,NaN,NaN,24.0,NaN,NaN,NaN,24.0,NaN,NaN,NaN,24.0,48.0,0.0,1.0,0.0,-2.1333333333333333,6.0,0.0,1.0,1.0,0.0,0.0,0.0,0.0,0.0,0.0,0.0,1.0,1.0,1.0,1.0,0.0,0.0,NaN,7.0,7.0,3.0,NaN,NaN,NaN
112.0,NaN,-1.0,0.0,98.0,NaN,1.0,0.0,37.5,NaN,-0.03400000000000034,1.0,102.0,NaN,-3.0,0.0,67.0,NaN,-8.0,0.0,59.0,NaN,-27.0,0.0,20.0,NaN,-1.0,0.0,NaN,NaN,NaN,24.0,-6.0,NaN,0.0,4.0,20.0,NaN,0.0,0.0,0.8,NaN,-0.06666666666666665,2.0,7.23,NaN,0.0,4.0,52.0,NaN,0.0,4.0,NaN,NaN,NaN,24.0,NaN,NaN,NaN,24.0,15.0,NaN,0.0,0.0,NaN,NaN,NaN,24.0,8.0,NaN,0.0,0.0,97.0,NaN,0.0,0.0,1.1,NaN,0.0,0.0,NaN,NaN,NaN,24.0,505.0,NaN,0.0,0.0,2.3,NaN,0.0,4.0,2.0,NaN,0.0,0.0,5.0,NaN,0.0,0.0,4.9,NaN,0.0,0.0,NaN,NaN,NaN,24.0,NaN,NaN,NaN,24.0,31.9,NaN,0.0,0.0,10.5,NaN,0.0,0.0,32.8,NaN,0.0,0.0,9.6,NaN,0.0,0.0,NaN,NaN,NaN,24.0,215.0,NaN,0.0,0.0,48.0,0.0,1.0,0.0,-2.1333333333333333,7.0,0.0,0.0,1.0,0.0,0.0,0.0,0.0,0.0,0.0,0.0,1.0,1.0,1.0,1.0,0.0,0.0,NaN,7.0,7.0,3.0,NaN,NaN,NaN
114.0,NaN,2.0,0.0,97.0,NaN,-1.0,0.0,37.17,NaN,-0.16499999999999915,0.0,130.0,NaN,28.0,0.0,85.0,NaN,18.0,0.0,71.0,NaN,12.0,0.0,24.0,NaN,4.0,0.0,NaN,NaN,NaN,24.0,-6.0,NaN,0.0,5.0,20.0,NaN,0.0,1.0,0.8,NaN,0.0,0.0,7.23,NaN,0.0,5.0,52.0,NaN,0.0,5.0,NaN,NaN,NaN,24.0,NaN,NaN,NaN,24.0,15.0,NaN,0.0,1.0,NaN,NaN,NaN,24.0,8.0,NaN,0.0,1.0,97.0,NaN,0.0,1.0,1.1,NaN,0.0,1.0,NaN,NaN,NaN,24.0,505.0,NaN,0.0,1.0,2.3,NaN,0.0,5.0,2.0,NaN,0.0,1.0,5.0,NaN,0.0,1.0,4.9,NaN,0.0,1.0,NaN,NaN,NaN,24.0,NaN,NaN,NaN,24.0,31.9,NaN,0.0,1.0,10.5,NaN,0.0,1.0,32.8,NaN,0.0,1.0,9.6,NaN,0.0,1.0,NaN,NaN,NaN,24.0,215.0,NaN,0.0,1.0,48.0,0.0,1.0,0.0,-2.1333333333333333,8.0,0.0,1.0,1.0,0.0,3.0,0.0,0.0,0.0,0.0,0.0,0.0,1.0,1.0,1.0,0.0,0.0,NaN,7.0,7.0,3.0,NaN,NaN,NaN
111.0,NaN,-3.0,0.0,97.0,NaN,0.0,0.0,37.17,NaN,-0.10999999999999943,1.0,109.0,NaN,-21.0,0.0,64.0,NaN,-21.0,0.0,51.0,NaN,-20.0,0.0,19.0,NaN,-5.0,0.0,NaN,NaN,NaN,24.0,-6.0,NaN,0.0,6.0,20.0,NaN,0.0,2.0,0.8,NaN,0.0,1.0,7.23,NaN,0.0,6.0,52.0,NaN,0.0,6.0,NaN,NaN,NaN,24.0,NaN,NaN,NaN,24.0,15.0,NaN,0.0,2.0,NaN,NaN,NaN,24.0,8.0,NaN,0.0,2.0,97.0,NaN,0.0,2.0,1.1,NaN,0.0,2.0,NaN,NaN,NaN,24.0,505.0,NaN,0.0,2.0,2.3,NaN,0.0,6.0,2.0,NaN,0.0,2.0,5.0,NaN,0.0,2.0,4.9,NaN,0.0,2.0,NaN,NaN,NaN,24.0,NaN,NaN,NaN,24.0,31.9,NaN,0.0,2.0,10.5,NaN,0.0,2.0,32.8,NaN,0.0,2.0,9.6,NaN,0.0,2.0,NaN,NaN,NaN,24.0,215.0,NaN,0.0,2.0,48.0,0.0,1.0,0.0,-2.1333333333333333,9.0,0.0,0.0,1.0,0.0,0.0,0.0,0.0,1.0,0.0,0.0,1.0,1.0,1.0,1.0,0.0,0.0,NaN,7.0,7.0,3.0,NaN,NaN,NaN
105.0,NaN,-6.0,0.0,98.0,NaN,1.0,0.0,37.17,NaN,-0.08249999999999957,2.0,107.0,NaN,-2.0,0.0,68.0,NaN,4.0,0.0,56.0,NaN,5.0,0.0,20.0,NaN,1.0,0.0,NaN,NaN,NaN,24.0,-6.0,NaN,0.0,7.0,20.0,NaN,0.0,3.0,0.8,NaN,0.0,2.0,7.23,NaN,0.0,7.0,52.0,NaN,0.0,7.0,NaN,NaN,NaN,24.0,NaN,NaN,NaN,24.0,15.0,NaN,0.0,3.0,NaN,NaN,NaN,24.0,8.0,NaN,0.0,3.0,97.0,NaN,0.0,3.0,1.1,NaN,0.0,3.0,NaN,NaN,NaN,24.0,525.0,NaN,6.666666666666667,0.0,2.3,NaN,0.0,7.0,2.0,NaN,0.0,3.0,5.0,NaN,0.0,3.0,4.9,NaN,0.0,3.0,NaN,NaN,NaN,24.0,NaN,NaN,NaN,24.0,31.9,NaN,0.0,3.0,10.5,NaN,0.0,3.0,32.8,NaN,0.0,3.0,9.6,NaN,0.0,3.0,NaN,NaN,NaN,24.0,215.0,NaN,0.0,3.0,48.0,0.0,1.0,0.0,-2.1333333333333333,10.0,0.0,0.0,1.0,0.0,0.0,0.0,0.0,0.0,0.0,0.0,1.0,1.0,1.0,1.0,0.0,0.0,NaN,7.0,7.0,3.0,NaN,NaN,NaN
104.0,NaN,-1.0,0.0,98.0,NaN,0.0,0.0,37.17,NaN,-0.06599999999999966,3.0,111.0,NaN,4.0,0.0,79.0,NaN,11.0,0.0,67.0,NaN,11.0,0.0,21.5,NaN,1.5,0.0,NaN,NaN,NaN,24.0,-5.0,NaN,0.125,0.0,20.0,NaN,0.0,4.0,0.6,NaN,-0.0666666666666667,0.0,7.26,NaN,0.00374999999999992,0.0,48.0,NaN,-0.5,0.0,NaN,NaN,NaN,24.0,NaN,NaN,NaN,24.0,15.0,NaN,0.0,4.0,NaN,NaN,NaN,24.0,8.0,NaN,0.0,4.0,97.0,NaN,0.0,4.0,1.1,NaN,0.0,4.0,NaN,NaN,NaN,24.0,525.0,NaN,5.0,1.0,3.7,NaN,0.17500000000000004,0.0,2.0,NaN,0.0,4.0,5.0,NaN,0.0,4.0,4.9,NaN,0.0,4.0,NaN,NaN,NaN,24.0,NaN,NaN,NaN,24.0,31.9,NaN,0.0,4.0,10.5,NaN,0.0,4.0,32.8,NaN,0.0,4.0,9.6,NaN,0.0,4.0,NaN,NaN,NaN,24.0,215.0,NaN,0.0,4.0,48.0,0.0,1.0,0.0,-2.1333333333333333,11.0,0.0,1.0,1.0,0.0,2.0,0.0,0.0,0.0,1.0,0.0,1.0,1.0,1.0,1.0,0.0,0.0,NaN,7.0,7.0,3.0,NaN,NaN,NaN
