68.0,NaN,NaN,24.0,100.0,NaN,NaN,24.0,NaN,NaN,NaN,24.0,97.0,NaN,NaN,24.0,69.0,NaN,NaN,24.0,56.0,NaN,NaN,24.0,28.0,NaN,NaN,24.0,NaN,NaN,NaN,24.0,NaN,NaN,NaN,24.0,NaN,NaN,NaN,24.0,NaN,NaN,NaN,24.0,NaN,NaN,NaN,24.0,NaN,NaN,NaN,24.0,NaN,NaN,NaN,24.0,NaN,NaN,NaN,24.0,NaN,NaN,NaN,24.0,NaN,NaN,NaN,24.0,NaN,NaN,NaN,24.0,NaN,NaN,NaN,24.0,NaN,NaN,NaN,24.0,NaN,NaN,NaN,24.0,NaN,NaN,NaN,24.0,NaN,NaN,NaN,24.0,NaN,NaN,NaN,24.0,NaN,NaN,NaN,24.0,NaN,NaN,NaN,24.0,NaN,NaN,NaN,24.0,NaN,NaN,NaN,24.0,NaN,NaN,NaN,24.0,NaN,NaN,NaN,24.0,NaN,NaN,NaN,24.0,NaN,NaN,NaN,24.0,NaN,NaN,NaN,24.0,NaN,NaN,NaN,24.0,44.0,1.0,1.0,0.0,-311.88916666666665,1.0,0.0,1.0,0.0,0.0,0.0,0.0,0.0,0.0,0.0,0.0,1.0,0.0,0.0,NaN,0.0,0.0,NaN,NaN,NaN,NaN,NaN,NaN,NaN
68.0,NaN,0.0,0.0,98.0,NaN,-2.0,0.0,NaN,NaN,NaN,24.0,95.0,NaN,-2.0,0.0,77.0,NaN,8.0,0.0,68.0,NaN,12.0,0.0,24.0,NaN,-4.0,0.0,NaN,NaN,NaN,24.0,NaN,NaN,NaN,24.0,NaN,NaN,NaN,24.0,NaN,NaN,NaN,24.0,NaN,NaN,NaN,24.0,NaN,NaN,NaN,24.0,NaN,NaN,NaN,24.0,NaN,NaN,NaN,24.0,NaN,NaN,NaN,24.0,NaN,NaN,NaN,24.0,NaN,NaN,NaN,24.0,NaN,NaN,NaN,24.0,NaN,NaN,NaN,24.0,NaN,NaN,NaN,24.0,NaN,NaN,NaN,24.0,NaN,NaN,NaN,24.0,NaN,NaN,NaN,24.0,NaN,NaN,NaN,24.0,NaN,NaN,NaN,24.0,NaN,NaN,NaN,24.0,NaN,NaN,NaN,24.0,NaN,NaN,NaN,24.0,NaN,NaN,NaN,24.0,NaN,NaN,NaN,24.0,NaN,NaN,NaN,24.0,NaN,NaN,NaN,24.0,NaN,NaN,NaN,24.0,44.0,1.0,1.0,0.0,-311.88916666666665,2.0,0.0,1.0,0.0,0.0,0.0,0.0,0.0,0.0,0.0,0.0,1.0,0.0,0.0,NaN,0.0,0.0,NaN,NaN,NaN,NaN,NaN,NaN,NaN
66.0,NaN,-2.0,0.0,97.0,NaN,-1.0,0.0,NaN,NaN,NaN,24.0,109.0,NaN,14.0,0.0,73.0,NaN,-4.0,0.0,56.0,NaN,-12.0,0.0,21.0,NaN,-3.0,0.0,NaN,NaN,NaN,24.0,NaN,NaN,NaN,24.0,NaN,NaN,NaN,24.0,NaN,NaN,NaN,24.0,NaN,NaN,NaN,24.0,NaN,NaN,NaN,24.0,NaN,NaN,NaN,24.0,NaN,NaN,NaN,24.0,NaN,NaN,NaN,24.0,NaN,NaN,NaN,24.0,NaN,NaN,NaN,24.0,NaN,NaN,NaN,24.0,NaN,NaN,NaN,24.0,NaN,NaN,NaN,24.0,NaN,NaN,NaN,24.0,NaN,NaN,NaN,24.0,NaN,NaN,NaN,24.0,NaN,NaN,NaN,24.0,NaN,NaN,NaN,24.0,NaN,NaN,NaN,24.0,NaN,NaN,NaN,24.0,NaN,NaN,NaN,24.0,NaN,NaN,NaN,24.0,NaN,NaN,NaN,24.0,NaN,NaN,NaN,24.0,NaN,NaN,NaN,24.0,NaN,NaN,NaN,24.0,44.0,1.0,1.0,0.0,-311.88916666666665,3.0,0.0,1.0,0.0,0.0,0.0,0.0,0.0,0.0,0.0,0.0,1.0,0.0,0.0,NaN,0.0,0.0,NaN,NaN,NaN,NaN,NaN,NaN,NaN
69.0,NaN,3.0,0.0,96.0,NaN,-1.0,0.0,36.83,NaN,0.0,0.0,102.0,NaN,-7.0,0.0,76.0,NaN,3.0,0.0,65.0,NaN,9.0,0.0,14.0,NaN,-7.0,0.0,NaN,NaN,NaN,24.0,NaN,NaN,NaN,24.0,NaN,NaN,NaN,24.0,NaN,NaN,NaN,24.0,NaN,NaN,NaN,24.0,NaN,NaN,NaN,24.0,NaN,NaN,NaN,24.0,NaN,NaN,NaN,24.0,NaN,NaN,NaN,24.0,NaN,NaN,NaN,24.0,NaN,NaN,NaN,24.0,NaN,NaN,NaN,24.0,NaN,NaN,NaN,24.0,NaN,NaN,NaN,24.0,NaN,NaN,NaN,24.0,NaN,NaN,NaN,24.0,NaN,NaN,NaN,24.0,NaN,NaN,NaN,24.0,NaN,NaN,NaN,24.0,NaN,NaN,NaN,24.0,NaN,NaN,NaN,24.0,NaN,NaN,NaN,24.0,NaN,NaN,NaN,24.0,NaN,NaN,NaN,24.0,NaN,NaN,NaN,24.0,NaN,NaN,NaN,24.0,NaN,NaN,NaN,24.0,44.0,1.0,1.0,0.0,-311.88916666666665,4.0,0.0,0.0,0.0,0.0,0.0,0.0,0.0,0.0,0.0,0.0,1.0,0.0,0.0,NaN,0.0,0.0,NaN,NaN,NaN,NaN,NaN,NaN,NaN
70.0,NaN,1.0,0.0,98.0,NaN,2.0,0.0,36.83,NaN,0.0,1.0,103.0,NaN,1.0,0.0,75.0,NaN,-1.0,0.0,63.0,NaN,-2.0,0.0,24.0,NaN,10.0,0.0,NaN,NaN,NaN,24.0,NaN,NaN,NaN,24.0,NaN,NaN,NaN,24.0,NaN,NaN,NaN,24.0,NaN,NaN,NaN,24.0,NaN,NaN,NaN,24.0,NaN,NaN,NaN,24.0,NaN,NaN,NaN,24.0,NaN,NaN,NaN,24.0,NaN,NaN,NaN,24.0,NaN,NaN,NaN,24.0,NaN,NaN,NaN,24.0,NaN,NaN,NaN,24.0,NaN,NaN,NaN,24.0,NaN,NaN,NaN,24.0,NaN,NaN,NaN,24.0,NaN,NaN,NaN,24.0,NaN,NaN,NaN,24.0,NaN,NaN,NaN,24.0,NaN,NaN,NaN,24.0,NaN,NaN,NaN,24.0,NaN,NaN,NaN,24.0,NaN,NaN,NaN,24.0,NaN,NaN,NaN,24.0,NaN,NaN,NaN,24.0,NaN,NaN,NaN,24.0,NaN,NaN,NaN,24.0,44.0,1.0,1.0,0.0,-311.88916666666665,5.0,0.0,1.0,0.0,0.0,0.0,0.0,0.0,0.0,0.0,0.0,1.0,0.0,0.0,NaN,0.0,0.0,NaN,NaN,NaN,NaN,NaN,NaN,NaN
68.0,NaN,-2.0,0.0,98.0,NaN,0.0,0.0,36.83,NaN,0.0,2.0,111.0,NaN,8.0,0.0,79.0,NaN,4.0,0.0,65.0,NaN,2.0,0.0,14.0,NaN,-10.0,0.0,NaN,NaN,NaN,24.0,NaN,NaN,NaN,24.0,NaN,NaN,NaN,24.0,NaN,NaN,NaN,24.0,NaN,NaN,NaN,24.0,NaN,NaN,NaN,24.0,NaN,NaN,NaN,24.0,NaN,NaN,NaN,24.0,NaN,NaN,NaN,24.0,NaN,NaN,NaN,24.0,NaN,NaN,NaN,24.0,NaN,NaN,NaN,24.0,NaN,NaN,NaN,24.0,NaN,NaN,NaN,24.0,NaN,NaN,NaN,24.0,NaN,NaN,NaN,24.0,NaN,NaN,NaN,24.0,NaN,NaN,NaN,24.0,NaN,NaN,NaN,24.0,NaN,NaN,NaN,24.0,NaN,NaN,NaN,24.0,NaN,NaN,NaN,24.0,NaN,NaN,NaN,24.0,NaN,NaN,NaN,24.0,NaN,NaN,NaN,24.0,NaN,NaN,NaN,24.0,NaN,NaN,NaN,24.0,44.0,1.0,1.0,0.0,-311.88916666666665,6.0,0.0,0.0,0.0,0.0,0.0,0.0,0.0,0.0,0.0,0.0,1.0,0.0,0.0,NaN,0.0,0.0,NaN,NaN,NaN,NaN,NaN,NaN,NaN
65.0,NaN,-3.0,0.0,99.0,NaN,1.0,0.0,36.83,NaN,0.0,3.0,112.0,NaN,1.0,0.0,82.0,NaN,3.0,0.0,68.0,NaN,3.0,0.0,12.0,NaN,-2.0,0.0,NaN,NaN,NaN,24.0,NaN,NaN,NaN,24.0,26.0,NaN,0.0,0.0,NaN,NaN,NaN,24.0,NaN,NaN,NaN,24.0,NaN,NaN,NaN,24.0,NaN,NaN,NaN,24.0,NaN,NaN,NaN,24.0,19.0,NaN,0.0,0.0,NaN,NaN,NaN,24.0,8.2,NaN,0.0,0.0,100.0,NaN,0.0,0.0,5.2,NaN,0.0,0.0,NaN,NaN,NaN,24.0,122.0,NaN,0.0,0.0,NaN,NaN,NaN,24.0,2.0,NaN,0.0,0.0,4.9,NaN,0.0,0.0,4.3,NaN,0.0,0.0,NaN,NaN,NaN,24.0,NaN,NaN,NaN,24.0,31.2,NaN,0.0,0.0,9.4,NaN,0.0,0.0,37.8,NaN,0.0,0.0,5.7,NaN,0.0,0.0,NaN,NaN,NaN,24.0,229.0,NaN,0.0,0.0,44.0,1.0,1.0,0.0,-311.88916666666665,7.0,0.0,0.0,0.0,0.0,0.0,0.0,0.0,0.0,0.0,4.0,1.0,0.0,0.0,NaN,0.0,0.0,NaN,NaN,NaN,NaN,NaN,NaN,NaN
66.0,NaN,1.0,0.0,97.0,NaN,-2.0,0.0,36.0,NaN,-0.20749999999999957,0.0,116.0,NaN,4.0,0.0,86.0,NaN,4.0,0.0,72.0,NaN,4.0,0.0,10.0,NaN,-2.0,0.0,NaN,NaN,NaN,24.0,NaN,NaN,NaN,24.0,26.0,NaN,0.0,1.0,NaN,NaN,NaN,24.0,NaN,NaN,NaN,24.0,NaN,NaN,NaN,24.0,NaN,NaN,NaN,24.0,NaN,NaN,NaN,24.0,19.0,NaN,0.0,1.0,NaN,NaN,NaN,24.0,8.2,NaN,0.0,1.0,100.0,NaN,0.0,1.0,5.2,NaN,0.0,1.0,NaN,NaN,NaN,24.0,122.0,NaN,0.0,1.0,NaN,NaN,NaN,24.0,2.0,NaN,0.0,1.0,4.9,NaN,0.0,1.0,4.3,NaN,0.0,1.0,NaN,NaN,NaN,24.0,NaN,NaN,NaN,24.0,31.2,NaN,0.0,1.0,9.4,NaN,0.0,1.0,37.8,NaN,0.0,1.0,5.7,NaN,0.0,1.0,NaN,NaN,NaN,24.0,229.0,NaN,0.0,1.0,44.0,1.0,1.0,0.0,-311.88916666666665,8.0,0.0,0.0,0.0,0.0,0.0,0.0,0.0,0.0,0.0,0.0,1.0,0.0,0.0,NaN,0.0,0.0,NaN,NaN,NaN,NaN,NaN,NaN,NaN
70.0,NaN,4.0,0.0,93.0,NaN,-4.0,0.0,36.0,NaN,-0.16599999999999965,1.0,126.0,NaN,10.0,0.0,84.0,NaN,-2.0,0.0,65.0,NaN,-7.0,0.0,14.0,NaN,4.0,0.0,NaN,NaN,NaN,24.0,NaN,NaN,NaN,24.0,26.0,NaN,0.0,2.0,NaN,NaN,NaN,24.0,NaN,NaN,NaN,24.0,NaN,NaN,NaN,24.0,NaN,NaN,NaN,24.0,NaN,NaN,NaN,24.0,19.0,NaN,0.0,2.0,NaN,NaN,NaN,24.0,8.2,NaN,0.0,2.0,100.0,NaN,0.0,2.0,5.2,NaN,0.0,2.0,NaN,NaN,NaN,24.0,122.0,NaN,0.0,2.0,NaN,NaN,NaN,24.0,2.0,NaN,0.0,2.0,4.9,NaN,0.0,2.0,4.3,NaN,0.0,2.0,NaN,NaN,NaN,24.0,NaN,NaN,NaN,24.0,31.2,NaN,0.0,2.0,9.4,NaN,0.0,2.0,37.8,NaN,0.0,2.0,5.7,NaN,0.0,2.0,NaN,NaN,NaN,24.0,229.0,NaN,0.0,2.0,44.0,1.0,1.0,0.0,-311.88916666666665,9.0,0.0,0.0,0.0,0.0,0.0,0.0,0.0,0.0,0.0,0.0,1.0,0.0,0.0,NaN,0.0,0.0,NaN,NaN,NaN,NaN,NaN,NaN,NaN
67.0,NaN,-3.0,0.0,96.0,NaN,3.0,0.0,36.0,NaN,-0.13833333333333306,2.0,102.0,NaN,-24.0,0.0,73.0,NaN,-11.0,0.0,61.0,NaN,-4.0,0.0,11.0,NaN,-3.0,0.0,NaN,NaN,NaN,24.0,NaN,NaN,NaN,24.0,26.0,NaN,0.0,3.0,NaN,NaN,NaN,24.0,NaN,NaN,NaN,24.0,NaN,NaN,NaN,24.0,NaN,NaN,NaN,24.0,NaN,NaN,NaN,24.0,19.0,NaN,0.0,3.0,NaN,NaN,NaN,24.0,8.2,NaN,0.0,3.0,100.0,NaN,0.0,3.0,5.2,NaN,0.0,3.0,NaN,NaN,NaN,24.0,122.0,NaN,0.0,3.0,NaN,NaN,NaN,24.0,2.0,NaN,0.0,3.0,4.9,NaN,0.0,3.0,4.3,NaN,0.0,3.0,NaN,NaN,NaN,24.0,NaN,NaN,NaN,24.0,31.2,NaN,0.0,3.0,9.4,NaN,0.0,3.0,37.8,NaN,0.0,3.0,5.7,NaN,0.0,3.0,NaN,NaN,NaN,24.0,229.0,NaN,0.0,3.0,44.0,1.0,1.0,0.0,-311.88916666666665,10.0,0.0,0.0,0.0,0.0,0.0,0.0,0.0,0.0,0.0,0.0,1.0,0.0,0.0,NaN,0.0,0.0,NaN,NaN,NaN,NaN,NaN,NaN,NaN
68.0,NaN,1.0,0.0,100.0,NaN,4.0,0.0,36.0,NaN,-0.11857142857142833,3.0,129.0,NaN,27.0,0.0,79.0,NaN,6.0,0.0,67.0,NaN,6.0,0.0,19.0,NaN,8.0,0.0,NaN,NaN,NaN,24.0,NaN,NaN,NaN,24.0,26.0,NaN,0.0,4.0,NaN,NaN,NaN,24.0,NaN,NaN,NaN,24.0,NaN,NaN,NaN,24.0,NaN,NaN,NaN,24.0,NaN,NaN,NaN,24.0,19.0,NaN,0.0,4.0,NaN,NaN,NaN,24.0,8.2,NaN,0.0,4.0,100.0,NaN,0.0,4.0,5.2,NaN,0.0,4.0,NaN,NaN,NaN,24.0,122.0,NaN,0.0,4.0,NaN,NaN,NaN,24.0,2.0,NaN,0.0,4.0,4.9,NaN,0.0,4.0,4.3,NaN,0.0,4.0,NaN,NaN,NaN,24.0,NaN,NaN,NaN,24.0,31.2,NaN,0.0,4.0,9.4,NaN,0.0,4.0,37.8,NaN,0.0,4.0,5.7,NaN,0.0,4.0,NaN,NaN,NaN,24.0,229.0,NaN,0.0,4.0,44.0,1.0,1.0,0.0,-311.88916666666665,11.0,0.0,0.0,0.0,0.0,0.0,0.0,0.0,0.0,0.0,0.0,1.0,0.0,0.0,NaN,0.0,0.0,NaN,NaN,NaN,NaN,NaN,NaN,NaN
70.0,NaN,2.0,0.0,98.0,NaN,-2.0,0.0,36.67,NaN,0.16750000000000043,0.0,124.0,NaN,-5.0,0.0,87.0,NaN,8.0,0.0,71.0,NaN,4.0,0.0,18.0,NaN,-1.0,0.0,NaN,NaN,NaN,24.0,NaN,NaN,NaN,24.0,26.0,NaN,0.0,5.0,NaN,NaN,NaN,24.0,NaN,NaN,NaN,24.0,NaN,NaN,NaN,24.0,NaN,NaN,NaN,24.0,NaN,NaN,NaN,24.0,19.0,NaN,0.0,5.0,NaN,NaN,NaN,24.0,8.2,NaN,0.0,5.0,100.0,NaN,0.0,5.0,5.2,NaN,0.0,5.0,NaN,NaN,NaN,24.0,122.0,NaN,0.0,5.0,NaN,NaN,NaN,24.0,2.0,NaN,0.0,5.0,4.9,NaN,0.0,5.0,4.3,NaN,0.0,5.0,NaN,NaN,NaN,24.0,NaN,NaN,NaN,24.0,31.2,NaN,0.0,5.0,9.4,NaN,0.0,5.0,37.8,NaN,0.0,5.0,5.7,NaN,0.0,5.0,NaN,NaN,NaN,24.0,229.0,NaN,0.0,5.0,44.0,1.0,1.0,0.0,-311.88916666666665,12.0,0.0,0.0,0.0,0.0,0.0,0.0,0.0,0.0,0.0,0.0,1.0,0.0,0.0,NaN,0.0,0.0,NaN,NaN,NaN,NaN,NaN,NaN,NaN
76.0,NaN,6.0,0.0,98.0,NaN,0.0,0.0,36.67,NaN,0.13400000000000034,1.0,160.0,NaN,36.0,0.0,107.0,NaN,20.0,0.0,85.0,NaN,14.0,0.0,14.0,NaN,-4.0,0.0,NaN,NaN,NaN,24.0,NaN,NaN,NaN,24.0,26.0,NaN,0.0,6.0,NaN,NaN,NaN,24.0,NaN,NaN,NaN,24.0,NaN,NaN,NaN,24.0,NaN,NaN,NaN,24.0,NaN,NaN,NaN,24.0,19.0,NaN,0.0,6.0,NaN,NaN,NaN,24.0,8.2,NaN,0.0,6.0,100.0,NaN,0.0,6.0,5.2,NaN,0.0,6.0,NaN,NaN,NaN,24.0,122.0,NaN,0.0,6.0,NaN,NaN,NaN,24.0,2.0,NaN,0.0,6.0,4.9,NaN,0.0,6.0,4.3,NaN,0.0,6.0,NaN,NaN,NaN,24.0,NaN,NaN,NaN,24.0,31.2,NaN,0.0,6.0,9.4,NaN,0.0,6.0,37.8,NaN,0.0,6.0,5.7,NaN,0.0,6.0,NaN,NaN,NaN,24.0,229.0,NaN,0.0,6.0,44.0,1.0,1.0,0.0,-311.88916666666665,13.0,0.0,0.0,0.0,0.0,0.0,0.0,0.0,0.0,0.0,0.0,1.0,0.0,0.0,NaN,0.0,0.0,NaN,NaN,NaN,NaN,NaN,NaN,NaN
76.0,NaN,3.0,1.0,98.0,NaN,0.0,1.0,36.67,NaN,0.11166666666666696,2.0,160.0,NaN,18.0,1.0,107.0,NaN,10.0,1.0,85.0,NaN,7.0,1.0,14.0,NaN,-2.0,1.0,NaN,NaN,NaN,24.0,NaN,NaN,NaN,24.0,26.0,NaN,0.0,7.0,NaN,NaN,NaN,24.0,NaN,NaN,NaN,24.0,NaN,NaN,NaN,24.0,NaN,NaN,NaN,24.0,NaN,NaN,NaN,24.0,19.0,NaN,0.0,7.0,NaN,NaN,NaN,24.0,8.2,NaN,0.0,7.0,100.0,NaN,0.0,7.0,5.2,NaN,0.0,7.0,NaN,NaN,NaN,24.0,122.0,NaN,0.0,7.0,NaN,NaN,NaN,24.0,2.0,NaN,0.0,7.0,4.9,NaN,0.0,7.0,4.3,NaN,0.0,7.0,NaN,NaN,NaN,24.0,NaN,NaN,NaN,24.0,31.2,NaN,0.0,7.0,9.4,NaN,0.0,7.0,67.6,NaN,4.257142857142857,0.0,5.7,NaN,0.0,7.0,NaN,NaN,NaN,24.0,229.0,NaN,0.0,7.0,44.0,1.0,1.0,0.0,-311.88916666666665,14.0,0.0,0.0,0.0,0.0,0.0,0.0,0.0,0.0,0.0,0.0,1.0,0.0,0.0,NaN,0.0,0.0,NaN,NaN,NaN,NaN,NaN,NaN,NaN
76.0,NaN,2.0,2.0,98.0,NaN,0.0,2.0,36.67,NaN,0.09571428571428596,3.0,160.0,NaN,12.0,2.0,107.0,NaN,6.666666666666667,2.0,85.0,NaN,4.666666666666667,2.0,14.0,NaN,-1.3333333333333333,2.0,NaN,NaN,NaN,24.0,NaN,NaN,NaN,24.0,26.0,NaN,0.0,8.0,NaN,NaN,NaN,24.0,NaN,NaN,NaN,24.0,NaN,NaN,NaN,24.0,NaN,NaN,NaN,24.0,NaN,NaN,NaN,24.0,19.0,NaN,0.0,8.0,NaN,NaN,NaN,24.0,8.2,NaN,0.0,8.0,100.0,NaN,0.0,8.0,5.2,NaN,0.0,8.0,NaN,NaN,NaN,24.0,122.0,NaN,0.0,8.0,NaN,NaN,NaN,24.0,2.0,NaN,0.0,8.0,4.9,NaN,0.0,8.0,4.3,NaN,0.0,8.0,NaN,NaN,NaN,24.0,NaN,NaN,NaN,24.0,31.2,NaN,0.0,8.0,9.4,NaN,0.0,8.0,67.6,NaN,3.7249999999999996,1.0,5.7,NaN,0.0,8.0,NaN,NaN,NaN,24.0,229.0,NaN,0.0,8.0,44.0,1.0,1.0,0.0,-311.88916666666665,15.0,0.0,0.0,0.0,0.0,0.0,0.0,0.0,0.0,0.0,0.0,1.0,0.0,0.0,NaN,0.0,0.0,NaN,NaN,NaN,NaN,NaN,NaN,NaN
76.0,NaN,1.5,3.0,98.0,NaN,0.0,3.0,36.67,NaN,0.08375000000000021,4.0,160.0,NaN,9.0,3.0,107.0,NaN,5.0,3.0,85.0,NaN,3.5,3.0,14.0,NaN,-1.0,3.0,NaN,NaN,NaN,24.0,NaN,NaN,NaN,24.0,26.0,NaN,0.0,9.0,NaN,NaN,NaN,24.0,NaN,NaN,NaN,24.0,NaN,NaN,NaN,24.0,NaN,NaN,NaN,24.0,NaN,NaN,NaN,24.0,19.0,NaN,0.0,9.0,NaN,NaN,NaN,24.0,8.2,NaN,0.0,9.0,100.0,NaN,0.0,9.0,5.2,NaN,0.0,9.0,NaN,NaN,NaN,24.0,122.0,NaN,0.0,9.0,NaN,NaN,NaN,24.0,2.0,NaN,0.0,9.0,4.9,NaN,0.0,9.0,4.3,NaN,0.0,9.0,NaN,NaN,NaN,24.0,NaN,NaN,NaN,24.0,31.2,NaN,0.0,9.0,9.4,NaN,0.0,9.0,67.6,NaN,3.311111111111111,2.0,5.7,NaN,0.0,9.0,NaN,NaN,NaN,24.0,229.0,NaN,0.0,9.0,44.0,1.0,1.0,0.0,-311.88916666666665,16.0,0.0,0.0,0.0,0.0,0.0,0.0,0.0,0.0,0.0,0.0,1.0,0.0,0.0,NaN,0.0,0.0,NaN,NaN,NaN,NaN,NaN,NaN,NaN
