NaN,NaN,NaN,24.0,NaN,NaN,NaN,24.0,NaN,NaN,NaN,24.0,NaN,NaN,NaN,24.0,NaN,NaN,NaN,24.0,NaN,NaN,NaN,24.0,NaN,NaN,NaN,24.0,NaN,NaN,NaN,24.0,NaN,NaN,NaN,24.0,NaN,NaN,NaN,24.0,NaN,NaN,NaN,24.0,NaN,NaN,NaN,24.0,NaN,NaN,NaN,24.0,NaN,NaN,NaN,24.0,NaN,NaN,NaN,24.0,NaN,NaN,NaN,24.0,NaN,NaN,NaN,24.0,NaN,NaN,NaN,24.0,NaN,NaN,NaN,24.0,NaN,NaN,NaN,24.0,NaN,NaN,NaN,24.0,NaN,NaN,NaN,24.0,NaN,NaN,NaN,24.0,NaN,NaN,NaN,24.0,NaN,NaN,NaN,24.0,NaN,NaN,NaN,24.0,NaN,NaN,NaN,24.0,NaN,NaN,NaN,24.0,NaN,NaN,NaN,24.0,NaN,NaN,NaN,24.0,NaN,NaN,NaN,24.0,NaN,NaN,NaN,24.0,NaN,NaN,NaN,24.0,NaN,NaN,NaN,24.0,78.0,0.0,1.0,0.0,-11.116666666666667,1.0,0.0,0.0,0.0,0.0,0.0,0.0,0.0,0.0,0.0,0.0,1.0,0.0,1.0,1.0,0.0,0.0,3.0,11.0,11.0,11.0,NaN,NaN,NaN
112.5,NaN,0.0,0.0,95.5,NaN,0.0,0.0,35.67,NaN,0.0,0.0,124.0,NaN,0.0,0.0,103.0,NaN,0.0,0.0,60.0,NaN,0.0,0.0,29.6666666666667,NaN,0.0,0.0,NaN,NaN,NaN,24.0,NaN,NaN,NaN,24.0,NaN,NaN,NaN,24.0,0.24,NaN,0.0,0.0,NaN,NaN,NaN,24.0,NaN,NaN,NaN,24.0,NaN,NaN,NaN,24.0,NaN,NaN,NaN,24.0,NaN,NaN,NaN,24.0,NaN,NaN,NaN,24.0,NaN,NaN,NaN,24.0,NaN,NaN,NaN,24.0,NaN,NaN,NaN,24.0,NaN,NaN,NaN,24.0,NaN,NaN,NaN,24.0,NaN,NaN,NaN,24.0,NaN,NaN,NaN,24.0,NaN,NaN,NaN,24.0,NaN,NaN,NaN,24.0,NaN,NaN,NaN,24.0,NaN,NaN,NaN,24.0,NaN,NaN,NaN,24.0,NaN,NaN,NaN,24.0,NaN,NaN,NaN,24.0,NaN,NaN,NaN,24.0,NaN,NaN,NaN,24.0,NaN,NaN,NaN,24.0,78.0,0.0,1.0,0.0,-11.116666666666667,2.0,1.0,1.0,1.0,0.0,0.0,0.0,0.0,0.0,0.0,0.0,0.0,0.0,1.0,1.0,0.0,0.0,3.0,11.0,11.0,11.0,NaN,NaN,NaN
102.0,NaN,-10.5,0.0,94.0,NaN,-1.5,0.0,35.67,NaN,0.0,1.0,102.0,NaN,-22.0,0.0,72.0,NaN,-31.0,0.0,69.0,NaN,9.0,0.0,27.0,NaN,-2.6666666666667,0.0,NaN,NaN,NaN,24.0,NaN,NaN,NaN,24.0,NaN,NaN,NaN,24.0,0.24,NaN,0.0,1.0,NaN,NaN,NaN,24.0,NaN,NaN,NaN,24.0,NaN,NaN,NaN,24.0,NaN,NaN,NaN,24.0,NaN,NaN,NaN,24.0,NaN,NaN,NaN,24.0,NaN,NaN,NaN,24.0,NaN,NaN,NaN,24.0,NaN,NaN,NaN,24.0,NaN,NaN,NaN,24.0,NaN,NaN,NaN,24.0,NaN,NaN,NaN,24.0,NaN,NaN,NaN,24.0,NaN,NaN,NaN,24.0,NaN,NaN,NaN,24.0,NaN,NaN,NaN,24.0,NaN,NaN,NaN,24.0,NaN,NaN,NaN,24.0,NaN,NaN,NaN,24.0,NaN,NaN,NaN,24.0,NaN,NaN,NaN,24.0,NaN,NaN,NaN,24.0,NaN,NaN,NaN,24.0,78.0,0.0,1.0,0.0,-11.116666666666667,3.0,1.0,1.0,1.0,0.0,0.0,0.0,0.0,0.0,0.0,0.0,1.0,0.0,1.0,1.0,0.0,0.0,3.0,11.0,11.0,11.0,NaN,NaN,NaN
99.0,NaN,-3.0,0.0,94.0,NaN,0.0,0.0,35.67,NaN,0.0,2.0,106.0,NaN,4.0,0.0,72.0,NaN,-15.5,1.0,53.0,NaN,-16.0,0.0,24.0,NaN,-3.0,0.0,NaN,NaN,NaN,24.0,NaN,NaN,NaN,24.0,NaN,NaN,NaN,24.0,0.24,NaN,0.0,0.0,NaN,NaN,NaN,24.0,NaN,NaN,NaN,24.0,NaN,NaN,NaN,24.0,NaN,NaN,NaN,24.0,NaN,NaN,NaN,24.0,NaN,NaN,NaN,24.0,NaN,NaN,NaN,24.0,NaN,NaN,NaN,24.0,NaN,NaN,NaN,24.0,NaN,NaN,NaN,24.0,NaN,NaN,NaN,24.0,NaN,NaN,NaN,24.0,NaN,NaN,NaN,24.0,NaN,NaN,NaN,24.0,NaN,NaN,NaN,24.0,NaN,NaN,NaN,24.0,NaN,NaN,NaN,24.0,NaN,NaN,NaN,24.0,NaN,NaN,NaN,24.0,NaN,NaN,NaN,24.0,NaN,NaN,NaN,24.0,NaN,NaN,NaN,24.0,NaN,NaN,NaN,24.0,78.0,0.0,1.0,0.0,-11.116666666666667,4.0,1.0,1.0,1.0,0.0,0.0,0.0,0.0,0.0,0.0,0.0,0.0,0.0,1.0,1.0,0.0,0.0,3.0,11.0,11.0,11.0,NaN,NaN,NaN
93.0,NaN,-6.0,0.0,96.0,NaN,2.0,0.0,35.67,NaN,0.0,3.0,125.0,NaN,19.0,0.0,66.0,NaN,-3.0,0.0,58.0,NaN,5.0,0.0,17.0,NaN,-7.0,0.0,NaN,NaN,NaN,24.0,NaN,NaN,NaN,24.0,NaN,NaN,NaN,24.0,0.24,NaN,0.0,1.0,NaN,NaN,NaN,24.0,NaN,NaN,NaN,24.0,NaN,NaN,NaN,24.0,NaN,NaN,NaN,24.0,NaN,NaN,NaN,24.0,NaN,NaN,NaN,24.0,NaN,NaN,NaN,24.0,NaN,NaN,NaN,24.0,NaN,NaN,NaN,24.0,NaN,NaN,NaN,24.0,NaN,NaN,NaN,24.0,NaN,NaN,NaN,24.0,NaN,NaN,NaN,24.0,NaN,NaN,NaN,24.0,NaN,NaN,NaN,24.0,NaN,NaN,NaN,24.0,NaN,NaN,NaN,24.0,NaN,NaN,NaN,24.0,NaN,NaN,NaN,24.0,NaN,NaN,NaN,24.0,NaN,NaN,NaN,24.0,NaN,NaN,NaN,24.0,NaN,NaN,NaN,24.0,78.0,0.0,1.0,0.0,-11.116666666666667,5.0,1.0,0.0,1.0,0.0,0.0,0.0,0.0,0.0,0.0,0.0,1.0,0.0,1.0,1.0,0.0,0.0,3.0,11.0,11.0,11.0,NaN,NaN,NaN
97.0,NaN,4.0,0.0,99.0,NaN,3.0,0.0,35.67,NaN,0.0,4.0,123.0,NaN,-2.0,0.0,65.0,NaN,-1.0,0.0,47.0,NaN,-11.0,0.0,27.0,NaN,10.0,0.0,NaN,NaN,NaN,24.0,NaN,NaN,NaN,24.0,31.0,NaN,0.0,0.0,0.24,NaN,0.0,2.0,NaN,NaN,NaN,24.0,NaN,NaN,NaN,24.0,NaN,NaN,NaN,24.0,NaN,NaN,NaN,24.0,10.0,NaN,0.0,0.0,NaN,NaN,NaN,24.0,NaN,NaN,NaN,24.0,106.0,NaN,0.0,0.0,0.7,NaN,0.0,0.0,NaN,NaN,NaN,24.0,105.0,NaN,0.0,0.0,NaN,NaN,NaN,24.0,NaN,NaN,NaN,24.0,NaN,NaN,NaN,24.0,3.9,NaN,0.0,0.0,NaN,NaN,NaN,24.0,NaN,NaN,NaN,24.0,35.8,NaN,0.0,0.0,11.1,NaN,0.0,0.0,NaN,NaN,NaN,24.0,4.1,NaN,0.0,0.0,NaN,NaN,NaN,24.0,174.0,NaN,0.0,0.0,78.0,0.0,1.0,0.0,-11.116666666666667,6.0,1.0,1.0,1.0,0.0,0.0,0.0,0.0,1.0,0.0,0.0,1.0,0.0,1.0,1.0,0.0,0.0,3.0,11.0,11.0,11.0,NaN,NaN,NaN
96.0,NaN,-1.0,0.0,97.0,NaN,-2.0,0.0,35.67,NaN,0.0,5.0,106.0,NaN,-17.0,0.0,65.0,NaN,0.0,0.0,53.0,NaN,6.0,0.0,25.0,NaN,-2.0,0.0,NaN,NaN,NaN,24.0,NaN,NaN,NaN,24.0,31.0,NaN,0.0,1.0,0.24,NaN,0.0,3.0,NaN,NaN,NaN,24.0,NaN,NaN,NaN,24.0,NaN,NaN,NaN,24.0,NaN,NaN,NaN,24.0,10.0,NaN,0.0,1.0,NaN,NaN,NaN,24.0,NaN,NaN,NaN,24.0,106.0,NaN,0.0,1.0,0.7,NaN,0.0,1.0,NaN,NaN,NaN,24.0,105.0,NaN,0.0,1.0,NaN,NaN,NaN,24.0,NaN,NaN,NaN,24.0,NaN,NaN,NaN,24.0,3.9,NaN,0.0,1.0,NaN,NaN,NaN,24.0,NaN,NaN,NaN,24.0,35.8,NaN,0.0,1.0,11.1,NaN,0.0,1.0,NaN,NaN,NaN,24.0,4.1,NaN,0.0,1.0,NaN,NaN,NaN,24.0,174.0,NaN,0.0,1.0,78.0,0.0,1.0,0.0,-11.116666666666667,7.0,1.0,1.0,1.0,0.0,0.0,0.0,0.0,1.0,0.0,0.0,1.0,0.0,1.0,1.0,0.0,0.0,3.0,11.0,11.0,11.0,NaN,NaN,NaN
91.0,NaN,-5.0,0.0,98.0,NaN,1.0,0.0,36.33,NaN,0.10999999999999943,0.0,121.0,NaN,15.0,0.0,68.0,NaN,3.0,0.0,56.0,NaN,3.0,0.0,24.0,NaN,-1.0,0.0,NaN,NaN,NaN,24.0,NaN,NaN,NaN,24.0,31.0,NaN,0.0,2.0,0.24,NaN,0.0,4.0,NaN,NaN,NaN,24.0,NaN,NaN,NaN,24.0,NaN,NaN,NaN,24.0,NaN,NaN,NaN,24.0,10.0,NaN,0.0,2.0,NaN,NaN,NaN,24.0,NaN,NaN,NaN,24.0,106.0,NaN,0.0,2.0,0.7,NaN,0.0,2.0,NaN,NaN,NaN,24.0,105.0,NaN,0.0,2.0,NaN,NaN,NaN,24.0,NaN,NaN,NaN,24.0,NaN,NaN,NaN,24.0,3.9,NaN,0.0,2.0,NaN,NaN,NaN,24.0,NaN,NaN,NaN,24.0,35.8,NaN,0.0,2.0,11.1,NaN,0.0,2.0,NaN,NaN,NaN,24.0,4.1,NaN,0.0,2.0,NaN,NaN,NaN,24.0,174.0,NaN,0.0,2.0,78.0,0.0,1.0,0.0,-11.116666666666667,8.0,0.0,1.0,1.0,0.0,0.0,0.0,0.0,0.0,0.0,0.0,1.0,1.0,1.0,1.0,0.0,0.0,3.0,11.0,11.0,11.0,NaN,NaN,NaN
89.0,NaN,-2.0,0.0,96.0,NaN,-2.0,0.0,36.33,NaN,0.09428571428571379,1.0,123.0,NaN,2.0,0.0,75.0,NaN,7.0,0.0,60.0,NaN,4.0,0.0,23.0,NaN,-1.0,0.0,NaN,NaN,NaN,24.0,NaN,NaN,NaN,24.0,31.0,NaN,0.0,3.0,0.24,NaN,0.0,5.0,NaN,NaN,NaN,24.0,NaN,NaN,NaN,24.0,NaN,NaN,NaN,24.0,NaN,NaN,NaN,24.0,10.0,NaN,0.0,3.0,NaN,NaN,NaN,24.0,NaN,NaN,NaN,24.0,106.0,NaN,0.0,3.0,0.7,NaN,0.0,3.0,NaN,NaN,NaN,24.0,105.0,NaN,0.0,3.0,NaN,NaN,NaN,24.0,NaN,NaN,NaN,24.0,NaN,NaN,NaN,24.0,3.9,NaN,0.0,3.0,NaN,NaN,NaN,24.0,NaN,NaN,NaN,24.0,35.8,NaN,0.0,3.0,11.1,NaN,0.0,3.0,NaN,NaN,NaN,24.0,4.1,NaN,0.0,3.0,NaN,NaN,NaN,24.0,174.0,NaN,0.0,3.0,78.0,0.0,1.0,0.0,-11.116666666666667,9.0,0.0,1.0,0.0,0.0,0.0,0.0,0.0,0.0,0.0,0.0,1.0,1.0,1.0,1.0,0.0,0.0,3.0,11.0,11.0,11.0,NaN,NaN,NaN
93.0,NaN,4.0,0.0,93.0,NaN,-3.0,0.0,36.33,NaN,0.08249999999999957,2.0,129.0,NaN,6.0,0.0,76.0,NaN,1.0,0.0,58.0,NaN,-2.0,0.0,30.0,NaN,7.0,0.0,NaN,NaN,NaN,24.0,NaN,NaN,NaN,24.0,31.0,NaN,0.0,4.0,0.24,NaN,0.0,6.0,NaN,NaN,NaN,24.0,NaN,NaN,NaN,24.0,NaN,NaN,NaN,24.0,NaN,NaN,NaN,24.0,10.0,NaN,0.0,4.0,NaN,NaN,NaN,24.0,NaN,NaN,NaN,24.0,106.0,NaN,0.0,4.0,0.7,NaN,0.0,4.0,NaN,NaN,NaN,24.0,105.0,NaN,0.0,4.0,NaN,NaN,NaN,24.0,NaN,NaN,NaN,24.0,NaN,NaN,NaN,24.0,3.9,NaN,0.0,4.0,NaN,NaN,NaN,24.0,NaN,NaN,NaN,24.0,35.8,NaN,0.0,4.0,11.1,NaN,0.0,4.0,NaN,NaN,NaN,24.0,4.1,NaN,0.0,4.0,NaN,NaN,NaN,24.0,174.0,NaN,0.0,4.0,78.0,0.0,1.0,0.0,-11.116666666666667,10.0,0.0,1.0,1.0,0.0,0.0,0.0,0.0,0.0,0.0,0.0,1.0,1.0,1.0,1.0,0.0,0.0,3.0,11.0,11.0,11.0,NaN,NaN,NaN
86.0,NaN,-7.0,0.0,93.0,NaN,0.0,0.0,36.33,NaN,0.07333333333333296,3.0,104.0,NaN,-25.0,0.0,66.0,NaN,-10.0,0.0,56.0,NaN,-2.0,0.0,20.0,NaN,-10.0,0.0,NaN,NaN,NaN,24.0,NaN,NaN,NaN,24.0,31.0,NaN,0.0,5.0,0.24,NaN,0.0,7.0,NaN,NaN,NaN,24.0,NaN,NaN,NaN,24.0,NaN,NaN,NaN,24.0,NaN,NaN,NaN,24.0,10.0,NaN,0.0,5.0,NaN,NaN,NaN,24.0,NaN,NaN,NaN,24.0,106.0,NaN,0.0,5.0,0.7,NaN,0.0,5.0,NaN,NaN,NaN,24.0,105.0,NaN,0.0,5.0,NaN,NaN,NaN,24.0,NaN,NaN,NaN,24.0,NaN,NaN,NaN,24.0,3.9,NaN,0.0,5.0,NaN,NaN,NaN,24.0,NaN,NaN,NaN,24.0,35.8,NaN,0.0,5.0,11.1,NaN,0.0,5.0,NaN,NaN,NaN,24.0,4.1,NaN,0.0,5.0,NaN,NaN,NaN,24.0,174.0,NaN,0.0,5.0,78.0,0.0,1.0,0.0,-11.116666666666667,11.0,0.0,0.0,0.0,0.0,0.0,0.0,0.0,0.0,0.0,0.0,1.0,1.0,1.0,1.0,0.0,0.0,3.0,11.0,11.0,11.0,NaN,NaN,NaN
93.0,NaN,7.0,0.0,92.0,NaN,-1.0,0.0,36.5,NaN,0.042500000000000426,0.0,129.0,NaN,25.0,0.0,78.0,NaN,12.0,0.0,63.0,NaN,7.0,0.0,28.0,NaN,8.0,0.0,NaN,NaN,NaN,24.0,NaN,NaN,NaN,24.0,31.0,NaN,0.0,6.0,0.35,NaN,0.013749999999999998,0.0,NaN,NaN,NaN,24.0,NaN,NaN,NaN,24.0,NaN,NaN,NaN,24.0,NaN,NaN,NaN,24.0,10.0,NaN,0.0,6.0,NaN,NaN,NaN,24.0,NaN,NaN,NaN,24.0,106.0,NaN,0.0,6.0,0.7,NaN,0.0,6.0,NaN,NaN,NaN,24.0,105.0,NaN,0.0,6.0,NaN,NaN,NaN,24.0,NaN,NaN,NaN,24.0,NaN,NaN,NaN,24.0,3.9,NaN,0.0,6.0,NaN,NaN,NaN,24.0,NaN,NaN,NaN,24.0,35.8,NaN,0.0,6.0,11.1,NaN,0.0,6.0,NaN,NaN,NaN,24.0,4.1,NaN,0.0,6.0,NaN,NaN,NaN,24.0,174.0,NaN,0.0,6.0,78.0,0.0,1.0,0.0,-11.116666666666667,12.0,0.0,1.0,1.0,0.0,1.0,0.0,0.0,0.0,0.0,0.0,0.0,1.0,1.0,1.0,0.0,0.0,3.0,11.0,11.0,11.0,NaN,NaN,NaN
100.0,NaN,7.0,0.0,96.0,NaN,4.0,0.0,36.5,NaN,0.03400000000000034,1.0,113.0,NaN,-16.0,0.0,67.0,NaN,-11.0,0.0,51.0,NaN,-12.0,0.0,23.0,NaN,-5.0,0.0,NaN,NaN,NaN,24.0,NaN,NaN,NaN,24.0,31.0,NaN,0.0,7.0,0.35,NaN,0.012222222222222221,1.0,NaN,NaN,NaN,24.0,NaN,NaN,NaN,24.0,NaN,NaN,NaN,24.0,NaN,NaN,NaN,24.0,10.0,NaN,0.0,7.0,NaN,NaN,NaN,24.0,NaN,NaN,NaN,24.0,106.0,NaN,0.0,7.0,0.7,NaN,0.0,7.0,NaN,NaN,NaN,24.0,105.0,NaN,0.0,7.0,NaN,NaN,NaN,24.0,NaN,NaN,NaN,24.0,NaN,NaN,NaN,24.0,3.9,NaN,0.0,7.0,NaN,NaN,NaN,24.0,NaN,NaN,NaN,24.0,35.8,NaN,0.0,7.0,11.1,NaN,0.0,7.0,NaN,NaN,NaN,24.0,4.1,NaN,0.0,7.0,NaN,NaN,NaN,24.0,174.0,NaN,0.0,7.0,78.0,0.0,1.0,0.0,-11.116666666666667,13.0,0.0,1.0,1.0,0.0,0.0,0.0,0.0,0.0,0.0,0.0,1.0,1.0,1.0,1.0,0.0,0.0,3.0,11.0,11.0,11.0,NaN,NaN,NaN
100.0,NaN,0.0,0.0,96.0,NaN,0.0,0.0,36.5,NaN,0.028333333333333616,2.0,111.0,NaN,-2.0,0.0,61.0,NaN,-6.0,0.0,47.0,NaN,-4.0,0.0,23.0,NaN,0.0,0.0,NaN,NaN,NaN,24.0,NaN,NaN,NaN,24.0,31.0,NaN,0.0,8.0,0.35,NaN,0.011,2.0,NaN,NaN,NaN,24.0,NaN,NaN,NaN,24.0,NaN,NaN,NaN,24.0,NaN,NaN,NaN,24.0,10.0,NaN,0.0,8.0,NaN,NaN,NaN,24.0,NaN,NaN,NaN,24.0,106.0,NaN,0.0,8.0,0.7,NaN,0.0,8.0,NaN,NaN,NaN,24.0,105.0,NaN,0.0,8.0,NaN,NaN,NaN,24.0,NaN,NaN,NaN,24.0,NaN,NaN,NaN,24.0,3.9,NaN,0.0,8.0,NaN,NaN,NaN,24.0,NaN,NaN,NaN,24.0,35.8,NaN,0.0,8.0,11.1,NaN,0.0,8.0,NaN,NaN,NaN,24.0,4.1,NaN,0.0,8.0,NaN,NaN,NaN,24.0,174.0,NaN,0.0,8.0,78.0,0.0,1.0,0.0,-11.116666666666667,14.0,0.0,1.0,1.0,0.0,0.0,0.0,0.0,1.0,0.0,0.0,1.0,1.0,1.0,1.0,0.0,0.0,3.0,11.0,11.0,11.0,NaN,NaN,NaN
103.0,NaN,3.0,0.0,98.0,NaN,2.0,0.0,36.5,NaN,0.02428571428571453,3.0,130.0,NaN,19.0,0.0,76.0,NaN,15.0,0.0,60.0,NaN,13.0,0.0,21.0,NaN,-2.0,0.0,NaN,NaN,NaN,24.0,NaN,NaN,NaN,24.0,31.0,NaN,0.0,9.0,0.35,NaN,0.009999999999999998,3.0,NaN,NaN,NaN,24.0,NaN,NaN,NaN,24.0,NaN,NaN,NaN,24.0,NaN,NaN,NaN,24.0,10.0,NaN,0.0,9.0,NaN,NaN,NaN,24.0,NaN,NaN,NaN,24.0,106.0,NaN,0.0,9.0,0.7,NaN,0.0,9.0,NaN,NaN,NaN,24.0,105.0,NaN,0.0,9.0,NaN,NaN,NaN,24.0,NaN,NaN,NaN,24.0,NaN,NaN,NaN,24.0,3.9,NaN,0.0,9.0,NaN,NaN,NaN,24.0,NaN,NaN,NaN,24.0,35.8,NaN,0.0,9.0,11.1,NaN,0.0,9.0,NaN,NaN,NaN,24.0,4.1,NaN,0.0,9.0,NaN,NaN,NaN,24.0,174.0,NaN,0.0,9.0,78.0,0.0,1.0,0.0,-11.116666666666667,15.0,0.0,1.0,1.0,0.0,0.0,0.0,0.0,0.0,0.0,0.0,1.0,1.0,1.0,1.0,0.0,0.0,3.0,11.0,11.0,11.0,NaN,NaN,NaN
