78.0,NaN,NaN,24.0,99.0,NaN,NaN,24.0,NaN,NaN,NaN,24.0,93.5,NaN,NaN,24.0,65.0,NaN,NaN,24.0,56.5,NaN,NaN,24.0,15.0,NaN,NaN,24.0,NaN,NaN,NaN,24.0,NaN,NaN,NaN,24.0,NaN,NaN,NaN,24.0,NaN,NaN,NaN,24.0,NaN,NaN,NaN,24.0,NaN,NaN,NaN,24.0,NaN,NaN,NaN,24.0,NaN,NaN,NaN,24.0,NaN,NaN,NaN,24.0,NaN,NaN,NaN,24.0,NaN,NaN,NaN,24.0,NaN,NaN,NaN,24.0,NaN,NaN,NaN,24.0,NaN,NaN,NaN,24.0,NaN,NaN,NaN,24.0,NaN,NaN,NaN,24.0,NaN,NaN,NaN,24.0,NaN,NaN,NaN,24.0,NaN,NaN,NaN,24.0,NaN,NaN,NaN,24.0,NaN,NaN,NaN,24.0,NaN,NaN,NaN,24.0,NaN,NaN,NaN,24.0,NaN,NaN,NaN,24.0,NaN,NaN,NaN,24.0,NaN,NaN,NaN,24.0,NaN,NaN,NaN,24.0,66.0,1.0,0.0,1.0,0.0,1.0,0.0,0.0,0.0,0.0,0.0,0.0,0.0,1.0,0.0,0.0,1.0,0.0,0.0,0.0,0.0,0.0,NaN,NaN,NaN,2.0,NaN,NaN,NaN
82.3333333333333,NaN,4.3333333333333,0.0,98.6666666666667,NaN,-0.3333333333333002,0.0,36.78,NaN,0.0,0.0,90.6666666666667,NaN,-2.8333333333333,0.0,64.3333333333333,NaN,-0.6666666666666998,0.0,56.6666666666667,NaN,0.16666666666669983,0.0,15.5,NaN,0.5,0.0,NaN,NaN,NaN,24.0,NaN,NaN,NaN,24.0,28.0,NaN,0.0,0.0,0.5,NaN,0.0,0.0,7.4,NaN,0.0,0.0,NaN,NaN,NaN,24.0,NaN,NaN,NaN,24.0,NaN,NaN,NaN,24.0,15.0,NaN,0.0,0.0,NaN,NaN,NaN,24.0,8.6,NaN,0.0,0.0,103.0,NaN,0.0,0.0,0.9,NaN,0.0,0.0,NaN,NaN,NaN,24.0,133.0,NaN,0.0,0.0,0.9,NaN,0.0,0.0,1.8,NaN,0.0,0.0,2.5,NaN,0.0,0.0,3.5,NaN,0.0,0.0,NaN,NaN,NaN,24.0,NaN,NaN,NaN,24.0,38.8,NaN,0.0,0.0,13.7,NaN,0.0,0.0,26.8,NaN,0.0,0.0,8.0,NaN,0.0,0.0,NaN,NaN,NaN,24.0,160.0,NaN,0.0,0.0,66.0,1.0,0.0,1.0,0.0,2.0,0.0,0.0,0.0,0.0,2.0,0.0,0.0,1.0,0.0,0.0,1.0,0.0,0.0,0.0,0.0,0.0,NaN,NaN,NaN,2.0,NaN,NaN,NaN
75.0,NaN,-7.3333333333333,0.0,99.0,NaN,0.3333333333333002,0.0,36.78,NaN,0.0,1.0,92.25,NaN,1.5833333333333002,0.0,60.0,NaN,-4.3333333333333,0.0,50.25,NaN,-6.4166666666667,0.0,13.75,NaN,-1.75,0.0,NaN,NaN,NaN,24.0,NaN,NaN,NaN,24.0,28.0,NaN,0.0,1.0,0.5,NaN,0.0,1.0,7.4,NaN,0.0,1.0,NaN,NaN,NaN,24.0,NaN,NaN,NaN,24.0,NaN,NaN,NaN,24.0,15.0,NaN,0.0,1.0,NaN,NaN,NaN,24.0,8.6,NaN,0.0,1.0,103.0,NaN,0.0,1.0,0.9,NaN,0.0,1.0,NaN,NaN,NaN,24.0,133.0,NaN,0.0,1.0,0.9,NaN,0.0,1.0,1.8,NaN,0.0,1.0,2.5,NaN,0.0,1.0,3.5,NaN,0.0,1.0,NaN,NaN,NaN,24.0,NaN,NaN,NaN,24.0,38.8,NaN,0.0,1.0,13.7,NaN,0.0,1.0,26.8,NaN,0.0,1.0,8.0,NaN,0.0,1.0,NaN,NaN,NaN,24.0,160.0,NaN,0.0,1.0,66.0,1.0,0.0,1.0,0.0,3.0,0.0,0.0,0.0,0.0,0.0,0.0,0.0,1.0,0.0,0.0,1.0,0.0,0.0,0.0,0.0,0.0,NaN,NaN,NaN,2.0,NaN,NaN,NaN
70.5,NaN,-4.5,0.0,99.0,NaN,0.0,0.0,36.78,NaN,0.0,2.0,99.0,NaN,6.75,0.0,65.5,NaN,5.5,0.0,55.5,NaN,5.25,0.0,15.0,NaN,1.25,0.0,NaN,NaN,NaN,24.0,NaN,NaN,NaN,24.0,28.0,NaN,0.0,2.0,0.5,NaN,0.0,2.0,7.4,NaN,0.0,2.0,NaN,NaN,NaN,24.0,NaN,NaN,NaN,24.0,NaN,NaN,NaN,24.0,15.0,NaN,0.0,2.0,NaN,NaN,NaN,24.0,8.6,NaN,0.0,2.0,103.0,NaN,0.0,2.0,0.9,NaN,0.0,2.0,NaN,NaN,NaN,24.0,133.0,NaN,0.0,2.0,0.9,NaN,0.0,2.0,1.8,NaN,0.0,2.0,2.5,NaN,0.0,2.0,3.5,NaN,0.0,2.0,NaN,NaN,NaN,24.0,NaN,NaN,NaN,24.0,38.8,NaN,0.0,2.0,13.7,NaN,0.0,2.0,26.8,NaN,0.0,2.0,8.0,NaN,0.0,2.0,NaN,NaN,NaN,24.0,160.0,NaN,0.0,2.0,66.0,1.0,0.0,1.0,0.0,4.0,0.0,0.0,0.0,0.0,0.0,0.0,0.0,0.0,0.0,0.0,1.0,0.0,0.0,0.0,0.0,0.0,NaN,NaN,NaN,2.0,NaN,NaN,NaN
68.0,NaN,-2.5,0.0,99.0,NaN,0.0,0.0,36.78,NaN,0.0,3.0,100.0,NaN,1.0,0.0,64.0,NaN,-1.5,0.0,53.0,NaN,-2.5,0.0,15.0,NaN,0.0,0.0,NaN,NaN,NaN,24.0,NaN,NaN,NaN,24.0,28.0,NaN,0.0,3.0,0.5,NaN,0.0,3.0,7.4,NaN,0.0,3.0,NaN,NaN,NaN,24.0,NaN,NaN,NaN,24.0,NaN,NaN,NaN,24.0,15.0,NaN,0.0,3.0,NaN,NaN,NaN,24.0,8.6,NaN,0.0,3.0,103.0,NaN,0.0,3.0,0.9,NaN,0.0,3.0,NaN,NaN,NaN,24.0,133.0,NaN,0.0,3.0,0.9,NaN,0.0,3.0,1.8,NaN,0.0,3.0,2.5,NaN,0.0,3.0,3.5,NaN,0.0,3.0,NaN,NaN,NaN,24.0,NaN,NaN,NaN,24.0,38.8,NaN,0.0,3.0,13.7,NaN,0.0,3.0,26.8,NaN,0.0,3.0,8.0,NaN,0.0,3.0,NaN,NaN,NaN,24.0,160.0,NaN,0.0,3.0,66.0,1.0,0.0,1.0,0.0,5.0,0.0,0.0,0.0,0.0,0.0,0.0,0.0,1.0,0.0,0.0,1.0,0.0,0.0,0.0,0.0,0.0,NaN,NaN,NaN,2.0,NaN,NaN,NaN
70.0,NaN,2.0,0.0,99.0,NaN,0.0,0.0,36.56,NaN,-0.054999999999999716,0.0,104.0,NaN,4.0,0.0,68.0,NaN,4.0,0.0,57.0,NaN,4.0,0.0,16.0,NaN,1.0,0.0,NaN,NaN,NaN,24.0,2.0,NaN,0.0,0.0,28.0,NaN,0.0,4.0,0.5,NaN,0.0,0.0,7.38,NaN,-0.0050000000000001155,0.0,47.0,NaN,0.0,0.0,NaN,NaN,NaN,24.0,NaN,NaN,NaN,24.0,15.0,NaN,0.0,4.0,NaN,NaN,NaN,24.0,8.6,NaN,0.0,4.0,103.0,NaN,0.0,4.0,0.9,NaN,0.0,4.0,NaN,NaN,NaN,24.0,133.0,NaN,0.0,4.0,0.9,NaN,0.0,4.0,1.8,NaN,0.0,4.0,2.5,NaN,0.0,4.0,3.5,NaN,0.0,4.0,NaN,NaN,NaN,24.0,NaN,NaN,NaN,24.0,38.8,NaN,0.0,4.0,13.7,NaN,0.0,4.0,26.8,NaN,0.0,4.0,8.0,NaN,0.0,4.0,NaN,NaN,NaN,24.0,160.0,NaN,0.0,4.0,66.0,1.0,0.0,1.0,0.0,6.0,0.0,0.0,0.0,0.0,2.0,0.0,0.0,0.0,0.0,0.0,0.0,0.0,0.0,0.0,0.0,0.0,NaN,NaN,NaN,2.0,NaN,NaN,NaN
70.0,NaN,0.0,0.0,98.0,NaN,-1.0,0.0,36.56,NaN,-0.043999999999999775,1.0,96.0,NaN,-8.0,0.0,62.0,NaN,-6.0,0.0,54.0,NaN,-3.0,0.0,14.0,NaN,-2.0,0.0,NaN,NaN,NaN,24.0,2.0,NaN,0.0,1.0,28.0,NaN,0.0,5.0,0.4,NaN,-0.09999999999999998,0.0,7.38,NaN,-0.004000000000000092,1.0,47.0,NaN,0.0,1.0,NaN,NaN,NaN,24.0,NaN,NaN,NaN,24.0,15.0,NaN,0.0,5.0,NaN,NaN,NaN,24.0,8.6,NaN,0.0,5.0,103.0,NaN,0.0,5.0,0.9,NaN,0.0,5.0,NaN,NaN,NaN,24.0,133.0,NaN,0.0,5.0,0.9,NaN,0.0,5.0,1.8,NaN,0.0,5.0,2.5,NaN,0.0,5.0,3.5,NaN,0.0,5.0,NaN,NaN,NaN,24.0,NaN,NaN,NaN,24.0,38.8,NaN,0.0,5.0,13.7,NaN,0.0,5.0,26.8,NaN,0.0,5.0,8.0,NaN,0.0,5.0,NaN,NaN,NaN,24.0,160.0,NaN,0.0,5.0,66.0,1.0,0.0,1.0,0.0,7.0,0.0,0.0,0.0,0.0,1.0,0.0,0.0,1.0,0.0,0.0,1.0,0.0,0.0,0.0,0.0,0.0,NaN,NaN,NaN,2.0,NaN,NaN,NaN
66.0,NaN,-4.0,0.0,98.0,NaN,0.0,0.0,36.56,NaN,-0.03666666666666648,2.0,93.0,NaN,-3.0,0.0,63.0,NaN,1.0,0.0,55.0,NaN,1.0,0.0,16.0,NaN,2.0,0.0,NaN,NaN,NaN,24.0,2.0,NaN,0.0,2.0,28.0,NaN,0.0,6.0,0.4,NaN,-0.04999999999999999,1.0,7.38,NaN,-0.0033333333333334103,2.0,47.0,NaN,0.0,2.0,NaN,NaN,NaN,24.0,NaN,NaN,NaN,24.0,15.0,NaN,0.0,6.0,NaN,NaN,NaN,24.0,8.6,NaN,0.0,6.0,103.0,NaN,0.0,6.0,0.9,NaN,0.0,6.0,NaN,NaN,NaN,24.0,133.0,NaN,0.0,6.0,0.9,NaN,0.0,6.0,1.8,NaN,0.0,6.0,2.5,NaN,0.0,6.0,3.5,NaN,0.0,6.0,NaN,NaN,NaN,24.0,NaN,NaN,NaN,24.0,38.8,NaN,0.0,6.0,13.7,NaN,0.0,6.0,26.8,NaN,0.0,6.0,8.0,NaN,0.0,6.0,NaN,NaN,NaN,24.0,160.0,NaN,0.0,6.0,66.0,1.0,0.0,1.0,0.0,8.0,0.0,0.0,0.0,0.0,0.0,0.0,0.0,1.0,0.0,0.0,1.0,0.0,0.0,0.0,0.0,0.0,NaN,NaN,NaN,2.0,NaN,NaN,NaN
64.0,NaN,-2.0,0.0,99.0,NaN,1.0,0.0,36.56,NaN,-0.031428571428571264,3.0,100.0,NaN,7.0,0.0,69.0,NaN,6.0,0.0,60.0,NaN,5.0,0.0,12.0,NaN,-4.0,0.0,NaN,NaN,NaN,24.0,2.0,NaN,0.0,3.0,28.0,NaN,0.0,7.0,0.4,NaN,-0.033333333333333326,2.0,7.38,NaN,-0.002857142857142923,3.0,47.0,NaN,0.0,3.0,NaN,NaN,NaN,24.0,NaN,NaN,NaN,24.0,15.0,NaN,0.0,7.0,NaN,NaN,NaN,24.0,8.6,NaN,0.0,7.0,103.0,NaN,0.0,7.0,0.9,NaN,0.0,7.0,NaN,NaN,NaN,24.0,133.0,NaN,0.0,7.0,0.9,NaN,0.0,7.0,1.8,NaN,0.0,7.0,2.5,NaN,0.0,7.0,3.5,NaN,0.0,7.0,NaN,NaN,NaN,24.0,NaN,NaN,NaN,24.0,38.8,NaN,0.0,7.0,13.7,NaN,0.0,7.0,26.8,NaN,0.0,7.0,8.0,NaN,0.0,7.0,NaN,NaN,NaN,24.0,160.0,NaN,0.0,7.0,66.0,1.0,0.0,1.0,0.0,9.0,0.0,0.0,0.0,0.0,0.0,0.0,0.0,0.0,0.0,0.0,1.0,0.0,0.0,0.0,0.0,0.0,NaN,NaN,NaN,2.0,NaN,NaN,NaN
61.0,NaN,-3.0,0.0,100.0,NaN,1.0,0.0,36.83,NaN,0.067499999999999,0.0,112.0,NaN,12.0,0.0,79.0,NaN,10.0,0.0,68.0,NaN,8.0,0.0,17.5,NaN,5.5,0.0,NaN,NaN,NaN,24.0,2.0,NaN,0.0,4.0,28.0,NaN,0.0,8.0,0.4,NaN,0.0,0.0,7.38,NaN,-0.0025000000000000577,4.0,47.0,NaN,0.0,4.0,NaN,NaN,NaN,24.0,NaN,NaN,NaN,24.0,15.0,NaN,0.0,8.0,NaN,NaN,NaN,24.0,8.6,NaN,0.0,8.0,103.0,NaN,0.0,8.0,0.9,NaN,0.0,8.0,NaN,NaN,NaN,24.0,133.0,NaN,0.0,8.0,0.9,NaN,0.0,8.0,1.8,NaN,0.0,8.0,2.5,NaN,0.0,8.0,3.5,NaN,0.0,8.0,NaN,NaN,NaN,24.0,NaN,NaN,NaN,24.0,38.8,NaN,0.0,8.0,13.7,NaN,0.0,8.0,26.8,NaN,0.0,8.0,8.0,NaN,0.0,8.0,NaN,NaN,NaN,24.0,160.0,NaN,0.0,8.0,66.0,1.0,0.0,1.0,0.0,10.0,0.0,0.0,0.0,0.0,1.0,0.0,0.0,0.0,0.0,0.0,0.0,0.0,0.0,0.0,0.0,0.0,NaN,NaN,NaN,2.0,NaN,NaN,NaN
65.0,NaN,4.0,0.0,100.0,NaN,0.0,0.0,36.83,NaN,0.0539999999999992,1.0,118.0,NaN,6.0,0.0,78.0,NaN,-1.0,0.0,65.0,NaN,-3.0,0.0,13.0,NaN,-4.5,0.0,NaN,NaN,NaN,24.0,2.0,NaN,0.0,5.0,28.0,NaN,0.0,9.0,0.4,NaN,0.0,1.0,7.38,NaN,-0.0022222222222222734,5.0,47.0,NaN,0.0,5.0,NaN,NaN,NaN,24.0,NaN,NaN,NaN,24.0,15.0,NaN,0.0,9.0,NaN,NaN,NaN,24.0,8.6,NaN,0.0,9.0,103.0,NaN,0.0,9.0,0.9,NaN,0.0,9.0,NaN,NaN,NaN,24.0,133.0,NaN,0.0,9.0,0.9,NaN,0.0,9.0,1.8,NaN,0.0,9.0,2.5,NaN,0.0,9.0,3.5,NaN,0.0,9.0,NaN,NaN,NaN,24.0,NaN,NaN,NaN,24.0,38.8,NaN,0.0,9.0,13.7,NaN,0.0,9.0,26.8,NaN,0.0,9.0,8.0,NaN,0.0,9.0,NaN,NaN,NaN,24.0,160.0,NaN,0.0,9.0,66.0,1.0,0.0,1.0,0.0,11.0,0.0,0.0,0.0,0.0,0.0,0.0,0.0,0.0,0.0,0.0,1.0,0.0,0.0,0.0,0.0,0.0,NaN,NaN,NaN,2.0,NaN,NaN,NaN
69.0,NaN,4.0,0.0,97.0,NaN,-3.0,0.0,36.83,NaN,0.04499999999999934,2.0,94.0,NaN,-24.0,0.0,59.0,NaN,-19.0,0.0,49.0,NaN,-16.0,0.0,16.0,NaN,3.0,0.0,NaN,NaN,NaN,24.0,2.0,NaN,0.0,6.0,28.0,NaN,0.0,10.0,0.4,NaN,0.0,2.0,7.38,NaN,-0.002000000000000046,6.0,47.0,NaN,0.0,6.0,NaN,NaN,NaN,24.0,NaN,NaN,NaN,24.0,15.0,NaN,0.0,10.0,NaN,NaN,NaN,24.0,8.6,NaN,0.0,10.0,103.0,NaN,0.0,10.0,0.9,NaN,0.0,10.0,NaN,NaN,NaN,24.0,133.0,NaN,0.0,10.0,0.9,NaN,0.0,10.0,1.8,NaN,0.0,10.0,2.5,NaN,0.0,10.0,3.5,NaN,0.0,10.0,NaN,NaN,NaN,24.0,NaN,NaN,NaN,24.0,38.8,NaN,0.0,10.0,13.7,NaN,0.0,10.0,26.8,NaN,0.0,10.0,8.0,NaN,0.0,10.0,NaN,NaN,NaN,24.0,160.0,NaN,0.0,10.0,66.0,1.0,0.0,1.0,0.0,12.0,0.0,0.0,0.0,0.0,0.0,0.0,0.0,1.0,0.0,0.0,1.0,0.0,0.0,0.0,0.0,0.0,NaN,NaN,NaN,2.0,NaN,NaN,NaN
67.0,NaN,-2.0,0.0,96.0,NaN,-1.0,0.0,36.83,NaN,0.038571428571428,3.0,99.0,NaN,5.0,0.0,64.0,NaN,5.0,0.0,54.0,NaN,5.0,0.0,14.0,NaN,-2.0,0.0,NaN,NaN,NaN,24.0,2.0,NaN,0.0,7.0,28.0,NaN,0.0,11.0,0.4,NaN,0.0,3.0,7.38,NaN,-0.0018181818181818602,7.0,47.0,NaN,0.0,7.0,NaN,NaN,NaN,24.0,NaN,NaN,NaN,24.0,15.0,NaN,0.0,11.0,NaN,NaN,NaN,24.0,8.6,NaN,0.0,11.0,103.0,NaN,0.0,11.0,0.9,NaN,0.0,11.0,NaN,NaN,NaN,24.0,133.0,NaN,0.0,11.0,0.9,NaN,0.0,11.0,1.8,NaN,0.0,11.0,2.5,NaN,0.0,11.0,3.5,NaN,0.0,11.0,NaN,NaN,NaN,24.0,NaN,NaN,NaN,24.0,38.8,NaN,0.0,11.0,13.7,NaN,0.0,11.0,26.8,NaN,0.0,11.0,8.0,NaN,0.0,11.0,NaN,NaN,NaN,24.0,160.0,NaN,0.0,11.0,66.0,1.0,0.0,1.0,0.0,13.0,0.0,0.0,0.0,0.0,0.0,0.0,0.0,1.0,0.0,0.0,1.0,0.0,0.0,0.0,0.0,0.0,NaN,NaN,NaN,2.0,NaN,NaN,NaN
78.0,NaN,11.0,0.0,100.0,NaN,4.0,0.0,37.11,NaN,0.07000000000000028,0.0,118.0,NaN,19.0,0.0,78.0,NaN,14.0,0.0,66.0,NaN,12.0,0.0,17.0,NaN,3.0,0.0,NaN,NaN,NaN,24.0,2.0,NaN,0.0,8.0,28.0,NaN,0.0,12.0,0.4,NaN,0.0,4.0,7.38,NaN,-0.0016666666666667052,8.0,47.0,NaN,0.0,8.0,NaN,NaN,NaN,24.0,NaN,NaN,NaN,24.0,15.0,NaN,0.0,12.0,NaN,NaN,NaN,24.0,8.6,NaN,0.0,12.0,103.0,NaN,0.0,12.0,0.9,NaN,0.0,12.0,NaN,NaN,NaN,24.0,133.0,NaN,0.0,12.0,0.9,NaN,0.0,12.0,1.8,NaN,0.0,12.0,2.5,NaN,0.0,12.0,3.5,NaN,0.0,12.0,NaN,NaN,NaN,24.0,NaN,NaN,NaN,24.0,38.8,NaN,0.0,12.0,13.7,NaN,0.0,12.0,26.8,NaN,0.0,12.0,8.0,NaN,0.0,12.0,NaN,NaN,NaN,24.0,160.0,NaN,0.0,12.0,66.0,1.0,0.0,1.0,0.0,14.0,0.0,0.0,0.0,0.0,0.0,0.0,0.0,0.0,0.0,0.0,1.0,0.0,0.0,0.0,0.0,0.0,NaN,NaN,NaN,2.0,NaN,NaN,NaN
89.0,NaN,11.0,0.0,97.0,NaN,-3.0,0.0,37.11,NaN,0.05600000000000023,1.0,92.0,NaN,-26.0,0.0,70.0,NaN,-8.0,0.0,63.0,NaN,-3.0,0.0,16.0,NaN,-1.0,0.0,NaN,NaN,NaN,24.0,2.0,NaN,0.0,9.0,28.0,NaN,0.0,13.0,0.4,NaN,0.0,0.0,7.38,NaN,-0.001538461538461574,9.0,47.0,NaN,0.0,9.0,NaN,NaN,NaN,24.0,NaN,NaN,NaN,24.0,15.0,NaN,0.0,13.0,NaN,NaN,NaN,24.0,8.6,NaN,0.0,13.0,103.0,NaN,0.0,13.0,0.9,NaN,0.0,13.0,NaN,NaN,NaN,24.0,133.0,NaN,0.0,13.0,0.9,NaN,0.0,13.0,1.8,NaN,0.0,13.0,2.5,NaN,0.0,13.0,3.5,NaN,0.0,13.0,NaN,NaN,NaN,24.0,NaN,NaN,NaN,24.0,38.8,NaN,0.0,13.0,13.7,NaN,0.0,13.0,26.8,NaN,0.0,13.0,8.0,NaN,0.0,13.0,NaN,NaN,NaN,24.0,160.0,NaN,0.0,13.0,66.0,1.0,0.0,1.0,0.0,15.0,0.0,0.0,0.0,0.0,1.0,0.0,0.0,0.0,0.0,0.0,0.0,0.0,0.0,0.0,0.0,0.0,NaN,NaN,NaN,2.0,NaN,NaN,NaN
