100.0,NaN,NaN,24.0,100.0,NaN,NaN,24.0,37.06,NaN,NaN,24.0,132.0,NaN,NaN,24.0,81.0,NaN,NaN,24.0,68.0,NaN,NaN,24.0,24.0,NaN,NaN,24.0,NaN,NaN,NaN,24.0,NaN,NaN,NaN,24.0,NaN,NaN,NaN,24.0,NaN,NaN,NaN,24.0,NaN,NaN,NaN,24.0,NaN,NaN,NaN,24.0,NaN,NaN,NaN,24.0,NaN,NaN,NaN,24.0,NaN,NaN,NaN,24.0,NaN,NaN,NaN,24.0,NaN,NaN,NaN,24.0,NaN,NaN,NaN,24.0,NaN,NaN,NaN,24.0,NaN,NaN,NaN,24.0,NaN,NaN,NaN,24.0,NaN,NaN,NaN,24.0,NaN,NaN,NaN,24.0,NaN,NaN,NaN,24.0,NaN,NaN,NaN,24.0,NaN,NaN,NaN,24.0,NaN,NaN,NaN,24.0,NaN,NaN,NaN,24.0,NaN,NaN,NaN,24.0,NaN,NaN,NaN,24.0,NaN,NaN,NaN,24.0,NaN,NaN,NaN,24.0,NaN,NaN,NaN,24.0,68.0,1.0,1.0,0.0,0.0,1.0,0.0,1.0,1.0,0.0,0.0,0.0,0.0,0.0,0.0,0.0,1.0,0.0,1.0,1.0,0.0,0.0,3.0,5.0,4.0,2.0,NaN,NaN,NaN
104.0,NaN,4.0,0.0,100.0,NaN,0.0,0.0,37.06,NaN,0.0,1.0,109.0,NaN,-23.0,0.0,62.0,NaN,-19.0,0.0,47.0,NaN,-21.0,0.0,19.0,NaN,-5.0,0.0,NaN,NaN,NaN,24.0,-3.0,NaN,0.0,0.0,17.0,NaN,0.0,0.0,NaN,NaN,NaN,24.0,7.36,NaN,0.0,0.0,39.0,NaN,0.0,0.0,NaN,NaN,NaN,24.0,10.0,NaN,0.0,0.0,26.0,NaN,0.0,0.0,59.0,NaN,0.0,0.0,8.8,NaN,0.0,0.0,106.0,NaN,0.0,0.0,2.1,NaN,0.0,0.0,NaN,NaN,NaN,24.0,61.0,NaN,0.0,0.0,3.1,NaN,0.0,0.0,1.6,NaN,0.0,0.0,2.5,NaN,0.0,0.0,3.6,NaN,0.0,0.0,0.7,NaN,0.0,0.0,NaN,NaN,NaN,24.0,36.0,NaN,0.0,0.0,11.5,NaN,0.0,0.0,37.0,NaN,0.0,0.0,16.4,NaN,0.0,0.0,671.0,NaN,0.0,0.0,217.0,NaN,0.0,0.0,68.0,1.0,1.0,0.0,0.0,2.0,0.0,0.0,1.0,1.0,0.0,0.0,0.0,1.0,1.0,2.0,1.0,1.0,1.0,1.0,0.0,0.0,3.0,5.0,4.0,2.0,NaN,NaN,NaN
97.0,NaN,-7.0,0.0,95.0,NaN,-5.0,0.0,37.06,NaN,0.0,2.0,108.0,NaN,-1.0,0.0,54.0,NaN,-8.0,0.0,39.0,NaN,-8.0,0.0,23.0,NaN,4.0,0.0,NaN,NaN,NaN,24.0,-3.0,NaN,0.0,1.0,17.0,NaN,0.0,1.0,NaN,NaN,NaN,24.0,7.36,NaN,0.0,1.0,39.0,NaN,0.0,1.0,NaN,NaN,NaN,24.0,10.0,NaN,0.0,1.0,26.0,NaN,0.0,1.0,59.0,NaN,0.0,1.0,8.8,NaN,0.0,1.0,106.0,NaN,0.0,1.0,2.1,NaN,0.0,1.0,NaN,NaN,NaN,24.0,61.0,NaN,0.0,1.0,3.1,NaN,0.0,1.0,1.6,NaN,0.0,1.0,2.5,NaN,0.0,1.0,3.6,NaN,0.0,1.0,0.7,NaN,0.0,1.0,NaN,NaN,NaN,24.0,36.0,NaN,0.0,1.0,11.5,NaN,0.0,1.0,37.0,NaN,0.0,1.0,16.4,NaN,0.0,1.0,671.0,NaN,0.0,1.0,217.0,NaN,0.0,1.0,68.0,1.0,1.0,0.0,0.0,3.0,0.0,1.0,1.0,1.0,0.0,0.0,0.0,1.0,0.0,0.0,1.0,1.0,1.0,1.0,0.0,0.0,3.0,5.0,4.0,2.0,NaN,NaN,NaN
92.0,NaN,-5.0,0.0,94.0,NaN,-1.0,0.0,37.06,NaN,0.0,3.0,110.0,NaN,2.0,0.0,65.0,NaN,11.0,0.0,50.0,NaN,11.0,0.0,20.0,NaN,-3.0,0.0,NaN,NaN,NaN,24.0,-3.0,NaN,0.0,2.0,17.0,NaN,0.0,2.0,NaN,NaN,NaN,24.0,7.36,NaN,0.0,2.0,39.0,NaN,0.0,2.0,NaN,NaN,NaN,24.0,10.0,NaN,0.0,2.0,26.0,NaN,0.0,2.0,59.0,NaN,0.0,2.0,8.8,NaN,0.0,2.0,106.0,NaN,0.0,2.0,2.1,NaN,0.0,2.0,NaN,NaN,NaN,24.0,61.0,NaN,0.0,2.0,3.1,NaN,0.0,2.0,1.6,NaN,0.0,2.0,2.5,NaN,0.0,2.0,3.6,NaN,0.0,2.0,0.7,NaN,0.0,2.0,NaN,NaN,NaN,24.0,36.0,NaN,0.0,2.0,11.5,NaN,0.0,2.0,37.0,NaN,0.0,2.0,16.4,NaN,0.0,2.0,671.0,NaN,0.0,2.0,217.0,NaN,0.0,2.0,68.0,1.0,1.0,0.0,0.0,4.0,0.0,0.0,1.0,1.0,0.0,0.0,0.0,1.0,0.0,0.0,1.0,1.0,1.0,1.0,0.0,0.0,3.0,5.0,4.0,2.0,NaN,NaN,NaN
90.0,NaN,-2.0,0.0,93.0,NaN,-1.0,0.0,37.06,NaN,0.0,4.0,105.0,NaN,-5.0,0.0,59.0,NaN,-6.0,0.0,43.0,NaN,-7.0,0.0,21.0,NaN,1.0,0.0,NaN,NaN,NaN,24.0,-3.0,NaN,0.0,3.0,17.0,NaN,0.0,3.0,NaN,NaN,NaN,24.0,7.36,NaN,0.0,3.0,39.0,NaN,0.0,3.0,NaN,NaN,NaN,24.0,10.0,NaN,0.0,3.0,26.0,NaN,0.0,3.0,59.0,NaN,0.0,3.0,8.8,NaN,0.0,3.0,106.0,NaN,0.0,3.0,2.1,NaN,0.0,3.0,NaN,NaN,NaN,24.0,61.0,NaN,0.0,3.0,2.2,NaN,-0.3,0.0,1.6,NaN,0.0,3.0,2.5,NaN,0.0,3.0,3.6,NaN,0.0,3.0,0.7,NaN,0.0,3.0,NaN,NaN,NaN,24.0,36.0,NaN,0.0,3.0,11.5,NaN,0.0,3.0,37.0,NaN,0.0,3.0,16.4,NaN,0.0,3.0,671.0,NaN,0.0,3.0,217.0,NaN,0.0,3.0,68.0,1.0,1.0,0.0,0.0,5.0,0.0,1.0,0.0,1.0,0.0,0.0,0.0,1.0,1.0,0.0,1.0,1.0,1.0,1.0,0.0,0.0,3.0,5.0,4.0,2.0,NaN,NaN,NaN
91.0,NaN,1.0,0.0,93.0,NaN,0.0,0.0,37.67,NaN,0.12199999999999989,0.0,99.0,NaN,-6.0,0.0,65.0,NaN,6.0,0.0,56.0,NaN,13.0,0.0,22.0,NaN,1.0,0.0,NaN,NaN,NaN,24.0,-3.0,NaN,0.0,4.0,17.0,NaN,0.0,4.0,NaN,NaN,NaN,24.0,7.36,NaN,0.0,4.0,39.0,NaN,0.0,4.0,NaN,NaN,NaN,24.0,10.0,NaN,0.0,4.0,26.0,NaN,0.0,4.0,59.0,NaN,0.0,4.0,8.8,NaN,0.0,4.0,106.0,NaN,0.0,4.0,2.1,NaN,0.0,4.0,NaN,NaN,NaN,24.0,61.0,NaN,0.0,4.0,2.2,NaN,-0.22499999999999998,1.0,1.6,NaN,0.0,4.0,2.5,NaN,0.0,4.0,3.6,NaN,0.0,4.0,0.7,NaN,0.0,4.0,NaN,NaN,NaN,24.0,36.0,NaN,0.0,4.0,11.5,NaN,0.0,4.0,37.0,NaN,0.0,4.0,16.4,NaN,0.0,4.0,671.0,NaN,0.0,4.0,217.0,NaN,0.0,4.0,68.0,1.0,1.0,0.0,0.0,6.0,0.0,1.0,1.0,1.0,0.0,0.0,0.0,1.0,0.0,0.0,1.0,1.0,1.0,1.0,0.0,0.0,3.0,5.0,4.0,2.0,NaN,NaN,NaN
88.0,NaN,-3.0,0.0,96.0,NaN,3.0,0.0,37.67,NaN,0.10166666666666657,1.0,113.0,NaN,14.0,0.0,63.0,NaN,-2.0,0.0,47.0,NaN,-9.0,0.0,21.0,NaN,-1.0,0.0,NaN,NaN,NaN,24.0,-3.0,NaN,0.0,5.0,17.0,NaN,0.0,5.0,NaN,NaN,NaN,24.0,7.36,NaN,0.0,5.0,39.0,NaN,0.0,5.0,NaN,NaN,NaN,24.0,10.0,NaN,0.0,5.0,26.0,NaN,0.0,5.0,59.0,NaN,0.0,5.0,8.8,NaN,0.0,5.0,106.0,NaN,0.0,5.0,2.1,NaN,0.0,5.0,NaN,NaN,NaN,24.0,61.0,NaN,0.0,5.0,2.2,NaN,-0.18,2.0,1.6,NaN,0.0,5.0,2.5,NaN,0.0,5.0,3.6,NaN,0.0,5.0,0.7,NaN,0.0,5.0,NaN,NaN,NaN,24.0,36.0,NaN,0.0,5.0,11.5,NaN,0.0,5.0,37.0,NaN,0.0,5.0,16.4,NaN,0.0,5.0,671.0,NaN,0.0,5.0,217.0,NaN,0.0,5.0,68.0,1.0,1.0,0.0,0.0,7.0,0.0,1.0,0.0,1.0,0.0,0.0,0.0,1.0,0.0,0.0,1.0,1.0,1.0,1.0,0.0,0.0,3.0,5.0,4.0,2.0,NaN,NaN,NaN
92.0,NaN,4.0,0.0,95.0,NaN,-1.0,0.0,37.67,NaN,0.08714285714285706,2.0,110.0,NaN,-3.0,0.0,56.0,NaN,-7.0,0.0,38.0,NaN,-9.0,0.0,22.0,NaN,1.0,0.0,NaN,NaN,NaN,24.0,-6.0,NaN,-0.5,0.0,18.0,NaN,0.16666666666666666,0.0,NaN,NaN,NaN,24.0,7.33,NaN,-0.005000000000000042,0.0,38.0,NaN,-0.16666666666666666,0.0,NaN,NaN,NaN,24.0,10.0,NaN,0.0,6.0,25.0,NaN,-0.16666666666666666,0.0,59.0,NaN,0.0,6.0,8.2,NaN,-0.10000000000000024,0.0,107.0,NaN,0.16666666666666666,0.0,1.9,NaN,-0.03333333333333336,0.0,NaN,NaN,NaN,24.0,101.0,NaN,6.666666666666667,0.0,2.4,NaN,0.06666666666666658,0.0,2.1,NaN,0.08333333333333333,0.0,2.8,NaN,0.04999999999999997,0.0,3.4,NaN,-0.03333333333333336,0.0,0.7,NaN,0.0,6.0,NaN,NaN,NaN,24.0,33.0,NaN,-0.5,0.0,10.6,NaN,-0.15000000000000005,0.0,37.0,NaN,0.0,6.0,12.1,NaN,-0.7166666666666665,0.0,671.0,NaN,0.0,6.0,169.0,NaN,-8.0,0.0,68.0,1.0,1.0,0.0,0.0,8.0,0.0,1.0,1.0,1.0,0.0,0.0,0.0,1.0,1.0,1.0,1.0,1.0,1.0,1.0,0.0,0.0,3.0,5.0,4.0,2.0,NaN,NaN,NaN
93.0,NaN,1.0,0.0,94.0,NaN,-1.0,0.0,37.67,NaN,0.07624999999999993,3.0,110.0,NaN,-1.5,1.0,56.0,NaN,-3.5,1.0,38.0,NaN,-4.5,1.0,22.0,NaN,0.0,0.0,NaN,NaN,NaN,24.0,-6.0,NaN,-0.42857142857142855,1.0,18.0,NaN,0.14285714285714285,1.0,NaN,NaN,NaN,24.0,7.33,NaN,-0.0042857142857143215,1.0,38.0,NaN,-0.14285714285714285,1.0,NaN,NaN,NaN,24.0,10.0,NaN,0.0,7.0,25.0,NaN,-0.14285714285714285,1.0,59.0,NaN,0.0,7.0,8.2,NaN,-0.08571428571428592,1.0,107.0,NaN,0.14285714285714285,1.0,1.9,NaN,-0.0285714285714286,1.0,NaN,NaN,NaN,24.0,101.0,NaN,5.714285714285714,1.0,2.4,NaN,0.04999999999999993,1.0,2.1,NaN,0.07142857142857142,1.0,2.8,NaN,0.04285714285714283,1.0,3.4,NaN,-0.0285714285714286,1.0,0.7,NaN,0.0,7.0,NaN,NaN,NaN,24.0,33.0,NaN,-0.42857142857142855,1.0,10.6,NaN,-0.12857142857142861,1.0,37.0,NaN,0.0,7.0,12.1,NaN,-0.6142857142857141,1.0,671.0,NaN,0.0,7.0,169.0,NaN,-6.857142857142857,1.0,68.0,1.0,1.0,0.0,0.0,9.0,0.0,1.0,1.0,1.0,0.0,0.0,0.0,0.0,0.0,0.0,1.0,1.0,1.0,1.0,0.0,0.0,3.0,5.0,4.0,2.0,NaN,NaN,NaN
