101.0,NaN,NaN,24.0,100.0,NaN,NaN,24.0,36.44,NaN,NaN,24.0,NaN,NaN,NaN,24.0,NaN,NaN,NaN,24.0,NaN,NaN,NaN,24.0,15.0,NaN,NaN,24.0,NaN,NaN,NaN,24.0,NaN,NaN,NaN,24.0,NaN,NaN,NaN,24.0,NaN,NaN,NaN,24.0,NaN,NaN,NaN,24.0,NaN,NaN,NaN,24.0,NaN,NaN,NaN,24.0,NaN,NaN,NaN,24.0,NaN,NaN,NaN,24.0,NaN,NaN,NaN,24.0,NaN,NaN,NaN,24.0,NaN,NaN,NaN,24.0,NaN,NaN,NaN,24.0,NaN,NaN,NaN,24.0,NaN,NaN,NaN,24.0,NaN,NaN,NaN,24.0,NaN,NaN,NaN,24.0,NaN,NaN,NaN,24.0,NaN,NaN,NaN,24.0,NaN,NaN,NaN,24.0,NaN,NaN,NaN,24.0,NaN,NaN,NaN,24.0,NaN,NaN,NaN,24.0,NaN,NaN,NaN,24.0,NaN,NaN,NaN,24.0,NaN,NaN,NaN,24.0,NaN,NaN,NaN,24.0,74.0,0.0,1.0,0.0,-3.95,1.0,0.0,0.0,1.0,0.0,0.0,0.0,0.0,0.0,0.0,0.0,1.0,0.0,1.0,1.0,0.0,0.0,3.0,5.0,4.0,3.0,NaN,NaN,NaN
101.5,NaN,0.5,0.0,96.0,NaN,-4.0,0.0,36.44,NaN,0.0,1.0,122.0,NaN,0.0,0.0,64.0,NaN,0.0,0.0,46.0,NaN,0.0,0.0,25.0,NaN,10.0,0.0,NaN,NaN,NaN,24.0,NaN,NaN,NaN,24.0,NaN,NaN,NaN,24.0,0.3,NaN,0.0,0.0,NaN,NaN,NaN,24.0,NaN,NaN,NaN,24.0,NaN,NaN,NaN,24.0,NaN,NaN,NaN,24.0,NaN,NaN,NaN,24.0,NaN,NaN,NaN,24.0,NaN,NaN,NaN,24.0,NaN,NaN,NaN,24.0,NaN,NaN,NaN,24.0,NaN,NaN,NaN,24.0,NaN,NaN,NaN,24.0,NaN,NaN,NaN,24.0,NaN,NaN,NaN,24.0,NaN,NaN,NaN,24.0,NaN,NaN,NaN,24.0,NaN,NaN,NaN,24.0,NaN,NaN,NaN,24.0,NaN,NaN,NaN,24.0,NaN,NaN,NaN,24.0,NaN,NaN,NaN,24.0,NaN,NaN,NaN,24.0,NaN,NaN,NaN,24.0,NaN,NaN,NaN,24.0,74.0,0.0,1.0,0.0,-3.95,2.0,0.0,1.0,1.0,0.0,0.0,0.0,0.0,1.0,0.0,0.0,1.0,1.0,1.0,1.0,0.0,0.0,3.0,5.0,4.0,3.0,NaN,NaN,NaN
77.0,NaN,-24.5,0.0,88.0,NaN,-8.0,0.0,36.44,NaN,0.0,2.0,92.0,NaN,-30.0,0.0,44.0,NaN,-20.0,0.0,30.0,NaN,-16.0,0.0,19.0,NaN,-6.0,0.0,NaN,NaN,NaN,24.0,NaN,NaN,NaN,24.0,NaN,NaN,NaN,24.0,0.3,NaN,0.0,1.0,NaN,NaN,NaN,24.0,NaN,NaN,NaN,24.0,NaN,NaN,NaN,24.0,NaN,NaN,NaN,24.0,NaN,NaN,NaN,24.0,NaN,NaN,NaN,24.0,NaN,NaN,NaN,24.0,NaN,NaN,NaN,24.0,NaN,NaN,NaN,24.0,NaN,NaN,NaN,24.0,NaN,NaN,NaN,24.0,NaN,NaN,NaN,24.0,NaN,NaN,NaN,24.0,NaN,NaN,NaN,24.0,NaN,NaN,NaN,24.0,NaN,NaN,NaN,24.0,NaN,NaN,NaN,24.0,NaN,NaN,NaN,24.0,NaN,NaN,NaN,24.0,NaN,NaN,NaN,24.0,NaN,NaN,NaN,24.0,NaN,NaN,NaN,24.0,NaN,NaN,NaN,24.0,74.0,0.0,1.0,0.0,-3.95,3.0,0.0,0.0,0.0,0.0,0.0,0.0,0.0,1.0,0.0,0.0,1.0,1.0,1.0,1.0,0.0,0.0,3.0,5.0,4.0,3.0,NaN,NaN,NaN
71.0,NaN,-6.0,0.0,89.0,NaN,1.0,0.0,36.56,NaN,0.040000000000001514,0.0,114.5,NaN,22.5,0.0,25.5,NaN,-18.5,0.0,45.5,NaN,15.5,0.0,17.0,NaN,-2.0,0.0,NaN,NaN,NaN,24.0,4.0,NaN,0.0,0.0,NaN,NaN,NaN,24.0,0.3,NaN,0.0,0.0,7.31,NaN,0.0,0.0,68.0,NaN,0.0,0.0,NaN,NaN,NaN,24.0,NaN,NaN,NaN,24.0,NaN,NaN,NaN,24.0,NaN,NaN,NaN,24.0,NaN,NaN,NaN,24.0,NaN,NaN,NaN,24.0,NaN,NaN,NaN,24.0,NaN,NaN,NaN,24.0,NaN,NaN,NaN,24.0,0.8,NaN,0.0,0.0,NaN,NaN,NaN,24.0,NaN,NaN,NaN,24.0,NaN,NaN,NaN,24.0,NaN,NaN,NaN,24.0,NaN,NaN,NaN,24.0,NaN,NaN,NaN,24.0,NaN,NaN,NaN,24.0,NaN,NaN,NaN,24.0,NaN,NaN,NaN,24.0,NaN,NaN,NaN,24.0,NaN,NaN,NaN,24.0,74.0,0.0,1.0,0.0,-3.95,4.0,0.0,0.0,0.0,0.0,1.0,0.0,0.0,1.0,0.0,0.0,1.0,1.0,1.0,1.0,0.0,0.0,3.0,5.0,4.0,3.0,NaN,NaN,NaN
64.0,NaN,-7.0,0.0,93.0,NaN,4.0,0.0,36.56,NaN,0.030000000000001137,1.0,122.0,NaN,7.5,0.0,73.0,NaN,47.5,0.0,49.0,NaN,3.5,0.0,20.0,NaN,3.0,0.0,NaN,NaN,NaN,24.0,4.0,NaN,0.0,1.0,NaN,NaN,NaN,24.0,0.3,NaN,0.0,1.0,7.31,NaN,0.0,1.0,68.0,NaN,0.0,1.0,NaN,NaN,NaN,24.0,NaN,NaN,NaN,24.0,NaN,NaN,NaN,24.0,NaN,NaN,NaN,24.0,NaN,NaN,NaN,24.0,NaN,NaN,NaN,24.0,NaN,NaN,NaN,24.0,NaN,NaN,NaN,24.0,NaN,NaN,NaN,24.0,0.8,NaN,0.0,1.0,NaN,NaN,NaN,24.0,NaN,NaN,NaN,24.0,NaN,NaN,NaN,24.0,NaN,NaN,NaN,24.0,NaN,NaN,NaN,24.0,NaN,NaN,NaN,24.0,NaN,NaN,NaN,24.0,NaN,NaN,NaN,24.0,NaN,NaN,NaN,24.0,NaN,NaN,NaN,24.0,NaN,NaN,NaN,24.0,74.0,0.0,1.0,0.0,-3.95,5.0,0.0,0.0,0.0,0.0,0.0,0.0,0.0,0.0,0.0,0.0,1.0,1.0,1.0,1.0,0.0,0.0,3.0,5.0,4.0,3.0,NaN,NaN,NaN
59.0,NaN,-5.0,0.0,90.0,NaN,-3.0,0.0,36.56,NaN,0.02400000000000091,2.0,105.0,NaN,-17.0,0.0,64.0,NaN,-9.0,0.0,44.0,NaN,-5.0,0.0,18.0,NaN,-2.0,0.0,NaN,NaN,NaN,24.0,4.0,NaN,0.0,2.0,NaN,NaN,NaN,24.0,0.3,NaN,0.0,2.0,7.31,NaN,0.0,2.0,68.0,NaN,0.0,2.0,NaN,NaN,NaN,24.0,NaN,NaN,NaN,24.0,NaN,NaN,NaN,24.0,NaN,NaN,NaN,24.0,NaN,NaN,NaN,24.0,NaN,NaN,NaN,24.0,NaN,NaN,NaN,24.0,NaN,NaN,NaN,24.0,NaN,NaN,NaN,24.0,0.8,NaN,0.0,2.0,NaN,NaN,NaN,24.0,NaN,NaN,NaN,24.0,NaN,NaN,NaN,24.0,NaN,NaN,NaN,24.0,NaN,NaN,NaN,24.0,NaN,NaN,NaN,24.0,NaN,NaN,NaN,24.0,NaN,NaN,NaN,24.0,NaN,NaN,NaN,24.0,NaN,NaN,NaN,24.0,NaN,NaN,NaN,24.0,74.0,0.0,1.0,0.0,-3.95,6.0,0.0,0.0,0.0,0.0,0.0,0.0,0.0,1.0,0.0,0.0,1.0,1.0,1.0,1.0,0.0,0.0,3.0,5.0,4.0,3.0,NaN,NaN,NaN
60.0,NaN,1.0,0.0,91.0,NaN,1.0,0.0,36.56,NaN,0.020000000000000757,3.0,108.0,NaN,3.0,0.0,65.0,NaN,1.0,0.0,44.0,NaN,0.0,0.0,17.0,NaN,-1.0,0.0,NaN,NaN,NaN,24.0,4.0,NaN,0.0,3.0,34.0,NaN,0.0,0.0,0.3,NaN,0.0,3.0,7.31,NaN,0.0,3.0,68.0,NaN,0.0,3.0,NaN,NaN,NaN,24.0,NaN,NaN,NaN,24.0,29.0,NaN,0.0,0.0,NaN,NaN,NaN,24.0,9.0,NaN,0.0,0.0,99.0,NaN,0.0,0.0,1.0,NaN,0.0,0.0,NaN,NaN,NaN,24.0,373.0,NaN,0.0,0.0,0.8,NaN,0.0,3.0,2.0,NaN,0.0,0.0,3.5,NaN,0.0,0.0,4.3,NaN,0.0,0.0,NaN,NaN,NaN,24.0,0.01,NaN,0.0,0.0,28.8,NaN,0.0,0.0,9.5,NaN,0.0,0.0,21.3,NaN,0.0,0.0,8.9,NaN,0.0,0.0,NaN,NaN,NaN,24.0,191.0,NaN,0.0,0.0,74.0,0.0,1.0,0.0,-3.95,7.0,0.0,0.0,0.0,0.0,0.0,0.0,0.0,1.0,0.0,0.0,1.0,1.0,1.0,1.0,0.0,0.0,3.0,5.0,4.0,3.0,NaN,NaN,NaN
61.0,NaN,1.0,0.0,94.0,NaN,3.0,0.0,35.61,NaN,-0.2375000000000007,0.0,112.0,NaN,4.0,0.0,69.0,NaN,4.0,0.0,48.0,NaN,4.0,0.0,22.0,NaN,5.0,0.0,NaN,NaN,NaN,24.0,1.0,NaN,-0.75,0.0,34.0,NaN,0.0,1.0,0.35,NaN,0.012499999999999997,0.0,7.33,NaN,0.0050000000000001155,0.0,56.0,NaN,-3.0,0.0,NaN,NaN,NaN,24.0,NaN,NaN,NaN,24.0,29.0,NaN,0.0,1.0,NaN,NaN,NaN,24.0,9.0,NaN,0.0,1.0,99.0,NaN,0.0,1.0,1.0,NaN,0.0,1.0,NaN,NaN,NaN,24.0,373.0,NaN,0.0,1.0,1.5,NaN,0.175,0.0,2.0,NaN,0.0,1.0,3.5,NaN,0.0,1.0,4.3,NaN,0.0,1.0,NaN,NaN,NaN,24.0,0.01,NaN,0.0,1.0,28.8,NaN,0.0,1.0,9.5,NaN,0.0,1.0,21.3,NaN,0.0,1.0,8.9,NaN,0.0,1.0,NaN,NaN,NaN,24.0,191.0,NaN,0.0,1.0,74.0,0.0,1.0,0.0,-3.95,8.0,1.0,1.0,0.0,0.0,1.0,0.0,0.0,0.0,0.0,0.0,0.0,1.0,1.0,1.0,0.0,0.0,3.0,5.0,4.0,3.0,NaN,NaN,NaN
54.0,NaN,-7.0,0.0,94.0,NaN,0.0,0.0,35.61,NaN,-0.19000000000000056,1.0,104.0,NaN,-8.0,0.0,63.0,NaN,-6.0,0.0,44.0,NaN,-4.0,0.0,23.0,NaN,1.0,0.0,NaN,NaN,NaN,24.0,1.0,NaN,-0.6,1.0,34.0,NaN,0.0,2.0,0.35,NaN,0.009999999999999998,1.0,7.33,NaN,0.004000000000000092,1.0,56.0,NaN,-2.4,1.0,NaN,NaN,NaN,24.0,NaN,NaN,NaN,24.0,29.0,NaN,0.0,2.0,NaN,NaN,NaN,24.0,9.0,NaN,0.0,2.0,99.0,NaN,0.0,2.0,1.0,NaN,0.0,2.0,NaN,NaN,NaN,24.0,373.0,NaN,0.0,2.0,1.5,NaN,0.13999999999999999,1.0,2.0,NaN,0.0,2.0,3.5,NaN,0.0,2.0,4.3,NaN,0.0,2.0,NaN,NaN,NaN,24.0,0.01,NaN,0.0,2.0,28.8,NaN,0.0,2.0,9.5,NaN,0.0,2.0,21.3,NaN,0.0,2.0,8.9,NaN,0.0,2.0,NaN,NaN,NaN,24.0,191.0,NaN,0.0,2.0,74.0,0.0,1.0,0.0,-3.95,9.0,1.0,1.0,0.0,0.0,0.0,0.0,0.0,1.0,0.0,0.0,1.0,1.0,1.0,1.0,0.0,0.0,3.0,5.0,4.0,3.0,NaN,NaN,NaN
