110.0,NaN,NaN,24.0,NaN,NaN,NaN,24.0,36.11,NaN,NaN,24.0,85.0,NaN,NaN,24.0,61.0,NaN,NaN,24.0,52.0,NaN,NaN,24.0,21.0,NaN,NaN,24.0,NaN,NaN,NaN,24.0,NaN,NaN,NaN,24.0,NaN,NaN,NaN,24.0,NaN,NaN,NaN,24.0,NaN,NaN,NaN,24.0,NaN,NaN,NaN,24.0,NaN,NaN,NaN,24.0,NaN,NaN,NaN,24.0,NaN,NaN,NaN,24.0,NaN,NaN,NaN,24.0,NaN,NaN,NaN,24.0,NaN,NaN,NaN,24.0,NaN,NaN,NaN,24.0,NaN,NaN,NaN,24.0,NaN,NaN,NaN,24.0,NaN,NaN,NaN,24.0,NaN,NaN,NaN,24.0,NaN,NaN,NaN,24.0,NaN,NaN,NaN,24.0,NaN,NaN,NaN,24.0,NaN,NaN,NaN,24.0,NaN,NaN,NaN,24.0,NaN,NaN,NaN,24.0,NaN,NaN,NaN,24.0,NaN,NaN,NaN,24.0,NaN,NaN,NaN,24.0,NaN,NaN,NaN,24.0,63.0,0.0,1.0,0.0,-153.22944444444445,1.0,0.0,1.0,1.0,0.0,0.0,0.0,0.0,1.0,0.0,0.0,1.0,0.0,1.0,1.0,1.0,0.0,3.0,5.0,4.0,1.0,NaN,NaN,NaN
135.0,NaN,25.0,0.0,NaN,NaN,NaN,24.0,35.3,NaN,-0.8100000000000023,0.0,126.0,NaN,41.0,0.0,89.0,NaN,28.0,0.0,81.0,NaN,29.0,0.0,29.0,NaN,8.0,0.0,NaN,NaN,NaN,24.0,NaN,NaN,NaN,24.0,9.0,NaN,0.0,0.0,NaN,NaN,NaN,24.0,NaN,NaN,NaN,24.0,NaN,NaN,NaN,24.0,NaN,NaN,NaN,24.0,248.0,NaN,0.0,0.0,68.0,NaN,0.0,0.0,267.0,NaN,0.0,0.0,7.6,NaN,0.0,0.0,92.0,NaN,0.0,0.0,3.8,NaN,0.0,0.0,NaN,NaN,NaN,24.0,207.0,NaN,0.0,0.0,NaN,NaN,NaN,24.0,2.5,NaN,0.0,0.0,9.5,NaN,0.0,0.0,5.0,NaN,0.0,0.0,1.7,NaN,0.0,0.0,NaN,NaN,NaN,24.0,31.9,NaN,0.0,0.0,8.7,NaN,0.0,0.0,64.7,NaN,0.0,0.0,7.1,NaN,0.0,0.0,268.0,NaN,0.0,0.0,136.0,NaN,0.0,0.0,63.0,0.0,1.0,0.0,-153.22944444444445,2.0,1.0,1.0,1.0,0.0,0.0,1.0,1.0,0.0,0.0,3.0,1.0,1.0,1.0,1.0,1.0,0.0,3.0,5.0,4.0,1.0,NaN,NaN,NaN
132.0,NaN,-3.0,0.0,NaN,NaN,NaN,24.0,35.4,NaN,0.10000000000000142,0.0,97.0,NaN,-29.0,0.0,89.0,NaN,0.0,0.0,86.0,NaN,5.0,0.0,26.0,NaN,-3.0,0.0,NaN,NaN,NaN,24.0,NaN,NaN,0.0,0.0,9.0,NaN,0.0,1.0,1.0,NaN,0.0,0.0,7.14,NaN,0.0,0.0,31.0,NaN,0.0,0.0,81.0,NaN,0.0,0.0,248.0,NaN,0.0,1.0,68.0,NaN,0.0,1.0,267.0,NaN,0.0,1.0,7.6,NaN,0.0,1.0,92.0,NaN,0.0,1.0,3.8,NaN,0.0,1.0,NaN,NaN,NaN,24.0,184.0,NaN,-23.0,0.0,17.6,NaN,0.0,0.0,2.5,NaN,0.0,1.0,9.5,NaN,0.0,1.0,5.0,NaN,0.0,0.0,1.7,NaN,0.0,1.0,NaN,NaN,NaN,24.0,31.9,NaN,0.0,1.0,8.7,NaN,0.0,1.0,64.7,NaN,0.0,1.0,7.1,NaN,0.0,1.0,268.0,NaN,0.0,1.0,136.0,NaN,0.0,1.0,63.0,0.0,1.0,0.0,-153.22944444444445,3.0,1.0,1.0,1.0,0.0,0.0,0.0,0.0,0.0,1.0,0.0,1.0,1.0,1.0,1.0,1.0,0.0,3.0,5.0,4.0,1.0,NaN,NaN,NaN
136.0,NaN,4.0,0.0,NaN,NaN,NaN,24.0,35.7,NaN,0.30000000000000426,0.0,98.5,NaN,1.5,0.0,79.5,NaN,-9.5,0.0,71.5,NaN,-14.5,0.0,27.0,NaN,1.0,0.0,NaN,NaN,NaN,24.0,-1.0,NaN,NaN,0.0,9.0,NaN,0.0,2.0,1.0,NaN,0.0,1.0,7.39,NaN,0.25,0.0,38.0,NaN,7.0,0.0,81.0,NaN,0.0,1.0,248.0,NaN,0.0,2.0,68.0,NaN,0.0,2.0,267.0,NaN,0.0,2.0,7.6,NaN,0.0,2.0,92.0,NaN,0.0,2.0,3.8,NaN,0.0,2.0,NaN,NaN,NaN,24.0,184.0,NaN,-11.5,1.0,19.4,NaN,1.7999999999999972,0.0,2.5,NaN,0.0,2.0,9.5,NaN,0.0,2.0,5.0,NaN,0.0,1.0,1.7,NaN,0.0,2.0,NaN,NaN,NaN,24.0,31.9,NaN,0.0,2.0,8.7,NaN,0.0,2.0,64.7,NaN,0.0,2.0,7.1,NaN,0.0,2.0,268.0,NaN,0.0,2.0,136.0,NaN,0.0,2.0,63.0,0.0,1.0,0.0,-153.22944444444445,4.0,1.0,1.0,1.0,0.0,0.0,0.0,0.0,0.0,1.0,0.0,1.0,1.0,1.0,1.0,1.0,0.0,3.0,5.0,4.0,1.0,NaN,NaN,NaN
118.0,NaN,-18.0,0.0,NaN,NaN,NaN,24.0,36.1,NaN,0.3999999999999986,0.0,116.5,NaN,18.0,0.0,89.5,NaN,10.0,0.0,79.5,NaN,8.0,0.0,28.0,NaN,1.0,0.0,NaN,NaN,NaN,24.0,NaN,NaN,NaN,0.0,9.0,NaN,0.0,3.0,1.0,NaN,0.0,2.0,7.21,NaN,-0.17999999999999972,0.0,28.0,NaN,-10.0,0.0,81.0,NaN,0.0,2.0,248.0,NaN,0.0,3.0,68.0,NaN,0.0,3.0,267.0,NaN,0.0,3.0,7.6,NaN,0.0,3.0,92.0,NaN,0.0,3.0,3.8,NaN,0.0,3.0,NaN,NaN,NaN,24.0,184.0,NaN,-7.666666666666667,2.0,20.4,NaN,1.0,0.0,2.5,NaN,0.0,3.0,9.5,NaN,0.0,3.0,5.0,NaN,0.0,2.0,1.7,NaN,0.0,3.0,NaN,NaN,NaN,24.0,31.9,NaN,0.0,3.0,8.7,NaN,0.0,3.0,64.7,NaN,0.0,3.0,7.1,NaN,0.0,3.0,268.0,NaN,0.0,3.0,136.0,NaN,0.0,3.0,63.0,0.0,1.0,0.0,-153.22944444444445,5.0,0.0,1.0,1.0,0.0,0.0,0.0,0.0,0.0,1.0,0.0,1.0,1.0,1.0,1.0,1.0,0.0,3.0,5.0,4.0,1.0,NaN,NaN,NaN
127.0,NaN,9.0,0.0,NaN,NaN,NaN,24.0,36.3,NaN,0.19999999999999574,0.0,97.0,NaN,-19.5,0.0,69.5,NaN,-20.0,0.0,59.0,NaN,-20.5,0.0,23.5,NaN,-4.5,0.0,NaN,NaN,NaN,24.0,NaN,NaN,NaN,1.0,9.0,NaN,0.0,4.0,1.0,NaN,0.0,0.0,7.21,NaN,-0.08999999999999986,1.0,28.0,NaN,-5.0,1.0,81.0,NaN,0.0,3.0,248.0,NaN,0.0,4.0,68.0,NaN,0.0,4.0,267.0,NaN,0.0,4.0,7.6,NaN,0.0,4.0,92.0,NaN,0.0,4.0,3.8,NaN,0.0,4.0,NaN,NaN,NaN,24.0,184.0,NaN,-5.75,3.0,20.4,NaN,0.5,1.0,2.5,NaN,0.0,4.0,9.5,NaN,0.0,4.0,5.0,NaN,0.0,3.0,1.7,NaN,0.0,4.0,NaN,NaN,NaN,24.0,31.9,NaN,0.0,4.0,8.7,NaN,0.0,4.0,64.7,NaN,0.0,4.0,7.1,NaN,0.0,4.0,268.0,NaN,0.0,4.0,136.0,NaN,0.0,4.0,63.0,0.0,1.0,0.0,-153.22944444444445,6.0,0.0,1.0,1.0,0.0,0.0,0.0,0.0,0.0,0.0,0.0,0.0,1.0,1.0,1.0,1.0,0.0,3.0,5.0,4.0,1.0,NaN,NaN,NaN
100.0,NaN,-27.0,0.0,NaN,NaN,NaN,24.0,36.3,NaN,0.09999999999999787,1.0,101.0,NaN,4.0,0.0,77.5,NaN,8.0,0.0,67.0,NaN,8.0,0.0,19.0,NaN,-4.5,0.0,NaN,NaN,NaN,24.0,NaN,NaN,NaN,2.0,9.0,NaN,0.0,5.0,1.0,NaN,0.0,1.0,7.21,NaN,-0.05999999999999991,2.0,28.0,NaN,-3.3333333333333335,2.0,81.0,NaN,0.0,4.0,248.0,NaN,0.0,5.0,68.0,NaN,0.0,5.0,267.0,NaN,0.0,5.0,7.6,NaN,0.0,5.0,92.0,NaN,0.0,5.0,3.8,NaN,0.0,5.0,NaN,NaN,NaN,24.0,184.0,NaN,-4.6,4.0,20.4,NaN,0.3333333333333333,2.0,2.5,NaN,0.0,5.0,9.5,NaN,0.0,5.0,5.0,NaN,0.0,4.0,1.7,NaN,0.0,5.0,NaN,NaN,NaN,24.0,31.9,NaN,0.0,5.0,8.7,NaN,0.0,5.0,64.7,NaN,0.0,5.0,7.1,NaN,0.0,5.0,268.0,NaN,0.0,5.0,136.0,NaN,0.0,5.0,63.0,0.0,1.0,0.0,-153.22944444444445,7.0,0.0,0.0,1.0,0.0,0.0,0.0,0.0,0.0,0.0,0.0,1.0,1.0,1.0,1.0,1.0,0.0,3.0,5.0,4.0,1.0,NaN,NaN,NaN
157.0,NaN,57.0,0.0,NaN,NaN,NaN,24.0,36.3,NaN,0.06666666666666525,2.0,91.5,NaN,-9.5,0.0,78.5,NaN,1.0,0.0,73.0,NaN,6.0,0.0,22.0,NaN,3.0,0.0,NaN,NaN,NaN,24.0,NaN,NaN,NaN,0.0,9.0,NaN,0.0,6.0,1.0,NaN,0.0,2.0,7.09,NaN,-0.040000000000000036,0.0,38.0,NaN,3.3333333333333335,0.0,85.0,NaN,0.8,0.0,248.0,NaN,0.0,6.0,68.0,NaN,0.0,6.0,267.0,NaN,0.0,6.0,7.6,NaN,0.0,6.0,92.0,NaN,0.0,6.0,3.8,NaN,0.0,6.0,NaN,NaN,NaN,24.0,184.0,NaN,-3.8333333333333335,5.0,17.7,NaN,-0.8999999999999998,0.0,2.5,NaN,0.0,6.0,9.5,NaN,0.0,6.0,5.0,NaN,0.0,5.0,1.7,NaN,0.0,6.0,NaN,NaN,NaN,24.0,31.9,NaN,0.0,6.0,8.7,NaN,0.0,6.0,64.7,NaN,0.0,6.0,7.1,NaN,0.0,6.0,268.0,NaN,0.0,6.0,136.0,NaN,0.0,6.0,63.0,0.0,1.0,0.0,-153.22944444444445,8.0,0.0,1.0,1.0,0.0,0.0,0.0,0.0,0.0,1.0,0.0,1.0,1.0,1.0,1.0,1.0,0.0,3.0,5.0,4.0,1.0,NaN,NaN,NaN
172.0,NaN,15.0,0.0,NaN,NaN,NaN,24.0,36.3,NaN,0.049999999999998934,3.0,95.0,NaN,3.5,0.0,80.0,NaN,1.5,0.0,74.5,NaN,1.5,0.0,22.0,NaN,0.0,0.0,NaN,NaN,NaN,24.0,NaN,NaN,NaN,1.0,9.0,NaN,0.0,7.0,1.0,NaN,0.0,3.0,7.09,NaN,-0.030000000000000027,1.0,38.0,NaN,2.5,1.0,85.0,NaN,0.6666666666666666,1.0,248.0,NaN,0.0,7.0,68.0,NaN,0.0,7.0,267.0,NaN,0.0,7.0,7.6,NaN,0.0,7.0,92.0,NaN,0.0,7.0,3.8,NaN,0.0,7.0,NaN,NaN,NaN,24.0,184.0,NaN,-3.2857142857142856,6.0,17.7,NaN,-0.6749999999999998,1.0,2.5,NaN,0.0,7.0,9.5,NaN,0.0,7.0,5.0,NaN,0.0,6.0,1.7,NaN,0.0,7.0,NaN,NaN,NaN,24.0,31.9,NaN,0.0,7.0,8.7,NaN,0.0,7.0,64.7,NaN,0.0,7.0,7.1,NaN,0.0,7.0,268.0,NaN,0.0,7.0,136.0,NaN,0.0,7.0,63.0,0.0,1.0,0.0,-153.22944444444445,9.0,0.0,1.0,1.0,0.0,0.0,0.0,0.0,0.0,0.0,0.0,1.0,1.0,1.0,1.0,1.0,0.0,3.0,5.0,4.0,1.0,NaN,NaN,NaN
