77.0,NaN,NaN,24.0,100.0,NaN,NaN,24.0,35.83,NaN,NaN,24.0,117.0,NaN,NaN,24.0,88.0,NaN,NaN,24.0,76.0,NaN,NaN,24.0,19.0,NaN,NaN,24.0,NaN,NaN,NaN,24.0,NaN,NaN,NaN,24.0,NaN,NaN,NaN,24.0,NaN,NaN,NaN,24.0,NaN,NaN,NaN,24.0,NaN,NaN,NaN,24.0,NaN,NaN,NaN,24.0,NaN,NaN,NaN,24.0,NaN,NaN,NaN,24.0,NaN,NaN,NaN,24.0,NaN,NaN,NaN,24.0,NaN,NaN,NaN,24.0,NaN,NaN,NaN,24.0,NaN,NaN,NaN,24.0,NaN,NaN,NaN,24.0,NaN,NaN,NaN,24.0,NaN,NaN,NaN,24.0,NaN,NaN,NaN,24.0,NaN,NaN,NaN,24.0,NaN,NaN,NaN,24.0,NaN,NaN,NaN,24.0,NaN,NaN,NaN,24.0,NaN,NaN,NaN,24.0,NaN,NaN,NaN,24.0,NaN,NaN,NaN,24.0,NaN,NaN,NaN,24.0,NaN,NaN,NaN,24.0,73.0,0.0,1.0,0.0,-78.82638888888889,1.0,1.0,0.0,0.0,0.0,0.0,0.0,0.0,0.0,0.0,0.0,1.0,0.0,1.0,1.0,0.0,0.0,3.0,5.0,4.0,0.0,NaN,NaN,NaN
73.0,NaN,-4.0,0.0,100.0,NaN,0.0,0.0,35.72,NaN,-0.10999999999999943,0.0,94.5,NaN,-22.5,0.0,68.5,NaN,-19.5,0.0,55.0,NaN,-21.0,0.0,21.0,NaN,2.0,0.0,NaN,NaN,NaN,24.0,NaN,NaN,NaN,24.0,24.0,NaN,0.0,0.0,0.5,NaN,0.0,0.0,NaN,NaN,NaN,24.0,NaN,NaN,NaN,24.0,NaN,NaN,NaN,24.0,NaN,NaN,NaN,24.0,5.0,NaN,0.0,0.0,NaN,NaN,NaN,24.0,9.1,NaN,0.0,0.0,101.0,NaN,0.0,0.0,0.3,NaN,0.0,0.0,NaN,NaN,NaN,24.0,127.0,NaN,0.0,0.0,NaN,NaN,NaN,24.0,1.8,NaN,0.0,0.0,4.5,NaN,0.0,0.0,4.1,NaN,0.0,0.0,NaN,NaN,NaN,24.0,NaN,NaN,NaN,24.0,26.7,NaN,0.0,0.0,8.6,NaN,0.0,0.0,25.9,NaN,0.0,0.0,13.5,NaN,0.0,0.0,NaN,NaN,NaN,24.0,570.0,NaN,0.0,0.0,73.0,0.0,1.0,0.0,-78.82638888888889,2.0,1.0,1.0,0.0,1.0,2.0,0.0,0.0,0.0,0.0,0.0,0.0,1.0,1.0,1.0,0.0,0.0,3.0,5.0,4.0,0.0,NaN,NaN,NaN
72.0,NaN,-1.0,0.0,100.0,NaN,0.0,1.0,35.72,NaN,-0.054999999999999716,1.0,93.5,NaN,-1.0,0.0,68.5,NaN,0.0,0.0,55.5,NaN,0.5,0.0,23.0,NaN,2.0,0.0,NaN,NaN,NaN,24.0,NaN,NaN,NaN,24.0,24.0,NaN,0.0,1.0,0.5,NaN,0.0,1.0,NaN,NaN,NaN,24.0,NaN,NaN,NaN,24.0,NaN,NaN,NaN,24.0,NaN,NaN,NaN,24.0,5.0,NaN,0.0,1.0,NaN,NaN,NaN,24.0,9.1,NaN,0.0,1.0,101.0,NaN,0.0,1.0,0.3,NaN,0.0,1.0,NaN,NaN,NaN,24.0,127.0,NaN,0.0,1.0,NaN,NaN,NaN,24.0,1.8,NaN,0.0,1.0,4.5,NaN,0.0,1.0,4.1,NaN,0.0,1.0,NaN,NaN,NaN,24.0,NaN,NaN,NaN,24.0,26.7,NaN,0.0,1.0,8.6,NaN,0.0,1.0,25.9,NaN,0.0,1.0,13.5,NaN,0.0,1.0,NaN,NaN,NaN,24.0,570.0,NaN,0.0,1.0,73.0,0.0,1.0,0.0,-78.82638888888889,3.0,1.0,1.0,0.0,1.0,0.0,0.0,0.0,0.0,0.0,0.0,0.0,1.0,1.0,1.0,0.0,0.0,3.0,5.0,4.0,0.0,NaN,NaN,NaN
84.0,NaN,12.0,0.0,100.0,NaN,0.0,0.0,35.72,NaN,-0.03666666666666648,2.0,124.0,NaN,30.5,0.0,95.5,NaN,27.0,0.0,83.0,NaN,27.5,0.0,22.0,NaN,-1.0,0.0,NaN,NaN,NaN,24.0,NaN,NaN,NaN,24.0,24.0,NaN,0.0,2.0,0.5,NaN,0.0,2.0,NaN,NaN,NaN,24.0,NaN,NaN,NaN,24.0,NaN,NaN,NaN,24.0,NaN,NaN,NaN,24.0,5.0,NaN,0.0,2.0,NaN,NaN,NaN,24.0,9.1,NaN,0.0,2.0,101.0,NaN,0.0,2.0,0.3,NaN,0.0,2.0,NaN,NaN,NaN,24.0,127.0,NaN,0.0,2.0,NaN,NaN,NaN,24.0,1.8,NaN,0.0,2.0,4.5,NaN,0.0,2.0,4.1,NaN,0.0,2.0,NaN,NaN,NaN,24.0,NaN,NaN,NaN,24.0,26.7,NaN,0.0,2.0,8.6,NaN,0.0,2.0,25.9,NaN,0.0,2.0,13.5,NaN,0.0,2.0,NaN,NaN,NaN,24.0,570.0,NaN,0.0,2.0,73.0,0.0,1.0,0.0,-78.82638888888889,4.0,1.0,1.0,0.0,1.0,0.0,0.0,0.0,0.0,0.0,0.0,1.0,1.0,1.0,1.0,0.0,0.0,3.0,5.0,4.0,0.0,NaN,NaN,NaN
82.0,NaN,-2.0,0.0,100.0,NaN,0.0,1.0,35.72,NaN,-0.027499999999999858,3.0,109.5,NaN,-14.5,0.0,81.5,NaN,-14.0,0.0,71.0,NaN,-12.0,0.0,21.0,NaN,-1.0,0.0,NaN,NaN,NaN,24.0,NaN,NaN,NaN,24.0,24.0,NaN,0.0,3.0,0.5,NaN,0.0,3.0,NaN,NaN,NaN,24.0,NaN,NaN,NaN,24.0,NaN,NaN,NaN,24.0,NaN,NaN,NaN,24.0,5.0,NaN,0.0,3.0,NaN,NaN,NaN,24.0,9.1,NaN,0.0,3.0,101.0,NaN,0.0,3.0,0.3,NaN,0.0,3.0,NaN,NaN,NaN,24.0,127.0,NaN,0.0,3.0,NaN,NaN,NaN,24.0,1.8,NaN,0.0,3.0,4.5,NaN,0.0,3.0,4.1,NaN,0.0,3.0,NaN,NaN,NaN,24.0,NaN,NaN,NaN,24.0,26.7,NaN,0.0,3.0,8.6,NaN,0.0,3.0,25.9,NaN,0.0,3.0,13.5,NaN,0.0,3.0,NaN,NaN,NaN,24.0,570.0,NaN,0.0,3.0,73.0,0.0,1.0,0.0,-78.82638888888889,5.0,1.0,1.0,0.0,1.0,0.0,0.0,0.0,0.0,0.0,0.0,1.0,1.0,1.0,1.0,0.0,0.0,3.0,5.0,4.0,0.0,NaN,NaN,NaN
81.0,NaN,-1.0,0.0,100.0,NaN,0.0,0.0,35.83,NaN,0.027499999999999858,0.0,104.5,NaN,-5.0,0.0,74.0,NaN,-7.5,0.0,61.5,NaN,-9.5,0.0,23.0,NaN,2.0,0.0,NaN,NaN,NaN,24.0,NaN,NaN,NaN,24.0,24.0,NaN,0.0,4.0,0.5,NaN,0.0,0.0,NaN,NaN,NaN,24.0,NaN,NaN,NaN,24.0,NaN,NaN,NaN,24.0,NaN,NaN,NaN,24.0,5.0,NaN,0.0,4.0,NaN,NaN,NaN,24.0,9.1,NaN,0.0,4.0,101.0,NaN,0.0,4.0,0.3,NaN,0.0,4.0,NaN,NaN,NaN,24.0,127.0,NaN,0.0,4.0,NaN,NaN,NaN,24.0,1.8,NaN,0.0,4.0,4.5,NaN,0.0,4.0,4.1,NaN,0.0,4.0,NaN,NaN,NaN,24.0,NaN,NaN,NaN,24.0,26.7,NaN,0.0,4.0,8.6,NaN,0.0,4.0,25.9,NaN,0.0,4.0,13.5,NaN,0.0,4.0,NaN,NaN,NaN,24.0,570.0,NaN,0.0,4.0,73.0,0.0,1.0,0.0,-78.82638888888889,6.0,1.0,1.0,0.0,1.0,2.0,0.0,0.0,0.0,0.0,0.0,0.0,1.0,1.0,1.0,0.0,0.0,3.0,5.0,4.0,0.0,NaN,NaN,NaN
72.0,NaN,-9.0,0.0,100.0,NaN,0.0,0.0,35.83,NaN,0.021999999999999888,1.0,93.5,NaN,-11.0,0.0,71.0,NaN,-3.0,0.0,62.0,NaN,0.5,0.0,24.0,NaN,1.0,0.0,NaN,NaN,NaN,24.0,NaN,NaN,NaN,24.0,24.0,NaN,0.0,5.0,0.5,NaN,0.0,1.0,NaN,NaN,NaN,24.0,NaN,NaN,NaN,24.0,NaN,NaN,NaN,24.0,NaN,NaN,NaN,24.0,5.0,NaN,0.0,5.0,NaN,NaN,NaN,24.0,9.1,NaN,0.0,5.0,101.0,NaN,0.0,5.0,0.3,NaN,0.0,5.0,NaN,NaN,NaN,24.0,127.0,NaN,0.0,5.0,NaN,NaN,NaN,24.0,1.8,NaN,0.0,5.0,4.5,NaN,0.0,5.0,4.1,NaN,0.0,5.0,NaN,NaN,NaN,24.0,NaN,NaN,NaN,24.0,26.7,NaN,0.0,5.0,8.6,NaN,0.0,5.0,25.9,NaN,0.0,5.0,13.5,NaN,0.0,5.0,NaN,NaN,NaN,24.0,570.0,NaN,0.0,5.0,73.0,0.0,1.0,0.0,-78.82638888888889,7.0,1.0,1.0,0.0,1.0,0.0,0.0,0.0,0.0,0.0,0.0,1.0,1.0,1.0,1.0,0.0,0.0,3.0,5.0,4.0,0.0,NaN,NaN,NaN
78.0,NaN,6.0,0.0,100.0,NaN,0.0,0.0,35.83,NaN,0.01833333333333324,2.0,78.0,NaN,-15.5,0.0,60.5,NaN,-10.5,0.0,53.0,NaN,-9.0,0.0,26.0,NaN,2.0,0.0,NaN,NaN,NaN,24.0,NaN,NaN,NaN,24.0,24.0,NaN,0.0,0.0,0.5,NaN,0.0,2.0,NaN,NaN,NaN,24.0,NaN,NaN,NaN,24.0,NaN,NaN,NaN,24.0,NaN,NaN,NaN,24.0,5.0,NaN,0.0,0.0,NaN,NaN,NaN,24.0,8.6,NaN,-0.08333333333333333,0.0,99.0,NaN,-0.3333333333333333,0.0,0.2,NaN,-0.016666666666666663,0.0,NaN,NaN,NaN,24.0,143.0,NaN,2.6666666666666665,0.0,NaN,NaN,NaN,24.0,2.3,NaN,0.0833333333333333,0.0,4.5,NaN,0.0,0.0,4.1,NaN,0.0,0.0,NaN,NaN,NaN,24.0,NaN,NaN,NaN,24.0,25.6,NaN,-0.183333333333333,0.0,8.3,NaN,-0.04999999999999982,0.0,25.9,NaN,0.0,6.0,11.7,NaN,-0.3000000000000001,0.0,NaN,NaN,NaN,24.0,505.0,NaN,-10.833333333333334,0.0,73.0,0.0,1.0,0.0,-78.82638888888889,8.0,1.0,1.0,0.0,0.0,0.0,0.0,0.0,1.0,0.0,0.0,1.0,1.0,1.0,1.0,0.0,0.0,3.0,5.0,4.0,0.0,NaN,NaN,NaN
79.0,NaN,1.0,0.0,100.0,NaN,0.0,0.0,35.83,NaN,0.015714285714285632,3.0,101.0,NaN,23.0,0.0,70.0,NaN,9.5,0.0,55.5,NaN,2.5,0.0,28.0,NaN,2.0,0.0,NaN,NaN,NaN,24.0,NaN,NaN,NaN,24.0,24.0,NaN,0.0,1.0,0.5,NaN,0.0,3.0,NaN,NaN,NaN,24.0,NaN,NaN,NaN,24.0,NaN,NaN,NaN,24.0,NaN,NaN,NaN,24.0,5.0,NaN,0.0,1.0,NaN,NaN,NaN,24.0,8.6,NaN,-0.07142857142857142,1.0,99.0,NaN,-0.2857142857142857,1.0,0.2,NaN,-0.014285714285714282,1.0,NaN,NaN,NaN,24.0,143.0,NaN,2.2857142857142856,1.0,NaN,NaN,NaN,24.0,2.3,NaN,0.0714285714285714,1.0,4.5,NaN,0.0,1.0,4.1,NaN,0.0,1.0,NaN,NaN,NaN,24.0,NaN,NaN,NaN,24.0,25.6,NaN,-0.15714285714285683,1.0,8.3,NaN,-0.042857142857142705,1.0,25.9,NaN,0.0,7.0,11.7,NaN,-0.25714285714285723,1.0,NaN,NaN,NaN,24.0,505.0,NaN,-9.285714285714286,1.0,73.0,0.0,1.0,0.0,-78.82638888888889,9.0,1.0,1.0,0.0,0.0,0.0,0.0,0.0,0.0,0.0,0.0,1.0,1.0,1.0,1.0,0.0,0.0,3.0,5.0,4.0,0.0,NaN,NaN,NaN
