71.0,NaN,NaN,24.0,100.0,NaN,NaN,24.0,NaN,NaN,NaN,24.0,125.0,NaN,NaN,24.0,76.0,NaN,NaN,24.0,60.0,NaN,NaN,24.0,24.0,NaN,NaN,24.0,NaN,NaN,NaN,24.0,-3.0,NaN,NaN,24.0,NaN,NaN,NaN,24.0,NaN,NaN,NaN,24.0,7.21,NaN,NaN,24.0,65.0,NaN,NaN,24.0,NaN,NaN,NaN,24.0,NaN,NaN,NaN,24.0,NaN,NaN,NaN,24.0,NaN,NaN,NaN,24.0,NaN,NaN,NaN,24.0,NaN,NaN,NaN,24.0,NaN,NaN,NaN,24.0,NaN,NaN,NaN,24.0,NaN,NaN,NaN,24.0,1.1,NaN,NaN,24.0,NaN,NaN,NaN,24.0,NaN,NaN,NaN,24.0,5.3,NaN,NaN,24.0,NaN,NaN,NaN,24.0,NaN,NaN,NaN,24.0,NaN,NaN,NaN,24.0,NaN,NaN,NaN,24.0,NaN,NaN,NaN,24.0,NaN,NaN,NaN,24.0,NaN,NaN,NaN,24.0,NaN,NaN,NaN,24.0,81.0,0.0,1.0,0.0,-73.385,1.0,0.0,1.0,0.0,0.0,0.0,0.0,0.0,0.0,0.0,0.0,1.0,0.0,1.0,1.0,0.0,0.0,0.0,5.0,5.0,0.0,NaN,NaN,NaN
71.0,NaN,0.0,0.0,100.0,NaN,0.0,0.0,NaN,NaN,NaN,24.0,150.0,NaN,25.0,0.0,80.0,NaN,4.0,0.0,55.0,NaN,-5.0,0.0,17.0,NaN,-7.0,0.0,NaN,NaN,NaN,24.0,-1.0,NaN,2.0,0.0,NaN,NaN,NaN,24.0,NaN,NaN,NaN,24.0,7.31,NaN,0.09999999999999964,0.0,51.0,NaN,-14.0,0.0,NaN,NaN,NaN,24.0,NaN,NaN,NaN,24.0,NaN,NaN,NaN,24.0,NaN,NaN,NaN,24.0,NaN,NaN,NaN,24.0,NaN,NaN,NaN,24.0,NaN,NaN,NaN,24.0,NaN,NaN,NaN,24.0,NaN,NaN,NaN,24.0,1.1,NaN,0.0,1.0,NaN,NaN,NaN,24.0,NaN,NaN,NaN,24.0,5.3,NaN,0.0,1.0,NaN,NaN,NaN,24.0,NaN,NaN,NaN,24.0,NaN,NaN,NaN,24.0,NaN,NaN,NaN,24.0,NaN,NaN,NaN,24.0,NaN,NaN,NaN,24.0,NaN,NaN,NaN,24.0,NaN,NaN,NaN,24.0,81.0,0.0,1.0,0.0,-73.385,2.0,0.0,0.0,0.0,0.0,0.0,0.0,0.0,0.0,0.0,0.0,1.0,1.0,1.0,1.0,0.0,0.0,0.0,5.0,5.0,0.0,NaN,NaN,NaN
69.0,NaN,-2.0,0.0,99.0,NaN,-1.0,0.0,NaN,NaN,NaN,24.0,135.0,NaN,-15.0,0.0,72.0,NaN,-8.0,0.0,50.0,NaN,-5.0,0.0,20.0,NaN,3.0,0.0,NaN,NaN,NaN,24.0,-1.0,NaN,1.0,1.0,NaN,NaN,NaN,24.0,NaN,NaN,NaN,24.0,7.31,NaN,0.04999999999999982,1.0,51.0,NaN,-7.0,1.0,NaN,NaN,NaN,24.0,NaN,NaN,NaN,24.0,NaN,NaN,NaN,24.0,NaN,NaN,NaN,24.0,NaN,NaN,NaN,24.0,NaN,NaN,NaN,24.0,NaN,NaN,NaN,24.0,NaN,NaN,NaN,24.0,NaN,NaN,NaN,24.0,1.1,NaN,0.0,2.0,NaN,NaN,NaN,24.0,NaN,NaN,NaN,24.0,5.3,NaN,0.0,2.0,NaN,NaN,NaN,24.0,NaN,NaN,NaN,24.0,NaN,NaN,NaN,24.0,NaN,NaN,NaN,24.0,NaN,NaN,NaN,24.0,NaN,NaN,NaN,24.0,NaN,NaN,NaN,24.0,NaN,NaN,NaN,24.0,81.0,0.0,1.0,0.0,-73.385,3.0,0.0,0.0,0.0,0.0,0.0,0.0,0.0,0.0,0.0,0.0,1.0,1.0,1.0,1.0,0.0,0.0,0.0,5.0,5.0,0.0,NaN,NaN,NaN
71.0,NaN,2.0,0.0,97.0,NaN,-2.0,0.0,36.67,NaN,0.0,0.0,120.0,NaN,-15.0,0.0,89.0,NaN,17.0,0.0,80.0,NaN,30.0,0.0,23.0,NaN,3.0,0.0,NaN,NaN,NaN,24.0,-1.0,NaN,0.6666666666666666,2.0,NaN,NaN,NaN,24.0,0.5,NaN,0.0,0.0,7.31,NaN,0.033333333333333215,2.0,51.0,NaN,-4.666666666666667,2.0,NaN,NaN,NaN,24.0,NaN,NaN,NaN,24.0,NaN,NaN,NaN,24.0,NaN,NaN,NaN,24.0,NaN,NaN,NaN,24.0,NaN,NaN,NaN,24.0,NaN,NaN,NaN,24.0,NaN,NaN,NaN,24.0,NaN,NaN,NaN,24.0,1.1,NaN,0.0,3.0,NaN,NaN,NaN,24.0,NaN,NaN,NaN,24.0,5.3,NaN,0.0,3.0,NaN,NaN,NaN,24.0,NaN,NaN,NaN,24.0,NaN,NaN,NaN,24.0,NaN,NaN,NaN,24.0,NaN,NaN,NaN,24.0,NaN,NaN,NaN,24.0,NaN,NaN,NaN,24.0,NaN,NaN,NaN,24.0,81.0,0.0,1.0,0.0,-73.385,4.0,0.0,1.0,0.0,0.0,2.0,0.0,0.0,0.0,0.0,0.0,0.0,1.0,1.0,1.0,0.0,0.0,0.0,5.0,5.0,0.0,NaN,NaN,NaN
67.0,NaN,-4.0,0.0,98.0,NaN,1.0,0.0,36.67,NaN,0.0,1.0,112.0,NaN,-8.0,0.0,90.0,NaN,1.0,0.0,82.0,NaN,2.0,0.0,23.0,NaN,0.0,0.0,NaN,NaN,NaN,24.0,-1.0,NaN,0.5,3.0,NaN,NaN,NaN,24.0,0.5,NaN,0.0,1.0,7.31,NaN,0.02499999999999991,3.0,51.0,NaN,-3.5,3.0,NaN,NaN,NaN,24.0,NaN,NaN,NaN,24.0,NaN,NaN,NaN,24.0,NaN,NaN,NaN,24.0,NaN,NaN,NaN,24.0,NaN,NaN,NaN,24.0,NaN,NaN,NaN,24.0,NaN,NaN,NaN,24.0,NaN,NaN,NaN,24.0,1.1,NaN,0.0,4.0,NaN,NaN,NaN,24.0,NaN,NaN,NaN,24.0,5.3,NaN,0.0,4.0,NaN,NaN,NaN,24.0,NaN,NaN,NaN,24.0,NaN,NaN,NaN,24.0,NaN,NaN,NaN,24.0,NaN,NaN,NaN,24.0,NaN,NaN,NaN,24.0,NaN,NaN,NaN,24.0,NaN,NaN,NaN,24.0,81.0,0.0,1.0,0.0,-73.385,5.0,0.0,1.0,0.0,0.0,0.0,0.0,0.0,0.0,0.0,0.0,1.0,1.0,1.0,1.0,0.0,0.0,0.0,5.0,5.0,0.0,NaN,NaN,NaN
65.0,NaN,-2.0,0.0,95.0,NaN,-3.0,0.0,36.67,NaN,0.0,2.0,100.0,NaN,-12.0,0.0,61.0,NaN,-29.0,0.0,48.0,NaN,-34.0,0.0,25.0,NaN,2.0,0.0,NaN,NaN,NaN,24.0,-1.0,NaN,0.0,0.0,NaN,NaN,NaN,24.0,0.5,NaN,0.0,2.0,7.25,NaN,-0.014999999999999902,0.0,62.0,NaN,2.75,0.0,NaN,NaN,NaN,24.0,NaN,NaN,NaN,24.0,NaN,NaN,NaN,24.0,NaN,NaN,NaN,24.0,NaN,NaN,NaN,24.0,NaN,NaN,NaN,24.0,NaN,NaN,NaN,24.0,NaN,NaN,NaN,24.0,NaN,NaN,NaN,24.0,1.1,NaN,0.0,5.0,NaN,NaN,NaN,24.0,NaN,NaN,NaN,24.0,5.3,NaN,0.0,5.0,NaN,NaN,NaN,24.0,NaN,NaN,NaN,24.0,NaN,NaN,NaN,24.0,NaN,NaN,NaN,24.0,NaN,NaN,NaN,24.0,NaN,NaN,NaN,24.0,NaN,NaN,NaN,24.0,NaN,NaN,NaN,24.0,81.0,0.0,1.0,0.0,-73.385,6.0,0.0,1.0,0.0,0.0,0.0,0.0,0.0,1.0,0.0,0.0,1.0,1.0,1.0,1.0,0.0,0.0,0.0,5.0,5.0,0.0,NaN,NaN,NaN
68.0,NaN,3.0,0.0,99.0,NaN,4.0,0.0,36.67,NaN,0.0,3.0,120.0,NaN,20.0,0.0,69.0,NaN,8.0,0.0,51.0,NaN,3.0,0.0,29.5,NaN,4.5,0.0,NaN,NaN,NaN,24.0,-1.0,NaN,0.0,1.0,NaN,NaN,NaN,24.0,0.35,NaN,-0.05000000000000001,0.0,7.25,NaN,-0.011999999999999922,1.0,62.0,NaN,2.2,1.0,NaN,NaN,NaN,24.0,NaN,NaN,NaN,24.0,NaN,NaN,NaN,24.0,NaN,NaN,NaN,24.0,NaN,NaN,NaN,24.0,NaN,NaN,NaN,24.0,NaN,NaN,NaN,24.0,NaN,NaN,NaN,24.0,NaN,NaN,NaN,24.0,1.1,NaN,0.0,6.0,NaN,NaN,NaN,24.0,NaN,NaN,NaN,24.0,5.3,NaN,0.0,6.0,NaN,NaN,NaN,24.0,NaN,NaN,NaN,24.0,NaN,NaN,NaN,24.0,NaN,NaN,NaN,24.0,NaN,NaN,NaN,24.0,NaN,NaN,NaN,24.0,NaN,NaN,NaN,24.0,NaN,NaN,NaN,24.0,81.0,0.0,1.0,0.0,-73.385,7.0,0.0,1.0,0.0,0.0,1.0,0.0,0.0,0.0,0.0,0.0,0.0,1.0,1.0,1.0,0.0,0.0,0.0,5.0,5.0,0.0,NaN,NaN,NaN
71.0,NaN,3.0,0.0,98.0,NaN,-1.0,0.0,36.72,NaN,0.01249999999999929,0.0,131.0,NaN,11.0,0.0,73.0,NaN,4.0,0.0,57.0,NaN,6.0,0.0,23.5,NaN,-6.0,0.0,NaN,NaN,NaN,24.0,-1.0,NaN,0.0,2.0,NaN,NaN,NaN,24.0,0.35,NaN,0.0,0.0,7.25,NaN,-0.009999999999999934,2.0,62.0,NaN,1.8333333333333333,2.0,NaN,NaN,NaN,24.0,NaN,NaN,NaN,24.0,NaN,NaN,NaN,24.0,NaN,NaN,NaN,24.0,NaN,NaN,NaN,24.0,NaN,NaN,NaN,24.0,NaN,NaN,NaN,24.0,NaN,NaN,NaN,24.0,NaN,NaN,NaN,24.0,1.1,NaN,0.0,7.0,NaN,NaN,NaN,24.0,NaN,NaN,NaN,24.0,5.3,NaN,0.0,7.0,NaN,NaN,NaN,24.0,NaN,NaN,NaN,24.0,NaN,NaN,NaN,24.0,NaN,NaN,NaN,24.0,NaN,NaN,NaN,24.0,NaN,NaN,NaN,24.0,NaN,NaN,NaN,24.0,NaN,NaN,NaN,24.0,81.0,0.0,1.0,0.0,-73.385,8.0,0.0,1.0,0.0,0.0,1.0,0.0,0.0,0.0,0.0,0.0,0.0,1.0,1.0,1.0,0.0,0.0,0.0,5.0,5.0,0.0,NaN,NaN,NaN
76.0,NaN,5.0,0.0,99.0,NaN,1.0,0.0,36.72,NaN,0.009999999999999431,1.0,152.0,NaN,21.0,0.0,133.0,NaN,60.0,0.0,126.0,NaN,69.0,0.0,22.0,NaN,-1.5,0.0,NaN,NaN,NaN,24.0,-1.0,NaN,0.0,3.0,NaN,NaN,NaN,24.0,0.35,NaN,0.0,1.0,7.25,NaN,-0.008571428571428516,3.0,62.0,NaN,1.5714285714285714,3.0,NaN,NaN,NaN,24.0,NaN,NaN,NaN,24.0,NaN,NaN,NaN,24.0,NaN,NaN,NaN,24.0,NaN,NaN,NaN,24.0,NaN,NaN,NaN,24.0,NaN,NaN,NaN,24.0,NaN,NaN,NaN,24.0,NaN,NaN,NaN,24.0,1.1,NaN,0.0,8.0,NaN,NaN,NaN,24.0,NaN,NaN,NaN,24.0,5.3,NaN,0.0,8.0,NaN,NaN,NaN,24.0,NaN,NaN,NaN,24.0,NaN,NaN,NaN,24.0,NaN,NaN,NaN,24.0,NaN,NaN,NaN,24.0,NaN,NaN,NaN,24.0,NaN,NaN,NaN,24.0,NaN,NaN,NaN,24.0,81.0,0.0,1.0,0.0,-73.385,9.0,0.0,1.0,0.0,0.0,0.0,0.0,0.0,0.0,0.0,0.0,1.0,1.0,1.0,1.0,0.0,0.0,0.0,5.0,5.0,0.0,NaN,NaN,NaN
