80.0,NaN,NaN,24.0,100.0,NaN,NaN,24.0,36.61,NaN,NaN,24.0,84.0,NaN,NaN,24.0,61.0,NaN,NaN,24.0,54.0,NaN,NaN,24.0,26.0,NaN,NaN,24.0,NaN,NaN,NaN,24.0,NaN,NaN,NaN,24.0,NaN,NaN,NaN,24.0,NaN,NaN,NaN,24.0,NaN,NaN,NaN,24.0,NaN,NaN,NaN,24.0,NaN,NaN,NaN,24.0,NaN,NaN,NaN,24.0,NaN,NaN,NaN,24.0,NaN,NaN,NaN,24.0,NaN,NaN,NaN,24.0,NaN,NaN,NaN,24.0,NaN,NaN,NaN,24.0,NaN,NaN,NaN,24.0,NaN,NaN,NaN,24.0,NaN,NaN,NaN,24.0,NaN,NaN,NaN,24.0,NaN,NaN,NaN,24.0,NaN,NaN,NaN,24.0,NaN,NaN,NaN,24.0,NaN,NaN,NaN,24.0,NaN,NaN,NaN,24.0,NaN,NaN,NaN,24.0,NaN,NaN,NaN,24.0,NaN,NaN,NaN,24.0,NaN,NaN,NaN,24.0,NaN,NaN,NaN,24.0,83.0,1.0,0.0,1.0,0.0,1.0,0.0,1.0,0.0,0.0,0.0,0.0,0.0,1.0,0.0,0.0,1.0,0.0,1.0,0.0,1.0,0.0,NaN,57.0,57.0,5.0,NaN,NaN,NaN
73.0,NaN,-7.0,0.0,100.0,NaN,0.0,0.0,36.61,NaN,0.0,1.0,93.0,NaN,9.0,0.0,64.0,NaN,3.0,0.0,56.0,NaN,2.0,0.0,29.0,NaN,3.0,0.0,NaN,NaN,NaN,24.0,-1.0,NaN,0.0,0.0,22.0,NaN,0.0,0.0,NaN,NaN,NaN,24.0,7.35,NaN,0.0,0.0,44.0,NaN,0.0,0.0,NaN,NaN,NaN,24.0,190.0,NaN,0.0,0.0,58.0,NaN,0.0,0.0,236.0,NaN,0.0,0.0,8.6,NaN,0.0,0.0,95.0,NaN,0.0,0.0,4.8,NaN,0.0,0.0,NaN,NaN,NaN,24.0,123.0,NaN,0.0,0.0,2.2,NaN,0.0,0.0,2.5,NaN,0.0,0.0,7.2,NaN,0.0,0.0,5.2,NaN,0.0,0.0,0.6,NaN,0.0,0.0,4.45,NaN,0.0,0.0,32.3,NaN,0.0,0.0,9.9,NaN,0.0,0.0,27.0,NaN,0.0,0.0,15.8,NaN,0.0,0.0,NaN,NaN,NaN,24.0,206.0,NaN,0.0,0.0,83.0,1.0,0.0,1.0,0.0,2.0,0.0,1.0,0.0,1.0,0.0,0.0,0.0,1.0,1.0,3.0,1.0,0.0,1.0,0.0,1.0,0.0,NaN,57.0,57.0,5.0,NaN,NaN,NaN
83.0,NaN,10.0,0.0,76.0,NaN,-24.0,0.0,36.61,NaN,0.0,2.0,107.0,NaN,14.0,0.0,66.0,NaN,2.0,0.0,55.0,NaN,-1.0,0.0,25.0,NaN,-4.0,0.0,NaN,NaN,NaN,24.0,-1.0,NaN,0.0,1.0,22.0,NaN,0.0,1.0,NaN,NaN,NaN,24.0,7.35,NaN,0.0,1.0,44.0,NaN,0.0,1.0,NaN,NaN,NaN,24.0,190.0,NaN,0.0,1.0,58.0,NaN,0.0,1.0,236.0,NaN,0.0,1.0,8.6,NaN,0.0,1.0,95.0,NaN,0.0,1.0,4.8,NaN,0.0,1.0,NaN,NaN,NaN,24.0,123.0,NaN,0.0,1.0,2.2,NaN,0.0,1.0,2.5,NaN,0.0,1.0,7.2,NaN,0.0,1.0,5.2,NaN,0.0,1.0,0.6,NaN,0.0,1.0,4.45,NaN,0.0,1.0,32.3,NaN,0.0,1.0,9.9,NaN,0.0,1.0,27.0,NaN,0.0,1.0,15.8,NaN,0.0,1.0,NaN,NaN,NaN,24.0,206.0,NaN,0.0,1.0,83.0,1.0,0.0,1.0,0.0,3.0,0.0,1.0,0.0,1.0,0.0,0.0,0.0,0.0,0.0,0.0,1.0,0.0,1.0,0.0,1.0,0.0,NaN,57.0,57.0,5.0,NaN,NaN,NaN
88.0,NaN,5.0,0.0,97.0,NaN,21.0,0.0,36.61,NaN,0.0,3.0,111.0,NaN,4.0,0.0,45.0,NaN,-21.0,0.0,21.0,NaN,-34.0,0.0,23.0,NaN,-2.0,0.0,NaN,NaN,NaN,24.0,-1.0,NaN,0.0,2.0,22.0,NaN,0.0,2.0,NaN,NaN,NaN,24.0,7.35,NaN,0.0,2.0,44.0,NaN,0.0,2.0,NaN,NaN,NaN,24.0,190.0,NaN,0.0,2.0,58.0,NaN,0.0,2.0,236.0,NaN,0.0,2.0,8.6,NaN,0.0,2.0,95.0,NaN,0.0,2.0,4.8,NaN,0.0,2.0,NaN,NaN,NaN,24.0,123.0,NaN,0.0,2.0,2.2,NaN,0.0,2.0,2.5,NaN,0.0,2.0,7.2,NaN,0.0,2.0,5.2,NaN,0.0,2.0,0.6,NaN,0.0,2.0,4.45,NaN,0.0,2.0,32.3,NaN,0.0,2.0,9.9,NaN,0.0,2.0,27.0,NaN,0.0,2.0,15.8,NaN,0.0,2.0,NaN,NaN,NaN,24.0,206.0,NaN,0.0,2.0,83.0,1.0,0.0,1.0,0.0,4.0,0.0,1.0,0.0,1.0,0.0,0.0,0.0,1.0,0.0,0.0,1.0,0.0,1.0,0.0,1.0,0.0,NaN,57.0,57.0,5.0,NaN,NaN,NaN
78.0,NaN,-10.0,0.0,74.0,NaN,-23.0,0.0,36.39,NaN,-0.054999999999999716,0.0,104.0,NaN,-7.0,0.0,93.0,NaN,48.0,0.0,89.0,NaN,68.0,0.0,26.0,NaN,3.0,0.0,NaN,NaN,NaN,24.0,-1.0,NaN,0.0,3.0,22.0,NaN,0.0,3.0,NaN,NaN,NaN,24.0,7.35,NaN,0.0,3.0,44.0,NaN,0.0,3.0,NaN,NaN,NaN,24.0,190.0,NaN,0.0,3.0,58.0,NaN,0.0,3.0,236.0,NaN,0.0,3.0,8.6,NaN,0.0,3.0,95.0,NaN,0.0,3.0,4.8,NaN,0.0,3.0,NaN,NaN,NaN,24.0,123.0,NaN,0.0,3.0,2.2,NaN,0.0,3.0,2.5,NaN,0.0,3.0,7.2,NaN,0.0,3.0,5.2,NaN,0.0,3.0,0.6,NaN,0.0,3.0,4.45,NaN,0.0,3.0,32.3,NaN,0.0,3.0,9.9,NaN,0.0,3.0,27.0,NaN,0.0,3.0,15.8,NaN,0.0,3.0,NaN,NaN,NaN,24.0,206.0,NaN,0.0,3.0,83.0,1.0,0.0,1.0,0.0,5.0,0.0,1.0,0.0,1.0,0.0,0.0,0.0,0.0,0.0,0.0,1.0,0.0,1.0,0.0,1.0,0.0,NaN,57.0,57.0,5.0,NaN,NaN,NaN
77.0,NaN,-1.0,0.0,100.0,NaN,26.0,0.0,36.39,NaN,-0.043999999999999775,1.0,81.0,NaN,-23.0,0.0,57.0,NaN,-36.0,0.0,51.0,NaN,-38.0,0.0,18.0,NaN,-8.0,0.0,NaN,NaN,NaN,24.0,-1.0,NaN,0.0,4.0,19.0,NaN,-0.75,0.0,NaN,NaN,NaN,24.0,7.35,NaN,0.0,4.0,44.0,NaN,0.0,4.0,NaN,NaN,NaN,24.0,175.0,NaN,-3.75,0.0,64.0,NaN,1.5,0.0,222.0,NaN,-3.5,0.0,8.6,NaN,0.0,0.0,96.0,NaN,0.25,0.0,5.4,NaN,0.15000000000000013,0.0,NaN,NaN,NaN,24.0,140.0,NaN,4.25,0.0,2.2,NaN,0.0,4.0,2.5,NaN,0.0,0.0,7.2,NaN,0.0,0.0,5.5,NaN,0.07499999999999996,0.0,0.8,NaN,0.05000000000000002,0.0,4.24,NaN,-0.05249999999999999,0.0,31.8,NaN,-0.12499999999999911,0.0,9.8,NaN,-0.02499999999999991,0.0,28.2,NaN,0.2999999999999998,0.0,15.7,NaN,-0.025000000000000355,0.0,NaN,NaN,NaN,24.0,198.0,NaN,-2.0,0.0,83.0,1.0,0.0,1.0,0.0,6.0,0.0,0.0,0.0,1.0,0.0,0.0,0.0,1.0,0.0,4.0,1.0,0.0,1.0,0.0,1.0,0.0,NaN,57.0,57.0,5.0,NaN,NaN,NaN
85.0,NaN,8.0,0.0,99.0,NaN,-1.0,0.0,36.39,NaN,-0.03666666666666648,2.0,90.0,NaN,9.0,0.0,60.0,NaN,3.0,0.0,49.0,NaN,-2.0,0.0,32.0,NaN,14.0,0.0,NaN,NaN,NaN,24.0,-1.0,NaN,0.0,0.0,19.0,NaN,-0.6,1.0,NaN,NaN,NaN,24.0,7.37,NaN,0.004000000000000092,0.0,40.0,NaN,-0.8,0.0,NaN,NaN,NaN,24.0,175.0,NaN,-3.0,1.0,64.0,NaN,1.2,1.0,222.0,NaN,-2.8,1.0,8.6,NaN,0.0,1.0,96.0,NaN,0.2,1.0,5.4,NaN,0.1200000000000001,1.0,NaN,NaN,NaN,24.0,140.0,NaN,3.4,1.0,3.2,NaN,0.2,0.0,2.5,NaN,0.0,1.0,7.2,NaN,0.0,1.0,5.5,NaN,0.05999999999999996,1.0,0.8,NaN,0.040000000000000015,1.0,4.24,NaN,-0.041999999999999996,1.0,31.8,NaN,-0.09999999999999928,1.0,9.8,NaN,-0.019999999999999928,1.0,28.2,NaN,0.23999999999999985,1.0,15.7,NaN,-0.020000000000000285,1.0,NaN,NaN,NaN,24.0,198.0,NaN,-1.6,1.0,83.0,1.0,0.0,1.0,0.0,7.0,0.0,1.0,0.0,1.0,0.0,0.0,0.0,1.0,1.0,0.0,1.0,0.0,1.0,0.0,1.0,0.0,NaN,57.0,57.0,5.0,NaN,NaN,NaN
84.0,NaN,-1.0,0.0,100.0,NaN,1.0,0.0,36.39,NaN,-0.031428571428571264,3.0,80.0,NaN,-10.0,0.0,68.0,NaN,8.0,0.0,64.0,NaN,15.0,0.0,28.0,NaN,-4.0,0.0,NaN,NaN,NaN,24.0,-1.0,NaN,0.0,1.0,19.0,NaN,-0.5,2.0,NaN,NaN,NaN,24.0,7.37,NaN,0.0033333333333334103,1.0,40.0,NaN,-0.6666666666666666,1.0,NaN,NaN,NaN,24.0,175.0,NaN,-2.5,2.0,64.0,NaN,1.0,2.0,222.0,NaN,-2.3333333333333335,2.0,8.6,NaN,0.0,2.0,96.0,NaN,0.16666666666666666,2.0,5.4,NaN,0.10000000000000009,2.0,NaN,NaN,NaN,24.0,140.0,NaN,2.8333333333333335,2.0,3.2,NaN,0.16666666666666666,1.0,2.5,NaN,0.0,2.0,7.2,NaN,0.0,2.0,5.5,NaN,0.04999999999999997,2.0,0.8,NaN,0.03333333333333335,2.0,4.24,NaN,-0.034999999999999996,2.0,31.8,NaN,-0.08333333333333275,2.0,9.8,NaN,-0.016666666666666607,2.0,28.2,NaN,0.19999999999999987,2.0,15.7,NaN,-0.016666666666666902,2.0,NaN,NaN,NaN,24.0,198.0,NaN,-1.3333333333333333,2.0,83.0,1.0,0.0,1.0,0.0,8.0,0.0,1.0,0.0,1.0,0.0,0.0,0.0,1.0,0.0,0.0,1.0,0.0,1.0,0.0,1.0,0.0,NaN,57.0,57.0,5.0,NaN,NaN,NaN
90.0,NaN,6.0,0.0,100.0,NaN,0.0,0.0,36.67,NaN,0.07000000000000028,0.0,116.0,NaN,36.0,0.0,73.0,NaN,5.0,0.0,58.0,NaN,-6.0,0.0,18.0,NaN,-10.0,0.0,NaN,NaN,NaN,24.0,-1.0,NaN,0.0,2.0,19.0,NaN,-0.42857142857142855,3.0,NaN,NaN,NaN,24.0,7.37,NaN,0.002857142857142923,2.0,40.0,NaN,-0.5714285714285714,2.0,NaN,NaN,NaN,24.0,175.0,NaN,-2.142857142857143,3.0,64.0,NaN,0.8571428571428571,3.0,222.0,NaN,-2.0,3.0,8.6,NaN,0.0,3.0,96.0,NaN,0.14285714285714285,3.0,5.4,NaN,0.08571428571428578,3.0,NaN,NaN,NaN,24.0,140.0,NaN,2.4285714285714284,3.0,3.2,NaN,0.14285714285714285,2.0,2.5,NaN,0.0,3.0,7.2,NaN,0.0,3.0,5.5,NaN,0.04285714285714283,3.0,0.8,NaN,0.02857142857142858,3.0,4.24,NaN,-0.029999999999999995,3.0,31.8,NaN,-0.07142857142857093,3.0,9.8,NaN,-0.014285714285714235,3.0,28.2,NaN,0.17142857142857132,3.0,15.7,NaN,-0.014285714285714488,3.0,NaN,NaN,NaN,24.0,198.0,NaN,-1.1428571428571428,3.0,83.0,1.0,0.0,1.0,0.0,9.0,0.0,0.0,0.0,1.0,0.0,0.0,0.0,0.0,0.0,0.0,1.0,0.0,1.0,0.0,1.0,0.0,NaN,57.0,57.0,5.0,NaN,NaN,NaN
90.0,NaN,0.0,0.0,97.0,NaN,-3.0,0.0,36.67,NaN,0.05600000000000023,1.0,86.0,NaN,-30.0,0.0,73.0,NaN,0.0,0.0,69.0,NaN,11.0,0.0,30.0,NaN,12.0,0.0,NaN,NaN,NaN,24.0,0.0,NaN,0.3333333333333333,0.0,19.0,NaN,-0.375,4.0,NaN,NaN,NaN,24.0,7.34,NaN,-0.010000000000000083,0.0,47.0,NaN,2.3333333333333335,0.0,64.0,NaN,0.0,0.0,175.0,NaN,-1.875,4.0,64.0,NaN,0.75,4.0,222.0,NaN,-1.75,4.0,8.6,NaN,0.0,4.0,96.0,NaN,0.125,4.0,5.4,NaN,0.07500000000000007,4.0,NaN,NaN,NaN,24.0,140.0,NaN,2.125,4.0,2.3,NaN,-0.3000000000000001,0.0,2.5,NaN,0.0,4.0,7.2,NaN,0.0,4.0,5.5,NaN,0.03749999999999998,4.0,0.8,NaN,0.02500000000000001,4.0,4.24,NaN,-0.026249999999999996,4.0,31.8,NaN,-0.062499999999999556,4.0,9.8,NaN,-0.012499999999999956,4.0,28.2,NaN,0.1499999999999999,4.0,15.7,NaN,-0.012500000000000178,4.0,NaN,NaN,NaN,24.0,198.0,NaN,-1.0,4.0,83.0,1.0,0.0,1.0,0.0,10.0,0.0,1.0,0.0,1.0,0.0,0.0,0.0,1.0,1.0,0.0,1.0,0.0,1.0,0.0,1.0,0.0,NaN,57.0,57.0,5.0,NaN,NaN,NaN
86.5,NaN,-3.5,0.0,98.25,NaN,1.25,0.0,36.67,NaN,0.046666666666666856,2.0,97.75,NaN,11.75,0.0,59.5,NaN,-13.5,0.0,47.25,NaN,-21.75,0.0,24.5,NaN,-5.5,0.0,NaN,NaN,NaN,24.0,0.0,NaN,0.25,1.0,19.0,NaN,-0.3333333333333333,5.0,NaN,NaN,NaN,24.0,7.34,NaN,-0.007500000000000062,1.0,47.0,NaN,1.75,1.0,64.0,NaN,0.0,1.0,175.0,NaN,-1.6666666666666667,5.0,64.0,NaN,0.6666666666666666,5.0,222.0,NaN,-1.5555555555555556,5.0,8.6,NaN,0.0,5.0,96.0,NaN,0.1111111111111111,5.0,5.4,NaN,0.06666666666666672,5.0,NaN,NaN,NaN,24.0,140.0,NaN,1.8888888888888888,5.0,2.3,NaN,-0.2250000000000001,1.0,2.5,NaN,0.0,5.0,7.2,NaN,0.0,5.0,5.5,NaN,0.03333333333333331,5.0,0.8,NaN,0.02222222222222223,5.0,4.24,NaN,-0.02333333333333333,5.0,31.8,NaN,-0.055555555555555164,5.0,9.8,NaN,-0.011111111111111072,5.0,28.2,NaN,0.13333333333333325,5.0,15.7,NaN,-0.01111111111111127,5.0,NaN,NaN,NaN,24.0,198.0,NaN,-0.8888888888888888,5.0,83.0,1.0,0.0,1.0,0.0,11.0,0.0,1.0,0.0,1.0,0.0,0.0,0.0,1.0,0.0,0.0,1.0,0.0,1.0,0.0,1.0,0.0,NaN,57.0,57.0,5.0,NaN,NaN,NaN
93.0,NaN,6.5,0.0,99.0,NaN,0.75,0.0,36.67,NaN,0.04000000000000016,3.0,93.25,NaN,-4.5,0.0,61.5,NaN,2.0,0.0,52.0,NaN,4.75,0.0,19.0,NaN,-5.5,0.0,NaN,NaN,NaN,24.0,0.0,NaN,0.2,2.0,19.0,NaN,-0.3,6.0,0.5,NaN,0.0,0.0,7.34,NaN,-0.0060000000000000496,2.0,47.0,NaN,1.4,2.0,64.0,NaN,0.0,2.0,175.0,NaN,-1.5,6.0,64.0,NaN,0.6,6.0,222.0,NaN,-1.4,6.0,8.6,NaN,0.0,6.0,96.0,NaN,0.1,6.0,5.4,NaN,0.06000000000000005,6.0,NaN,NaN,NaN,24.0,140.0,NaN,1.7,6.0,2.3,NaN,-0.18000000000000008,2.0,2.5,NaN,0.0,6.0,7.2,NaN,0.0,6.0,5.5,NaN,0.02999999999999998,6.0,0.8,NaN,0.020000000000000007,6.0,4.24,NaN,-0.020999999999999998,6.0,31.8,NaN,-0.04999999999999964,6.0,9.8,NaN,-0.009999999999999964,6.0,28.2,NaN,0.11999999999999993,6.0,15.7,NaN,-0.010000000000000142,6.0,NaN,NaN,NaN,24.0,198.0,NaN,-0.8,6.0,83.0,1.0,0.0,1.0,0.0,12.0,0.0,0.0,1.0,1.0,2.0,0.0,0.0,1.0,0.0,0.0,1.0,0.0,1.0,0.0,1.0,0.0,NaN,57.0,57.0,5.0,NaN,NaN,NaN
90.0,NaN,-3.0,0.0,100.0,NaN,1.0,0.0,36.67,NaN,0.03500000000000014,4.0,105.0,NaN,11.75,0.0,64.0,NaN,2.5,0.0,46.1666666666667,NaN,-5.8333333333333,0.0,15.5,NaN,-3.5,0.0,NaN,NaN,NaN,24.0,-3.0,NaN,-1.0,0.0,18.0,NaN,-0.14285714285714285,0.0,0.5,NaN,0.0,1.0,7.38,NaN,0.013333333333333345,0.0,35.0,NaN,-4.0,0.0,83.0,NaN,6.333333333333333,0.0,175.0,NaN,-1.3636363636363635,7.0,68.0,NaN,0.5714285714285714,0.0,222.0,NaN,-1.2727272727272727,7.0,8.5,NaN,-0.014285714285714235,0.0,95.0,NaN,-0.14285714285714285,0.0,5.5,NaN,0.014285714285714235,0.0,NaN,NaN,NaN,24.0,124.0,NaN,-2.2857142857142856,0.0,2.2,NaN,-0.033333333333333215,0.0,2.5,NaN,0.0,0.0,7.7,NaN,0.07142857142857142,0.0,5.0,NaN,-0.07142857142857142,0.0,0.8,NaN,0.018181818181818188,7.0,4.24,NaN,-0.01909090909090909,7.0,32.2,NaN,0.057142857142857446,0.0,9.9,NaN,0.014285714285714235,0.0,28.2,NaN,0.10909090909090903,7.0,19.0,NaN,0.47142857142857153,0.0,NaN,NaN,NaN,24.0,218.0,NaN,2.857142857142857,0.0,83.0,1.0,0.0,1.0,0.0,13.0,0.0,0.0,0.0,1.0,0.0,0.0,0.0,1.0,1.0,4.0,1.0,0.0,1.0,0.0,1.0,0.0,NaN,57.0,57.0,5.0,NaN,NaN,NaN
94.0,NaN,4.0,0.0,97.0,NaN,-3.0,0.0,37.06,NaN,0.07800000000000011,0.0,122.0,NaN,17.0,0.0,85.0,NaN,21.0,0.0,61.0,NaN,14.8333333333333,0.0,27.0,NaN,11.5,0.0,NaN,NaN,NaN,24.0,-3.0,NaN,-0.75,1.0,18.0,NaN,-0.125,1.0,0.5,NaN,0.0,2.0,7.38,NaN,0.010000000000000009,1.0,35.0,NaN,-3.0,1.0,83.0,NaN,4.75,1.0,175.0,NaN,-1.25,8.0,68.0,NaN,0.5,1.0,222.0,NaN,-1.1666666666666667,8.0,8.5,NaN,-0.012499999999999956,1.0,95.0,NaN,-0.125,1.0,5.5,NaN,0.012499999999999956,1.0,NaN,NaN,NaN,24.0,124.0,NaN,-2.0,1.0,2.2,NaN,-0.02499999999999991,1.0,2.5,NaN,0.0,1.0,7.7,NaN,0.0625,1.0,5.0,NaN,-0.0625,1.0,0.8,NaN,0.016666666666666673,8.0,4.24,NaN,-0.017499999999999998,8.0,32.2,NaN,0.050000000000000266,1.0,9.9,NaN,0.012499999999999956,1.0,28.2,NaN,0.09999999999999994,8.0,19.0,NaN,0.4125000000000001,1.0,NaN,NaN,NaN,24.0,218.0,NaN,2.5,1.0,83.0,1.0,0.0,1.0,0.0,14.0,0.0,1.0,1.0,1.0,0.0,0.0,0.0,0.0,0.0,0.0,1.0,0.0,1.0,0.0,1.0,0.0,NaN,57.0,57.0,5.0,NaN,NaN,NaN
94.0,NaN,2.0,1.0,97.0,NaN,-1.5,1.0,37.06,NaN,0.0650000000000001,1.0,122.0,NaN,8.5,1.0,85.0,NaN,10.5,1.0,61.0,NaN,7.41666666666665,1.0,27.0,NaN,5.75,1.0,NaN,NaN,NaN,24.0,-3.0,NaN,-0.6,2.0,18.0,NaN,-0.1111111111111111,2.0,0.5,NaN,0.0,3.0,7.38,NaN,0.008000000000000007,2.0,35.0,NaN,-2.4,2.0,83.0,NaN,3.8,2.0,175.0,NaN,-1.1538461538461537,9.0,68.0,NaN,0.4444444444444444,2.0,222.0,NaN,-1.0769230769230769,9.0,8.5,NaN,-0.011111111111111072,2.0,95.0,NaN,-0.1111111111111111,2.0,5.5,NaN,0.011111111111111072,2.0,NaN,NaN,NaN,24.0,124.0,NaN,-1.7777777777777777,2.0,2.2,NaN,-0.019999999999999928,2.0,2.5,NaN,0.0,2.0,7.7,NaN,0.05555555555555555,2.0,5.0,NaN,-0.05555555555555555,2.0,0.8,NaN,0.015384615384615389,9.0,4.24,NaN,-0.01615384615384615,9.0,32.2,NaN,0.04444444444444468,2.0,9.9,NaN,0.011111111111111072,2.0,28.2,NaN,0.09230769230769226,9.0,19.0,NaN,0.36666666666666675,2.0,NaN,NaN,NaN,24.0,218.0,NaN,2.2222222222222223,2.0,83.0,1.0,0.0,1.0,0.0,15.0,0.0,1.0,1.0,1.0,0.0,0.0,0.0,0.0,0.0,0.0,1.0,0.0,1.0,0.0,1.0,0.0,NaN,57.0,57.0,5.0,NaN,NaN,NaN
