131.0,NaN,NaN,24.0,95.0,NaN,NaN,24.0,37.22,NaN,NaN,24.0,149.0,NaN,NaN,24.0,103.0,NaN,NaN,24.0,90.0,NaN,NaN,24.0,25.5,NaN,NaN,24.0,NaN,NaN,NaN,24.0,NaN,NaN,NaN,24.0,NaN,NaN,NaN,24.0,NaN,NaN,NaN,24.0,NaN,NaN,NaN,24.0,NaN,NaN,NaN,24.0,NaN,NaN,NaN,24.0,NaN,NaN,NaN,24.0,NaN,NaN,NaN,24.0,NaN,NaN,NaN,24.0,NaN,NaN,NaN,24.0,NaN,NaN,NaN,24.0,NaN,NaN,NaN,24.0,NaN,NaN,NaN,24.0,NaN,NaN,NaN,24.0,NaN,NaN,NaN,24.0,NaN,NaN,NaN,24.0,NaN,NaN,NaN,24.0,NaN,NaN,NaN,24.0,NaN,NaN,NaN,24.0,NaN,NaN,NaN,24.0,NaN,NaN,NaN,24.0,NaN,NaN,NaN,24.0,NaN,NaN,NaN,24.0,NaN,NaN,NaN,24.0,NaN,NaN,NaN,24.0,NaN,NaN,NaN,24.0,31.0,1.0,0.0,1.0,0.0,1.0,0.0,1.0,1.0,0.0,0.0,0.0,0.0,0.0,0.0,0.0,1.0,0.0,1.0,1.0,0.0,0.0,3.0,5.0,4.0,2.0,NaN,NaN,NaN
130.0,NaN,-1.0,0.0,95.0,NaN,0.0,0.0,37.22,NaN,0.0,1.0,156.0,NaN,7.0,0.0,99.0,NaN,-4.0,0.0,87.0,NaN,-3.0,0.0,25.0,NaN,-0.5,0.0,NaN,NaN,NaN,24.0,NaN,NaN,NaN,24.0,NaN,NaN,NaN,24.0,NaN,NaN,NaN,24.0,NaN,NaN,NaN,24.0,NaN,NaN,NaN,24.0,NaN,NaN,NaN,24.0,NaN,NaN,NaN,24.0,NaN,NaN,NaN,24.0,NaN,NaN,NaN,24.0,NaN,NaN,NaN,24.0,NaN,NaN,NaN,24.0,NaN,NaN,NaN,24.0,NaN,NaN,NaN,24.0,NaN,NaN,NaN,24.0,NaN,NaN,NaN,24.0,NaN,NaN,NaN,24.0,NaN,NaN,NaN,24.0,NaN,NaN,NaN,24.0,NaN,NaN,NaN,24.0,NaN,NaN,NaN,24.0,NaN,NaN,NaN,24.0,NaN,NaN,NaN,24.0,NaN,NaN,NaN,24.0,NaN,NaN,NaN,24.0,NaN,NaN,NaN,24.0,NaN,NaN,NaN,24.0,31.0,1.0,0.0,1.0,0.0,2.0,0.0,1.0,1.0,0.0,0.0,0.0,0.0,0.0,0.0,0.0,1.0,1.0,1.0,1.0,0.0,0.0,3.0,5.0,4.0,2.0,NaN,NaN,NaN
135.0,NaN,5.0,0.0,90.0,NaN,-5.0,0.0,39.67,NaN,1.2250000000000014,0.0,144.0,NaN,-12.0,0.0,95.0,NaN,-4.0,0.0,78.0,NaN,-9.0,0.0,26.0,NaN,1.0,0.0,NaN,NaN,NaN,24.0,NaN,NaN,NaN,24.0,22.0,NaN,0.0,0.0,NaN,NaN,NaN,24.0,NaN,NaN,NaN,24.0,NaN,NaN,NaN,24.0,NaN,NaN,NaN,24.0,36.0,NaN,0.0,0.0,25.0,NaN,0.0,0.0,67.0,NaN,0.0,0.0,6.6,NaN,0.0,0.0,111.0,NaN,0.0,0.0,2.4,NaN,0.0,0.0,NaN,NaN,NaN,24.0,126.0,NaN,0.0,0.0,0.9,NaN,0.0,0.0,1.9,NaN,0.0,0.0,2.6,NaN,0.0,0.0,3.7,NaN,0.0,0.0,0.7,NaN,0.0,0.0,NaN,NaN,NaN,24.0,26.1,NaN,0.0,0.0,8.1,NaN,0.0,0.0,32.6,NaN,0.0,0.0,12.7,NaN,0.0,0.0,NaN,NaN,NaN,24.0,193.0,NaN,0.0,0.0,31.0,1.0,0.0,1.0,0.0,3.0,1.0,1.0,1.0,1.0,0.0,0.0,0.0,0.0,0.0,2.0,1.0,1.0,1.0,1.0,0.0,0.0,3.0,5.0,4.0,2.0,NaN,NaN,NaN
136.0,NaN,1.0,0.0,97.0,NaN,7.0,0.0,39.67,NaN,0.8166666666666677,1.0,140.0,NaN,-4.0,0.0,97.0,NaN,2.0,0.0,82.0,NaN,4.0,0.0,23.0,NaN,-3.0,0.0,NaN,NaN,NaN,24.0,NaN,NaN,NaN,24.0,22.0,NaN,0.0,1.0,NaN,NaN,NaN,24.0,NaN,NaN,NaN,24.0,NaN,NaN,NaN,24.0,NaN,NaN,NaN,24.0,36.0,NaN,0.0,1.0,25.0,NaN,0.0,1.0,67.0,NaN,0.0,1.0,6.6,NaN,0.0,1.0,111.0,NaN,0.0,1.0,2.4,NaN,0.0,1.0,NaN,NaN,NaN,24.0,126.0,NaN,0.0,1.0,0.9,NaN,0.0,1.0,1.9,NaN,0.0,1.0,2.6,NaN,0.0,1.0,3.7,NaN,0.0,1.0,0.7,NaN,0.0,1.0,NaN,NaN,NaN,24.0,26.1,NaN,0.0,1.0,8.1,NaN,0.0,1.0,32.6,NaN,0.0,1.0,12.7,NaN,0.0,1.0,NaN,NaN,NaN,24.0,193.0,NaN,0.0,1.0,31.0,1.0,0.0,1.0,0.0,4.0,1.0,1.0,1.0,1.0,0.0,0.0,0.0,0.0,0.0,0.0,1.0,1.0,1.0,1.0,0.0,0.0,3.0,5.0,4.0,2.0,NaN,NaN,NaN
135.0,NaN,-1.0,0.0,96.0,NaN,-1.0,0.0,39.5,NaN,-0.08500000000000085,0.0,122.0,NaN,-18.0,0.0,79.0,NaN,-18.0,0.0,67.0,NaN,-15.0,0.0,23.0,NaN,0.0,0.0,NaN,NaN,NaN,24.0,NaN,NaN,NaN,24.0,22.0,NaN,0.0,2.0,NaN,NaN,NaN,24.0,NaN,NaN,NaN,24.0,NaN,NaN,NaN,24.0,NaN,NaN,NaN,24.0,36.0,NaN,0.0,2.0,25.0,NaN,0.0,2.0,67.0,NaN,0.0,2.0,6.6,NaN,0.0,2.0,111.0,NaN,0.0,2.0,2.4,NaN,0.0,2.0,NaN,NaN,NaN,24.0,126.0,NaN,0.0,2.0,0.9,NaN,0.0,2.0,1.9,NaN,0.0,2.0,2.6,NaN,0.0,2.0,3.7,NaN,0.0,2.0,0.7,NaN,0.0,2.0,NaN,NaN,NaN,24.0,26.1,NaN,0.0,2.0,8.1,NaN,0.0,2.0,32.6,NaN,0.0,2.0,12.7,NaN,0.0,2.0,NaN,NaN,NaN,24.0,193.0,NaN,0.0,2.0,31.0,1.0,0.0,1.0,0.0,5.0,1.0,1.0,1.0,1.0,0.0,0.0,0.0,0.0,0.0,0.0,1.0,1.0,1.0,1.0,0.0,0.0,3.0,5.0,4.0,2.0,NaN,NaN,NaN
131.0,NaN,-4.0,0.0,95.0,NaN,-1.0,0.0,39.5,NaN,-0.05666666666666723,1.0,119.0,NaN,-3.0,0.0,80.0,NaN,1.0,0.0,69.0,NaN,2.0,0.0,22.0,NaN,-1.0,0.0,NaN,NaN,NaN,24.0,NaN,NaN,NaN,24.0,22.0,NaN,0.0,3.0,NaN,NaN,NaN,24.0,NaN,NaN,NaN,24.0,NaN,NaN,NaN,24.0,NaN,NaN,NaN,24.0,36.0,NaN,0.0,3.0,25.0,NaN,0.0,3.0,67.0,NaN,0.0,3.0,6.6,NaN,0.0,3.0,111.0,NaN,0.0,3.0,2.4,NaN,0.0,3.0,NaN,NaN,NaN,24.0,126.0,NaN,0.0,3.0,0.9,NaN,0.0,3.0,1.9,NaN,0.0,3.0,2.6,NaN,0.0,3.0,3.7,NaN,0.0,3.0,0.7,NaN,0.0,3.0,NaN,NaN,NaN,24.0,26.1,NaN,0.0,3.0,8.1,NaN,0.0,3.0,32.6,NaN,0.0,3.0,12.7,NaN,0.0,3.0,NaN,NaN,NaN,24.0,193.0,NaN,0.0,3.0,31.0,1.0,0.0,1.0,0.0,6.0,1.0,1.0,1.0,1.0,0.0,0.0,0.0,0.0,0.0,0.0,1.0,1.0,1.0,1.0,0.0,0.0,3.0,5.0,4.0,2.0,NaN,NaN,NaN
127.0,NaN,-4.0,0.0,94.0,NaN,-1.0,0.0,39.5,NaN,-0.042500000000000426,2.0,115.0,NaN,-4.0,0.0,84.0,NaN,4.0,0.0,74.0,NaN,5.0,0.0,20.0,NaN,-2.0,0.0,NaN,NaN,NaN,24.0,NaN,NaN,NaN,24.0,22.0,NaN,0.0,4.0,NaN,NaN,NaN,24.0,NaN,NaN,NaN,24.0,NaN,NaN,NaN,24.0,NaN,NaN,NaN,24.0,36.0,NaN,0.0,4.0,25.0,NaN,0.0,4.0,67.0,NaN,0.0,4.0,6.6,NaN,0.0,4.0,111.0,NaN,0.0,4.0,2.4,NaN,0.0,4.0,NaN,NaN,NaN,24.0,126.0,NaN,0.0,4.0,0.9,NaN,0.0,4.0,1.9,NaN,0.0,4.0,2.6,NaN,0.0,4.0,3.7,NaN,0.0,4.0,0.7,NaN,0.0,4.0,NaN,NaN,NaN,24.0,26.1,NaN,0.0,4.0,8.1,NaN,0.0,4.0,32.6,NaN,0.0,4.0,12.7,NaN,0.0,4.0,NaN,NaN,NaN,24.0,193.0,NaN,0.0,4.0,31.0,1.0,0.0,1.0,0.0,7.0,1.0,0.0,1.0,1.0,0.0,0.0,0.0,0.0,0.0,0.0,1.0,1.0,1.0,1.0,0.0,0.0,3.0,5.0,4.0,2.0,NaN,NaN,NaN
125.0,NaN,-2.0,0.0,95.0,NaN,1.0,0.0,39.5,NaN,-0.03400000000000034,3.0,129.0,NaN,14.0,0.0,87.0,NaN,3.0,0.0,77.0,NaN,3.0,0.0,17.0,NaN,-3.0,0.0,NaN,NaN,NaN,24.0,NaN,NaN,NaN,24.0,22.0,NaN,0.0,5.0,NaN,NaN,NaN,24.0,NaN,NaN,NaN,24.0,NaN,NaN,NaN,24.0,NaN,NaN,NaN,24.0,36.0,NaN,0.0,5.0,25.0,NaN,0.0,5.0,67.0,NaN,0.0,5.0,6.6,NaN,0.0,5.0,111.0,NaN,0.0,5.0,2.4,NaN,0.0,5.0,NaN,NaN,NaN,24.0,126.0,NaN,0.0,5.0,0.9,NaN,0.0,5.0,1.9,NaN,0.0,5.0,2.6,NaN,0.0,5.0,3.7,NaN,0.0,5.0,0.7,NaN,0.0,5.0,NaN,NaN,NaN,24.0,26.1,NaN,0.0,5.0,8.1,NaN,0.0,5.0,32.6,NaN,0.0,5.0,12.7,NaN,0.0,5.0,NaN,NaN,NaN,24.0,193.0,NaN,0.0,5.0,31.0,1.0,0.0,1.0,0.0,8.0,1.0,0.0,1.0,1.0,0.0,0.0,0.0,0.0,0.0,0.0,1.0,1.0,1.0,1.0,0.0,0.0,3.0,5.0,4.0,2.0,NaN,NaN,NaN
122.0,NaN,-3.0,0.0,95.0,NaN,0.0,0.0,37.94,NaN,-0.39000000000000057,0.0,131.0,NaN,2.0,0.0,92.0,NaN,5.0,0.0,78.0,NaN,1.0,0.0,16.0,NaN,-1.0,0.0,NaN,NaN,NaN,24.0,NaN,NaN,NaN,24.0,22.0,NaN,0.0,6.0,NaN,NaN,NaN,24.0,NaN,NaN,NaN,24.0,NaN,NaN,NaN,24.0,NaN,NaN,NaN,24.0,36.0,NaN,0.0,6.0,25.0,NaN,0.0,6.0,67.0,NaN,0.0,6.0,6.6,NaN,0.0,6.0,111.0,NaN,0.0,6.0,2.4,NaN,0.0,6.0,NaN,NaN,NaN,24.0,126.0,NaN,0.0,6.0,0.9,NaN,0.0,6.0,1.9,NaN,0.0,6.0,2.6,NaN,0.0,6.0,3.7,NaN,0.0,6.0,0.7,NaN,0.0,6.0,NaN,NaN,NaN,24.0,26.1,NaN,0.0,6.0,8.1,NaN,0.0,6.0,32.6,NaN,0.0,6.0,12.7,NaN,0.0,6.0,NaN,NaN,NaN,24.0,193.0,NaN,0.0,6.0,31.0,1.0,0.0,1.0,0.0,9.0,0.0,0.0,1.0,1.0,0.0,0.0,0.0,0.0,0.0,0.0,1.0,1.0,1.0,1.0,0.0,0.0,3.0,5.0,4.0,2.0,NaN,NaN,NaN
