NaN,NaN,NaN,24.0,NaN,NaN,NaN,24.0,NaN,NaN,NaN,24.0,NaN,NaN,NaN,24.0,NaN,NaN,NaN,24.0,NaN,NaN,NaN,24.0,NaN,NaN,NaN,24.0,NaN,NaN,NaN,24.0,NaN,NaN,NaN,24.0,NaN,NaN,NaN,24.0,NaN,NaN,NaN,24.0,NaN,NaN,NaN,24.0,NaN,NaN,NaN,24.0,NaN,NaN,NaN,24.0,NaN,NaN,NaN,24.0,NaN,NaN,NaN,24.0,NaN,NaN,NaN,24.0,NaN,NaN,NaN,24.0,NaN,NaN,NaN,24.0,NaN,NaN,NaN,24.0,NaN,NaN,NaN,24.0,NaN,NaN,NaN,24.0,NaN,NaN,NaN,24.0,NaN,NaN,NaN,24.0,NaN,NaN,NaN,24.0,NaN,NaN,NaN,24.0,NaN,NaN,NaN,24.0,NaN,NaN,NaN,24.0,NaN,NaN,NaN,24.0,NaN,NaN,NaN,24.0,NaN,NaN,NaN,24.0,NaN,NaN,NaN,24.0,NaN,NaN,NaN,24.0,NaN,NaN,NaN,24.0,62.0,0.0,1.0,0.0,-8.232222222222223,1.0,0.0,0.0,0.0,0.0,0.0,0.0,0.0,0.0,0.0,0.0,1.0,0.0,1.0,1.0,0.0,0.0,3.0,7.0,7.0,5.0,NaN,NaN,NaN
NaN,NaN,NaN,24.0,NaN,NaN,NaN,24.0,NaN,NaN,NaN,24.0,NaN,NaN,NaN,24.0,NaN,NaN,NaN,24.0,NaN,NaN,NaN,24.0,NaN,NaN,NaN,24.0,NaN,NaN,NaN,24.0,NaN,NaN,NaN,24.0,NaN,NaN,NaN,24.0,NaN,NaN,NaN,24.0,NaN,NaN,NaN,24.0,NaN,NaN,NaN,24.0,NaN,NaN,NaN,24.0,NaN,NaN,NaN,24.0,NaN,NaN,NaN,24.0,NaN,NaN,NaN,24.0,NaN,NaN,NaN,24.0,NaN,NaN,NaN,24.0,NaN,NaN,NaN,24.0,NaN,NaN,NaN,24.0,NaN,NaN,NaN,24.0,NaN,NaN,NaN,24.0,NaN,NaN,NaN,24.0,NaN,NaN,NaN,24.0,NaN,NaN,NaN,24.0,NaN,NaN,NaN,24.0,NaN,NaN,NaN,24.0,NaN,NaN,NaN,24.0,NaN,NaN,NaN,24.0,NaN,NaN,NaN,24.0,NaN,NaN,NaN,24.0,NaN,NaN,NaN,24.0,NaN,NaN,NaN,24.0,62.0,0.0,1.0,0.0,-8.232222222222223,2.0,0.0,0.0,0.0,0.0,0.0,0.0,0.0,0.0,0.0,0.0,1.0,0.0,1.0,1.0,0.0,0.0,3.0,7.0,7.0,5.0,NaN,NaN,NaN
98.0,NaN,0.0,0.0,91.0,NaN,0.0,0.0,36.56,NaN,0.0,0.0,120.0,NaN,0.0,0.0,76.0,NaN,0.0,0.0,69.0,NaN,0.0,0.0,21.0,NaN,0.0,0.0,NaN,NaN,NaN,24.0,NaN,NaN,NaN,24.0,NaN,NaN,NaN,24.0,NaN,NaN,NaN,24.0,NaN,NaN,NaN,24.0,NaN,NaN,NaN,24.0,NaN,NaN,NaN,24.0,NaN,NaN,NaN,24.0,NaN,NaN,NaN,24.0,NaN,NaN,NaN,24.0,NaN,NaN,NaN,24.0,NaN,NaN,NaN,24.0,NaN,NaN,NaN,24.0,NaN,NaN,NaN,24.0,NaN,NaN,NaN,24.0,NaN,NaN,NaN,24.0,NaN,NaN,NaN,24.0,NaN,NaN,NaN,24.0,NaN,NaN,NaN,24.0,NaN,NaN,NaN,24.0,NaN,NaN,NaN,24.0,NaN,NaN,NaN,24.0,NaN,NaN,NaN,24.0,NaN,NaN,NaN,24.0,NaN,NaN,NaN,24.0,NaN,NaN,NaN,24.0,NaN,NaN,NaN,24.0,62.0,0.0,1.0,0.0,-8.232222222222223,3.0,0.0,1.0,1.0,0.0,0.0,0.0,0.0,0.0,0.0,0.0,1.0,0.0,1.0,1.0,0.0,0.0,3.0,7.0,7.0,5.0,NaN,NaN,NaN
96.0,NaN,-2.0,0.0,94.0,NaN,3.0,0.0,36.56,NaN,0.0,1.0,111.0,NaN,-9.0,0.0,72.0,NaN,-4.0,0.0,60.0,NaN,-9.0,0.0,26.0,NaN,5.0,0.0,NaN,NaN,NaN,24.0,NaN,NaN,NaN,24.0,NaN,NaN,NaN,24.0,NaN,NaN,NaN,24.0,NaN,NaN,NaN,24.0,NaN,NaN,NaN,24.0,NaN,NaN,NaN,24.0,NaN,NaN,NaN,24.0,NaN,NaN,NaN,24.0,NaN,NaN,NaN,24.0,NaN,NaN,NaN,24.0,NaN,NaN,NaN,24.0,NaN,NaN,NaN,24.0,NaN,NaN,NaN,24.0,NaN,NaN,NaN,24.0,NaN,NaN,NaN,24.0,NaN,NaN,NaN,24.0,NaN,NaN,NaN,24.0,NaN,NaN,NaN,24.0,NaN,NaN,NaN,24.0,NaN,NaN,NaN,24.0,NaN,NaN,NaN,24.0,NaN,NaN,NaN,24.0,NaN,NaN,NaN,24.0,NaN,NaN,NaN,24.0,NaN,NaN,NaN,24.0,NaN,NaN,NaN,24.0,62.0,0.0,1.0,0.0,-8.232222222222223,4.0,0.0,1.0,1.0,0.0,0.0,0.0,0.0,0.0,0.0,0.0,1.0,1.0,1.0,1.0,0.0,0.0,3.0,7.0,7.0,5.0,NaN,NaN,NaN
86.0,NaN,-10.0,0.0,96.0,NaN,2.0,0.0,36.56,NaN,0.0,2.0,112.0,NaN,1.0,0.0,59.0,NaN,-13.0,0.0,52.0,NaN,-8.0,0.0,30.0,NaN,4.0,0.0,NaN,NaN,NaN,24.0,NaN,NaN,NaN,24.0,20.0,NaN,0.0,0.0,NaN,NaN,NaN,24.0,NaN,NaN,NaN,24.0,NaN,NaN,NaN,24.0,NaN,NaN,NaN,24.0,24.0,NaN,0.0,0.0,11.0,NaN,0.0,0.0,65.0,NaN,0.0,0.0,6.7,NaN,0.0,0.0,116.0,NaN,0.0,0.0,0.6,NaN,0.0,0.0,NaN,NaN,NaN,24.0,127.0,NaN,0.0,0.0,NaN,NaN,NaN,24.0,1.8,NaN,0.0,0.0,1.7,NaN,0.0,0.0,3.2,NaN,0.0,0.0,0.7,NaN,0.0,0.0,NaN,NaN,NaN,24.0,30.6,NaN,0.0,0.0,9.7,NaN,0.0,0.0,NaN,NaN,NaN,24.0,5.0,NaN,0.0,0.0,NaN,NaN,NaN,24.0,153.0,NaN,0.0,0.0,62.0,0.0,1.0,0.0,-8.232222222222223,5.0,0.0,1.0,0.0,0.0,0.0,0.0,0.0,1.0,0.0,0.0,1.0,1.0,1.0,1.0,0.0,0.0,3.0,7.0,7.0,5.0,NaN,NaN,NaN
107.0,NaN,21.0,0.0,97.0,NaN,1.0,0.0,36.56,NaN,0.0,3.0,119.0,NaN,7.0,0.0,79.0,NaN,20.0,0.0,66.0,NaN,14.0,0.0,19.0,NaN,-11.0,0.0,NaN,NaN,NaN,24.0,NaN,NaN,NaN,24.0,20.0,NaN,0.0,1.0,NaN,NaN,NaN,24.0,NaN,NaN,NaN,24.0,NaN,NaN,NaN,24.0,NaN,NaN,NaN,24.0,24.0,NaN,0.0,1.0,11.0,NaN,0.0,1.0,65.0,NaN,0.0,1.0,6.7,NaN,0.0,1.0,116.0,NaN,0.0,1.0,0.6,NaN,0.0,1.0,NaN,NaN,NaN,24.0,127.0,NaN,0.0,1.0,1.7,NaN,0.0,0.0,1.8,NaN,0.0,1.0,1.7,NaN,0.0,1.0,3.2,NaN,0.0,1.0,0.7,NaN,0.0,1.0,NaN,NaN,NaN,24.0,30.6,NaN,0.0,1.0,9.7,NaN,0.0,1.0,NaN,NaN,NaN,24.0,5.0,NaN,0.0,1.0,NaN,NaN,NaN,24.0,153.0,NaN,0.0,1.0,62.0,0.0,1.0,0.0,-8.232222222222223,6.0,0.0,0.0,1.0,0.0,0.0,0.0,0.0,0.0,0.0,0.0,1.0,1.0,1.0,1.0,0.0,0.0,3.0,7.0,7.0,5.0,NaN,NaN,NaN
101.0,NaN,-6.0,0.0,96.0,NaN,-1.0,0.0,37.22,NaN,0.16499999999999915,0.0,86.0,NaN,-33.0,0.0,64.0,NaN,-15.0,0.0,58.0,NaN,-8.0,0.0,22.0,NaN,3.0,0.0,NaN,NaN,NaN,24.0,NaN,NaN,NaN,24.0,20.0,NaN,0.0,2.0,NaN,NaN,NaN,24.0,NaN,NaN,NaN,24.0,NaN,NaN,NaN,24.0,NaN,NaN,NaN,24.0,24.0,NaN,0.0,2.0,11.0,NaN,0.0,2.0,65.0,NaN,0.0,2.0,6.7,NaN,0.0,2.0,116.0,NaN,0.0,2.0,0.6,NaN,0.0,2.0,NaN,NaN,NaN,24.0,127.0,NaN,0.0,2.0,1.7,NaN,0.0,1.0,1.8,NaN,0.0,2.0,1.7,NaN,0.0,2.0,3.2,NaN,0.0,2.0,0.7,NaN,0.0,2.0,NaN,NaN,NaN,24.0,30.6,NaN,0.0,2.0,9.7,NaN,0.0,2.0,NaN,NaN,NaN,24.0,5.0,NaN,0.0,2.0,NaN,NaN,NaN,24.0,153.0,NaN,0.0,2.0,62.0,0.0,1.0,0.0,-8.232222222222223,7.0,0.0,1.0,1.0,0.0,0.0,0.0,0.0,1.0,0.0,0.0,1.0,1.0,1.0,1.0,0.0,0.0,3.0,7.0,7.0,5.0,NaN,NaN,NaN
116.0,NaN,15.0,0.0,95.0,NaN,-1.0,0.0,37.22,NaN,0.1319999999999993,1.0,117.0,NaN,31.0,0.0,72.0,NaN,8.0,0.0,58.0,NaN,0.0,0.0,28.0,NaN,6.0,0.0,NaN,NaN,NaN,24.0,NaN,NaN,NaN,24.0,20.0,NaN,0.0,3.0,NaN,NaN,NaN,24.0,NaN,NaN,NaN,24.0,NaN,NaN,NaN,24.0,NaN,NaN,NaN,24.0,24.0,NaN,0.0,3.0,11.0,NaN,0.0,3.0,65.0,NaN,0.0,3.0,6.7,NaN,0.0,3.0,116.0,NaN,0.0,3.0,0.6,NaN,0.0,3.0,NaN,NaN,NaN,24.0,127.0,NaN,0.0,3.0,1.7,NaN,0.0,2.0,1.8,NaN,0.0,3.0,1.7,NaN,0.0,3.0,3.2,NaN,0.0,3.0,0.7,NaN,0.0,3.0,NaN,NaN,NaN,24.0,30.6,NaN,0.0,3.0,9.7,NaN,0.0,3.0,NaN,NaN,NaN,24.0,5.0,NaN,0.0,3.0,NaN,NaN,NaN,24.0,153.0,NaN,0.0,3.0,62.0,0.0,1.0,0.0,-8.232222222222223,8.0,0.0,1.0,1.0,0.0,0.0,0.0,0.0,0.0,0.0,0.0,1.0,1.0,1.0,1.0,0.0,0.0,3.0,7.0,7.0,5.0,NaN,NaN,NaN
116.0,NaN,0.0,0.0,88.0,NaN,-7.0,0.0,37.22,NaN,0.10999999999999943,2.0,133.0,NaN,16.0,0.0,80.0,NaN,8.0,0.0,65.0,NaN,7.0,0.0,28.0,NaN,0.0,0.0,NaN,NaN,NaN,24.0,NaN,NaN,NaN,24.0,20.0,NaN,0.0,4.0,NaN,NaN,NaN,24.0,NaN,NaN,NaN,24.0,NaN,NaN,NaN,24.0,NaN,NaN,NaN,24.0,24.0,NaN,0.0,4.0,11.0,NaN,0.0,4.0,65.0,NaN,0.0,4.0,6.7,NaN,0.0,4.0,116.0,NaN,0.0,4.0,0.6,NaN,0.0,4.0,NaN,NaN,NaN,24.0,127.0,NaN,0.0,4.0,1.7,NaN,0.0,3.0,1.8,NaN,0.0,4.0,1.7,NaN,0.0,4.0,3.2,NaN,0.0,4.0,0.7,NaN,0.0,4.0,NaN,NaN,NaN,24.0,30.6,NaN,0.0,4.0,9.7,NaN,0.0,4.0,NaN,NaN,NaN,24.0,5.0,NaN,0.0,4.0,NaN,NaN,NaN,24.0,153.0,NaN,0.0,4.0,62.0,0.0,1.0,0.0,-8.232222222222223,9.0,0.0,1.0,1.0,0.0,0.0,0.0,0.0,0.0,0.0,0.0,1.0,1.0,1.0,1.0,0.0,0.0,3.0,7.0,7.0,5.0,NaN,NaN,NaN
123.0,NaN,7.0,0.0,93.0,NaN,5.0,0.0,37.22,NaN,0.09428571428571379,3.0,128.0,NaN,-5.0,0.0,73.0,NaN,-7.0,0.0,57.0,NaN,-8.0,0.0,28.0,NaN,0.0,0.0,NaN,NaN,NaN,24.0,NaN,NaN,NaN,24.0,20.0,NaN,0.0,5.0,NaN,NaN,NaN,24.0,NaN,NaN,NaN,24.0,NaN,NaN,NaN,24.0,NaN,NaN,NaN,24.0,24.0,NaN,0.0,5.0,11.0,NaN,0.0,5.0,65.0,NaN,0.0,5.0,6.7,NaN,0.0,5.0,116.0,NaN,0.0,5.0,0.6,NaN,0.0,5.0,NaN,NaN,NaN,24.0,127.0,NaN,0.0,5.0,1.7,NaN,0.0,4.0,1.8,NaN,0.0,5.0,1.7,NaN,0.0,5.0,3.2,NaN,0.0,5.0,0.7,NaN,0.0,5.0,NaN,NaN,NaN,24.0,30.6,NaN,0.0,5.0,9.7,NaN,0.0,5.0,NaN,NaN,NaN,24.0,5.0,NaN,0.0,5.0,NaN,NaN,NaN,24.0,153.0,NaN,0.0,5.0,62.0,0.0,1.0,0.0,-8.232222222222223,10.0,0.0,1.0,1.0,0.0,0.0,0.0,0.0,0.0,0.0,0.0,1.0,1.0,1.0,1.0,0.0,0.0,3.0,7.0,7.0,5.0,NaN,NaN,NaN
117.0,NaN,-6.0,0.0,93.0,NaN,0.0,0.0,36.78,NaN,-0.10999999999999943,0.0,112.0,NaN,-16.0,0.0,65.0,NaN,-8.0,0.0,57.0,NaN,0.0,0.0,16.0,NaN,-12.0,0.0,NaN,NaN,NaN,24.0,NaN,NaN,NaN,24.0,20.0,NaN,0.0,6.0,NaN,NaN,NaN,24.0,NaN,NaN,NaN,24.0,NaN,NaN,NaN,24.0,NaN,NaN,NaN,24.0,24.0,NaN,0.0,6.0,11.0,NaN,0.0,6.0,65.0,NaN,0.0,6.0,6.7,NaN,0.0,6.0,116.0,NaN,0.0,6.0,0.6,NaN,0.0,6.0,NaN,NaN,NaN,24.0,127.0,NaN,0.0,6.0,1.7,NaN,0.0,5.0,1.8,NaN,0.0,6.0,1.7,NaN,0.0,6.0,3.2,NaN,0.0,6.0,0.7,NaN,0.0,6.0,NaN,NaN,NaN,24.0,30.6,NaN,0.0,6.0,9.7,NaN,0.0,6.0,NaN,NaN,NaN,24.0,5.0,NaN,0.0,6.0,NaN,NaN,NaN,24.0,153.0,NaN,0.0,6.0,62.0,0.0,1.0,0.0,-8.232222222222223,11.0,0.0,0.0,1.0,0.0,0.0,0.0,0.0,1.0,0.0,0.0,1.0,1.0,1.0,1.0,0.0,0.0,3.0,7.0,7.0,5.0,NaN,NaN,NaN
