86.0,NaN,NaN,24.0,97.0,NaN,NaN,24.0,37.17,NaN,NaN,24.0,97.0,NaN,NaN,24.0,69.0,NaN,NaN,24.0,61.0,NaN,NaN,24.0,20.0,NaN,NaN,24.0,NaN,NaN,NaN,24.0,0.0,NaN,NaN,24.0,NaN,NaN,NaN,24.0,0.4,NaN,NaN,24.0,7.23,NaN,NaN,24.0,71.0,NaN,NaN,24.0,NaN,NaN,NaN,24.0,NaN,NaN,NaN,24.0,NaN,NaN,NaN,24.0,NaN,NaN,NaN,24.0,NaN,NaN,NaN,24.0,NaN,NaN,NaN,24.0,NaN,NaN,NaN,24.0,NaN,NaN,NaN,24.0,NaN,NaN,NaN,24.0,0.9,NaN,NaN,24.0,NaN,NaN,NaN,24.0,NaN,NaN,NaN,24.0,NaN,NaN,NaN,24.0,NaN,NaN,NaN,24.0,NaN,NaN,NaN,24.0,NaN,NaN,NaN,24.0,NaN,NaN,NaN,24.0,NaN,NaN,NaN,24.0,NaN,NaN,NaN,24.0,NaN,NaN,NaN,24.0,NaN,NaN,NaN,24.0,61.0,1.0,1.0,0.0,-37.95638888888889,1.0,0.0,0.0,0.0,0.0,1.0,0.0,0.0,0.0,0.0,0.0,0.0,0.0,1.0,-2.0,0.0,0.0,3.0,5.0,4.0,9.0,NaN,NaN,NaN
78.0,NaN,-8.0,0.0,98.2,NaN,1.2000000000000028,0.0,37.17,NaN,0.0,1.0,83.0,NaN,-14.0,0.0,54.6666666666667,NaN,-14.3333333333333,0.0,46.0,NaN,-15.0,0.0,10.8,NaN,-9.2,0.0,NaN,NaN,NaN,24.0,0.0,NaN,0.0,1.0,NaN,NaN,NaN,24.0,0.4,NaN,0.0,0.0,7.23,NaN,0.0,1.0,71.0,NaN,0.0,1.0,NaN,NaN,NaN,24.0,NaN,NaN,NaN,24.0,NaN,NaN,NaN,24.0,NaN,NaN,NaN,24.0,NaN,NaN,NaN,24.0,NaN,NaN,NaN,24.0,NaN,NaN,NaN,24.0,NaN,NaN,NaN,24.0,NaN,NaN,NaN,24.0,0.9,NaN,0.0,1.0,NaN,NaN,NaN,24.0,NaN,NaN,NaN,24.0,NaN,NaN,NaN,24.0,NaN,NaN,NaN,24.0,NaN,NaN,NaN,24.0,NaN,NaN,NaN,24.0,NaN,NaN,NaN,24.0,NaN,NaN,NaN,24.0,NaN,NaN,NaN,24.0,NaN,NaN,NaN,24.0,NaN,NaN,NaN,24.0,61.0,1.0,1.0,0.0,-37.95638888888889,2.0,0.0,0.0,0.0,0.0,1.0,0.0,0.0,1.0,0.0,0.0,1.0,1.0,1.0,-2.0,0.0,0.0,3.0,5.0,4.0,9.0,NaN,NaN,NaN
82.0,NaN,4.0,0.0,96.0,NaN,-2.200000000000003,0.0,37.0,NaN,-0.08500000000000085,0.0,84.0,NaN,1.0,0.0,52.0,NaN,-2.6666666666667,0.0,43.0,NaN,-3.0,0.0,18.0,NaN,7.199999999999999,0.0,NaN,NaN,NaN,24.0,0.0,NaN,0.0,2.0,NaN,NaN,NaN,24.0,0.4,NaN,0.0,1.0,7.23,NaN,0.0,2.0,71.0,NaN,0.0,2.0,NaN,NaN,NaN,24.0,NaN,NaN,NaN,24.0,NaN,NaN,NaN,24.0,NaN,NaN,NaN,24.0,NaN,NaN,NaN,24.0,NaN,NaN,NaN,24.0,NaN,NaN,NaN,24.0,NaN,NaN,NaN,24.0,NaN,NaN,NaN,24.0,0.9,NaN,0.0,2.0,NaN,NaN,NaN,24.0,NaN,NaN,NaN,24.0,NaN,NaN,NaN,24.0,NaN,NaN,NaN,24.0,NaN,NaN,NaN,24.0,NaN,NaN,NaN,24.0,NaN,NaN,NaN,24.0,NaN,NaN,NaN,24.0,NaN,NaN,NaN,24.0,NaN,NaN,NaN,24.0,NaN,NaN,NaN,24.0,61.0,1.0,1.0,0.0,-37.95638888888889,3.0,0.0,0.0,0.0,0.0,0.0,0.0,0.0,1.0,0.0,0.0,1.0,1.0,1.0,-2.0,0.0,0.0,3.0,5.0,4.0,9.0,NaN,NaN,NaN
79.0,NaN,-3.0,0.0,98.0,NaN,2.0,0.0,37.0,NaN,-0.05666666666666723,1.0,82.0,NaN,-2.0,0.0,50.0,NaN,-2.0,0.0,40.0,NaN,-3.0,0.0,11.0,NaN,-7.0,0.0,NaN,NaN,NaN,24.0,-2.0,NaN,-0.6666666666666666,0.0,NaN,NaN,NaN,24.0,0.4,NaN,0.0,2.0,7.22,NaN,-0.003333333333333558,0.0,65.0,NaN,-2.0,0.0,NaN,NaN,NaN,24.0,NaN,NaN,NaN,24.0,NaN,NaN,NaN,24.0,NaN,NaN,NaN,24.0,NaN,NaN,NaN,24.0,NaN,NaN,NaN,24.0,NaN,NaN,NaN,24.0,NaN,NaN,NaN,24.0,NaN,NaN,NaN,24.0,0.8,NaN,-0.033333333333333326,0.0,NaN,NaN,NaN,24.0,NaN,NaN,NaN,24.0,NaN,NaN,NaN,24.0,NaN,NaN,NaN,24.0,NaN,NaN,NaN,24.0,NaN,NaN,NaN,24.0,NaN,NaN,NaN,24.0,NaN,NaN,NaN,24.0,NaN,NaN,NaN,24.0,NaN,NaN,NaN,24.0,NaN,NaN,NaN,24.0,61.0,1.0,1.0,0.0,-37.95638888888889,4.0,0.0,0.0,0.0,0.0,0.0,0.0,0.0,1.0,0.0,0.0,1.0,1.0,1.0,-2.0,0.0,0.0,3.0,5.0,4.0,9.0,NaN,NaN,NaN
88.0,NaN,9.0,0.0,98.0,NaN,0.0,0.0,37.0,NaN,-0.042500000000000426,2.0,86.0,NaN,4.0,0.0,48.0,NaN,-2.0,0.0,39.0,NaN,-1.0,0.0,18.0,NaN,7.0,0.0,NaN,NaN,NaN,24.0,-2.0,NaN,-0.5,1.0,NaN,NaN,NaN,24.0,0.4,NaN,0.0,3.0,7.22,NaN,-0.0025000000000001688,1.0,65.0,NaN,-1.5,1.0,NaN,NaN,NaN,24.0,NaN,NaN,NaN,24.0,NaN,NaN,NaN,24.0,NaN,NaN,NaN,24.0,NaN,NaN,NaN,24.0,NaN,NaN,NaN,24.0,NaN,NaN,NaN,24.0,NaN,NaN,NaN,24.0,NaN,NaN,NaN,24.0,0.8,NaN,-0.024999999999999994,1.0,NaN,NaN,NaN,24.0,NaN,NaN,NaN,24.0,NaN,NaN,NaN,24.0,NaN,NaN,NaN,24.0,NaN,NaN,NaN,24.0,NaN,NaN,NaN,24.0,NaN,NaN,NaN,24.0,NaN,NaN,NaN,24.0,NaN,NaN,NaN,24.0,NaN,NaN,NaN,24.0,NaN,NaN,NaN,24.0,61.0,1.0,1.0,0.0,-37.95638888888889,5.0,0.0,0.0,0.0,0.0,0.0,0.0,0.0,1.0,0.0,0.0,1.0,1.0,1.0,-2.0,0.0,0.0,3.0,5.0,4.0,9.0,NaN,NaN,NaN
80.0,NaN,-8.0,0.0,99.0,NaN,1.0,0.0,37.0,NaN,-0.03400000000000034,3.0,79.0,NaN,-7.0,0.0,45.0,NaN,-3.0,0.0,34.0,NaN,-5.0,0.0,14.0,NaN,-4.0,0.0,NaN,NaN,NaN,24.0,-2.0,NaN,-0.4,2.0,NaN,NaN,NaN,24.0,0.4,NaN,0.0,4.0,7.22,NaN,-0.002000000000000135,2.0,65.0,NaN,-1.2,2.0,NaN,NaN,NaN,24.0,NaN,NaN,NaN,24.0,NaN,NaN,NaN,24.0,NaN,NaN,NaN,24.0,NaN,NaN,NaN,24.0,NaN,NaN,NaN,24.0,NaN,NaN,NaN,24.0,NaN,NaN,NaN,24.0,NaN,NaN,NaN,24.0,0.8,NaN,-0.019999999999999997,2.0,NaN,NaN,NaN,24.0,NaN,NaN,NaN,24.0,NaN,NaN,NaN,24.0,NaN,NaN,NaN,24.0,NaN,NaN,NaN,24.0,NaN,NaN,NaN,24.0,NaN,NaN,NaN,24.0,NaN,NaN,NaN,24.0,NaN,NaN,NaN,24.0,NaN,NaN,NaN,24.0,NaN,NaN,NaN,24.0,61.0,1.0,1.0,0.0,-37.95638888888889,6.0,0.0,0.0,0.0,0.0,0.0,0.0,0.0,1.0,0.0,0.0,1.0,1.0,1.0,-2.0,0.0,0.0,3.0,5.0,4.0,9.0,NaN,NaN,NaN
82.0,NaN,2.0,0.0,100.0,NaN,1.0,0.0,37.0,NaN,-0.028333333333333616,4.0,89.0,NaN,10.0,0.0,51.0,NaN,6.0,0.0,40.0,NaN,6.0,0.0,15.0,NaN,1.0,0.0,NaN,NaN,NaN,24.0,-2.0,NaN,-0.3333333333333333,3.0,NaN,NaN,NaN,24.0,0.4,NaN,0.0,0.0,7.22,NaN,-0.001666666666666779,3.0,65.0,NaN,-1.0,3.0,NaN,NaN,NaN,24.0,NaN,NaN,NaN,24.0,NaN,NaN,NaN,24.0,NaN,NaN,NaN,24.0,NaN,NaN,NaN,24.0,NaN,NaN,NaN,24.0,NaN,NaN,NaN,24.0,NaN,NaN,NaN,24.0,NaN,NaN,NaN,24.0,0.8,NaN,-0.016666666666666663,3.0,NaN,NaN,NaN,24.0,NaN,NaN,NaN,24.0,NaN,NaN,NaN,24.0,NaN,NaN,NaN,24.0,NaN,NaN,NaN,24.0,NaN,NaN,NaN,24.0,NaN,NaN,NaN,24.0,NaN,NaN,NaN,24.0,NaN,NaN,NaN,24.0,NaN,NaN,NaN,24.0,NaN,NaN,NaN,24.0,61.0,1.0,1.0,0.0,-37.95638888888889,7.0,0.0,0.0,0.0,0.0,1.0,0.0,0.0,1.0,0.0,0.0,1.0,1.0,1.0,-2.0,0.0,0.0,3.0,5.0,4.0,9.0,NaN,NaN,NaN
81.0,NaN,-1.0,0.0,97.0,NaN,-3.0,0.0,36.89,NaN,-0.021999999999999888,0.0,91.0,NaN,2.0,0.0,50.0,NaN,-1.0,0.0,37.0,NaN,-3.0,0.0,16.0,NaN,1.0,0.0,NaN,NaN,NaN,24.0,-2.0,NaN,-0.2857142857142857,4.0,NaN,NaN,NaN,24.0,0.4,NaN,0.0,1.0,7.22,NaN,-0.001428571428571525,4.0,65.0,NaN,-0.8571428571428571,4.0,NaN,NaN,NaN,24.0,NaN,NaN,NaN,24.0,NaN,NaN,NaN,24.0,NaN,NaN,NaN,24.0,NaN,NaN,NaN,24.0,NaN,NaN,NaN,24.0,NaN,NaN,NaN,24.0,NaN,NaN,NaN,24.0,NaN,NaN,NaN,24.0,0.8,NaN,-0.014285714285714282,4.0,NaN,NaN,NaN,24.0,NaN,NaN,NaN,24.0,NaN,NaN,NaN,24.0,NaN,NaN,NaN,24.0,NaN,NaN,NaN,24.0,NaN,NaN,NaN,24.0,NaN,NaN,NaN,24.0,NaN,NaN,NaN,24.0,NaN,NaN,NaN,24.0,NaN,NaN,NaN,24.0,NaN,NaN,NaN,24.0,61.0,1.0,1.0,0.0,-37.95638888888889,8.0,0.0,0.0,0.0,0.0,0.0,0.0,0.0,1.0,0.0,0.0,1.0,1.0,1.0,-2.0,0.0,0.0,3.0,5.0,4.0,9.0,NaN,NaN,NaN
81.0,NaN,0.0,0.0,93.0,NaN,-4.0,0.0,36.89,NaN,-0.01833333333333324,1.0,97.0,NaN,6.0,0.0,56.0,NaN,6.0,0.0,42.0,NaN,5.0,0.0,11.0,NaN,-5.0,0.0,NaN,NaN,NaN,24.0,-2.0,NaN,-0.25,5.0,NaN,NaN,NaN,24.0,0.4,NaN,0.0,2.0,7.22,NaN,-0.0012500000000000844,5.0,65.0,NaN,-0.75,5.0,NaN,NaN,NaN,24.0,NaN,NaN,NaN,24.0,NaN,NaN,NaN,24.0,NaN,NaN,NaN,24.0,NaN,NaN,NaN,24.0,NaN,NaN,NaN,24.0,NaN,NaN,NaN,24.0,NaN,NaN,NaN,24.0,NaN,NaN,NaN,24.0,0.8,NaN,-0.012499999999999997,5.0,NaN,NaN,NaN,24.0,NaN,NaN,NaN,24.0,NaN,NaN,NaN,24.0,NaN,NaN,NaN,24.0,NaN,NaN,NaN,24.0,24.2,NaN,0.0,0.0,NaN,NaN,NaN,24.0,NaN,NaN,NaN,24.0,NaN,NaN,NaN,24.0,NaN,NaN,NaN,24.0,NaN,NaN,NaN,24.0,61.0,1.0,1.0,0.0,-37.95638888888889,9.0,0.0,0.0,0.0,0.0,0.0,0.0,0.0,1.0,0.0,0.0,1.0,1.0,1.0,-2.0,0.0,0.0,3.0,5.0,4.0,9.0,NaN,NaN,NaN
