100.125,NaN,NaN,24.0,97.625,NaN,NaN,24.0,36.5,NaN,NaN,24.0,135.25,NaN,NaN,24.0,108.0,NaN,NaN,24.0,99.0,NaN,NaN,24.0,21.125,NaN,NaN,24.0,NaN,NaN,NaN,24.0,NaN,NaN,NaN,24.0,NaN,NaN,NaN,24.0,0.9,NaN,NaN,24.0,NaN,NaN,NaN,24.0,NaN,NaN,NaN,24.0,NaN,NaN,NaN,24.0,NaN,NaN,NaN,24.0,NaN,NaN,NaN,24.0,NaN,NaN,NaN,24.0,NaN,NaN,NaN,24.0,NaN,NaN,NaN,24.0,NaN,NaN,NaN,24.0,NaN,NaN,NaN,24.0,NaN,NaN,NaN,24.0,NaN,NaN,NaN,24.0,NaN,NaN,NaN,24.0,NaN,NaN,NaN,24.0,NaN,NaN,NaN,24.0,NaN,NaN,NaN,24.0,NaN,NaN,NaN,24.0,NaN,NaN,NaN,24.0,NaN,NaN,NaN,24.0,NaN,NaN,NaN,24.0,NaN,NaN,NaN,24.0,NaN,NaN,NaN,24.0,NaN,NaN,NaN,24.0,82.0,1.0,1.0,0.0,-3.5833333333333335,1.0,0.0,1.0,1.0,0.0,3.0,0.0,0.0,0.0,0.0,0.0,0.0,0.0,0.0,0.0,0.0,0.0,NaN,NaN,NaN,4.0,NaN,NaN,NaN
69.5,NaN,-30.625,0.0,98.0,NaN,0.375,0.0,36.5,NaN,0.0,1.0,70.5,NaN,-64.75,0.0,54.5,NaN,-53.5,0.0,50.0,NaN,-49.0,0.0,17.0,NaN,-4.125,0.0,NaN,NaN,NaN,24.0,-7.0,NaN,0.0,0.0,NaN,NaN,NaN,24.0,0.9,NaN,0.0,1.0,7.23,NaN,0.0,0.0,51.0,NaN,0.0,0.0,NaN,NaN,NaN,24.0,NaN,NaN,NaN,24.0,NaN,NaN,NaN,24.0,NaN,NaN,NaN,24.0,NaN,NaN,NaN,24.0,NaN,NaN,NaN,24.0,NaN,NaN,NaN,24.0,NaN,NaN,NaN,24.0,NaN,NaN,NaN,24.0,1.8,NaN,0.0,0.0,NaN,NaN,NaN,24.0,NaN,NaN,NaN,24.0,3.2,NaN,0.0,0.0,NaN,NaN,NaN,24.0,NaN,NaN,NaN,24.0,NaN,NaN,NaN,24.0,NaN,NaN,NaN,24.0,NaN,NaN,NaN,24.0,NaN,NaN,NaN,24.0,NaN,NaN,NaN,24.0,NaN,NaN,NaN,24.0,82.0,1.0,1.0,0.0,-3.5833333333333335,2.0,0.0,0.0,0.0,0.0,0.0,0.0,0.0,1.0,0.0,0.0,1.0,0.0,0.0,0.0,0.0,0.0,NaN,NaN,NaN,4.0,NaN,NaN,NaN
103.0,NaN,33.5,0.0,100.0,NaN,2.0,0.0,36.5,NaN,0.0,2.0,149.0,NaN,78.5,0.0,116.0,NaN,61.5,0.0,106.0,NaN,56.0,0.0,19.0,NaN,2.0,0.0,NaN,NaN,NaN,24.0,-7.0,NaN,0.0,1.0,NaN,NaN,NaN,24.0,0.8,NaN,-0.04999999999999999,0.0,7.23,NaN,0.0,1.0,51.0,NaN,0.0,1.0,86.0,NaN,0.0,0.0,79.0,NaN,0.0,0.0,NaN,NaN,NaN,24.0,69.5,NaN,0.0,0.0,NaN,NaN,NaN,24.0,NaN,NaN,NaN,24.0,NaN,NaN,NaN,24.0,NaN,NaN,NaN,24.0,NaN,NaN,NaN,24.0,1.8,NaN,0.0,1.0,NaN,NaN,NaN,24.0,NaN,NaN,NaN,24.0,3.2,NaN,0.0,1.0,1.15,NaN,0.0,0.0,0.06,NaN,0.0,0.0,NaN,NaN,NaN,24.0,NaN,NaN,NaN,24.0,NaN,NaN,NaN,24.0,NaN,NaN,NaN,24.0,NaN,NaN,NaN,24.0,NaN,NaN,NaN,24.0,82.0,1.0,1.0,0.0,-3.5833333333333335,3.0,0.0,0.0,1.0,0.0,3.0,0.0,0.0,0.0,0.0,0.0,0.0,0.0,0.0,0.0,0.0,0.0,NaN,NaN,NaN,4.0,NaN,NaN,NaN
104.0,NaN,1.0,0.0,99.0,NaN,-1.0,0.0,36.5,NaN,0.0,3.0,143.0,NaN,-6.0,0.0,117.0,NaN,1.0,0.0,109.0,NaN,3.0,0.0,21.0,NaN,2.0,0.0,NaN,NaN,NaN,24.0,-7.0,NaN,0.0,2.0,NaN,NaN,NaN,24.0,0.8,NaN,-0.033333333333333326,1.0,7.23,NaN,0.0,2.0,51.0,NaN,0.0,2.0,86.0,NaN,0.0,1.0,79.0,NaN,0.0,1.0,NaN,NaN,NaN,24.0,69.5,NaN,0.0,1.0,NaN,NaN,NaN,24.0,NaN,NaN,NaN,24.0,NaN,NaN,NaN,24.0,NaN,NaN,NaN,24.0,NaN,NaN,NaN,24.0,1.8,NaN,0.0,2.0,NaN,NaN,NaN,24.0,NaN,NaN,NaN,24.0,3.2,NaN,0.0,2.0,1.15,NaN,0.0,1.0,0.06,NaN,0.0,1.0,NaN,NaN,NaN,24.0,NaN,NaN,NaN,24.0,NaN,NaN,NaN,24.0,NaN,NaN,NaN,24.0,NaN,NaN,NaN,24.0,NaN,NaN,NaN,24.0,82.0,1.0,1.0,0.0,-3.5833333333333335,4.0,0.0,1.0,1.0,0.0,0.0,0.0,0.0,0.0,0.0,0.0,1.0,0.0,0.0,0.0,0.0,0.0,NaN,NaN,NaN,4.0,NaN,NaN,NaN
98.0,NaN,-6.0,0.0,98.0,NaN,-1.0,0.0,36.44,NaN,-0.015000000000000568,0.0,121.0,NaN,-22.0,0.0,99.0,NaN,-18.0,0.0,93.0,NaN,-16.0,0.0,24.0,NaN,3.0,0.0,NaN,NaN,NaN,24.0,-7.0,NaN,0.0,3.0,NaN,NaN,NaN,24.0,0.8,NaN,0.0,0.0,7.23,NaN,0.0,3.0,51.0,NaN,0.0,3.0,86.0,NaN,0.0,2.0,79.0,NaN,0.0,2.0,NaN,NaN,NaN,24.0,69.5,NaN,0.0,2.0,NaN,NaN,NaN,24.0,NaN,NaN,NaN,24.0,NaN,NaN,NaN,24.0,NaN,NaN,NaN,24.0,NaN,NaN,NaN,24.0,1.8,NaN,0.0,3.0,NaN,NaN,NaN,24.0,NaN,NaN,NaN,24.0,3.2,NaN,0.0,3.0,1.15,NaN,0.0,2.0,0.06,NaN,0.0,2.0,NaN,NaN,NaN,24.0,NaN,NaN,NaN,24.0,NaN,NaN,NaN,24.0,NaN,NaN,NaN,24.0,NaN,NaN,NaN,24.0,NaN,NaN,NaN,24.0,82.0,1.0,1.0,0.0,-3.5833333333333335,5.0,0.0,1.0,1.0,0.0,3.0,0.0,0.0,0.0,0.0,0.0,0.0,0.0,0.0,0.0,0.0,0.0,NaN,NaN,NaN,4.0,NaN,NaN,NaN
98.0,NaN,0.0,0.0,99.0,NaN,1.0,0.0,36.44,NaN,-0.012000000000000455,1.0,88.0,NaN,-33.0,0.0,67.0,NaN,-32.0,0.0,61.0,NaN,-32.0,0.0,24.0,NaN,0.0,0.0,NaN,NaN,NaN,24.0,-7.0,NaN,0.0,4.0,NaN,NaN,NaN,24.0,0.6,NaN,-0.20000000000000007,0.0,7.23,NaN,0.0,4.0,51.0,NaN,0.0,4.0,86.0,NaN,0.0,3.0,79.0,NaN,0.0,3.0,NaN,NaN,NaN,24.0,69.5,NaN,0.0,3.0,NaN,NaN,NaN,24.0,NaN,NaN,NaN,24.0,NaN,NaN,NaN,24.0,NaN,NaN,NaN,24.0,NaN,NaN,NaN,24.0,1.8,NaN,0.0,4.0,NaN,NaN,NaN,24.0,NaN,NaN,NaN,24.0,3.2,NaN,0.0,4.0,1.15,NaN,0.0,3.0,0.06,NaN,0.0,3.0,NaN,NaN,NaN,24.0,NaN,NaN,NaN,24.0,NaN,NaN,NaN,24.0,NaN,NaN,NaN,24.0,NaN,NaN,NaN,24.0,NaN,NaN,NaN,24.0,82.0,1.0,1.0,0.0,-3.5833333333333335,6.0,0.0,1.0,1.0,0.0,2.0,0.0,0.0,1.0,0.0,0.0,1.0,0.0,0.0,0.0,0.0,0.0,NaN,NaN,NaN,4.0,NaN,NaN,NaN
97.0,NaN,-1.0,0.0,100.0,NaN,1.0,0.0,36.44,NaN,-0.010000000000000378,2.0,98.0,NaN,10.0,0.0,77.0,NaN,10.0,0.0,71.0,NaN,10.0,0.0,24.0,NaN,0.0,0.0,NaN,NaN,NaN,24.0,-7.0,NaN,0.0,5.0,16.0,NaN,0.0,0.0,0.6,NaN,-0.10000000000000003,1.0,7.23,NaN,0.0,5.0,51.0,NaN,0.0,5.0,86.0,NaN,0.0,4.0,79.0,NaN,0.0,4.0,63.0,NaN,0.0,0.0,69.5,NaN,0.0,4.0,9.2,NaN,0.0,0.0,94.0,NaN,0.0,0.0,4.3,NaN,0.0,0.0,NaN,NaN,NaN,24.0,177.0,NaN,0.0,0.0,1.8,NaN,0.0,5.0,2.2,NaN,0.0,0.0,7.3,NaN,0.0,0.0,4.1,NaN,0.17999999999999988,0.0,1.15,NaN,0.0,4.0,0.06,NaN,0.0,4.0,50.4,NaN,0.0,0.0,17.0,NaN,0.0,0.0,31.8,NaN,0.0,0.0,11.2,NaN,0.0,0.0,NaN,NaN,NaN,24.0,109.0,NaN,0.0,0.0,82.0,1.0,1.0,0.0,-3.5833333333333335,7.0,0.0,1.0,1.0,0.0,0.0,1.0,0.0,0.0,0.0,3.0,1.0,0.0,0.0,0.0,0.0,0.0,NaN,NaN,NaN,4.0,NaN,NaN,NaN
96.0,NaN,-1.0,0.0,100.0,NaN,0.0,0.0,37.17,NaN,0.24333333333333465,0.0,96.0,NaN,-2.0,0.0,75.0,NaN,-2.0,0.0,69.0,NaN,-2.0,0.0,22.0,NaN,-2.0,0.0,28.0,NaN,0.0,0.0,-10.0,NaN,-0.5,0.0,16.0,NaN,0.0,1.0,0.5,NaN,-0.04999999999999999,0.0,7.3,NaN,0.011666666666666567,0.0,29.0,NaN,-3.6666666666666665,0.0,99.0,NaN,2.6,0.0,79.0,NaN,0.0,5.0,63.0,NaN,0.0,1.0,69.5,NaN,0.0,5.0,9.2,NaN,0.0,1.0,94.0,NaN,0.0,1.0,4.3,NaN,0.0,1.0,NaN,NaN,NaN,24.0,177.0,NaN,0.0,1.0,2.0,NaN,0.033333333333333326,0.0,2.2,NaN,0.0,1.0,7.3,NaN,0.0,1.0,4.1,NaN,0.1499999999999999,1.0,1.15,NaN,0.0,5.0,0.06,NaN,0.0,5.0,50.4,NaN,0.0,1.0,17.0,NaN,0.0,1.0,31.8,NaN,0.0,1.0,11.2,NaN,0.0,1.0,NaN,NaN,NaN,24.0,109.0,NaN,0.0,1.0,82.0,1.0,1.0,0.0,-3.5833333333333335,8.0,0.0,1.0,1.0,0.0,2.0,0.0,0.0,0.0,1.0,0.0,1.0,0.0,0.0,0.0,0.0,0.0,NaN,NaN,NaN,4.0,NaN,NaN,NaN
88.0,NaN,-8.0,0.0,99.0,NaN,-1.0,0.0,37.17,NaN,0.182500000000001,1.0,93.0,NaN,-3.0,0.0,82.0,NaN,7.0,0.0,78.0,NaN,9.0,0.0,37.0,NaN,15.0,0.0,28.0,NaN,0.0,1.0,-10.0,NaN,-0.42857142857142855,1.0,16.0,NaN,0.0,2.0,0.5,NaN,-0.033333333333333326,1.0,7.3,NaN,0.009999999999999913,1.0,29.0,NaN,-3.142857142857143,1.0,99.0,NaN,2.1666666666666665,1.0,79.0,NaN,0.0,6.0,63.0,NaN,0.0,2.0,69.5,NaN,0.0,6.0,9.2,NaN,0.0,2.0,94.0,NaN,0.0,2.0,4.3,NaN,0.0,2.0,NaN,NaN,NaN,24.0,177.0,NaN,0.0,2.0,2.0,NaN,0.028571428571428564,1.0,2.2,NaN,0.0,2.0,7.3,NaN,0.0,2.0,4.1,NaN,0.1285714285714285,2.0,1.15,NaN,0.0,6.0,0.06,NaN,0.0,6.0,50.4,NaN,0.0,2.0,17.0,NaN,0.0,2.0,31.8,NaN,0.0,2.0,11.2,NaN,0.0,2.0,NaN,NaN,NaN,24.0,109.0,NaN,0.0,2.0,82.0,1.0,1.0,0.0,-3.5833333333333335,9.0,0.0,1.0,0.0,0.0,0.0,0.0,0.0,0.0,0.0,0.0,1.0,0.0,0.0,0.0,0.0,0.0,NaN,NaN,NaN,4.0,NaN,NaN,NaN
