NaN,NaN,NaN,24.0,NaN,NaN,NaN,24.0,NaN,NaN,NaN,24.0,NaN,NaN,NaN,24.0,NaN,NaN,NaN,24.0,NaN,NaN,NaN,24.0,NaN,NaN,NaN,24.0,NaN,NaN,NaN,24.0,NaN,NaN,NaN,24.0,NaN,NaN,NaN,24.0,NaN,NaN,NaN,24.0,NaN,NaN,NaN,24.0,NaN,NaN,NaN,24.0,NaN,NaN,NaN,24.0,NaN,NaN,NaN,24.0,NaN,NaN,NaN,24.0,NaN,NaN,NaN,24.0,NaN,NaN,NaN,24.0,NaN,NaN,NaN,24.0,NaN,NaN,NaN,24.0,NaN,NaN,NaN,24.0,NaN,NaN,NaN,24.0,NaN,NaN,NaN,24.0,NaN,NaN,NaN,24.0,NaN,NaN,NaN,24.0,NaN,NaN,NaN,24.0,NaN,NaN,NaN,24.0,NaN,NaN,NaN,24.0,NaN,NaN,NaN,24.0,NaN,NaN,NaN,24.0,NaN,NaN,NaN,24.0,NaN,NaN,NaN,24.0,NaN,NaN,NaN,24.0,NaN,NaN,NaN,24.0,45.0,0.0,1.0,0.0,-5.5,1.0,0.0,0.0,0.0,0.0,0.0,0.0,0.0,0.0,0.0,0.0,1.0,0.0,0.0,0.0,0.0,0.0,NaN,NaN,NaN,3.0,NaN,NaN,NaN
89.0,NaN,0.0,0.0,100.0,NaN,0.0,0.0,36.89,NaN,0.0,0.0,113.0,NaN,0.0,0.0,82.0,NaN,0.0,0.0,75.0,NaN,0.0,0.0,12.0,NaN,0.0,0.0,NaN,NaN,NaN,24.0,NaN,NaN,NaN,24.0,NaN,NaN,NaN,24.0,NaN,NaN,NaN,24.0,NaN,NaN,NaN,24.0,NaN,NaN,NaN,24.0,NaN,NaN,NaN,24.0,NaN,NaN,NaN,24.0,NaN,NaN,NaN,24.0,NaN,NaN,NaN,24.0,NaN,NaN,NaN,24.0,NaN,NaN,NaN,24.0,NaN,NaN,NaN,24.0,NaN,NaN,NaN,24.0,NaN,NaN,NaN,24.0,NaN,NaN,NaN,24.0,NaN,NaN,NaN,24.0,NaN,NaN,NaN,24.0,NaN,NaN,NaN,24.0,NaN,NaN,NaN,24.0,NaN,NaN,NaN,24.0,NaN,NaN,NaN,24.0,NaN,NaN,NaN,24.0,NaN,NaN,NaN,24.0,NaN,NaN,NaN,24.0,NaN,NaN,NaN,24.0,NaN,NaN,NaN,24.0,45.0,0.0,1.0,0.0,-5.5,2.0,0.0,0.0,0.0,0.0,0.0,0.0,0.0,0.0,0.0,0.0,1.0,0.0,0.0,0.0,0.0,0.0,NaN,NaN,NaN,3.0,NaN,NaN,NaN
90.0,NaN,1.0,0.0,100.0,NaN,0.0,0.0,36.89,NaN,0.0,1.0,103.0,NaN,-10.0,0.0,85.0,NaN,3.0,0.0,81.0,NaN,6.0,0.0,14.0,NaN,2.0,0.0,NaN,NaN,NaN,24.0,NaN,NaN,NaN,24.0,30.0,NaN,0.0,0.0,NaN,NaN,NaN,24.0,NaN,NaN,NaN,24.0,NaN,NaN,NaN,24.0,NaN,NaN,NaN,24.0,NaN,NaN,NaN,24.0,10.0,NaN,0.0,0.0,NaN,NaN,NaN,24.0,9.3,NaN,0.0,0.0,100.0,NaN,0.0,0.0,1.1,NaN,0.0,0.0,NaN,NaN,NaN,24.0,108.0,NaN,0.0,0.0,NaN,NaN,NaN,24.0,2.3,NaN,0.0,0.0,2.6,NaN,0.0,0.0,3.0,NaN,0.0,0.0,NaN,NaN,NaN,24.0,0.01,NaN,0.0,0.0,41.5,NaN,0.0,0.0,13.9,NaN,0.0,0.0,34.0,NaN,0.0,0.0,6.0,NaN,0.0,0.0,NaN,NaN,NaN,24.0,322.0,NaN,0.0,0.0,45.0,0.0,1.0,0.0,-5.5,3.0,0.0,0.0,0.0,0.0,0.0,0.0,0.0,0.0,0.0,0.0,1.0,0.0,0.0,0.0,0.0,0.0,NaN,NaN,NaN,3.0,NaN,NaN,NaN
76.0,NaN,-14.0,0.0,100.0,NaN,0.0,0.0,36.89,NaN,0.0,2.0,109.0,NaN,6.0,0.0,79.0,NaN,-6.0,0.0,69.0,NaN,-12.0,0.0,14.0,NaN,0.0,0.0,NaN,NaN,NaN,24.0,7.0,NaN,0.0,0.0,30.0,NaN,0.0,1.0,NaN,NaN,NaN,24.0,7.43,NaN,0.0,0.0,50.0,NaN,0.0,0.0,NaN,NaN,NaN,24.0,NaN,NaN,NaN,24.0,10.0,NaN,0.0,1.0,NaN,NaN,NaN,24.0,9.3,NaN,0.0,1.0,100.0,NaN,0.0,1.0,1.1,NaN,0.0,1.0,NaN,NaN,NaN,24.0,108.0,NaN,0.0,1.0,1.5,NaN,0.0,0.0,2.3,NaN,0.0,1.0,2.6,NaN,0.0,1.0,3.0,NaN,0.0,1.0,NaN,NaN,NaN,24.0,0.01,NaN,0.0,1.0,41.5,NaN,0.0,1.0,13.9,NaN,0.0,1.0,34.0,NaN,0.0,1.0,6.0,NaN,0.0,1.0,NaN,NaN,NaN,24.0,322.0,NaN,0.0,1.0,45.0,0.0,1.0,0.0,-5.5,4.0,0.0,0.0,0.0,0.0,0.0,0.0,0.0,0.0,0.0,0.0,1.0,0.0,0.0,0.0,0.0,0.0,NaN,NaN,NaN,3.0,NaN,NaN,NaN
76.0,NaN,0.0,0.0,99.0,NaN,-1.0,0.0,36.89,NaN,0.0,3.0,106.0,NaN,-3.0,0.0,85.0,NaN,6.0,0.0,80.0,NaN,11.0,0.0,14.0,NaN,0.0,0.0,NaN,NaN,NaN,24.0,7.0,NaN,0.0,1.0,30.0,NaN,0.0,2.0,NaN,NaN,NaN,24.0,7.43,NaN,0.0,1.0,50.0,NaN,0.0,1.0,NaN,NaN,NaN,24.0,NaN,NaN,NaN,24.0,10.0,NaN,0.0,2.0,NaN,NaN,NaN,24.0,9.3,NaN,0.0,2.0,100.0,NaN,0.0,2.0,1.1,NaN,0.0,2.0,NaN,NaN,NaN,24.0,108.0,NaN,0.0,2.0,1.5,NaN,0.0,1.0,2.3,NaN,0.0,2.0,2.6,NaN,0.0,2.0,3.0,NaN,0.0,2.0,NaN,NaN,NaN,24.0,0.01,NaN,0.0,2.0,41.5,NaN,0.0,2.0,13.9,NaN,0.0,2.0,34.0,NaN,0.0,2.0,6.0,NaN,0.0,2.0,NaN,NaN,NaN,24.0,322.0,NaN,0.0,2.0,45.0,0.0,1.0,0.0,-5.5,5.0,0.0,0.0,0.0,0.0,0.0,0.0,0.0,0.0,0.0,0.0,1.0,0.0,0.0,0.0,0.0,0.0,NaN,NaN,NaN,3.0,NaN,NaN,NaN
72.0,NaN,-4.0,0.0,99.0,NaN,-0.5,1.0,36.89,NaN,0.0,4.0,106.0,NaN,-1.5,1.0,85.0,NaN,3.0,1.0,80.0,NaN,5.5,1.0,12.0,NaN,-2.0,0.0,NaN,NaN,NaN,24.0,7.0,NaN,0.0,2.0,30.0,NaN,0.0,3.0,NaN,NaN,NaN,24.0,7.43,NaN,0.0,2.0,50.0,NaN,0.0,2.0,NaN,NaN,NaN,24.0,NaN,NaN,NaN,24.0,10.0,NaN,0.0,3.0,NaN,NaN,NaN,24.0,9.3,NaN,0.0,3.0,100.0,NaN,0.0,3.0,1.1,NaN,0.0,3.0,NaN,NaN,NaN,24.0,108.0,NaN,0.0,3.0,1.5,NaN,0.0,2.0,2.3,NaN,0.0,3.0,2.6,NaN,0.0,3.0,3.0,NaN,0.0,3.0,NaN,NaN,NaN,24.0,0.01,NaN,0.0,3.0,41.5,NaN,0.0,3.0,13.9,NaN,0.0,3.0,34.0,NaN,0.0,3.0,6.0,NaN,0.0,3.0,NaN,NaN,NaN,24.0,322.0,NaN,0.0,3.0,45.0,0.0,1.0,0.0,-5.5,6.0,0.0,0.0,0.0,0.0,0.0,0.0,0.0,0.0,0.0,0.0,1.0,0.0,0.0,0.0,0.0,0.0,NaN,NaN,NaN,3.0,NaN,NaN,NaN
71.0,NaN,-1.0,0.0,100.0,NaN,0.5,0.0,36.89,NaN,0.0,5.0,100.0,NaN,-3.0,0.0,77.0,NaN,-4.0,0.0,69.0,NaN,-5.5,0.0,13.0,NaN,1.0,0.0,NaN,NaN,NaN,24.0,6.0,NaN,-0.3333333333333333,0.0,31.0,NaN,0.25,0.0,NaN,NaN,NaN,24.0,7.45,NaN,0.006666666666666821,0.0,45.0,NaN,-1.6666666666666667,0.0,NaN,NaN,NaN,24.0,NaN,NaN,NaN,24.0,9.0,NaN,-0.25,0.0,NaN,NaN,NaN,24.0,9.1,NaN,-0.050000000000000266,0.0,100.0,NaN,0.0,0.0,1.0,NaN,-0.025000000000000022,0.0,NaN,NaN,NaN,24.0,105.0,NaN,-0.75,0.0,1.2,NaN,-0.10000000000000002,0.0,2.2,NaN,-0.02499999999999991,0.0,2.5,NaN,-0.025000000000000022,0.0,2.9,NaN,-0.025000000000000022,0.0,NaN,NaN,NaN,24.0,0.01,NaN,0.0,4.0,41.5,NaN,0.0,4.0,13.9,NaN,0.0,4.0,34.0,NaN,0.0,4.0,6.0,NaN,0.0,4.0,NaN,NaN,NaN,24.0,322.0,NaN,0.0,4.0,45.0,0.0,1.0,0.0,-5.5,7.0,0.0,0.0,0.0,0.0,0.0,0.0,0.0,0.0,0.0,0.0,1.0,0.0,0.0,0.0,0.0,0.0,NaN,NaN,NaN,3.0,NaN,NaN,NaN
70.0,NaN,-1.0,0.0,100.0,NaN,0.3333333333333333,1.0,36.89,NaN,0.0,6.0,140.0,NaN,40.0,0.0,84.0,NaN,7.0,0.0,63.0,NaN,-6.0,0.0,10.0,NaN,-3.0,0.0,NaN,NaN,NaN,24.0,6.0,NaN,-0.25,1.0,31.0,NaN,0.2,1.0,NaN,NaN,NaN,24.0,7.45,NaN,0.0050000000000001155,1.0,45.0,NaN,-1.25,1.0,NaN,NaN,NaN,24.0,NaN,NaN,NaN,24.0,9.0,NaN,-0.2,1.0,NaN,NaN,NaN,24.0,9.1,NaN,-0.040000000000000216,1.0,100.0,NaN,0.0,1.0,1.0,NaN,-0.020000000000000018,1.0,NaN,NaN,NaN,24.0,105.0,NaN,-0.6,1.0,1.2,NaN,-0.07500000000000001,1.0,2.2,NaN,-0.019999999999999928,1.0,2.5,NaN,-0.020000000000000018,1.0,2.9,NaN,-0.020000000000000018,1.0,NaN,NaN,NaN,24.0,0.01,NaN,0.0,5.0,41.5,NaN,0.0,5.0,13.9,NaN,0.0,5.0,34.0,NaN,0.0,5.0,6.0,NaN,0.0,5.0,NaN,NaN,NaN,24.0,322.0,NaN,0.0,5.0,45.0,0.0,1.0,0.0,-5.5,8.0,0.0,0.0,0.0,0.0,0.0,0.0,0.0,0.0,0.0,0.0,1.0,0.0,0.0,0.0,0.0,0.0,NaN,NaN,NaN,3.0,NaN,NaN,NaN
71.0,NaN,1.0,0.0,98.0,NaN,-1.0,0.0,36.89,NaN,0.0,0.0,122.0,NaN,-18.0,0.0,95.0,NaN,11.0,0.0,86.0,NaN,23.0,0.0,15.0,NaN,5.0,0.0,NaN,NaN,NaN,24.0,6.0,NaN,-0.2,2.0,31.0,NaN,0.16666666666666666,2.0,NaN,NaN,NaN,24.0,7.45,NaN,0.004000000000000092,2.0,45.0,NaN,-1.0,2.0,NaN,NaN,NaN,24.0,NaN,NaN,NaN,24.0,9.0,NaN,-0.16666666666666666,2.0,NaN,NaN,NaN,24.0,9.1,NaN,-0.03333333333333351,2.0,100.0,NaN,0.0,2.0,1.0,NaN,-0.01666666666666668,2.0,NaN,NaN,NaN,24.0,105.0,NaN,-0.5,2.0,1.2,NaN,-0.06000000000000001,2.0,2.2,NaN,-0.016666666666666607,2.0,2.5,NaN,-0.01666666666666668,2.0,2.9,NaN,-0.01666666666666668,2.0,NaN,NaN,NaN,24.0,0.01,NaN,0.0,6.0,41.5,NaN,0.0,6.0,13.9,NaN,0.0,6.0,34.0,NaN,0.0,6.0,6.0,NaN,0.0,6.0,NaN,NaN,NaN,24.0,322.0,NaN,0.0,6.0,45.0,0.0,1.0,0.0,-5.5,9.0,0.0,0.0,0.0,0.0,0.0,0.0,0.0,0.0,0.0,0.0,1.0,0.0,0.0,0.0,0.0,0.0,NaN,NaN,NaN,3.0,NaN,NaN,NaN
97.0,NaN,26.0,0.0,100.0,NaN,2.0,0.0,36.89,NaN,0.0,1.0,126.0,NaN,4.0,0.0,88.0,NaN,-7.0,0.0,76.0,NaN,-10.0,0.0,17.0,NaN,2.0,0.0,NaN,NaN,NaN,24.0,6.0,NaN,-0.16666666666666666,3.0,31.0,NaN,0.14285714285714285,3.0,NaN,NaN,NaN,24.0,7.45,NaN,0.0033333333333334103,3.0,45.0,NaN,-0.8333333333333334,3.0,NaN,NaN,NaN,24.0,NaN,NaN,NaN,24.0,9.0,NaN,-0.14285714285714285,3.0,NaN,NaN,NaN,24.0,9.1,NaN,-0.028571428571428723,3.0,100.0,NaN,0.0,3.0,1.0,NaN,-0.0142857142857143,3.0,NaN,NaN,NaN,24.0,105.0,NaN,-0.42857142857142855,3.0,1.2,NaN,-0.05000000000000001,3.0,2.2,NaN,-0.014285714285714235,3.0,2.5,NaN,-0.0142857142857143,3.0,2.9,NaN,-0.0142857142857143,3.0,NaN,NaN,NaN,24.0,0.01,NaN,0.0,7.0,41.5,NaN,0.0,7.0,13.9,NaN,0.0,7.0,34.0,NaN,0.0,7.0,6.0,NaN,0.0,7.0,NaN,NaN,NaN,24.0,322.0,NaN,0.0,7.0,45.0,0.0,1.0,0.0,-5.5,10.0,0.0,0.0,1.0,0.0,0.0,0.0,0.0,0.0,0.0,0.0,1.0,0.0,0.0,0.0,0.0,0.0,NaN,NaN,NaN,3.0,NaN,NaN,NaN
85.0,NaN,-12.0,0.0,99.0,NaN,-1.0,0.0,36.89,NaN,0.0,2.0,111.0,NaN,-15.0,0.0,81.0,NaN,-7.0,0.0,73.0,NaN,-3.0,0.0,17.0,NaN,0.0,0.0,NaN,NaN,NaN,24.0,6.0,NaN,-0.14285714285714285,4.0,31.0,NaN,0.125,4.0,NaN,NaN,NaN,24.0,7.45,NaN,0.002857142857142923,4.0,45.0,NaN,-0.7142857142857143,4.0,NaN,NaN,NaN,24.0,NaN,NaN,NaN,24.0,9.0,NaN,-0.125,4.0,NaN,NaN,NaN,24.0,9.1,NaN,-0.025000000000000133,4.0,100.0,NaN,0.0,4.0,1.0,NaN,-0.012500000000000011,4.0,NaN,NaN,NaN,24.0,105.0,NaN,-0.375,4.0,1.2,NaN,-0.042857142857142864,4.0,2.2,NaN,-0.012499999999999956,4.0,2.5,NaN,-0.012500000000000011,4.0,2.9,NaN,-0.012500000000000011,4.0,NaN,NaN,NaN,24.0,0.01,NaN,0.0,8.0,41.5,NaN,0.0,8.0,13.9,NaN,0.0,8.0,34.0,NaN,0.0,8.0,6.0,NaN,0.0,8.0,NaN,NaN,NaN,24.0,322.0,NaN,0.0,8.0,45.0,0.0,1.0,0.0,-5.5,11.0,0.0,0.0,0.0,0.0,0.0,0.0,0.0,0.0,0.0,0.0,1.0,0.0,0.0,0.0,0.0,0.0,NaN,NaN,NaN,3.0,NaN,NaN,NaN
104.0,NaN,19.0,0.0,99.0,NaN,0.0,0.0,37.11,NaN,0.07333333333333296,0.0,118.0,NaN,7.0,0.0,84.0,NaN,3.0,0.0,74.0,NaN,1.0,0.0,13.0,NaN,-4.0,0.0,NaN,NaN,NaN,24.0,6.0,NaN,-0.125,5.0,31.0,NaN,0.1111111111111111,5.0,NaN,NaN,NaN,24.0,7.45,NaN,0.0025000000000000577,5.0,45.0,NaN,-0.625,5.0,NaN,NaN,NaN,24.0,NaN,NaN,NaN,24.0,9.0,NaN,-0.1111111111111111,5.0,NaN,NaN,NaN,24.0,9.1,NaN,-0.02222222222222234,5.0,100.0,NaN,0.0,5.0,1.0,NaN,-0.01111111111111112,5.0,NaN,NaN,NaN,24.0,105.0,NaN,-0.3333333333333333,5.0,1.2,NaN,-0.037500000000000006,5.0,2.2,NaN,-0.011111111111111072,5.0,2.5,NaN,-0.01111111111111112,5.0,2.9,NaN,-0.01111111111111112,5.0,NaN,NaN,NaN,24.0,0.01,NaN,0.0,9.0,41.5,NaN,0.0,9.0,13.9,NaN,0.0,9.0,34.0,NaN,0.0,9.0,6.0,NaN,0.0,9.0,NaN,NaN,NaN,24.0,322.0,NaN,0.0,9.0,45.0,0.0,1.0,0.0,-5.5,12.0,0.0,0.0,1.0,0.0,0.0,0.0,0.0,0.0,0.0,0.0,1.0,0.0,0.0,0.0,0.0,0.0,NaN,NaN,NaN,3.0,NaN,NaN,NaN
106.0,NaN,2.0,0.0,99.0,NaN,0.0,1.0,37.11,NaN,0.054999999999999716,1.0,110.0,NaN,-8.0,0.0,85.0,NaN,1.0,0.0,78.0,NaN,4.0,0.0,14.0,NaN,1.0,0.0,NaN,NaN,NaN,24.0,6.0,NaN,-0.1111111111111111,6.0,31.0,NaN,0.1,6.0,NaN,NaN,NaN,24.0,7.45,NaN,0.0022222222222222734,6.0,45.0,NaN,-0.5555555555555556,6.0,NaN,NaN,NaN,24.0,NaN,NaN,NaN,24.0,9.0,NaN,-0.1,6.0,NaN,NaN,NaN,24.0,9.1,NaN,-0.020000000000000108,6.0,100.0,NaN,0.0,6.0,1.0,NaN,-0.010000000000000009,6.0,NaN,NaN,NaN,24.0,105.0,NaN,-0.3,6.0,1.2,NaN,-0.03333333333333334,6.0,2.2,NaN,-0.009999999999999964,6.0,2.5,NaN,-0.010000000000000009,6.0,2.9,NaN,-0.010000000000000009,6.0,NaN,NaN,NaN,24.0,0.01,NaN,0.0,10.0,41.5,NaN,0.0,10.0,13.9,NaN,0.0,10.0,34.0,NaN,0.0,10.0,6.0,NaN,0.0,10.0,NaN,NaN,NaN,24.0,322.0,NaN,0.0,10.0,45.0,0.0,1.0,0.0,-5.5,13.0,0.0,0.0,1.0,0.0,0.0,0.0,0.0,0.0,0.0,0.0,1.0,0.0,0.0,0.0,0.0,0.0,NaN,NaN,NaN,3.0,NaN,NaN,NaN
85.0,NaN,-21.0,0.0,99.0,NaN,0.0,2.0,37.11,NaN,0.043999999999999775,2.0,104.0,NaN,-6.0,0.0,90.0,NaN,5.0,0.0,85.0,NaN,7.0,0.0,17.0,NaN,3.0,0.0,NaN,NaN,NaN,24.0,6.0,NaN,-0.1,7.0,31.0,NaN,0.09090909090909091,7.0,NaN,NaN,NaN,24.0,7.45,NaN,0.002000000000000046,7.0,45.0,NaN,-0.5,7.0,NaN,NaN,NaN,24.0,NaN,NaN,NaN,24.0,9.0,NaN,-0.09090909090909091,7.0,NaN,NaN,NaN,24.0,9.1,NaN,-0.018181818181818278,7.0,100.0,NaN,0.0,7.0,1.0,NaN,-0.0090909090909091,7.0,NaN,NaN,NaN,24.0,105.0,NaN,-0.2727272727272727,7.0,1.2,NaN,-0.030000000000000006,7.0,2.2,NaN,-0.00909090909090906,7.0,2.5,NaN,-0.0090909090909091,7.0,2.9,NaN,-0.0090909090909091,7.0,NaN,NaN,NaN,24.0,0.01,NaN,0.0,11.0,41.5,NaN,0.0,11.0,13.9,NaN,0.0,11.0,34.0,NaN,0.0,11.0,6.0,NaN,0.0,11.0,NaN,NaN,NaN,24.0,322.0,NaN,0.0,11.0,45.0,0.0,1.0,0.0,-5.5,14.0,0.0,0.0,0.0,0.0,0.0,0.0,0.0,0.0,0.0,0.0,1.0,0.0,0.0,0.0,0.0,0.0,NaN,NaN,NaN,3.0,NaN,NaN,NaN
104.0,NaN,19.0,0.0,99.0,NaN,0.0,3.0,37.11,NaN,0.03666666666666648,3.0,116.0,NaN,12.0,0.0,86.0,NaN,-4.0,0.0,78.0,NaN,-7.0,0.0,17.0,NaN,1.5,1.0,NaN,NaN,NaN,24.0,4.0,NaN,-0.25,0.0,26.0,NaN,-0.625,0.0,NaN,NaN,NaN,24.0,7.44,NaN,-0.0012499999999999734,0.0,43.0,NaN,-0.25,0.0,NaN,NaN,NaN,24.0,NaN,NaN,NaN,24.0,9.0,NaN,0.0,0.0,NaN,NaN,NaN,24.0,9.1,NaN,0.0,0.0,104.0,NaN,0.5,0.0,1.0,NaN,0.0,0.0,NaN,NaN,NaN,24.0,105.0,NaN,-0.25,8.0,2.4,NaN,0.15,0.0,2.1,NaN,-0.012500000000000011,0.0,2.0,NaN,-0.0625,0.0,2.9,NaN,-0.00833333333333334,8.0,NaN,NaN,NaN,24.0,0.01,NaN,0.0,12.0,41.5,NaN,0.0,12.0,13.9,NaN,0.0,12.0,34.0,NaN,0.0,12.0,6.0,NaN,0.0,12.0,NaN,NaN,NaN,24.0,322.0,NaN,0.0,12.0,45.0,0.0,1.0,0.0,-5.5,15.0,0.0,0.0,1.0,0.0,0.0,0.0,0.0,0.0,1.0,0.0,1.0,0.0,0.0,0.0,0.0,0.0,NaN,NaN,NaN,3.0,NaN,NaN,NaN
