114.0,NaN,NaN,24.0,94.0,NaN,NaN,24.0,37.56,NaN,NaN,24.0,131.0,NaN,NaN,24.0,97.0,NaN,NaN,24.0,87.0,NaN,NaN,24.0,29.0,NaN,NaN,24.0,NaN,NaN,NaN,24.0,NaN,NaN,NaN,24.0,NaN,NaN,NaN,24.0,NaN,NaN,NaN,24.0,NaN,NaN,NaN,24.0,NaN,NaN,NaN,24.0,NaN,NaN,NaN,24.0,NaN,NaN,NaN,24.0,NaN,NaN,NaN,24.0,NaN,NaN,NaN,24.0,NaN,NaN,NaN,24.0,NaN,NaN,NaN,24.0,NaN,NaN,NaN,24.0,NaN,NaN,NaN,24.0,NaN,NaN,NaN,24.0,NaN,NaN,NaN,24.0,NaN,NaN,NaN,24.0,NaN,NaN,NaN,24.0,NaN,NaN,NaN,24.0,NaN,NaN,NaN,24.0,NaN,NaN,NaN,24.0,NaN,NaN,NaN,24.0,NaN,NaN,NaN,24.0,NaN,NaN,NaN,24.0,NaN,NaN,NaN,24.0,NaN,NaN,NaN,24.0,NaN,NaN,NaN,24.0,39.0,0.0,1.0,0.0,-4.024444444444445,1.0,0.0,1.0,1.0,0.0,0.0,0.0,0.0,0.0,0.0,0.0,1.0,0.0,1.0,1.0,0.0,0.0,3.0,5.0,4.0,2.0,NaN,NaN,NaN
105.0,NaN,-9.0,0.0,96.0,NaN,2.0,0.0,37.56,NaN,0.0,1.0,130.0,NaN,-1.0,0.0,90.0,NaN,-7.0,0.0,77.0,NaN,-10.0,0.0,31.0,NaN,2.0,0.0,NaN,NaN,NaN,24.0,NaN,NaN,NaN,24.0,NaN,NaN,NaN,24.0,0.95,NaN,0.0,0.0,NaN,NaN,NaN,24.0,NaN,NaN,NaN,24.0,NaN,NaN,NaN,24.0,NaN,NaN,NaN,24.0,NaN,NaN,NaN,24.0,NaN,NaN,NaN,24.0,NaN,NaN,NaN,24.0,NaN,NaN,NaN,24.0,NaN,NaN,NaN,24.0,NaN,NaN,NaN,24.0,NaN,NaN,NaN,24.0,NaN,NaN,NaN,24.0,NaN,NaN,NaN,24.0,NaN,NaN,NaN,24.0,NaN,NaN,NaN,24.0,NaN,NaN,NaN,24.0,NaN,NaN,NaN,24.0,NaN,NaN,NaN,24.0,NaN,NaN,NaN,24.0,NaN,NaN,NaN,24.0,NaN,NaN,NaN,24.0,NaN,NaN,NaN,24.0,NaN,NaN,NaN,24.0,39.0,0.0,1.0,0.0,-4.024444444444445,2.0,0.0,1.0,1.0,0.0,3.0,0.0,0.0,0.0,0.0,0.0,0.0,1.0,1.0,1.0,0.0,0.0,3.0,5.0,4.0,2.0,NaN,NaN,NaN
102.0,NaN,-3.0,0.0,95.0,NaN,-1.0,0.0,37.56,NaN,0.0,2.0,126.0,NaN,-4.0,0.0,87.0,NaN,-3.0,0.0,74.0,NaN,-3.0,0.0,22.0,NaN,-9.0,0.0,NaN,NaN,NaN,24.0,NaN,NaN,NaN,24.0,NaN,NaN,NaN,24.0,0.95,NaN,0.0,1.0,NaN,NaN,NaN,24.0,NaN,NaN,NaN,24.0,NaN,NaN,NaN,24.0,NaN,NaN,NaN,24.0,NaN,NaN,NaN,24.0,NaN,NaN,NaN,24.0,NaN,NaN,NaN,24.0,NaN,NaN,NaN,24.0,NaN,NaN,NaN,24.0,NaN,NaN,NaN,24.0,NaN,NaN,NaN,24.0,NaN,NaN,NaN,24.0,NaN,NaN,NaN,24.0,NaN,NaN,NaN,24.0,NaN,NaN,NaN,24.0,NaN,NaN,NaN,24.0,NaN,NaN,NaN,24.0,NaN,NaN,NaN,24.0,NaN,NaN,NaN,24.0,NaN,NaN,NaN,24.0,NaN,NaN,NaN,24.0,NaN,NaN,NaN,24.0,NaN,NaN,NaN,24.0,39.0,0.0,1.0,0.0,-4.024444444444445,3.0,0.0,1.0,1.0,0.0,0.0,0.0,0.0,0.0,0.0,0.0,1.0,1.0,1.0,1.0,0.0,0.0,3.0,5.0,4.0,2.0,NaN,NaN,NaN
94.0,NaN,-8.0,0.0,98.0,NaN,3.0,0.0,37.56,NaN,0.0,3.0,125.0,NaN,-1.0,0.0,87.0,NaN,0.0,0.0,77.0,NaN,3.0,0.0,32.0,NaN,10.0,0.0,NaN,NaN,NaN,24.0,NaN,NaN,NaN,24.0,26.0,NaN,0.0,0.0,0.95,NaN,0.0,2.0,NaN,NaN,NaN,24.0,NaN,NaN,NaN,24.0,NaN,NaN,NaN,24.0,NaN,NaN,NaN,24.0,9.0,NaN,0.0,0.0,NaN,NaN,NaN,24.0,7.9,NaN,0.0,0.0,102.0,NaN,0.0,0.0,0.5,NaN,0.0,0.0,NaN,NaN,NaN,24.0,99.0,NaN,0.0,0.0,NaN,NaN,NaN,24.0,1.9,NaN,0.0,0.0,3.2,NaN,0.0,0.0,3.4,NaN,0.0,0.0,NaN,NaN,NaN,24.0,0.01,NaN,0.0,0.0,34.9,NaN,0.0,0.0,12.0,NaN,0.0,0.0,NaN,NaN,NaN,24.0,12.8,NaN,0.0,0.0,NaN,NaN,NaN,24.0,279.0,NaN,0.0,0.0,39.0,0.0,1.0,0.0,-4.024444444444445,4.0,0.0,1.0,1.0,1.0,0.0,0.0,0.0,0.0,0.0,0.0,1.0,1.0,1.0,1.0,0.0,0.0,3.0,5.0,4.0,2.0,NaN,NaN,NaN
95.0,NaN,1.0,0.0,94.0,NaN,-4.0,0.0,36.94,NaN,-0.15500000000000114,0.0,153.0,NaN,28.0,0.0,88.0,NaN,1.0,0.0,66.0,NaN,-11.0,0.0,35.0,NaN,3.0,0.0,NaN,NaN,NaN,24.0,NaN,NaN,NaN,24.0,26.0,NaN,0.0,1.0,0.6,NaN,-0.11666666666666665,0.0,NaN,NaN,NaN,24.0,NaN,NaN,NaN,24.0,NaN,NaN,NaN,24.0,NaN,NaN,NaN,24.0,9.0,NaN,0.0,1.0,NaN,NaN,NaN,24.0,7.9,NaN,0.0,1.0,102.0,NaN,0.0,1.0,0.5,NaN,0.0,1.0,NaN,NaN,NaN,24.0,99.0,NaN,0.0,1.0,NaN,NaN,NaN,24.0,1.9,NaN,0.0,1.0,3.2,NaN,0.0,1.0,3.4,NaN,0.0,1.0,NaN,NaN,NaN,24.0,0.01,NaN,0.0,1.0,34.9,NaN,0.0,1.0,12.0,NaN,0.0,1.0,NaN,NaN,NaN,24.0,12.8,NaN,0.0,1.0,NaN,NaN,NaN,24.0,279.0,NaN,0.0,1.0,39.0,0.0,1.0,0.0,-4.024444444444445,5.0,0.0,1.0,1.0,1.0,2.0,0.0,0.0,0.0,0.0,0.0,0.0,1.0,1.0,1.0,0.0,0.0,3.0,5.0,4.0,2.0,NaN,NaN,NaN
101.0,NaN,6.0,0.0,94.0,NaN,0.0,0.0,36.94,NaN,-0.12400000000000092,1.0,121.0,NaN,-32.0,0.0,87.0,NaN,-1.0,0.0,76.0,NaN,10.0,0.0,20.0,NaN,-15.0,0.0,NaN,NaN,NaN,24.0,NaN,NaN,NaN,24.0,26.0,NaN,0.0,2.0,0.6,NaN,-0.0875,1.0,NaN,NaN,NaN,24.0,NaN,NaN,NaN,24.0,NaN,NaN,NaN,24.0,NaN,NaN,NaN,24.0,9.0,NaN,0.0,2.0,NaN,NaN,NaN,24.0,7.9,NaN,0.0,2.0,102.0,NaN,0.0,2.0,0.5,NaN,0.0,2.0,NaN,NaN,NaN,24.0,99.0,NaN,0.0,2.0,NaN,NaN,NaN,24.0,1.9,NaN,0.0,2.0,3.2,NaN,0.0,2.0,3.4,NaN,0.0,2.0,NaN,NaN,NaN,24.0,0.01,NaN,0.0,2.0,34.9,NaN,0.0,2.0,12.0,NaN,0.0,2.0,NaN,NaN,NaN,24.0,12.8,NaN,0.0,2.0,NaN,NaN,NaN,24.0,279.0,NaN,0.0,2.0,39.0,0.0,1.0,0.0,-4.024444444444445,6.0,0.0,0.0,1.0,1.0,0.0,0.0,0.0,0.0,0.0,0.0,1.0,1.0,1.0,1.0,0.0,0.0,3.0,5.0,4.0,2.0,NaN,NaN,NaN
101.0,NaN,0.0,0.0,96.0,NaN,2.0,0.0,36.94,NaN,-0.1033333333333341,2.0,113.0,NaN,-8.0,0.0,101.0,NaN,14.0,0.0,97.0,NaN,21.0,0.0,23.0,NaN,3.0,0.0,NaN,NaN,NaN,24.0,NaN,NaN,NaN,24.0,26.0,NaN,0.0,3.0,0.6,NaN,-0.06999999999999999,2.0,NaN,NaN,NaN,24.0,NaN,NaN,NaN,24.0,NaN,NaN,NaN,24.0,NaN,NaN,NaN,24.0,9.0,NaN,0.0,3.0,NaN,NaN,NaN,24.0,7.9,NaN,0.0,3.0,102.0,NaN,0.0,3.0,0.5,NaN,0.0,3.0,NaN,NaN,NaN,24.0,99.0,NaN,0.0,3.0,NaN,NaN,NaN,24.0,1.9,NaN,0.0,3.0,3.2,NaN,0.0,3.0,3.4,NaN,0.0,3.0,NaN,NaN,NaN,24.0,0.01,NaN,0.0,3.0,34.9,NaN,0.0,3.0,12.0,NaN,0.0,3.0,NaN,NaN,NaN,24.0,12.8,NaN,0.0,3.0,NaN,NaN,NaN,24.0,279.0,NaN,0.0,3.0,39.0,0.0,1.0,0.0,-4.024444444444445,7.0,0.0,1.0,1.0,1.0,0.0,0.0,0.0,0.0,0.0,0.0,1.0,1.0,1.0,1.0,0.0,0.0,3.0,5.0,4.0,2.0,NaN,NaN,NaN
99.0,NaN,-2.0,0.0,93.0,NaN,-3.0,0.0,36.94,NaN,-0.08857142857142922,3.0,147.0,NaN,34.0,0.0,98.0,NaN,-3.0,0.0,82.0,NaN,-15.0,0.0,32.0,NaN,9.0,0.0,NaN,NaN,NaN,24.0,NaN,NaN,NaN,24.0,26.0,NaN,0.0,4.0,0.6,NaN,-0.05833333333333333,3.0,NaN,NaN,NaN,24.0,NaN,NaN,NaN,24.0,NaN,NaN,NaN,24.0,NaN,NaN,NaN,24.0,9.0,NaN,0.0,4.0,NaN,NaN,NaN,24.0,7.9,NaN,0.0,4.0,102.0,NaN,0.0,4.0,0.5,NaN,0.0,4.0,NaN,NaN,NaN,24.0,99.0,NaN,0.0,4.0,NaN,NaN,NaN,24.0,1.9,NaN,0.0,4.0,3.2,NaN,0.0,4.0,3.4,NaN,0.0,4.0,NaN,NaN,NaN,24.0,0.01,NaN,0.0,4.0,34.9,NaN,0.0,4.0,12.0,NaN,0.0,4.0,NaN,NaN,NaN,24.0,12.8,NaN,0.0,4.0,NaN,NaN,NaN,24.0,279.0,NaN,0.0,4.0,39.0,0.0,1.0,0.0,-4.024444444444445,8.0,0.0,1.0,1.0,1.0,0.0,0.0,0.0,0.0,0.0,0.0,1.0,1.0,1.0,1.0,0.0,0.0,3.0,5.0,4.0,2.0,NaN,NaN,NaN
115.0,NaN,16.0,0.0,91.0,NaN,-2.0,0.0,37.56,NaN,0.15500000000000114,0.0,151.0,NaN,4.0,0.0,135.0,NaN,37.0,0.0,130.0,NaN,48.0,0.0,28.0,NaN,-4.0,0.0,NaN,NaN,NaN,24.0,NaN,NaN,NaN,24.0,26.0,NaN,0.0,5.0,0.6,NaN,0.0,0.0,NaN,NaN,NaN,24.0,NaN,NaN,NaN,24.0,NaN,NaN,NaN,24.0,NaN,NaN,NaN,24.0,9.0,NaN,0.0,5.0,NaN,NaN,NaN,24.0,7.9,NaN,0.0,5.0,102.0,NaN,0.0,5.0,0.5,NaN,0.0,5.0,NaN,NaN,NaN,24.0,99.0,NaN,0.0,5.0,NaN,NaN,NaN,24.0,1.9,NaN,0.0,5.0,3.2,NaN,0.0,5.0,3.4,NaN,0.0,5.0,NaN,NaN,NaN,24.0,0.01,NaN,0.0,5.0,34.9,NaN,0.0,5.0,12.0,NaN,0.0,5.0,NaN,NaN,NaN,24.0,12.8,NaN,0.0,5.0,NaN,NaN,NaN,24.0,279.0,NaN,0.0,5.0,39.0,0.0,1.0,0.0,-4.024444444444445,9.0,0.0,1.0,1.0,1.0,2.0,0.0,0.0,0.0,0.0,0.0,0.0,1.0,1.0,1.0,0.0,0.0,3.0,5.0,4.0,2.0,NaN,NaN,NaN
