118.25,NaN,NaN,24.0,100.0,NaN,NaN,24.0,NaN,NaN,NaN,24.0,102.25,NaN,NaN,24.0,66.0,NaN,NaN,24.0,54.5,NaN,NaN,24.0,20.5,NaN,NaN,24.0,NaN,NaN,NaN,24.0,NaN,NaN,NaN,24.0,NaN,NaN,NaN,24.0,1.0,NaN,NaN,24.0,NaN,NaN,NaN,24.0,NaN,NaN,NaN,24.0,NaN,NaN,NaN,24.0,NaN,NaN,NaN,24.0,NaN,NaN,NaN,24.0,NaN,NaN,NaN,24.0,NaN,NaN,NaN,24.0,NaN,NaN,NaN,24.0,NaN,NaN,NaN,24.0,NaN,NaN,NaN,24.0,NaN,NaN,NaN,24.0,NaN,NaN,NaN,24.0,NaN,NaN,NaN,24.0,NaN,NaN,NaN,24.0,NaN,NaN,NaN,24.0,NaN,NaN,NaN,24.0,NaN,NaN,NaN,24.0,NaN,NaN,NaN,24.0,NaN,NaN,NaN,24.0,NaN,NaN,NaN,24.0,NaN,NaN,NaN,24.0,NaN,NaN,NaN,24.0,NaN,NaN,NaN,24.0,70.0,1.0,1.0,0.0,-72.90527777777778,1.0,0.0,1.0,1.0,0.0,3.0,0.0,0.0,0.0,0.0,0.0,0.0,0.0,1.0,1.0,1.0,0.0,3.0,5.0,4.0,1.0,NaN,NaN,NaN
114.75,NaN,-3.5,0.0,98.25,NaN,-1.75,0.0,36.56,NaN,0.0,0.0,88.0,NaN,-14.25,0.0,61.5,NaN,-4.5,0.0,54.0,NaN,-0.5,0.0,20.25,NaN,-0.25,0.0,NaN,NaN,NaN,24.0,NaN,NaN,NaN,24.0,NaN,NaN,NaN,24.0,0.6,NaN,-0.4,0.0,NaN,NaN,NaN,24.0,NaN,NaN,NaN,24.0,NaN,NaN,NaN,24.0,NaN,NaN,NaN,24.0,NaN,NaN,NaN,24.0,NaN,NaN,NaN,24.0,NaN,NaN,NaN,24.0,NaN,NaN,NaN,24.0,NaN,NaN,NaN,24.0,NaN,NaN,NaN,24.0,NaN,NaN,NaN,24.0,NaN,NaN,NaN,24.0,NaN,NaN,NaN,24.0,NaN,NaN,NaN,24.0,NaN,NaN,NaN,24.0,NaN,NaN,NaN,24.0,NaN,NaN,NaN,24.0,NaN,NaN,NaN,24.0,NaN,NaN,NaN,24.0,NaN,NaN,NaN,24.0,NaN,NaN,NaN,24.0,NaN,NaN,NaN,24.0,NaN,NaN,NaN,24.0,70.0,1.0,1.0,0.0,-72.90527777777778,2.0,0.0,1.0,1.0,0.0,2.0,0.0,0.0,1.0,0.0,0.0,1.0,1.0,1.0,1.0,1.0,0.0,3.0,5.0,4.0,1.0,NaN,NaN,NaN
108.0,NaN,-6.75,0.0,96.5,NaN,-1.75,0.0,36.56,NaN,0.0,1.0,84.0,NaN,-4.0,0.0,54.5,NaN,-7.0,0.0,44.0,NaN,-10.0,0.0,19.0,NaN,-1.25,0.0,NaN,NaN,NaN,24.0,NaN,NaN,NaN,24.0,11.0,NaN,0.0,0.0,0.6,NaN,-0.2,1.0,NaN,NaN,NaN,24.0,NaN,NaN,NaN,24.0,NaN,NaN,NaN,24.0,642.0,NaN,0.0,0.0,26.0,NaN,0.0,0.0,1138.0,NaN,0.0,0.0,7.8,NaN,0.0,0.0,114.0,NaN,0.0,0.0,1.3,NaN,0.0,0.0,NaN,NaN,NaN,24.0,108.0,NaN,0.0,0.0,NaN,NaN,NaN,24.0,2.0,NaN,0.0,0.0,3.8,NaN,0.0,0.0,4.0,NaN,0.0,0.0,3.6,NaN,0.0,0.0,NaN,NaN,NaN,24.0,32.7,NaN,0.0,0.0,9.7,NaN,0.0,0.0,67.7,NaN,0.0,0.0,35.1,NaN,0.0,0.0,NaN,NaN,NaN,24.0,336.0,NaN,0.0,0.0,70.0,1.0,1.0,0.0,-72.90527777777778,3.0,0.0,0.0,1.0,1.0,0.0,0.0,2.0,1.0,0.0,1.0,1.0,1.0,1.0,1.0,1.0,0.0,3.0,5.0,4.0,1.0,NaN,NaN,NaN
117.0,NaN,9.0,0.0,95.5,NaN,-1.0,0.0,36.56,NaN,0.0,2.0,99.5,NaN,15.5,0.0,61.0,NaN,6.5,0.0,49.0,NaN,5.0,0.0,18.0,NaN,-1.0,0.0,NaN,NaN,NaN,24.0,NaN,NaN,0.0,0.0,11.0,NaN,0.0,1.0,0.5,NaN,-0.04999999999999999,0.0,6.99,NaN,0.0,0.0,49.0,NaN,0.0,0.0,94.0,NaN,0.0,0.0,642.0,NaN,0.0,1.0,26.0,NaN,0.0,1.0,1138.0,NaN,0.0,1.0,7.8,NaN,0.0,1.0,114.0,NaN,0.0,1.0,1.3,NaN,0.0,1.0,NaN,NaN,NaN,24.0,101.0,NaN,-7.0,0.0,9.8,NaN,0.0,0.0,2.0,NaN,0.0,1.0,3.8,NaN,0.0,1.0,4.0,NaN,0.0,1.0,3.6,NaN,0.0,1.0,NaN,NaN,NaN,24.0,32.7,NaN,0.0,1.0,9.7,NaN,0.0,1.0,67.7,NaN,0.0,1.0,35.1,NaN,0.0,1.0,NaN,NaN,NaN,24.0,336.0,NaN,0.0,1.0,70.0,1.0,1.0,0.0,-72.90527777777778,4.0,0.0,0.0,1.0,1.0,2.0,0.0,0.0,1.0,1.0,0.0,1.0,1.0,1.0,1.0,1.0,0.0,3.0,5.0,4.0,1.0,NaN,NaN,NaN
123.666666666667,NaN,6.666666666666998,0.0,97.0,NaN,1.5,0.0,37.17,NaN,0.20333333333333314,0.0,99.0,NaN,-0.5,0.0,77.3333333333333,NaN,16.3333333333333,0.0,70.3333333333333,NaN,21.3333333333333,0.0,16.3333333333333,NaN,-1.6666666666666998,0.0,NaN,NaN,NaN,24.0,NaN,NaN,NaN,0.0,11.0,NaN,0.0,2.0,0.5,NaN,0.0,0.0,7.05,NaN,0.05999999999999961,0.0,43.0,NaN,-6.0,0.0,94.0,NaN,0.0,1.0,642.0,NaN,0.0,2.0,26.0,NaN,0.0,2.0,1138.0,NaN,0.0,2.0,7.8,NaN,0.0,2.0,114.0,NaN,0.0,2.0,1.3,NaN,0.0,2.0,NaN,NaN,NaN,24.0,60.0,NaN,-41.0,0.0,10.1,NaN,0.29999999999999893,0.0,2.0,NaN,0.0,2.0,3.8,NaN,0.0,2.0,4.0,NaN,0.0,2.0,3.6,NaN,0.0,2.0,NaN,NaN,NaN,24.0,32.7,NaN,0.0,2.0,9.7,NaN,0.0,2.0,67.7,NaN,0.0,2.0,35.1,NaN,0.0,2.0,NaN,NaN,NaN,24.0,336.0,NaN,0.0,2.0,70.0,1.0,1.0,0.0,-72.90527777777778,5.0,0.0,0.0,1.0,1.0,2.0,0.0,0.0,0.0,1.0,0.0,1.0,1.0,1.0,1.0,1.0,0.0,3.0,5.0,4.0,1.0,NaN,NaN,NaN
121.0,NaN,-2.6666666666669983,0.0,98.0,NaN,1.0,0.0,37.17,NaN,0.15249999999999986,1.0,103.0,NaN,4.0,0.0,68.0,NaN,-9.3333333333333,0.0,57.0,NaN,-13.3333333333333,0.0,16.0,NaN,-0.3333333333333002,0.0,NaN,NaN,NaN,24.0,NaN,NaN,NaN,1.0,11.0,NaN,0.0,3.0,0.5,NaN,0.0,1.0,7.05,NaN,0.029999999999999805,1.0,43.0,NaN,-3.0,1.0,94.0,NaN,0.0,2.0,642.0,NaN,0.0,3.0,26.0,NaN,0.0,3.0,1138.0,NaN,0.0,3.0,7.8,NaN,0.0,3.0,114.0,NaN,0.0,3.0,1.3,NaN,0.0,3.0,NaN,NaN,NaN,24.0,60.0,NaN,-20.5,1.0,10.1,NaN,0.14999999999999947,1.0,2.0,NaN,0.0,3.0,3.8,NaN,0.0,3.0,4.0,NaN,0.0,3.0,3.6,NaN,0.0,3.0,NaN,NaN,NaN,24.0,32.7,NaN,0.0,3.0,9.7,NaN,0.0,3.0,67.7,NaN,0.0,3.0,35.1,NaN,0.0,3.0,NaN,NaN,NaN,24.0,336.0,NaN,0.0,3.0,70.0,1.0,1.0,0.0,-72.90527777777778,6.0,0.0,0.0,1.0,1.0,0.0,0.0,0.0,0.0,0.0,0.0,1.0,1.0,1.0,1.0,1.0,0.0,3.0,5.0,4.0,1.0,NaN,NaN,NaN
114.0,NaN,-7.0,0.0,98.0,NaN,0.0,0.0,37.17,NaN,0.12199999999999989,2.0,94.0,NaN,-9.0,0.0,63.0,NaN,-5.0,0.0,53.0,NaN,-4.0,0.0,26.0,NaN,10.0,0.0,NaN,NaN,NaN,24.0,NaN,NaN,NaN,0.0,11.0,NaN,0.0,4.0,0.5,NaN,0.0,2.0,7.17,NaN,0.06000000000000005,0.0,37.0,NaN,-3.0,0.0,94.0,NaN,0.0,3.0,642.0,NaN,0.0,4.0,26.0,NaN,0.0,4.0,1138.0,NaN,0.0,4.0,7.8,NaN,0.0,4.0,114.0,NaN,0.0,4.0,1.3,NaN,0.0,4.0,NaN,NaN,NaN,24.0,198.0,NaN,69.0,0.0,9.1,NaN,-0.5,0.0,2.0,NaN,0.0,4.0,3.8,NaN,0.0,4.0,4.0,NaN,0.0,4.0,3.6,NaN,0.0,4.0,NaN,NaN,NaN,24.0,32.7,NaN,0.0,4.0,9.7,NaN,0.0,4.0,67.7,NaN,0.0,4.0,35.1,NaN,0.0,4.0,NaN,NaN,NaN,24.0,336.0,NaN,0.0,4.0,70.0,1.0,1.0,0.0,-72.90527777777778,7.0,0.0,1.0,1.0,1.0,0.0,0.0,0.0,1.0,1.0,0.0,1.0,1.0,1.0,1.0,1.0,0.0,3.0,5.0,4.0,1.0,NaN,NaN,NaN
113.75,NaN,-0.25,0.0,98.25,NaN,0.25,0.0,37.17,NaN,0.10166666666666657,3.0,101.5,NaN,7.5,0.0,65.5,NaN,2.5,0.0,54.5,NaN,1.5,0.0,20.0,NaN,-6.0,0.0,NaN,NaN,NaN,24.0,NaN,NaN,NaN,1.0,11.0,NaN,0.0,5.0,0.5,NaN,0.0,3.0,7.17,NaN,0.040000000000000036,1.0,37.0,NaN,-2.0,1.0,94.0,NaN,0.0,4.0,642.0,NaN,0.0,5.0,26.0,NaN,0.0,5.0,1138.0,NaN,0.0,5.0,7.8,NaN,0.0,5.0,114.0,NaN,0.0,5.0,1.3,NaN,0.0,5.0,NaN,NaN,NaN,24.0,198.0,NaN,46.0,1.0,9.1,NaN,-0.3333333333333333,1.0,2.0,NaN,0.0,5.0,3.8,NaN,0.0,5.0,4.0,NaN,0.0,5.0,3.6,NaN,0.0,5.0,NaN,NaN,NaN,24.0,32.7,NaN,0.0,5.0,9.7,NaN,0.0,5.0,67.7,NaN,0.0,5.0,35.1,NaN,0.0,5.0,NaN,NaN,NaN,24.0,336.0,NaN,0.0,5.0,70.0,1.0,1.0,0.0,-72.90527777777778,8.0,0.0,0.0,1.0,1.0,0.0,0.0,0.0,0.0,0.0,0.0,1.0,1.0,1.0,1.0,1.0,0.0,3.0,5.0,4.0,1.0,NaN,NaN,NaN
113.0,NaN,-0.75,0.0,98.0,NaN,-0.25,0.0,37.17,NaN,0.08714285714285706,4.0,101.0,NaN,-0.5,0.0,72.0,NaN,6.5,0.0,59.0,NaN,4.5,0.0,22.0,NaN,2.0,0.0,NaN,NaN,NaN,24.0,NaN,NaN,NaN,0.0,11.0,NaN,0.0,0.0,0.5,NaN,0.0,4.0,7.24,NaN,0.03500000000000014,0.0,28.0,NaN,-4.5,0.0,94.0,NaN,0.0,5.0,1100.0,NaN,76.33333333333333,0.0,25.0,NaN,-0.16666666666666666,0.0,956.0,NaN,-30.333333333333332,0.0,8.1,NaN,0.04999999999999997,0.0,112.0,NaN,-0.3333333333333333,0.0,1.4,NaN,0.016666666666666646,0.0,NaN,NaN,NaN,24.0,111.5,NaN,-43.25,0.0,10.4,NaN,0.6500000000000004,0.0,1.7,NaN,-0.05000000000000001,0.0,3.1,NaN,-0.11666666666666663,0.0,3.6,NaN,-0.06666666666666665,0.0,4.0,NaN,0.06666666666666665,0.0,NaN,NaN,NaN,24.0,29.1,NaN,-0.6000000000000002,0.0,9.0,NaN,-0.11666666666666654,0.0,67.7,NaN,0.0,6.0,49.9,NaN,2.4666666666666663,0.0,NaN,NaN,NaN,24.0,208.0,NaN,-21.333333333333332,0.0,70.0,1.0,1.0,0.0,-72.90527777777778,9.0,0.0,1.0,1.0,1.0,0.0,0.0,2.0,0.0,1.0,1.0,1.0,1.0,1.0,1.0,1.0,0.0,3.0,5.0,4.0,1.0,NaN,NaN,NaN
