101.0,NaN,NaN,24.0,94.0,NaN,NaN,24.0,36.78,NaN,NaN,24.0,110.0,NaN,NaN,24.0,79.0,NaN,NaN,24.0,72.0,NaN,NaN,24.0,27.0,NaN,NaN,24.0,NaN,NaN,NaN,24.0,NaN,NaN,NaN,24.0,NaN,NaN,NaN,24.0,NaN,NaN,NaN,24.0,NaN,NaN,NaN,24.0,NaN,NaN,NaN,24.0,NaN,NaN,NaN,24.0,NaN,NaN,NaN,24.0,NaN,NaN,NaN,24.0,NaN,NaN,NaN,24.0,NaN,NaN,NaN,24.0,NaN,NaN,NaN,24.0,NaN,NaN,NaN,24.0,NaN,NaN,NaN,24.0,NaN,NaN,NaN,24.0,NaN,NaN,NaN,24.0,NaN,NaN,NaN,24.0,NaN,NaN,NaN,24.0,NaN,NaN,NaN,24.0,NaN,NaN,NaN,24.0,NaN,NaN,NaN,24.0,NaN,NaN,NaN,24.0,NaN,NaN,NaN,24.0,NaN,NaN,NaN,24.0,NaN,NaN,NaN,24.0,NaN,NaN,NaN,24.0,NaN,NaN,NaN,24.0,81.0,0.0,1.0,0.0,0.0,1.0,0.0,1.0,1.0,0.0,0.0,0.0,0.0,0.0,0.0,0.0,1.0,0.0,1.0,1.0,0.0,0.0,NaN,5.0,4.0,2.0,NaN,NaN,NaN
103.0,NaN,2.0,0.0,93.0,NaN,-1.0,0.0,36.78,NaN,0.0,1.0,121.0,NaN,11.0,0.0,80.0,NaN,1.0,0.0,68.0,NaN,-4.0,0.0,25.0,NaN,-2.0,0.0,NaN,NaN,NaN,24.0,NaN,NaN,NaN,24.0,22.0,NaN,0.0,0.0,NaN,NaN,NaN,24.0,NaN,NaN,NaN,24.0,NaN,NaN,NaN,24.0,NaN,NaN,NaN,24.0,49.0,NaN,0.0,0.0,25.0,NaN,0.0,0.0,76.0,NaN,0.0,0.0,8.2,NaN,0.0,0.0,111.0,NaN,0.0,0.0,1.1,NaN,0.0,0.0,NaN,NaN,NaN,24.0,104.0,NaN,0.0,0.0,NaN,NaN,NaN,24.0,1.8,NaN,0.0,0.0,2.3,NaN,0.0,0.0,3.8,NaN,0.0,0.0,2.0,NaN,0.0,0.0,NaN,NaN,NaN,24.0,40.4,NaN,0.0,0.0,13.8,NaN,0.0,0.0,36.6,NaN,0.0,0.0,16.6,NaN,0.0,0.0,NaN,NaN,NaN,24.0,216.0,NaN,0.0,0.0,81.0,0.0,1.0,0.0,0.0,2.0,0.0,1.0,1.0,1.0,0.0,0.0,2.0,0.0,0.0,0.0,1.0,1.0,1.0,1.0,0.0,0.0,NaN,5.0,4.0,2.0,NaN,NaN,NaN
98.0,NaN,-5.0,0.0,92.0,NaN,-1.0,0.0,36.78,NaN,0.0,2.0,129.0,NaN,8.0,0.0,82.0,NaN,2.0,0.0,72.0,NaN,4.0,0.0,22.0,NaN,-3.0,0.0,NaN,NaN,NaN,24.0,NaN,NaN,NaN,24.0,22.0,NaN,0.0,1.0,NaN,NaN,NaN,24.0,NaN,NaN,NaN,24.0,NaN,NaN,NaN,24.0,NaN,NaN,NaN,24.0,49.0,NaN,0.0,1.0,25.0,NaN,0.0,1.0,76.0,NaN,0.0,1.0,8.2,NaN,0.0,1.0,111.0,NaN,0.0,1.0,1.1,NaN,0.0,1.0,NaN,NaN,NaN,24.0,104.0,NaN,0.0,1.0,1.3,NaN,0.0,0.0,1.8,NaN,0.0,1.0,2.3,NaN,0.0,1.0,3.8,NaN,0.0,1.0,2.0,NaN,0.0,1.0,NaN,NaN,NaN,24.0,40.4,NaN,0.0,1.0,13.8,NaN,0.0,1.0,36.6,NaN,0.0,1.0,16.6,NaN,0.0,1.0,NaN,NaN,NaN,24.0,216.0,NaN,0.0,1.0,81.0,0.0,1.0,0.0,0.0,3.0,0.0,1.0,1.0,1.0,0.0,0.0,0.0,0.0,0.0,0.0,1.0,1.0,1.0,1.0,0.0,0.0,NaN,5.0,4.0,2.0,NaN,NaN,NaN
104.0,NaN,6.0,0.0,94.0,NaN,2.0,0.0,36.78,NaN,0.0,3.0,136.0,NaN,7.0,0.0,85.0,NaN,3.0,0.0,71.0,NaN,-1.0,0.0,21.0,NaN,-1.0,0.0,NaN,NaN,NaN,24.0,NaN,NaN,NaN,24.0,22.0,NaN,0.0,2.0,NaN,NaN,NaN,24.0,NaN,NaN,NaN,24.0,NaN,NaN,NaN,24.0,NaN,NaN,NaN,24.0,49.0,NaN,0.0,2.0,25.0,NaN,0.0,2.0,76.0,NaN,0.0,2.0,8.2,NaN,0.0,2.0,111.0,NaN,0.0,2.0,1.1,NaN,0.0,2.0,NaN,NaN,NaN,24.0,104.0,NaN,0.0,2.0,1.3,NaN,0.0,1.0,1.8,NaN,0.0,2.0,2.3,NaN,0.0,2.0,3.8,NaN,0.0,2.0,2.0,NaN,0.0,2.0,NaN,NaN,NaN,24.0,40.4,NaN,0.0,2.0,13.8,NaN,0.0,2.0,36.6,NaN,0.0,2.0,16.6,NaN,0.0,2.0,NaN,NaN,NaN,24.0,216.0,NaN,0.0,2.0,81.0,0.0,1.0,0.0,0.0,4.0,0.0,1.0,1.0,1.0,0.0,0.0,0.0,0.0,0.0,0.0,1.0,1.0,1.0,1.0,0.0,0.0,NaN,5.0,4.0,2.0,NaN,NaN,NaN
110.0,NaN,6.0,0.0,93.0,NaN,-1.0,0.0,36.78,NaN,0.0,4.0,110.0,NaN,-26.0,0.0,80.0,NaN,-5.0,0.0,72.0,NaN,1.0,0.0,20.0,NaN,-1.0,0.0,NaN,NaN,NaN,24.0,NaN,NaN,NaN,24.0,22.0,NaN,0.0,3.0,NaN,NaN,NaN,24.0,NaN,NaN,NaN,24.0,NaN,NaN,NaN,24.0,NaN,NaN,NaN,24.0,49.0,NaN,0.0,3.0,25.0,NaN,0.0,3.0,76.0,NaN,0.0,3.0,8.2,NaN,0.0,3.0,111.0,NaN,0.0,3.0,1.1,NaN,0.0,3.0,NaN,NaN,NaN,24.0,104.0,NaN,0.0,3.0,1.3,NaN,0.0,2.0,1.8,NaN,0.0,3.0,2.3,NaN,0.0,3.0,3.8,NaN,0.0,3.0,2.0,NaN,0.0,3.0,NaN,NaN,NaN,24.0,40.4,NaN,0.0,3.0,13.8,NaN,0.0,3.0,36.6,NaN,0.0,3.0,16.6,NaN,0.0,3.0,NaN,NaN,NaN,24.0,216.0,NaN,0.0,3.0,81.0,0.0,1.0,0.0,0.0,5.0,0.0,0.0,1.0,1.0,0.0,0.0,0.0,0.0,0.0,0.0,1.0,1.0,1.0,1.0,0.0,0.0,NaN,5.0,4.0,2.0,NaN,NaN,NaN
116.0,NaN,6.0,0.0,97.0,NaN,4.0,0.0,36.78,NaN,0.0,5.0,117.0,NaN,7.0,0.0,90.0,NaN,10.0,0.0,83.0,NaN,11.0,0.0,22.0,NaN,2.0,0.0,NaN,NaN,NaN,24.0,NaN,NaN,NaN,24.0,22.0,NaN,0.0,4.0,NaN,NaN,NaN,24.0,NaN,NaN,NaN,24.0,NaN,NaN,NaN,24.0,NaN,NaN,NaN,24.0,49.0,NaN,0.0,4.0,25.0,NaN,0.0,4.0,76.0,NaN,0.0,4.0,8.2,NaN,0.0,4.0,111.0,NaN,0.0,4.0,1.1,NaN,0.0,4.0,NaN,NaN,NaN,24.0,104.0,NaN,0.0,4.0,1.3,NaN,0.0,3.0,1.8,NaN,0.0,4.0,2.3,NaN,0.0,4.0,3.8,NaN,0.0,4.0,2.0,NaN,0.0,4.0,NaN,NaN,NaN,24.0,40.4,NaN,0.0,4.0,13.8,NaN,0.0,4.0,36.6,NaN,0.0,4.0,16.6,NaN,0.0,4.0,NaN,NaN,NaN,24.0,216.0,NaN,0.0,4.0,81.0,0.0,1.0,0.0,0.0,6.0,0.0,1.0,1.0,1.0,0.0,0.0,0.0,0.0,0.0,0.0,1.0,1.0,1.0,1.0,0.0,0.0,NaN,5.0,4.0,2.0,NaN,NaN,NaN
109.0,NaN,-7.0,0.0,93.0,NaN,-4.0,0.0,36.78,NaN,0.0,6.0,114.0,NaN,-3.0,0.0,81.0,NaN,-9.0,0.0,70.0,NaN,-13.0,0.0,20.0,NaN,-2.0,0.0,NaN,NaN,NaN,24.0,NaN,NaN,NaN,24.0,22.0,NaN,0.0,5.0,NaN,NaN,NaN,24.0,NaN,NaN,NaN,24.0,NaN,NaN,NaN,24.0,NaN,NaN,NaN,24.0,49.0,NaN,0.0,5.0,25.0,NaN,0.0,5.0,76.0,NaN,0.0,5.0,8.2,NaN,0.0,5.0,111.0,NaN,0.0,5.0,1.1,NaN,0.0,5.0,NaN,NaN,NaN,24.0,104.0,NaN,0.0,5.0,1.3,NaN,0.0,4.0,1.8,NaN,0.0,5.0,2.3,NaN,0.0,5.0,3.8,NaN,0.0,5.0,2.0,NaN,0.0,5.0,NaN,NaN,NaN,24.0,40.4,NaN,0.0,5.0,13.8,NaN,0.0,5.0,36.6,NaN,0.0,5.0,16.6,NaN,0.0,5.0,NaN,NaN,NaN,24.0,216.0,NaN,0.0,5.0,81.0,0.0,1.0,0.0,0.0,7.0,0.0,0.0,1.0,1.0,0.0,0.0,0.0,0.0,0.0,0.0,1.0,1.0,1.0,1.0,0.0,0.0,NaN,5.0,4.0,2.0,NaN,NaN,NaN
107.0,NaN,-2.0,0.0,93.0,NaN,0.0,0.0,36.78,NaN,0.0,7.0,83.0,NaN,-31.0,0.0,57.0,NaN,-24.0,0.0,47.0,NaN,-23.0,0.0,21.0,NaN,1.0,0.0,NaN,NaN,NaN,24.0,NaN,NaN,NaN,24.0,22.0,NaN,0.0,6.0,NaN,NaN,NaN,24.0,NaN,NaN,NaN,24.0,NaN,NaN,NaN,24.0,NaN,NaN,NaN,24.0,49.0,NaN,0.0,6.0,25.0,NaN,0.0,6.0,76.0,NaN,0.0,6.0,8.2,NaN,0.0,6.0,111.0,NaN,0.0,6.0,1.1,NaN,0.0,6.0,NaN,NaN,NaN,24.0,104.0,NaN,0.0,6.0,1.3,NaN,0.0,5.0,1.8,NaN,0.0,6.0,2.3,NaN,0.0,6.0,3.8,NaN,0.0,6.0,2.0,NaN,0.0,6.0,NaN,NaN,NaN,24.0,40.4,NaN,0.0,6.0,13.8,NaN,0.0,6.0,36.6,NaN,0.0,6.0,16.6,NaN,0.0,6.0,NaN,NaN,NaN,24.0,216.0,NaN,0.0,6.0,81.0,0.0,1.0,0.0,0.0,8.0,0.0,1.0,1.0,1.0,0.0,0.0,0.0,1.0,0.0,0.0,1.0,1.0,1.0,1.0,0.0,0.0,NaN,5.0,4.0,2.0,NaN,NaN,NaN
108.0,NaN,1.0,0.0,93.0,NaN,0.0,0.0,36.83,NaN,0.006249999999999645,0.0,115.0,NaN,32.0,0.0,93.0,NaN,36.0,0.0,87.0,NaN,40.0,0.0,20.0,NaN,-1.0,0.0,NaN,NaN,NaN,24.0,NaN,NaN,NaN,24.0,22.0,NaN,0.0,7.0,NaN,NaN,NaN,24.0,NaN,NaN,NaN,24.0,NaN,NaN,NaN,24.0,NaN,NaN,NaN,24.0,49.0,NaN,0.0,7.0,25.0,NaN,0.0,7.0,76.0,NaN,0.0,7.0,8.2,NaN,0.0,7.0,111.0,NaN,0.0,7.0,1.1,NaN,0.0,7.0,NaN,NaN,NaN,24.0,104.0,NaN,0.0,7.0,1.3,NaN,0.0,6.0,1.8,NaN,0.0,7.0,2.3,NaN,0.0,7.0,3.8,NaN,0.0,7.0,2.0,NaN,0.0,7.0,NaN,NaN,NaN,24.0,40.4,NaN,0.0,7.0,13.8,NaN,0.0,7.0,36.6,NaN,0.0,7.0,16.6,NaN,0.0,7.0,NaN,NaN,NaN,24.0,216.0,NaN,0.0,7.0,81.0,0.0,1.0,0.0,0.0,9.0,0.0,0.0,1.0,1.0,0.0,0.0,0.0,0.0,0.0,0.0,1.0,1.0,1.0,1.0,0.0,0.0,NaN,5.0,4.0,2.0,NaN,NaN,NaN
