108.0,NaN,NaN,24.0,93.0,NaN,NaN,24.0,36.67,NaN,NaN,24.0,154.0,NaN,NaN,24.0,97.0,NaN,NaN,24.0,79.0,NaN,NaN,24.0,26.0,NaN,NaN,24.0,NaN,NaN,NaN,24.0,NaN,NaN,NaN,24.0,NaN,NaN,NaN,24.0,NaN,NaN,NaN,24.0,NaN,NaN,NaN,24.0,NaN,NaN,NaN,24.0,NaN,NaN,NaN,24.0,NaN,NaN,NaN,24.0,NaN,NaN,NaN,24.0,NaN,NaN,NaN,24.0,NaN,NaN,NaN,24.0,NaN,NaN,NaN,24.0,NaN,NaN,NaN,24.0,NaN,NaN,NaN,24.0,NaN,NaN,NaN,24.0,NaN,NaN,NaN,24.0,NaN,NaN,NaN,24.0,NaN,NaN,NaN,24.0,NaN,NaN,NaN,24.0,NaN,NaN,NaN,24.0,NaN,NaN,NaN,24.0,NaN,NaN,NaN,24.0,NaN,NaN,NaN,24.0,NaN,NaN,NaN,24.0,NaN,NaN,NaN,24.0,NaN,NaN,NaN,24.0,NaN,NaN,NaN,24.0,66.0,1.0,1.0,0.0,-9.615,1.0,0.0,1.0,1.0,0.0,0.0,0.0,0.0,0.0,0.0,0.0,1.0,0.0,0.0,0.0,0.0,0.0,NaN,NaN,NaN,16.0,NaN,NaN,NaN
104.0,NaN,-4.0,0.0,92.0,NaN,-1.0,0.0,36.78,NaN,0.10999999999999943,0.0,152.0,NaN,-2.0,0.0,97.0,NaN,0.0,0.0,81.0,NaN,2.0,0.0,20.0,NaN,-6.0,0.0,NaN,NaN,NaN,24.0,NaN,NaN,NaN,24.0,NaN,NaN,NaN,24.0,NaN,NaN,NaN,24.0,NaN,NaN,NaN,24.0,NaN,NaN,NaN,24.0,NaN,NaN,NaN,24.0,NaN,NaN,NaN,24.0,NaN,NaN,NaN,24.0,NaN,NaN,NaN,24.0,NaN,NaN,NaN,24.0,NaN,NaN,NaN,24.0,NaN,NaN,NaN,24.0,NaN,NaN,NaN,24.0,NaN,NaN,NaN,24.0,NaN,NaN,NaN,24.0,NaN,NaN,NaN,24.0,NaN,NaN,NaN,24.0,NaN,NaN,NaN,24.0,NaN,NaN,NaN,24.0,NaN,NaN,NaN,24.0,NaN,NaN,NaN,24.0,NaN,NaN,NaN,24.0,NaN,NaN,NaN,24.0,NaN,NaN,NaN,24.0,NaN,NaN,NaN,24.0,NaN,NaN,NaN,24.0,66.0,1.0,1.0,0.0,-9.615,2.0,0.0,0.0,1.0,0.0,0.0,0.0,0.0,0.0,0.0,0.0,1.0,0.0,0.0,0.0,0.0,0.0,NaN,NaN,NaN,16.0,NaN,NaN,NaN
97.0,NaN,-7.0,0.0,96.0,NaN,4.0,0.0,36.72,NaN,-0.060000000000002274,0.0,163.0,NaN,11.0,0.0,102.0,NaN,5.0,0.0,85.0,NaN,4.0,0.0,18.0,NaN,-2.0,0.0,NaN,NaN,NaN,24.0,NaN,NaN,NaN,24.0,NaN,NaN,NaN,24.0,NaN,NaN,NaN,24.0,NaN,NaN,NaN,24.0,NaN,NaN,NaN,24.0,NaN,NaN,NaN,24.0,NaN,NaN,NaN,24.0,NaN,NaN,NaN,24.0,NaN,NaN,NaN,24.0,NaN,NaN,NaN,24.0,NaN,NaN,NaN,24.0,NaN,NaN,NaN,24.0,NaN,NaN,NaN,24.0,NaN,NaN,NaN,24.0,NaN,NaN,NaN,24.0,NaN,NaN,NaN,24.0,NaN,NaN,NaN,24.0,NaN,NaN,NaN,24.0,NaN,NaN,NaN,24.0,NaN,NaN,NaN,24.0,NaN,NaN,NaN,24.0,NaN,NaN,NaN,24.0,NaN,NaN,NaN,24.0,NaN,NaN,NaN,24.0,NaN,NaN,NaN,24.0,NaN,NaN,NaN,24.0,66.0,1.0,1.0,0.0,-9.615,3.0,0.0,0.0,1.0,0.0,0.0,0.0,0.0,0.0,0.0,0.0,1.0,0.0,0.0,0.0,0.0,0.0,NaN,NaN,NaN,16.0,NaN,NaN,NaN
94.0,NaN,-3.0,0.0,93.0,NaN,-3.0,0.0,36.83,NaN,0.10999999999999943,0.0,146.0,NaN,-17.0,0.0,97.0,NaN,-5.0,0.0,84.0,NaN,-1.0,0.0,8.0,NaN,-10.0,0.0,NaN,NaN,NaN,24.0,NaN,NaN,NaN,24.0,NaN,NaN,NaN,24.0,NaN,NaN,NaN,24.0,NaN,NaN,NaN,24.0,NaN,NaN,NaN,24.0,NaN,NaN,NaN,24.0,NaN,NaN,NaN,24.0,NaN,NaN,NaN,24.0,NaN,NaN,NaN,24.0,NaN,NaN,NaN,24.0,NaN,NaN,NaN,24.0,NaN,NaN,NaN,24.0,NaN,NaN,NaN,24.0,NaN,NaN,NaN,24.0,NaN,NaN,NaN,24.0,NaN,NaN,NaN,24.0,NaN,NaN,NaN,24.0,NaN,NaN,NaN,24.0,NaN,NaN,NaN,24.0,NaN,NaN,NaN,24.0,NaN,NaN,NaN,24.0,NaN,NaN,NaN,24.0,NaN,NaN,NaN,24.0,NaN,NaN,NaN,24.0,NaN,NaN,NaN,24.0,NaN,NaN,NaN,24.0,66.0,1.0,1.0,0.0,-9.615,4.0,0.0,0.0,1.0,0.0,0.0,0.0,0.0,0.0,0.0,0.0,1.0,0.0,0.0,0.0,0.0,0.0,NaN,NaN,NaN,16.0,NaN,NaN,NaN
91.0,NaN,-3.0,0.0,94.0,NaN,1.0,0.0,36.83,NaN,0.054999999999999716,1.0,143.0,NaN,-3.0,0.0,90.0,NaN,-7.0,0.0,76.0,NaN,-8.0,0.0,17.0,NaN,9.0,0.0,NaN,NaN,NaN,24.0,NaN,NaN,NaN,24.0,NaN,NaN,NaN,24.0,NaN,NaN,NaN,24.0,NaN,NaN,NaN,24.0,NaN,NaN,NaN,24.0,NaN,NaN,NaN,24.0,NaN,NaN,NaN,24.0,NaN,NaN,NaN,24.0,NaN,NaN,NaN,24.0,NaN,NaN,NaN,24.0,NaN,NaN,NaN,24.0,NaN,NaN,NaN,24.0,NaN,NaN,NaN,24.0,NaN,NaN,NaN,24.0,NaN,NaN,NaN,24.0,NaN,NaN,NaN,24.0,NaN,NaN,NaN,24.0,NaN,NaN,NaN,24.0,NaN,NaN,NaN,24.0,NaN,NaN,NaN,24.0,NaN,NaN,NaN,24.0,NaN,NaN,NaN,24.0,NaN,NaN,NaN,24.0,NaN,NaN,NaN,24.0,NaN,NaN,NaN,24.0,NaN,NaN,NaN,24.0,66.0,1.0,1.0,0.0,-9.615,5.0,0.0,0.0,1.0,0.0,0.0,0.0,0.0,0.0,0.0,0.0,1.0,0.0,0.0,0.0,0.0,0.0,NaN,NaN,NaN,16.0,NaN,NaN,NaN
91.0,NaN,0.0,0.0,95.0,NaN,1.0,0.0,36.83,NaN,0.03666666666666648,2.0,147.0,NaN,4.0,0.0,96.0,NaN,6.0,0.0,80.0,NaN,4.0,0.0,14.0,NaN,-3.0,0.0,NaN,NaN,NaN,24.0,NaN,NaN,NaN,24.0,23.0,NaN,0.0,0.0,NaN,NaN,NaN,24.0,NaN,NaN,NaN,24.0,NaN,NaN,NaN,24.0,NaN,NaN,NaN,24.0,NaN,NaN,NaN,24.0,20.0,NaN,0.0,0.0,NaN,NaN,NaN,24.0,9.1,NaN,0.0,0.0,105.0,NaN,0.0,0.0,0.8,NaN,0.0,0.0,NaN,NaN,NaN,24.0,138.0,NaN,0.0,0.0,NaN,NaN,NaN,24.0,2.1,NaN,0.0,0.0,3.1,NaN,0.0,0.0,4.2,NaN,0.0,0.0,NaN,NaN,NaN,24.0,NaN,NaN,NaN,24.0,39.4,NaN,0.0,0.0,13.8,NaN,0.0,0.0,45.0,NaN,0.0,0.0,6.3,NaN,0.0,0.0,NaN,NaN,NaN,24.0,160.0,NaN,0.0,0.0,66.0,1.0,1.0,0.0,-9.615,6.0,0.0,0.0,1.0,0.0,0.0,0.0,0.0,0.0,0.0,0.0,1.0,0.0,0.0,0.0,0.0,0.0,NaN,NaN,NaN,16.0,NaN,NaN,NaN
96.0,NaN,5.0,0.0,98.0,NaN,3.0,0.0,36.83,NaN,0.0,0.0,151.0,NaN,4.0,0.0,103.0,NaN,7.0,0.0,91.0,NaN,11.0,0.0,22.0,NaN,8.0,0.0,NaN,NaN,NaN,24.0,NaN,NaN,NaN,24.0,23.0,NaN,0.0,1.0,NaN,NaN,NaN,24.0,NaN,NaN,NaN,24.0,NaN,NaN,NaN,24.0,NaN,NaN,NaN,24.0,NaN,NaN,NaN,24.0,20.0,NaN,0.0,1.0,NaN,NaN,NaN,24.0,9.1,NaN,0.0,1.0,105.0,NaN,0.0,1.0,0.8,NaN,0.0,1.0,NaN,NaN,NaN,24.0,138.0,NaN,0.0,1.0,NaN,NaN,NaN,24.0,2.1,NaN,0.0,1.0,3.1,NaN,0.0,1.0,4.2,NaN,0.0,1.0,NaN,NaN,NaN,24.0,NaN,NaN,NaN,24.0,39.4,NaN,0.0,1.0,13.8,NaN,0.0,1.0,45.0,NaN,0.0,1.0,6.3,NaN,0.0,1.0,NaN,NaN,NaN,24.0,160.0,NaN,0.0,1.0,66.0,1.0,1.0,0.0,-9.615,7.0,0.0,1.0,1.0,0.0,0.0,0.0,0.0,0.0,0.0,0.0,1.0,0.0,0.0,0.0,0.0,0.0,NaN,NaN,NaN,16.0,NaN,NaN,NaN
76.0,NaN,-20.0,0.0,97.0,NaN,-1.0,0.0,36.83,NaN,0.0,1.0,161.0,NaN,10.0,0.0,113.0,NaN,10.0,0.0,99.0,NaN,8.0,0.0,13.0,NaN,-9.0,0.0,NaN,NaN,NaN,24.0,NaN,NaN,NaN,24.0,23.0,NaN,0.0,2.0,NaN,NaN,NaN,24.0,NaN,NaN,NaN,24.0,NaN,NaN,NaN,24.0,NaN,NaN,NaN,24.0,NaN,NaN,NaN,24.0,20.0,NaN,0.0,2.0,NaN,NaN,NaN,24.0,9.1,NaN,0.0,2.0,105.0,NaN,0.0,2.0,0.8,NaN,0.0,2.0,NaN,NaN,NaN,24.0,138.0,NaN,0.0,2.0,NaN,NaN,NaN,24.0,2.1,NaN,0.0,2.0,3.1,NaN,0.0,2.0,4.2,NaN,0.0,2.0,NaN,NaN,NaN,24.0,NaN,NaN,NaN,24.0,39.4,NaN,0.0,2.0,13.8,NaN,0.0,2.0,45.0,NaN,0.0,2.0,6.3,NaN,0.0,2.0,NaN,NaN,NaN,24.0,160.0,NaN,0.0,2.0,66.0,1.0,1.0,0.0,-9.615,8.0,0.0,0.0,0.0,0.0,0.0,0.0,0.0,0.0,0.0,0.0,1.0,0.0,0.0,0.0,0.0,0.0,NaN,NaN,NaN,16.0,NaN,NaN,NaN
84.0,NaN,8.0,0.0,95.0,NaN,-2.0,0.0,36.83,NaN,0.0,2.0,164.0,NaN,3.0,0.0,103.0,NaN,-10.0,0.0,87.0,NaN,-12.0,0.0,12.0,NaN,-1.0,0.0,NaN,NaN,NaN,24.0,NaN,NaN,NaN,24.0,23.0,NaN,0.0,3.0,NaN,NaN,NaN,24.0,NaN,NaN,NaN,24.0,NaN,NaN,NaN,24.0,NaN,NaN,NaN,24.0,NaN,NaN,NaN,24.0,20.0,NaN,0.0,3.0,NaN,NaN,NaN,24.0,9.1,NaN,0.0,3.0,105.0,NaN,0.0,3.0,0.8,NaN,0.0,3.0,NaN,NaN,NaN,24.0,138.0,NaN,0.0,3.0,NaN,NaN,NaN,24.0,2.1,NaN,0.0,3.0,3.1,NaN,0.0,3.0,4.2,NaN,0.0,3.0,NaN,NaN,NaN,24.0,NaN,NaN,NaN,24.0,39.4,NaN,0.0,3.0,13.8,NaN,0.0,3.0,45.0,NaN,0.0,3.0,6.3,NaN,0.0,3.0,NaN,NaN,NaN,24.0,160.0,NaN,0.0,3.0,66.0,1.0,1.0,0.0,-9.615,9.0,0.0,0.0,0.0,0.0,0.0,0.0,0.0,0.0,0.0,0.0,1.0,0.0,0.0,0.0,0.0,0.0,NaN,NaN,NaN,16.0,NaN,NaN,NaN
84.0,NaN,0.0,0.0,96.0,NaN,1.0,0.0,36.83,NaN,0.0,3.0,152.0,NaN,-12.0,0.0,120.0,NaN,17.0,0.0,112.0,NaN,25.0,0.0,13.0,NaN,1.0,0.0,NaN,NaN,NaN,24.0,NaN,NaN,NaN,24.0,23.0,NaN,0.0,4.0,NaN,NaN,NaN,24.0,NaN,NaN,NaN,24.0,NaN,NaN,NaN,24.0,NaN,NaN,NaN,24.0,NaN,NaN,NaN,24.0,20.0,NaN,0.0,4.0,NaN,NaN,NaN,24.0,9.1,NaN,0.0,4.0,105.0,NaN,0.0,4.0,0.8,NaN,0.0,4.0,NaN,NaN,NaN,24.0,138.0,NaN,0.0,4.0,NaN,NaN,NaN,24.0,2.1,NaN,0.0,4.0,3.1,NaN,0.0,4.0,4.2,NaN,0.0,4.0,NaN,NaN,NaN,24.0,NaN,NaN,NaN,24.0,39.4,NaN,0.0,4.0,13.8,NaN,0.0,4.0,45.0,NaN,0.0,4.0,6.3,NaN,0.0,4.0,NaN,NaN,NaN,24.0,160.0,NaN,0.0,4.0,66.0,1.0,1.0,0.0,-9.615,10.0,0.0,0.0,0.0,0.0,0.0,0.0,0.0,0.0,0.0,0.0,1.0,0.0,0.0,0.0,0.0,0.0,NaN,NaN,NaN,16.0,NaN,NaN,NaN
86.0,NaN,2.0,0.0,94.0,NaN,-2.0,0.0,36.5,NaN,-0.08249999999999957,0.0,165.0,NaN,13.0,0.0,107.0,NaN,-13.0,0.0,92.0,NaN,-20.0,0.0,18.0,NaN,5.0,0.0,NaN,NaN,NaN,24.0,NaN,NaN,NaN,24.0,23.0,NaN,0.0,5.0,NaN,NaN,NaN,24.0,NaN,NaN,NaN,24.0,NaN,NaN,NaN,24.0,NaN,NaN,NaN,24.0,NaN,NaN,NaN,24.0,20.0,NaN,0.0,5.0,NaN,NaN,NaN,24.0,9.1,NaN,0.0,5.0,105.0,NaN,0.0,5.0,0.8,NaN,0.0,5.0,NaN,NaN,NaN,24.0,138.0,NaN,0.0,5.0,NaN,NaN,NaN,24.0,2.1,NaN,0.0,5.0,3.1,NaN,0.0,5.0,4.2,NaN,0.0,5.0,NaN,NaN,NaN,24.0,NaN,NaN,NaN,24.0,39.4,NaN,0.0,5.0,13.8,NaN,0.0,5.0,45.0,NaN,0.0,5.0,6.3,NaN,0.0,5.0,NaN,NaN,NaN,24.0,160.0,NaN,0.0,5.0,66.0,1.0,1.0,0.0,-9.615,11.0,0.0,0.0,0.0,0.0,0.0,0.0,0.0,0.0,0.0,0.0,1.0,0.0,0.0,0.0,0.0,0.0,NaN,NaN,NaN,16.0,NaN,NaN,NaN
87.0,NaN,1.0,0.0,95.0,NaN,1.0,0.0,36.5,NaN,-0.06599999999999966,1.0,166.0,NaN,1.0,0.0,111.0,NaN,4.0,0.0,94.0,NaN,2.0,0.0,19.0,NaN,1.0,0.0,NaN,NaN,NaN,24.0,NaN,NaN,NaN,24.0,23.0,NaN,0.0,6.0,NaN,NaN,NaN,24.0,NaN,NaN,NaN,24.0,NaN,NaN,NaN,24.0,NaN,NaN,NaN,24.0,NaN,NaN,NaN,24.0,20.0,NaN,0.0,6.0,NaN,NaN,NaN,24.0,9.1,NaN,0.0,6.0,105.0,NaN,0.0,6.0,0.8,NaN,0.0,6.0,NaN,NaN,NaN,24.0,138.0,NaN,0.0,6.0,NaN,NaN,NaN,24.0,2.1,NaN,0.0,6.0,3.1,NaN,0.0,6.0,4.2,NaN,0.0,6.0,NaN,NaN,NaN,24.0,NaN,NaN,NaN,24.0,39.4,NaN,0.0,6.0,13.8,NaN,0.0,6.0,45.0,NaN,0.0,6.0,6.3,NaN,0.0,6.0,NaN,NaN,NaN,24.0,160.0,NaN,0.0,6.0,66.0,1.0,1.0,0.0,-9.615,12.0,0.0,0.0,0.0,0.0,0.0,0.0,0.0,0.0,0.0,0.0,1.0,0.0,0.0,0.0,0.0,0.0,NaN,NaN,NaN,16.0,NaN,NaN,NaN
87.0,NaN,0.0,0.0,94.0,NaN,-1.0,0.0,36.5,NaN,-0.054999999999999716,2.0,166.0,NaN,0.5,1.0,111.0,NaN,2.0,1.0,94.0,NaN,1.0,1.0,17.0,NaN,-2.0,0.0,NaN,NaN,NaN,24.0,NaN,NaN,NaN,24.0,23.0,NaN,0.0,7.0,NaN,NaN,NaN,24.0,NaN,NaN,NaN,24.0,NaN,NaN,NaN,24.0,NaN,NaN,NaN,24.0,NaN,NaN,NaN,24.0,20.0,NaN,0.0,7.0,NaN,NaN,NaN,24.0,9.1,NaN,0.0,7.0,105.0,NaN,0.0,7.0,0.8,NaN,0.0,7.0,NaN,NaN,NaN,24.0,138.0,NaN,0.0,7.0,NaN,NaN,NaN,24.0,2.1,NaN,0.0,7.0,3.1,NaN,0.0,7.0,4.2,NaN,0.0,7.0,NaN,NaN,NaN,24.0,NaN,NaN,NaN,24.0,39.4,NaN,0.0,7.0,13.8,NaN,0.0,7.0,45.0,NaN,0.0,7.0,6.3,NaN,0.0,7.0,NaN,NaN,NaN,24.0,160.0,NaN,0.0,7.0,66.0,1.0,1.0,0.0,-9.615,13.0,0.0,0.0,0.0,0.0,0.0,0.0,0.0,0.0,0.0,0.0,1.0,0.0,0.0,0.0,0.0,0.0,NaN,NaN,NaN,16.0,NaN,NaN,NaN
93.0,NaN,6.0,0.0,94.0,NaN,0.0,0.0,36.5,NaN,-0.047142857142856896,3.0,97.0,NaN,-34.5,0.0,74.0,NaN,-18.5,0.0,66.0,NaN,-14.0,0.0,17.0,NaN,0.0,0.0,NaN,NaN,NaN,24.0,NaN,NaN,NaN,24.0,23.0,NaN,0.0,8.0,NaN,NaN,NaN,24.0,NaN,NaN,NaN,24.0,NaN,NaN,NaN,24.0,NaN,NaN,NaN,24.0,NaN,NaN,NaN,24.0,20.0,NaN,0.0,8.0,NaN,NaN,NaN,24.0,9.1,NaN,0.0,8.0,105.0,NaN,0.0,8.0,0.8,NaN,0.0,8.0,NaN,NaN,NaN,24.0,138.0,NaN,0.0,8.0,NaN,NaN,NaN,24.0,2.1,NaN,0.0,8.0,3.1,NaN,0.0,8.0,4.2,NaN,0.0,8.0,NaN,NaN,NaN,24.0,NaN,NaN,NaN,24.0,39.4,NaN,0.0,8.0,13.8,NaN,0.0,8.0,45.0,NaN,0.0,8.0,6.3,NaN,0.0,8.0,NaN,NaN,NaN,24.0,160.0,NaN,0.0,8.0,66.0,1.0,1.0,0.0,-9.615,14.0,0.0,0.0,1.0,0.0,0.0,0.0,0.0,0.0,0.0,0.0,1.0,0.0,0.0,0.0,0.0,0.0,NaN,NaN,NaN,16.0,NaN,NaN,NaN
93.0,NaN,3.0,1.0,94.0,NaN,0.0,1.0,36.5,NaN,-0.04124999999999979,4.0,97.0,NaN,-23.0,1.0,74.0,NaN,-12.333333333333334,1.0,66.0,NaN,-9.333333333333334,1.0,17.0,NaN,0.0,1.0,NaN,NaN,NaN,24.0,NaN,NaN,NaN,24.0,23.0,NaN,0.0,9.0,NaN,NaN,NaN,24.0,NaN,NaN,NaN,24.0,NaN,NaN,NaN,24.0,NaN,NaN,NaN,24.0,NaN,NaN,NaN,24.0,20.0,NaN,0.0,9.0,NaN,NaN,NaN,24.0,9.1,NaN,0.0,9.0,105.0,NaN,0.0,9.0,0.8,NaN,0.0,9.0,NaN,NaN,NaN,24.0,138.0,NaN,0.0,9.0,NaN,NaN,NaN,24.0,2.1,NaN,0.0,9.0,3.1,NaN,0.0,9.0,4.2,NaN,0.0,9.0,NaN,NaN,NaN,24.0,NaN,NaN,NaN,24.0,39.4,NaN,0.0,9.0,13.8,NaN,0.0,9.0,45.0,NaN,0.0,9.0,6.3,NaN,0.0,9.0,NaN,NaN,NaN,24.0,160.0,NaN,0.0,9.0,66.0,1.0,1.0,0.0,-9.615,15.0,0.0,0.0,1.0,0.0,0.0,0.0,0.0,0.0,0.0,0.0,1.0,0.0,0.0,0.0,0.0,0.0,NaN,NaN,NaN,16.0,NaN,NaN,NaN
93.0,NaN,2.0,2.0,94.0,NaN,0.0,2.0,36.5,NaN,-0.03666666666666648,5.0,97.0,NaN,-17.25,2.0,74.0,NaN,-9.25,2.0,66.0,NaN,-7.0,2.0,17.0,NaN,0.0,2.0,NaN,NaN,NaN,24.0,NaN,NaN,NaN,24.0,23.0,NaN,0.0,10.0,NaN,NaN,NaN,24.0,NaN,NaN,NaN,24.0,NaN,NaN,NaN,24.0,NaN,NaN,NaN,24.0,NaN,NaN,NaN,24.0,20.0,NaN,0.0,10.0,NaN,NaN,NaN,24.0,9.1,NaN,0.0,10.0,105.0,NaN,0.0,10.0,0.8,NaN,0.0,10.0,NaN,NaN,NaN,24.0,138.0,NaN,0.0,10.0,NaN,NaN,NaN,24.0,2.1,NaN,0.0,10.0,3.1,NaN,0.0,10.0,4.2,NaN,0.0,10.0,NaN,NaN,NaN,24.0,NaN,NaN,NaN,24.0,39.4,NaN,0.0,10.0,13.8,NaN,0.0,10.0,45.0,NaN,0.0,10.0,6.3,NaN,0.0,10.0,NaN,NaN,NaN,24.0,160.0,NaN,0.0,10.0,66.0,1.0,1.0,0.0,-9.615,16.0,0.0,0.0,1.0,0.0,0.0,0.0,0.0,0.0,0.0,0.0,1.0,0.0,0.0,0.0,0.0,0.0,NaN,NaN,NaN,16.0,NaN,NaN,NaN
