81.0,NaN,NaN,24.0,100.0,NaN,NaN,24.0,35.39,NaN,NaN,24.0,106.0,NaN,NaN,24.0,84.0,NaN,NaN,24.0,77.0,NaN,NaN,24.0,16.0,NaN,NaN,24.0,NaN,NaN,NaN,24.0,NaN,NaN,NaN,24.0,NaN,NaN,NaN,24.0,NaN,NaN,NaN,24.0,NaN,NaN,NaN,24.0,NaN,NaN,NaN,24.0,NaN,NaN,NaN,24.0,NaN,NaN,NaN,24.0,NaN,NaN,NaN,24.0,NaN,NaN,NaN,24.0,NaN,NaN,NaN,24.0,NaN,NaN,NaN,24.0,NaN,NaN,NaN,24.0,NaN,NaN,NaN,24.0,NaN,NaN,NaN,24.0,NaN,NaN,NaN,24.0,NaN,NaN,NaN,24.0,NaN,NaN,NaN,24.0,NaN,NaN,NaN,24.0,NaN,NaN,NaN,24.0,NaN,NaN,NaN,24.0,NaN,NaN,NaN,24.0,NaN,NaN,NaN,24.0,NaN,NaN,NaN,24.0,NaN,NaN,NaN,24.0,NaN,NaN,NaN,24.0,NaN,NaN,NaN,24.0,37.0,1.0,0.0,1.0,-1.5833333333333333,1.0,1.0,0.0,0.0,0.0,0.0,0.0,0.0,0.0,0.0,0.0,1.0,0.0,0.0,NaN,0.0,0.0,NaN,NaN,NaN,NaN,NaN,NaN,NaN
79.5,NaN,-1.5,0.0,100.0,NaN,0.0,0.0,35.61,NaN,0.21999999999999886,0.0,97.3333333333333,NaN,-8.6666666666667,0.0,72.0,NaN,-12.0,0.0,64.6666666666667,NaN,-12.3333333333333,0.0,19.2,NaN,3.1999999999999993,0.0,NaN,NaN,NaN,24.0,NaN,NaN,NaN,24.0,22.0,NaN,0.0,0.0,0.5,NaN,0.0,0.0,NaN,NaN,NaN,24.0,NaN,NaN,NaN,24.0,NaN,NaN,NaN,24.0,65.0,NaN,0.0,0.0,10.0,NaN,0.0,0.0,39.0,NaN,0.0,0.0,8.2,NaN,0.0,0.0,102.0,NaN,0.0,0.0,0.8,NaN,0.0,0.0,NaN,NaN,NaN,24.0,149.0,NaN,0.0,0.0,NaN,NaN,NaN,24.0,1.6,NaN,0.0,0.0,4.1,NaN,0.0,0.0,4.6,NaN,0.0,0.0,0.3,NaN,0.0,0.0,NaN,NaN,NaN,24.0,39.4,NaN,0.0,0.0,15.0,NaN,0.0,0.0,NaN,NaN,NaN,24.0,11.3,NaN,0.0,0.0,NaN,NaN,NaN,24.0,188.0,NaN,0.0,0.0,37.0,1.0,0.0,1.0,-1.5833333333333333,2.0,1.0,0.0,0.0,0.0,2.0,0.0,0.0,0.0,0.0,0.0,0.0,0.0,0.0,NaN,0.0,0.0,NaN,NaN,NaN,NaN,NaN,NaN,NaN
73.75,NaN,-5.75,0.0,100.0,NaN,0.0,0.0,35.83,NaN,0.21999999999999886,0.0,101.0,NaN,3.6666666666667,0.0,73.75,NaN,1.75,0.0,66.25,NaN,1.5833333333333002,0.0,18.5,NaN,-0.6999999999999993,0.0,NaN,NaN,NaN,24.0,NaN,NaN,NaN,24.0,22.0,NaN,0.0,1.0,0.5,NaN,0.0,1.0,NaN,NaN,NaN,24.0,NaN,NaN,NaN,24.0,NaN,NaN,NaN,24.0,65.0,NaN,0.0,1.0,10.0,NaN,0.0,1.0,39.0,NaN,0.0,1.0,8.2,NaN,0.0,1.0,102.0,NaN,0.0,1.0,0.8,NaN,0.0,1.0,NaN,NaN,NaN,24.0,149.0,NaN,0.0,1.0,NaN,NaN,NaN,24.0,1.6,NaN,0.0,1.0,4.1,NaN,0.0,1.0,4.6,NaN,0.0,1.0,0.3,NaN,0.0,1.0,NaN,NaN,NaN,24.0,39.4,NaN,0.0,1.0,15.0,NaN,0.0,1.0,NaN,NaN,NaN,24.0,11.3,NaN,0.0,1.0,NaN,NaN,NaN,24.0,188.0,NaN,0.0,1.0,37.0,1.0,0.0,1.0,-1.5833333333333333,3.0,1.0,0.0,0.0,0.0,0.0,0.0,0.0,0.0,0.0,0.0,1.0,0.0,0.0,NaN,0.0,0.0,NaN,NaN,NaN,NaN,NaN,NaN,NaN
75.0,NaN,1.25,0.0,100.0,NaN,0.0,0.0,35.83,NaN,0.10999999999999943,1.0,103.0,NaN,2.0,0.0,81.0,NaN,7.25,0.0,76.0,NaN,9.75,0.0,18.0,NaN,-0.5,0.0,NaN,NaN,NaN,24.0,-2.0,NaN,0.0,0.0,22.0,NaN,0.0,2.0,0.4,NaN,-0.04999999999999999,0.0,7.37,NaN,0.0,0.0,38.0,NaN,0.0,0.0,97.0,NaN,0.0,0.0,65.0,NaN,0.0,2.0,10.0,NaN,0.0,2.0,39.0,NaN,0.0,2.0,8.2,NaN,0.0,2.0,102.0,NaN,0.0,2.0,0.8,NaN,0.0,2.0,NaN,NaN,NaN,24.0,149.0,NaN,0.0,2.0,3.4,NaN,0.0,0.0,1.6,NaN,0.0,2.0,4.1,NaN,0.0,2.0,4.6,NaN,0.0,2.0,0.3,NaN,0.0,2.0,NaN,NaN,NaN,24.0,42.0,NaN,1.3000000000000007,0.0,14.0,NaN,-0.5,0.0,NaN,NaN,NaN,24.0,11.3,NaN,0.0,2.0,NaN,NaN,NaN,24.0,188.0,NaN,0.0,2.0,37.0,1.0,0.0,1.0,-1.5833333333333333,4.0,1.0,0.0,0.0,0.0,1.0,0.0,0.0,0.0,1.0,0.0,1.0,0.0,0.0,NaN,0.0,0.0,NaN,NaN,NaN,NaN,NaN,NaN,NaN
75.0,NaN,0.0,0.0,100.0,NaN,0.0,0.0,35.83,NaN,0.07333333333333296,2.0,96.0,NaN,-7.0,0.0,70.0,NaN,-11.0,0.0,63.0,NaN,-13.0,0.0,18.0,NaN,0.0,0.0,NaN,NaN,NaN,24.0,-2.0,NaN,0.0,1.0,22.0,NaN,0.0,3.0,0.4,NaN,-0.033333333333333326,1.0,7.37,NaN,0.0,1.0,38.0,NaN,0.0,1.0,97.0,NaN,0.0,1.0,65.0,NaN,0.0,3.0,10.0,NaN,0.0,3.0,39.0,NaN,0.0,3.0,8.2,NaN,0.0,3.0,102.0,NaN,0.0,3.0,0.8,NaN,0.0,3.0,NaN,NaN,NaN,24.0,149.0,NaN,0.0,3.0,3.4,NaN,0.0,1.0,1.6,NaN,0.0,3.0,4.1,NaN,0.0,3.0,4.6,NaN,0.0,3.0,0.3,NaN,0.0,3.0,NaN,NaN,NaN,24.0,42.0,NaN,0.8666666666666671,1.0,14.0,NaN,-0.3333333333333333,1.0,NaN,NaN,NaN,24.0,11.3,NaN,0.0,3.0,NaN,NaN,NaN,24.0,188.0,NaN,0.0,3.0,37.0,1.0,0.0,1.0,-1.5833333333333333,5.0,1.0,0.0,0.0,0.0,0.0,0.0,0.0,0.0,0.0,0.0,1.0,0.0,0.0,NaN,0.0,0.0,NaN,NaN,NaN,NaN,NaN,NaN,NaN
75.0,NaN,0.0,0.0,99.0,NaN,-1.0,0.0,36.28,NaN,0.15000000000000094,0.0,102.0,NaN,6.0,0.0,72.0,NaN,2.0,0.0,63.0,NaN,0.0,0.0,18.0,NaN,0.0,0.0,NaN,NaN,NaN,24.0,-2.0,NaN,0.0,2.0,22.0,NaN,0.0,4.0,0.4,NaN,-0.024999999999999994,2.0,7.37,NaN,0.0,2.0,38.0,NaN,0.0,2.0,97.0,NaN,0.0,2.0,65.0,NaN,0.0,4.0,10.0,NaN,0.0,4.0,39.0,NaN,0.0,4.0,8.2,NaN,0.0,4.0,102.0,NaN,0.0,4.0,0.8,NaN,0.0,4.0,NaN,NaN,NaN,24.0,149.0,NaN,0.0,4.0,3.4,NaN,0.0,2.0,1.6,NaN,0.0,4.0,4.1,NaN,0.0,4.0,4.6,NaN,0.0,4.0,0.3,NaN,0.0,4.0,NaN,NaN,NaN,24.0,42.0,NaN,0.6500000000000004,2.0,14.0,NaN,-0.25,2.0,NaN,NaN,NaN,24.0,11.3,NaN,0.0,4.0,NaN,NaN,NaN,24.0,188.0,NaN,0.0,4.0,37.0,1.0,0.0,1.0,-1.5833333333333333,6.0,0.0,0.0,0.0,0.0,0.0,0.0,0.0,0.0,0.0,0.0,1.0,0.0,0.0,NaN,0.0,0.0,NaN,NaN,NaN,NaN,NaN,NaN,NaN
73.0,NaN,-2.0,0.0,98.0,NaN,-1.0,0.0,36.28,NaN,0.11250000000000071,1.0,103.0,NaN,1.0,0.0,68.0,NaN,-4.0,0.0,59.0,NaN,-4.0,0.0,17.0,NaN,-1.0,0.0,NaN,NaN,NaN,24.0,-2.0,NaN,0.0,3.0,22.0,NaN,0.0,5.0,0.4,NaN,0.0,0.0,7.37,NaN,0.0,3.0,38.0,NaN,0.0,3.0,97.0,NaN,0.0,3.0,65.0,NaN,0.0,5.0,10.0,NaN,0.0,5.0,39.0,NaN,0.0,5.0,8.2,NaN,0.0,5.0,102.0,NaN,0.0,5.0,0.8,NaN,0.0,5.0,NaN,NaN,NaN,24.0,149.0,NaN,0.0,5.0,3.4,NaN,0.0,3.0,1.6,NaN,0.0,5.0,4.1,NaN,0.0,5.0,4.6,NaN,0.0,5.0,0.3,NaN,0.0,5.0,NaN,NaN,NaN,24.0,42.0,NaN,0.5200000000000002,3.0,14.0,NaN,-0.2,3.0,NaN,NaN,NaN,24.0,11.3,NaN,0.0,5.0,NaN,NaN,NaN,24.0,188.0,NaN,0.0,5.0,37.0,1.0,0.0,1.0,-1.5833333333333333,7.0,0.0,0.0,0.0,0.0,1.0,0.0,0.0,0.0,0.0,0.0,0.0,0.0,0.0,NaN,0.0,0.0,NaN,NaN,NaN,NaN,NaN,NaN,NaN
77.0,NaN,4.0,0.0,100.0,NaN,2.0,0.0,36.28,NaN,0.09000000000000057,2.0,110.0,NaN,7.0,0.0,77.0,NaN,9.0,0.0,66.0,NaN,7.0,0.0,18.0,NaN,1.0,0.0,NaN,NaN,NaN,24.0,-2.0,NaN,0.0,4.0,22.0,NaN,0.0,6.0,0.4,NaN,0.0,1.0,7.37,NaN,0.0,4.0,38.0,NaN,0.0,4.0,97.0,NaN,0.0,4.0,65.0,NaN,0.0,6.0,10.0,NaN,0.0,6.0,39.0,NaN,0.0,6.0,8.2,NaN,0.0,6.0,102.0,NaN,0.0,6.0,0.8,NaN,0.0,6.0,NaN,NaN,NaN,24.0,149.0,NaN,0.0,6.0,3.4,NaN,0.0,4.0,1.6,NaN,0.0,6.0,4.1,NaN,0.0,6.0,4.6,NaN,0.0,6.0,0.3,NaN,0.0,6.0,NaN,NaN,NaN,24.0,42.0,NaN,0.43333333333333357,4.0,14.0,NaN,-0.16666666666666666,4.0,NaN,NaN,NaN,24.0,11.3,NaN,0.0,6.0,NaN,NaN,NaN,24.0,188.0,NaN,0.0,6.0,37.0,1.0,0.0,1.0,-1.5833333333333333,8.0,0.0,0.0,0.0,0.0,0.0,0.0,0.0,0.0,0.0,0.0,1.0,0.0,0.0,NaN,0.0,0.0,NaN,NaN,NaN,NaN,NaN,NaN,NaN
76.0,NaN,-1.0,0.0,98.0,NaN,-2.0,0.0,36.28,NaN,0.07500000000000047,3.0,99.0,NaN,-11.0,0.0,67.0,NaN,-10.0,0.0,56.0,NaN,-10.0,0.0,18.0,NaN,0.0,0.0,NaN,NaN,NaN,24.0,-2.0,NaN,0.0,5.0,22.0,NaN,0.0,7.0,0.4,NaN,0.0,2.0,7.37,NaN,0.0,5.0,38.0,NaN,0.0,5.0,97.0,NaN,0.0,5.0,65.0,NaN,0.0,7.0,10.0,NaN,0.0,7.0,39.0,NaN,0.0,7.0,8.2,NaN,0.0,7.0,102.0,NaN,0.0,7.0,0.8,NaN,0.0,7.0,NaN,NaN,NaN,24.0,149.0,NaN,0.0,7.0,3.4,NaN,0.0,5.0,1.6,NaN,0.0,7.0,4.1,NaN,0.0,7.0,4.6,NaN,0.0,7.0,0.3,NaN,0.0,7.0,NaN,NaN,NaN,24.0,42.0,NaN,0.3714285714285716,5.0,14.0,NaN,-0.14285714285714285,5.0,NaN,NaN,NaN,24.0,11.3,NaN,0.0,7.0,NaN,NaN,NaN,24.0,188.0,NaN,0.0,7.0,37.0,1.0,0.0,1.0,-1.5833333333333333,9.0,0.0,0.0,0.0,0.0,0.0,0.0,0.0,0.0,0.0,0.0,1.0,0.0,0.0,NaN,0.0,0.0,NaN,NaN,NaN,NaN,NaN,NaN,NaN
88.0,NaN,12.0,0.0,97.0,NaN,-1.0,0.0,37.0,NaN,0.17999999999999972,0.0,104.0,NaN,5.0,0.0,73.0,NaN,6.0,0.0,64.0,NaN,8.0,0.0,18.0,NaN,0.0,0.0,NaN,NaN,NaN,24.0,-2.0,NaN,0.0,6.0,22.0,NaN,0.0,8.0,0.4,NaN,0.0,0.0,7.37,NaN,0.0,6.0,38.0,NaN,0.0,6.0,97.0,NaN,0.0,6.0,65.0,NaN,0.0,8.0,10.0,NaN,0.0,8.0,39.0,NaN,0.0,8.0,8.2,NaN,0.0,8.0,102.0,NaN,0.0,8.0,0.8,NaN,0.0,8.0,NaN,NaN,NaN,24.0,149.0,NaN,0.0,8.0,3.4,NaN,0.0,6.0,1.6,NaN,0.0,8.0,4.1,NaN,0.0,8.0,4.6,NaN,0.0,8.0,0.3,NaN,0.0,8.0,NaN,NaN,NaN,24.0,42.0,NaN,0.3250000000000002,6.0,14.0,NaN,-0.125,6.0,NaN,NaN,NaN,24.0,11.3,NaN,0.0,8.0,NaN,NaN,NaN,24.0,188.0,NaN,0.0,8.0,37.0,1.0,0.0,1.0,-1.5833333333333333,10.0,0.0,0.0,0.0,0.0,1.0,0.0,0.0,0.0,0.0,0.0,0.0,0.0,0.0,NaN,0.0,0.0,NaN,NaN,NaN,NaN,NaN,NaN,NaN
98.0,NaN,10.0,0.0,87.0,NaN,-10.0,0.0,37.0,NaN,0.14399999999999977,1.0,112.0,NaN,8.0,0.0,72.0,NaN,-1.0,0.0,59.0,NaN,-5.0,0.0,25.0,NaN,7.0,0.0,NaN,NaN,NaN,24.0,-2.0,NaN,0.0,7.0,22.0,NaN,0.0,9.0,0.4,NaN,0.0,1.0,7.37,NaN,0.0,7.0,38.0,NaN,0.0,7.0,97.0,NaN,0.0,7.0,65.0,NaN,0.0,9.0,10.0,NaN,0.0,9.0,39.0,NaN,0.0,9.0,8.2,NaN,0.0,9.0,102.0,NaN,0.0,9.0,0.8,NaN,0.0,9.0,NaN,NaN,NaN,24.0,149.0,NaN,0.0,9.0,3.4,NaN,0.0,7.0,1.6,NaN,0.0,9.0,4.1,NaN,0.0,9.0,4.6,NaN,0.0,9.0,0.3,NaN,0.0,9.0,NaN,NaN,NaN,24.0,42.0,NaN,0.28888888888888903,7.0,14.0,NaN,-0.1111111111111111,7.0,NaN,NaN,NaN,24.0,11.3,NaN,0.0,9.0,NaN,NaN,NaN,24.0,188.0,NaN,0.0,9.0,37.0,1.0,0.0,1.0,-1.5833333333333333,11.0,0.0,1.0,1.0,0.0,0.0,0.0,0.0,0.0,0.0,0.0,1.0,0.0,0.0,NaN,0.0,0.0,NaN,NaN,NaN,NaN,NaN,NaN,NaN
89.0,NaN,-9.0,0.0,91.0,NaN,4.0,0.0,37.0,NaN,0.11999999999999982,2.0,120.0,NaN,8.0,0.0,83.0,NaN,11.0,0.0,72.0,NaN,13.0,0.0,20.0,NaN,-5.0,0.0,NaN,NaN,NaN,24.0,-2.0,NaN,0.0,8.0,22.0,NaN,0.0,10.0,0.4,NaN,0.0,2.0,7.37,NaN,0.0,8.0,38.0,NaN,0.0,8.0,97.0,NaN,0.0,8.0,65.0,NaN,0.0,10.0,10.0,NaN,0.0,10.0,39.0,NaN,0.0,10.0,8.2,NaN,0.0,10.0,102.0,NaN,0.0,10.0,0.8,NaN,0.0,10.0,NaN,NaN,NaN,24.0,149.0,NaN,0.0,10.0,3.4,NaN,0.0,8.0,1.6,NaN,0.0,10.0,4.1,NaN,0.0,10.0,4.6,NaN,0.0,10.0,0.3,NaN,0.0,10.0,NaN,NaN,NaN,24.0,42.0,NaN,0.2600000000000001,8.0,14.0,NaN,-0.1,8.0,NaN,NaN,NaN,24.0,11.3,NaN,0.0,10.0,NaN,NaN,NaN,24.0,188.0,NaN,0.0,10.0,37.0,1.0,0.0,1.0,-1.5833333333333333,12.0,0.0,0.0,0.0,0.0,0.0,0.0,0.0,0.0,0.0,0.0,1.0,0.0,0.0,NaN,0.0,0.0,NaN,NaN,NaN,NaN,NaN,NaN,NaN
102.0,NaN,13.0,0.0,94.0,NaN,3.0,0.0,37.0,NaN,0.10285714285714269,3.0,124.0,NaN,4.0,0.0,89.0,NaN,6.0,0.0,78.0,NaN,6.0,0.0,17.0,NaN,-3.0,0.0,NaN,NaN,NaN,24.0,-2.0,NaN,0.0,9.0,22.0,NaN,0.0,11.0,0.4,NaN,0.0,3.0,7.37,NaN,0.0,9.0,38.0,NaN,0.0,9.0,97.0,NaN,0.0,9.0,65.0,NaN,0.0,11.0,10.0,NaN,0.0,11.0,39.0,NaN,0.0,11.0,8.2,NaN,0.0,11.0,102.0,NaN,0.0,11.0,0.8,NaN,0.0,11.0,NaN,NaN,NaN,24.0,149.0,NaN,0.0,11.0,3.4,NaN,0.0,9.0,1.6,NaN,0.0,11.0,4.1,NaN,0.0,11.0,4.6,NaN,0.0,11.0,0.3,NaN,0.0,11.0,NaN,NaN,NaN,24.0,42.0,NaN,0.2363636363636365,9.0,14.0,NaN,-0.09090909090909091,9.0,NaN,NaN,NaN,24.0,11.3,NaN,0.0,11.0,NaN,NaN,NaN,24.0,188.0,NaN,0.0,11.0,37.0,1.0,0.0,1.0,-1.5833333333333333,13.0,0.0,0.0,1.0,0.0,0.0,0.0,0.0,0.0,0.0,0.0,1.0,0.0,0.0,NaN,0.0,0.0,NaN,NaN,NaN,NaN,NaN,NaN,NaN
99.0,NaN,-3.0,0.0,97.0,NaN,3.0,0.0,38.22,NaN,0.3049999999999997,0.0,118.0,NaN,-6.0,0.0,84.0,NaN,-5.0,0.0,73.0,NaN,-5.0,0.0,18.0,NaN,1.0,0.0,NaN,NaN,NaN,24.0,-2.0,NaN,0.0,10.0,22.0,NaN,0.0,12.0,0.4,NaN,0.0,0.0,7.37,NaN,0.0,10.0,38.0,NaN,0.0,10.0,97.0,NaN,0.0,10.0,65.0,NaN,0.0,12.0,10.0,NaN,0.0,12.0,39.0,NaN,0.0,12.0,8.2,NaN,0.0,12.0,102.0,NaN,0.0,12.0,0.8,NaN,0.0,12.0,NaN,NaN,NaN,24.0,149.0,NaN,0.0,12.0,3.4,NaN,0.0,10.0,1.6,NaN,0.0,12.0,4.1,NaN,0.0,12.0,4.6,NaN,0.0,12.0,0.3,NaN,0.0,12.0,NaN,NaN,NaN,24.0,42.0,NaN,0.21666666666666679,10.0,14.0,NaN,-0.08333333333333333,10.0,NaN,NaN,NaN,24.0,11.3,NaN,0.0,12.0,NaN,NaN,NaN,24.0,188.0,NaN,0.0,12.0,37.0,1.0,0.0,1.0,-1.5833333333333333,14.0,1.0,0.0,1.0,0.0,1.0,0.0,0.0,0.0,0.0,0.0,0.0,0.0,0.0,NaN,0.0,0.0,NaN,NaN,NaN,NaN,NaN,NaN,NaN
103.0,NaN,4.0,0.0,94.0,NaN,-3.0,0.0,38.22,NaN,0.24399999999999977,1.0,131.0,NaN,13.0,0.0,88.0,NaN,4.0,0.0,73.0,NaN,0.0,0.0,17.0,NaN,-1.0,0.0,NaN,NaN,NaN,24.0,-2.0,NaN,0.0,11.0,22.0,NaN,0.0,13.0,0.4,NaN,0.0,1.0,7.37,NaN,0.0,11.0,38.0,NaN,0.0,11.0,97.0,NaN,0.0,11.0,65.0,NaN,0.0,13.0,10.0,NaN,0.0,13.0,39.0,NaN,0.0,13.0,8.2,NaN,0.0,13.0,102.0,NaN,0.0,13.0,0.8,NaN,0.0,13.0,NaN,NaN,NaN,24.0,149.0,NaN,0.0,13.0,3.4,NaN,0.0,11.0,1.6,NaN,0.0,13.0,4.1,NaN,0.0,13.0,4.6,NaN,0.0,13.0,0.3,NaN,0.0,13.0,NaN,NaN,NaN,24.0,42.0,NaN,0.20000000000000012,11.0,14.0,NaN,-0.07692307692307693,11.0,NaN,NaN,NaN,24.0,11.3,NaN,0.0,13.0,NaN,NaN,NaN,24.0,188.0,NaN,0.0,13.0,37.0,1.0,0.0,1.0,-1.5833333333333333,15.0,1.0,0.0,1.0,0.0,0.0,0.0,0.0,0.0,0.0,0.0,1.0,0.0,0.0,NaN,0.0,0.0,NaN,NaN,NaN,NaN,NaN,NaN,NaN
92.0,NaN,-11.0,0.0,95.0,NaN,1.0,0.0,38.22,NaN,0.20333333333333314,2.0,133.0,NaN,2.0,0.0,88.0,NaN,0.0,0.0,77.0,NaN,4.0,0.0,19.0,NaN,2.0,0.0,NaN,NaN,NaN,24.0,-2.0,NaN,0.0,12.0,22.0,NaN,0.0,14.0,0.4,NaN,0.0,2.0,7.37,NaN,0.0,12.0,38.0,NaN,0.0,12.0,97.0,NaN,0.0,12.0,65.0,NaN,0.0,14.0,10.0,NaN,0.0,14.0,39.0,NaN,0.0,14.0,8.2,NaN,0.0,14.0,102.0,NaN,0.0,14.0,0.8,NaN,0.0,14.0,NaN,NaN,NaN,24.0,149.0,NaN,0.0,14.0,3.4,NaN,0.0,12.0,1.6,NaN,0.0,14.0,4.1,NaN,0.0,14.0,4.6,NaN,0.0,14.0,0.3,NaN,0.0,14.0,NaN,NaN,NaN,24.0,42.0,NaN,0.1857142857142858,12.0,14.0,NaN,-0.07142857142857142,12.0,NaN,NaN,NaN,24.0,11.3,NaN,0.0,14.0,NaN,NaN,NaN,24.0,188.0,NaN,0.0,14.0,37.0,1.0,0.0,1.0,-1.5833333333333333,16.0,1.0,0.0,1.0,0.0,0.0,0.0,0.0,0.0,0.0,0.0,1.0,0.0,0.0,NaN,0.0,0.0,NaN,NaN,NaN,NaN,NaN,NaN,NaN
