NaN,NaN,NaN,24.0,NaN,NaN,NaN,24.0,NaN,NaN,NaN,24.0,NaN,NaN,NaN,24.0,NaN,NaN,NaN,24.0,NaN,NaN,NaN,24.0,NaN,NaN,NaN,24.0,NaN,NaN,NaN,24.0,NaN,NaN,NaN,24.0,NaN,NaN,NaN,24.0,NaN,NaN,NaN,24.0,NaN,NaN,NaN,24.0,NaN,NaN,NaN,24.0,NaN,NaN,NaN,24.0,NaN,NaN,NaN,24.0,NaN,NaN,NaN,24.0,NaN,NaN,NaN,24.0,NaN,NaN,NaN,24.0,NaN,NaN,NaN,24.0,NaN,NaN,NaN,24.0,NaN,NaN,NaN,24.0,NaN,NaN,NaN,24.0,NaN,NaN,NaN,24.0,NaN,NaN,NaN,24.0,NaN,NaN,NaN,24.0,NaN,NaN,NaN,24.0,NaN,NaN,NaN,24.0,NaN,NaN,NaN,24.0,NaN,NaN,NaN,24.0,NaN,NaN,NaN,24.0,NaN,NaN,NaN,24.0,NaN,NaN,NaN,24.0,NaN,NaN,NaN,24.0,NaN,NaN,NaN,24.0,64.0,0.0,0.0,1.0,-2.8833333333333333,1.0,0.0,0.0,0.0,0.0,0.0,0.0,0.0,0.0,0.0,0.0,1.0,0.0,0.0,NaN,0.0,0.0,NaN,NaN,NaN,NaN,NaN,NaN,NaN
93.0,NaN,0.0,0.0,98.0,NaN,0.0,0.0,37.5,NaN,0.0,0.0,141.0,NaN,0.0,0.0,77.0,NaN,0.0,0.0,59.0,NaN,0.0,0.0,20.0,NaN,0.0,0.0,NaN,NaN,NaN,24.0,NaN,NaN,NaN,24.0,NaN,NaN,NaN,24.0,NaN,NaN,NaN,24.0,NaN,NaN,NaN,24.0,NaN,NaN,NaN,24.0,NaN,NaN,NaN,24.0,NaN,NaN,NaN,24.0,NaN,NaN,NaN,24.0,NaN,NaN,NaN,24.0,NaN,NaN,NaN,24.0,NaN,NaN,NaN,24.0,NaN,NaN,NaN,24.0,NaN,NaN,NaN,24.0,NaN,NaN,NaN,24.0,NaN,NaN,NaN,24.0,NaN,NaN,NaN,24.0,NaN,NaN,NaN,24.0,NaN,NaN,NaN,24.0,NaN,NaN,NaN,24.0,NaN,NaN,NaN,24.0,NaN,NaN,NaN,24.0,NaN,NaN,NaN,24.0,NaN,NaN,NaN,24.0,NaN,NaN,NaN,24.0,NaN,NaN,NaN,24.0,NaN,NaN,NaN,24.0,64.0,0.0,0.0,1.0,-2.8833333333333333,2.0,0.0,0.0,1.0,0.0,0.0,0.0,0.0,0.0,0.0,0.0,1.0,0.0,0.0,NaN,0.0,0.0,NaN,NaN,NaN,NaN,NaN,NaN,NaN
88.6666666666667,NaN,-4.3333333333333,0.0,94.3333333333333,NaN,-3.6666666666667,0.0,37.5,NaN,0.0,1.0,132.333333333333,NaN,-8.666666666666998,0.0,75.6666666666667,NaN,-1.3333333333333002,0.0,61.3333333333333,NaN,2.3333333333333,0.0,17.6666666666667,NaN,-2.3333333333333,0.0,NaN,NaN,NaN,24.0,NaN,NaN,NaN,24.0,23.0,NaN,0.0,0.0,NaN,NaN,NaN,24.0,NaN,NaN,NaN,24.0,NaN,NaN,NaN,24.0,NaN,NaN,NaN,24.0,NaN,NaN,NaN,24.0,15.0,NaN,0.0,0.0,NaN,NaN,NaN,24.0,8.9,NaN,0.0,0.0,100.0,NaN,0.0,0.0,0.6,NaN,0.0,0.0,NaN,NaN,NaN,24.0,118.0,NaN,0.0,0.0,NaN,NaN,NaN,24.0,1.8,NaN,0.0,0.0,3.2,NaN,0.0,0.0,3.9,NaN,0.0,0.0,NaN,NaN,NaN,24.0,NaN,NaN,NaN,24.0,33.2,NaN,0.0,0.0,11.5,NaN,0.0,0.0,27.9,NaN,0.0,0.0,13.3,NaN,0.0,0.0,NaN,NaN,NaN,24.0,220.0,NaN,0.0,0.0,64.0,0.0,0.0,1.0,-2.8833333333333333,3.0,0.0,0.0,0.0,1.0,0.0,0.0,0.0,0.0,0.0,0.0,1.0,0.0,0.0,NaN,0.0,0.0,NaN,NaN,NaN,NaN,NaN,NaN,NaN
91.0,NaN,2.3333333333333,0.0,94.0,NaN,-0.3333333333333002,0.0,37.5,NaN,0.0,2.0,130.0,NaN,-2.3333333333330017,0.0,75.0,NaN,-0.6666666666666998,0.0,63.0,NaN,1.6666666666666998,0.0,17.0,NaN,-0.6666666666666998,0.0,NaN,NaN,NaN,24.0,NaN,NaN,NaN,24.0,23.0,NaN,0.0,1.0,NaN,NaN,NaN,24.0,NaN,NaN,NaN,24.0,NaN,NaN,NaN,24.0,NaN,NaN,NaN,24.0,NaN,NaN,NaN,24.0,15.0,NaN,0.0,1.0,NaN,NaN,NaN,24.0,8.9,NaN,0.0,1.0,100.0,NaN,0.0,1.0,0.6,NaN,0.0,1.0,NaN,NaN,NaN,24.0,118.0,NaN,0.0,1.0,NaN,NaN,NaN,24.0,1.8,NaN,0.0,1.0,3.2,NaN,0.0,1.0,3.9,NaN,0.0,1.0,NaN,NaN,NaN,24.0,NaN,NaN,NaN,24.0,33.2,NaN,0.0,1.0,11.5,NaN,0.0,1.0,27.9,NaN,0.0,1.0,13.3,NaN,0.0,1.0,NaN,NaN,NaN,24.0,220.0,NaN,0.0,1.0,64.0,0.0,0.0,1.0,-2.8833333333333333,4.0,0.0,0.0,1.0,1.0,0.0,0.0,0.0,0.0,0.0,0.0,1.0,0.0,0.0,NaN,0.0,0.0,NaN,NaN,NaN,NaN,NaN,NaN,NaN
93.0,NaN,2.0,0.0,93.0,NaN,-1.0,0.0,37.28,NaN,-0.07333333333333296,0.0,123.0,NaN,-7.0,0.0,76.0,NaN,1.0,0.0,65.0,NaN,2.0,0.0,23.0,NaN,6.0,0.0,NaN,NaN,NaN,24.0,NaN,NaN,NaN,24.0,23.0,NaN,0.0,2.0,NaN,NaN,NaN,24.0,NaN,NaN,NaN,24.0,NaN,NaN,NaN,24.0,NaN,NaN,NaN,24.0,NaN,NaN,NaN,24.0,15.0,NaN,0.0,2.0,NaN,NaN,NaN,24.0,8.9,NaN,0.0,2.0,100.0,NaN,0.0,2.0,0.6,NaN,0.0,2.0,NaN,NaN,NaN,24.0,118.0,NaN,0.0,2.0,NaN,NaN,NaN,24.0,1.8,NaN,0.0,2.0,3.2,NaN,0.0,2.0,3.9,NaN,0.0,2.0,NaN,NaN,NaN,24.0,NaN,NaN,NaN,24.0,33.2,NaN,0.0,2.0,11.5,NaN,0.0,2.0,27.9,NaN,0.0,2.0,13.3,NaN,0.0,2.0,NaN,NaN,NaN,24.0,220.0,NaN,0.0,2.0,64.0,0.0,0.0,1.0,-2.8833333333333333,5.0,0.0,1.0,1.0,1.0,0.0,0.0,0.0,0.0,0.0,0.0,1.0,0.0,0.0,NaN,0.0,0.0,NaN,NaN,NaN,NaN,NaN,NaN,NaN
93.0,NaN,0.0,0.0,92.0,NaN,-1.0,0.0,37.28,NaN,-0.054999999999999716,1.0,129.0,NaN,6.0,0.0,70.0,NaN,-6.0,0.0,53.0,NaN,-12.0,0.0,23.0,NaN,0.0,0.0,NaN,NaN,NaN,24.0,NaN,NaN,NaN,24.0,23.0,NaN,0.0,3.0,NaN,NaN,NaN,24.0,NaN,NaN,NaN,24.0,NaN,NaN,NaN,24.0,NaN,NaN,NaN,24.0,NaN,NaN,NaN,24.0,15.0,NaN,0.0,3.0,NaN,NaN,NaN,24.0,8.9,NaN,0.0,3.0,100.0,NaN,0.0,3.0,0.6,NaN,0.0,3.0,NaN,NaN,NaN,24.0,118.0,NaN,0.0,3.0,NaN,NaN,NaN,24.0,1.8,NaN,0.0,3.0,3.2,NaN,0.0,3.0,3.9,NaN,0.0,3.0,NaN,NaN,NaN,24.0,NaN,NaN,NaN,24.0,33.2,NaN,0.0,3.0,11.5,NaN,0.0,3.0,27.9,NaN,0.0,3.0,13.3,NaN,0.0,3.0,NaN,NaN,NaN,24.0,220.0,NaN,0.0,3.0,64.0,0.0,0.0,1.0,-2.8833333333333333,6.0,0.0,1.0,1.0,1.0,0.0,0.0,0.0,0.0,0.0,0.0,1.0,0.0,0.0,NaN,0.0,0.0,NaN,NaN,NaN,NaN,NaN,NaN,NaN
99.0,NaN,6.0,0.0,95.0,NaN,3.0,0.0,37.17,NaN,-0.054999999999999716,0.0,138.0,NaN,9.0,0.0,84.0,NaN,14.0,0.0,69.0,NaN,16.0,0.0,33.0,NaN,10.0,0.0,NaN,NaN,NaN,24.0,NaN,NaN,NaN,24.0,23.0,NaN,0.0,4.0,NaN,NaN,NaN,24.0,NaN,NaN,NaN,24.0,NaN,NaN,NaN,24.0,NaN,NaN,NaN,24.0,NaN,NaN,NaN,24.0,15.0,NaN,0.0,4.0,NaN,NaN,NaN,24.0,8.9,NaN,0.0,4.0,100.0,NaN,0.0,4.0,0.6,NaN,0.0,4.0,NaN,NaN,NaN,24.0,118.0,NaN,0.0,4.0,NaN,NaN,NaN,24.0,1.8,NaN,0.0,4.0,3.2,NaN,0.0,4.0,3.9,NaN,0.0,4.0,NaN,NaN,NaN,24.0,NaN,NaN,NaN,24.0,33.2,NaN,0.0,4.0,11.5,NaN,0.0,4.0,27.9,NaN,0.0,4.0,13.3,NaN,0.0,4.0,NaN,NaN,NaN,24.0,220.0,NaN,0.0,4.0,64.0,0.0,0.0,1.0,-2.8833333333333333,7.0,0.0,1.0,1.0,1.0,0.0,0.0,0.0,0.0,0.0,0.0,1.0,0.0,0.0,NaN,0.0,0.0,NaN,NaN,NaN,NaN,NaN,NaN,NaN
90.0,NaN,-9.0,0.0,91.0,NaN,-4.0,0.0,37.17,NaN,-0.03666666666666648,1.0,145.0,NaN,7.0,0.0,98.0,NaN,14.0,0.0,73.0,NaN,4.0,0.0,33.0,NaN,0.0,0.0,NaN,NaN,NaN,24.0,NaN,NaN,NaN,24.0,23.0,NaN,0.0,5.0,NaN,NaN,NaN,24.0,NaN,NaN,NaN,24.0,NaN,NaN,NaN,24.0,NaN,NaN,NaN,24.0,NaN,NaN,NaN,24.0,15.0,NaN,0.0,5.0,NaN,NaN,NaN,24.0,8.9,NaN,0.0,5.0,100.0,NaN,0.0,5.0,0.6,NaN,0.0,5.0,NaN,NaN,NaN,24.0,118.0,NaN,0.0,5.0,NaN,NaN,NaN,24.0,1.8,NaN,0.0,5.0,3.2,NaN,0.0,5.0,3.9,NaN,0.0,5.0,NaN,NaN,NaN,24.0,NaN,NaN,NaN,24.0,33.2,NaN,0.0,5.0,11.5,NaN,0.0,5.0,27.9,NaN,0.0,5.0,13.3,NaN,0.0,5.0,NaN,NaN,NaN,24.0,220.0,NaN,0.0,5.0,64.0,0.0,0.0,1.0,-2.8833333333333333,8.0,0.0,1.0,0.0,1.0,0.0,0.0,0.0,0.0,0.0,0.0,1.0,0.0,0.0,NaN,0.0,0.0,NaN,NaN,NaN,NaN,NaN,NaN,NaN
87.5,NaN,-2.5,0.0,93.0,NaN,2.0,0.0,37.17,NaN,-0.027499999999999858,2.0,124.0,NaN,-21.0,0.0,92.0,NaN,-6.0,0.0,81.5,NaN,8.5,0.0,17.0,NaN,-16.0,0.0,NaN,NaN,NaN,24.0,NaN,NaN,NaN,24.0,23.0,NaN,0.0,6.0,NaN,NaN,NaN,24.0,NaN,NaN,NaN,24.0,NaN,NaN,NaN,24.0,NaN,NaN,NaN,24.0,NaN,NaN,NaN,24.0,15.0,NaN,0.0,6.0,NaN,NaN,NaN,24.0,8.9,NaN,0.0,6.0,100.0,NaN,0.0,6.0,0.6,NaN,0.0,6.0,NaN,NaN,NaN,24.0,118.0,NaN,0.0,6.0,NaN,NaN,NaN,24.0,1.8,NaN,0.0,6.0,3.2,NaN,0.0,6.0,3.9,NaN,0.0,6.0,NaN,NaN,NaN,24.0,NaN,NaN,NaN,24.0,33.2,NaN,0.0,6.0,11.5,NaN,0.0,6.0,27.9,NaN,0.0,6.0,13.3,NaN,0.0,6.0,NaN,NaN,NaN,24.0,220.0,NaN,0.0,6.0,64.0,0.0,0.0,1.0,-2.8833333333333333,9.0,0.0,0.0,0.0,1.0,0.0,0.0,0.0,0.0,0.0,0.0,1.0,0.0,0.0,NaN,0.0,0.0,NaN,NaN,NaN,NaN,NaN,NaN,NaN
86.0,NaN,-1.5,0.0,93.0,NaN,0.0,0.0,37.17,NaN,-0.021999999999999888,3.0,124.0,NaN,0.0,0.0,68.0,NaN,-24.0,0.0,52.0,NaN,-29.5,0.0,15.0,NaN,-2.0,0.0,NaN,NaN,NaN,24.0,NaN,NaN,NaN,24.0,23.0,NaN,0.0,7.0,NaN,NaN,NaN,24.0,NaN,NaN,NaN,24.0,NaN,NaN,NaN,24.0,NaN,NaN,NaN,24.0,NaN,NaN,NaN,24.0,15.0,NaN,0.0,7.0,NaN,NaN,NaN,24.0,8.9,NaN,0.0,7.0,100.0,NaN,0.0,7.0,0.6,NaN,0.0,7.0,NaN,NaN,NaN,24.0,118.0,NaN,0.0,7.0,NaN,NaN,NaN,24.0,1.8,NaN,0.0,7.0,3.2,NaN,0.0,7.0,3.9,NaN,0.0,7.0,NaN,NaN,NaN,24.0,NaN,NaN,NaN,24.0,33.2,NaN,0.0,7.0,11.5,NaN,0.0,7.0,27.9,NaN,0.0,7.0,13.3,NaN,0.0,7.0,NaN,NaN,NaN,24.0,220.0,NaN,0.0,7.0,64.0,0.0,0.0,1.0,-2.8833333333333333,10.0,0.0,0.0,0.0,1.0,0.0,0.0,0.0,0.0,0.0,0.0,1.0,0.0,0.0,NaN,0.0,0.0,NaN,NaN,NaN,NaN,NaN,NaN,NaN
89.0,NaN,3.0,0.0,94.0,NaN,1.0,0.0,36.83,NaN,-0.08500000000000085,0.0,127.0,NaN,3.0,0.0,78.0,NaN,10.0,0.0,62.0,NaN,10.0,0.0,17.0,NaN,2.0,0.0,NaN,NaN,NaN,24.0,NaN,NaN,NaN,24.0,23.0,NaN,0.0,8.0,NaN,NaN,NaN,24.0,NaN,NaN,NaN,24.0,NaN,NaN,NaN,24.0,NaN,NaN,NaN,24.0,NaN,NaN,NaN,24.0,15.0,NaN,0.0,8.0,NaN,NaN,NaN,24.0,8.9,NaN,0.0,8.0,100.0,NaN,0.0,8.0,0.6,NaN,0.0,8.0,NaN,NaN,NaN,24.0,118.0,NaN,0.0,8.0,NaN,NaN,NaN,24.0,1.8,NaN,0.0,8.0,3.2,NaN,0.0,8.0,3.9,NaN,0.0,8.0,NaN,NaN,NaN,24.0,NaN,NaN,NaN,24.0,33.2,NaN,0.0,8.0,11.5,NaN,0.0,8.0,27.9,NaN,0.0,8.0,13.3,NaN,0.0,8.0,NaN,NaN,NaN,24.0,220.0,NaN,0.0,8.0,64.0,0.0,0.0,1.0,-2.8833333333333333,11.0,0.0,0.0,0.0,1.0,0.0,0.0,0.0,0.0,0.0,0.0,1.0,0.0,0.0,NaN,0.0,0.0,NaN,NaN,NaN,NaN,NaN,NaN,NaN
79.0,NaN,-10.0,0.0,92.0,NaN,-2.0,0.0,36.83,NaN,-0.06800000000000068,1.0,122.0,NaN,-5.0,0.0,78.0,NaN,0.0,0.0,65.0,NaN,3.0,0.0,15.0,NaN,-2.0,0.0,NaN,NaN,NaN,24.0,NaN,NaN,NaN,24.0,23.0,NaN,0.0,9.0,NaN,NaN,NaN,24.0,NaN,NaN,NaN,24.0,NaN,NaN,NaN,24.0,NaN,NaN,NaN,24.0,NaN,NaN,NaN,24.0,15.0,NaN,0.0,9.0,NaN,NaN,NaN,24.0,8.9,NaN,0.0,9.0,100.0,NaN,0.0,9.0,0.6,NaN,0.0,9.0,NaN,NaN,NaN,24.0,118.0,NaN,0.0,9.0,NaN,NaN,NaN,24.0,1.8,NaN,0.0,9.0,3.2,NaN,0.0,9.0,3.9,NaN,0.0,9.0,NaN,NaN,NaN,24.0,NaN,NaN,NaN,24.0,33.2,NaN,0.0,9.0,11.5,NaN,0.0,9.0,27.9,NaN,0.0,9.0,13.3,NaN,0.0,9.0,NaN,NaN,NaN,24.0,220.0,NaN,0.0,9.0,64.0,0.0,0.0,1.0,-2.8833333333333333,12.0,0.0,0.0,0.0,1.0,0.0,0.0,0.0,0.0,0.0,0.0,1.0,0.0,0.0,NaN,0.0,0.0,NaN,NaN,NaN,NaN,NaN,NaN,NaN
78.0,NaN,-1.0,0.0,92.0,NaN,0.0,0.0,36.83,NaN,-0.05666666666666723,2.0,146.0,NaN,24.0,0.0,84.0,NaN,6.0,0.0,68.0,NaN,3.0,0.0,15.0,NaN,0.0,0.0,NaN,NaN,NaN,24.0,NaN,NaN,NaN,24.0,23.0,NaN,0.0,10.0,NaN,NaN,NaN,24.0,NaN,NaN,NaN,24.0,NaN,NaN,NaN,24.0,NaN,NaN,NaN,24.0,NaN,NaN,NaN,24.0,15.0,NaN,0.0,10.0,NaN,NaN,NaN,24.0,8.9,NaN,0.0,10.0,100.0,NaN,0.0,10.0,0.6,NaN,0.0,10.0,NaN,NaN,NaN,24.0,118.0,NaN,0.0,10.0,NaN,NaN,NaN,24.0,1.8,NaN,0.0,10.0,3.2,NaN,0.0,10.0,3.9,NaN,0.0,10.0,NaN,NaN,NaN,24.0,NaN,NaN,NaN,24.0,33.2,NaN,0.0,10.0,11.5,NaN,0.0,10.0,27.9,NaN,0.0,10.0,13.3,NaN,0.0,10.0,NaN,NaN,NaN,24.0,220.0,NaN,0.0,10.0,64.0,0.0,0.0,1.0,-2.8833333333333333,13.0,0.0,0.0,0.0,1.0,0.0,0.0,0.0,0.0,0.0,0.0,1.0,0.0,0.0,NaN,0.0,0.0,NaN,NaN,NaN,NaN,NaN,NaN,NaN
83.0,NaN,5.0,0.0,92.0,NaN,0.0,0.0,36.83,NaN,-0.04857142857142906,3.0,125.0,NaN,-21.0,0.0,72.0,NaN,-12.0,0.0,54.0,NaN,-14.0,0.0,15.0,NaN,0.0,0.0,NaN,NaN,NaN,24.0,NaN,NaN,NaN,24.0,23.0,NaN,0.0,11.0,NaN,NaN,NaN,24.0,NaN,NaN,NaN,24.0,NaN,NaN,NaN,24.0,NaN,NaN,NaN,24.0,NaN,NaN,NaN,24.0,15.0,NaN,0.0,11.0,NaN,NaN,NaN,24.0,8.9,NaN,0.0,11.0,100.0,NaN,0.0,11.0,0.6,NaN,0.0,11.0,NaN,NaN,NaN,24.0,118.0,NaN,0.0,11.0,NaN,NaN,NaN,24.0,1.8,NaN,0.0,11.0,3.2,NaN,0.0,11.0,3.9,NaN,0.0,11.0,NaN,NaN,NaN,24.0,NaN,NaN,NaN,24.0,33.2,NaN,0.0,11.0,11.5,NaN,0.0,11.0,27.9,NaN,0.0,11.0,13.3,NaN,0.0,11.0,NaN,NaN,NaN,24.0,220.0,NaN,0.0,11.0,64.0,0.0,0.0,1.0,-2.8833333333333333,14.0,0.0,0.0,0.0,1.0,0.0,0.0,0.0,0.0,0.0,0.0,1.0,0.0,0.0,NaN,0.0,0.0,NaN,NaN,NaN,NaN,NaN,NaN,NaN
88.0,NaN,5.0,0.0,94.0,NaN,2.0,0.0,36.67,NaN,-0.03999999999999915,0.0,131.0,NaN,6.0,0.0,83.0,NaN,11.0,0.0,70.0,NaN,16.0,0.0,21.0,NaN,6.0,0.0,NaN,NaN,NaN,24.0,NaN,NaN,NaN,24.0,23.0,NaN,0.0,12.0,NaN,NaN,NaN,24.0,NaN,NaN,NaN,24.0,NaN,NaN,NaN,24.0,NaN,NaN,NaN,24.0,NaN,NaN,NaN,24.0,15.0,NaN,0.0,12.0,NaN,NaN,NaN,24.0,8.9,NaN,0.0,12.0,100.0,NaN,0.0,12.0,0.6,NaN,0.0,12.0,NaN,NaN,NaN,24.0,118.0,NaN,0.0,12.0,NaN,NaN,NaN,24.0,1.8,NaN,0.0,12.0,3.2,NaN,0.0,12.0,3.9,NaN,0.0,12.0,NaN,NaN,NaN,24.0,NaN,NaN,NaN,24.0,33.2,NaN,0.0,12.0,11.5,NaN,0.0,12.0,27.9,NaN,0.0,12.0,13.3,NaN,0.0,12.0,NaN,NaN,NaN,24.0,220.0,NaN,0.0,12.0,64.0,0.0,0.0,1.0,-2.8833333333333333,15.0,0.0,1.0,0.0,1.0,0.0,0.0,0.0,0.0,0.0,0.0,1.0,0.0,0.0,NaN,0.0,0.0,NaN,NaN,NaN,NaN,NaN,NaN,NaN
82.0,NaN,-6.0,0.0,93.0,NaN,-1.0,0.0,36.67,NaN,-0.03199999999999932,1.0,145.0,NaN,14.0,0.0,78.0,NaN,-5.0,0.0,65.0,NaN,-5.0,0.0,23.0,NaN,2.0,0.0,NaN,NaN,NaN,24.0,NaN,NaN,NaN,24.0,23.0,NaN,0.0,13.0,NaN,NaN,NaN,24.0,NaN,NaN,NaN,24.0,NaN,NaN,NaN,24.0,NaN,NaN,NaN,24.0,NaN,NaN,NaN,24.0,15.0,NaN,0.0,13.0,NaN,NaN,NaN,24.0,8.9,NaN,0.0,13.0,100.0,NaN,0.0,13.0,0.6,NaN,0.0,13.0,NaN,NaN,NaN,24.0,118.0,NaN,0.0,13.0,NaN,NaN,NaN,24.0,1.8,NaN,0.0,13.0,3.2,NaN,0.0,13.0,3.9,NaN,0.0,13.0,NaN,NaN,NaN,24.0,NaN,NaN,NaN,24.0,33.2,NaN,0.0,13.0,11.5,NaN,0.0,13.0,27.9,NaN,0.0,13.0,13.3,NaN,0.0,13.0,NaN,NaN,NaN,24.0,220.0,NaN,0.0,13.0,64.0,0.0,0.0,1.0,-2.8833333333333333,16.0,0.0,1.0,0.0,1.0,0.0,0.0,0.0,0.0,0.0,0.0,1.0,0.0,0.0,NaN,0.0,0.0,NaN,NaN,NaN,NaN,NaN,NaN,NaN
