108.0,NaN,NaN,24.0,88.0,NaN,NaN,24.0,36.78,NaN,NaN,24.0,NaN,NaN,NaN,24.0,NaN,NaN,NaN,24.0,NaN,NaN,NaN,24.0,21.0,NaN,NaN,24.0,NaN,NaN,NaN,24.0,NaN,NaN,NaN,24.0,NaN,NaN,NaN,24.0,NaN,NaN,NaN,24.0,NaN,NaN,NaN,24.0,NaN,NaN,NaN,24.0,NaN,NaN,NaN,24.0,NaN,NaN,NaN,24.0,NaN,NaN,NaN,24.0,NaN,NaN,NaN,24.0,NaN,NaN,NaN,24.0,NaN,NaN,NaN,24.0,NaN,NaN,NaN,24.0,NaN,NaN,NaN,24.0,NaN,NaN,NaN,24.0,NaN,NaN,NaN,24.0,NaN,NaN,NaN,24.0,NaN,NaN,NaN,24.0,NaN,NaN,NaN,24.0,NaN,NaN,NaN,24.0,NaN,NaN,NaN,24.0,NaN,NaN,NaN,24.0,NaN,NaN,NaN,24.0,NaN,NaN,NaN,24.0,NaN,NaN,NaN,24.0,NaN,NaN,NaN,24.0,NaN,NaN,NaN,24.0,82.0,1.0,1.0,0.0,-6.083333333333333,1.0,0.0,1.0,1.0,0.0,0.0,0.0,0.0,0.0,0.0,0.0,1.0,0.0,1.0,1.0,0.0,0.0,NaN,5.0,4.0,4.0,NaN,NaN,NaN
111.0,NaN,3.0,0.0,93.0,NaN,5.0,0.0,36.78,NaN,0.0,1.0,126.0,NaN,0.0,0.0,81.0,NaN,0.0,0.0,69.0,NaN,0.0,0.0,22.0,NaN,1.0,0.0,NaN,NaN,NaN,24.0,NaN,NaN,NaN,24.0,NaN,NaN,NaN,24.0,NaN,NaN,NaN,24.0,NaN,NaN,NaN,24.0,NaN,NaN,NaN,24.0,NaN,NaN,NaN,24.0,NaN,NaN,NaN,24.0,NaN,NaN,NaN,24.0,NaN,NaN,NaN,24.0,NaN,NaN,NaN,24.0,NaN,NaN,NaN,24.0,NaN,NaN,NaN,24.0,NaN,NaN,NaN,24.0,NaN,NaN,NaN,24.0,NaN,NaN,NaN,24.0,NaN,NaN,NaN,24.0,NaN,NaN,NaN,24.0,NaN,NaN,NaN,24.0,NaN,NaN,NaN,24.0,NaN,NaN,NaN,24.0,NaN,NaN,NaN,24.0,NaN,NaN,NaN,24.0,NaN,NaN,NaN,24.0,NaN,NaN,NaN,24.0,NaN,NaN,NaN,24.0,NaN,NaN,NaN,24.0,82.0,1.0,1.0,0.0,-6.083333333333333,2.0,0.0,1.0,1.0,0.0,0.0,0.0,0.0,0.0,0.0,0.0,1.0,1.0,1.0,1.0,0.0,0.0,NaN,5.0,4.0,4.0,NaN,NaN,NaN
119.0,NaN,8.0,0.0,95.0,NaN,2.0,0.0,36.78,NaN,0.0,2.0,116.0,NaN,-10.0,0.0,86.0,NaN,5.0,0.0,77.0,NaN,8.0,0.0,21.0,NaN,-1.0,0.0,NaN,NaN,NaN,24.0,NaN,NaN,NaN,24.0,NaN,NaN,NaN,24.0,NaN,NaN,NaN,24.0,NaN,NaN,NaN,24.0,NaN,NaN,NaN,24.0,NaN,NaN,NaN,24.0,NaN,NaN,NaN,24.0,NaN,NaN,NaN,24.0,NaN,NaN,NaN,24.0,NaN,NaN,NaN,24.0,NaN,NaN,NaN,24.0,NaN,NaN,NaN,24.0,NaN,NaN,NaN,24.0,NaN,NaN,NaN,24.0,NaN,NaN,NaN,24.0,NaN,NaN,NaN,24.0,NaN,NaN,NaN,24.0,NaN,NaN,NaN,24.0,NaN,NaN,NaN,24.0,NaN,NaN,NaN,24.0,NaN,NaN,NaN,24.0,NaN,NaN,NaN,24.0,NaN,NaN,NaN,24.0,NaN,NaN,NaN,24.0,NaN,NaN,NaN,24.0,NaN,NaN,NaN,24.0,82.0,1.0,1.0,0.0,-6.083333333333333,3.0,0.0,1.0,1.0,0.0,0.0,0.0,0.0,0.0,0.0,0.0,1.0,1.0,1.0,1.0,0.0,0.0,NaN,5.0,4.0,4.0,NaN,NaN,NaN
137.0,NaN,18.0,0.0,93.0,NaN,-2.0,0.0,36.78,NaN,0.0,3.0,115.0,NaN,-1.0,0.0,87.0,NaN,1.0,0.0,78.0,NaN,1.0,0.0,24.0,NaN,3.0,0.0,NaN,NaN,NaN,24.0,NaN,NaN,NaN,24.0,NaN,NaN,NaN,24.0,NaN,NaN,NaN,24.0,NaN,NaN,NaN,24.0,NaN,NaN,NaN,24.0,NaN,NaN,NaN,24.0,NaN,NaN,NaN,24.0,NaN,NaN,NaN,24.0,NaN,NaN,NaN,24.0,NaN,NaN,NaN,24.0,NaN,NaN,NaN,24.0,NaN,NaN,NaN,24.0,NaN,NaN,NaN,24.0,NaN,NaN,NaN,24.0,NaN,NaN,NaN,24.0,NaN,NaN,NaN,24.0,NaN,NaN,NaN,24.0,NaN,NaN,NaN,24.0,NaN,NaN,NaN,24.0,NaN,NaN,NaN,24.0,NaN,NaN,NaN,24.0,NaN,NaN,NaN,24.0,NaN,NaN,NaN,24.0,NaN,NaN,NaN,24.0,NaN,NaN,NaN,24.0,NaN,NaN,NaN,24.0,82.0,1.0,1.0,0.0,-6.083333333333333,4.0,0.0,1.0,1.0,0.0,0.0,0.0,0.0,0.0,0.0,0.0,1.0,1.0,1.0,1.0,0.0,0.0,NaN,5.0,4.0,4.0,NaN,NaN,NaN
147.0,NaN,10.0,0.0,94.0,NaN,1.0,0.0,38.22,NaN,0.35999999999999943,0.0,116.0,NaN,1.0,0.0,79.0,NaN,-8.0,0.0,68.0,NaN,-10.0,0.0,24.0,NaN,0.0,0.0,NaN,NaN,NaN,24.0,NaN,NaN,NaN,24.0,29.0,NaN,0.0,0.0,NaN,NaN,NaN,24.0,NaN,NaN,NaN,24.0,NaN,NaN,NaN,24.0,NaN,NaN,NaN,24.0,NaN,NaN,NaN,24.0,36.0,NaN,0.0,0.0,NaN,NaN,NaN,24.0,8.3,NaN,0.0,0.0,103.0,NaN,0.0,0.0,1.1,NaN,0.0,0.0,NaN,NaN,NaN,24.0,119.0,NaN,0.0,0.0,NaN,NaN,NaN,24.0,1.5,NaN,0.0,0.0,2.7,NaN,0.0,0.0,3.8,NaN,0.0,0.0,NaN,NaN,NaN,24.0,0.09,NaN,0.0,0.0,21.7,NaN,0.0,0.0,7.6,NaN,0.0,0.0,30.8,NaN,0.0,0.0,3.4,NaN,0.0,0.0,NaN,NaN,NaN,24.0,24.0,NaN,0.0,0.0,82.0,1.0,1.0,0.0,-6.083333333333333,5.0,1.0,1.0,1.0,1.0,0.0,3.0,0.0,0.0,0.0,0.0,1.0,1.0,1.0,1.0,0.0,0.0,NaN,5.0,4.0,4.0,NaN,NaN,NaN
121.0,NaN,-26.0,0.0,98.0,NaN,4.0,0.0,38.22,NaN,0.28799999999999953,1.0,100.0,NaN,-16.0,0.0,70.0,NaN,-9.0,0.0,59.0,NaN,-9.0,0.0,18.0,NaN,-6.0,0.0,NaN,NaN,NaN,24.0,NaN,NaN,NaN,24.0,29.0,NaN,0.0,1.0,NaN,NaN,NaN,24.0,NaN,NaN,NaN,24.0,NaN,NaN,NaN,24.0,NaN,NaN,NaN,24.0,NaN,NaN,NaN,24.0,36.0,NaN,0.0,1.0,NaN,NaN,NaN,24.0,8.3,NaN,0.0,1.0,103.0,NaN,0.0,1.0,1.1,NaN,0.0,1.0,NaN,NaN,NaN,24.0,119.0,NaN,0.0,1.0,NaN,NaN,NaN,24.0,1.5,NaN,0.0,1.0,2.7,NaN,0.0,1.0,3.8,NaN,0.0,1.0,NaN,NaN,NaN,24.0,0.09,NaN,0.0,1.0,21.7,NaN,0.0,1.0,7.6,NaN,0.0,1.0,30.8,NaN,0.0,1.0,3.4,NaN,0.0,1.0,NaN,NaN,NaN,24.0,24.0,NaN,0.0,1.0,82.0,1.0,1.0,0.0,-6.083333333333333,6.0,1.0,0.0,1.0,1.0,0.0,0.0,0.0,0.0,0.0,0.0,1.0,1.0,1.0,1.0,0.0,0.0,NaN,5.0,4.0,4.0,NaN,NaN,NaN
123.0,NaN,2.0,0.0,99.0,NaN,1.0,0.0,37.11,NaN,-0.5549999999999997,0.0,90.0,NaN,-10.0,0.0,66.0,NaN,-4.0,0.0,58.0,NaN,-1.0,0.0,18.0,NaN,0.0,0.0,NaN,NaN,NaN,24.0,NaN,NaN,NaN,24.0,29.0,NaN,0.0,2.0,NaN,NaN,NaN,24.0,NaN,NaN,NaN,24.0,NaN,NaN,NaN,24.0,NaN,NaN,NaN,24.0,NaN,NaN,NaN,24.0,36.0,NaN,0.0,2.0,NaN,NaN,NaN,24.0,8.3,NaN,0.0,2.0,103.0,NaN,0.0,2.0,1.1,NaN,0.0,2.0,NaN,NaN,NaN,24.0,119.0,NaN,0.0,2.0,NaN,NaN,NaN,24.0,1.5,NaN,0.0,2.0,2.7,NaN,0.0,2.0,3.8,NaN,0.0,2.0,NaN,NaN,NaN,24.0,0.09,NaN,0.0,2.0,21.7,NaN,0.0,2.0,7.6,NaN,0.0,2.0,30.8,NaN,0.0,2.0,3.4,NaN,0.0,2.0,NaN,NaN,NaN,24.0,24.0,NaN,0.0,2.0,82.0,1.0,1.0,0.0,-6.083333333333333,7.0,0.0,0.0,1.0,1.0,0.0,0.0,0.0,1.0,0.0,0.0,1.0,1.0,1.0,1.0,0.0,0.0,NaN,5.0,4.0,4.0,NaN,NaN,NaN
108.0,NaN,-15.0,0.0,98.0,NaN,-1.0,0.0,37.11,NaN,-0.36999999999999983,1.0,89.0,NaN,-1.0,0.0,72.0,NaN,6.0,0.0,67.0,NaN,9.0,0.0,14.0,NaN,-4.0,0.0,NaN,NaN,NaN,24.0,NaN,NaN,NaN,24.0,29.0,NaN,0.0,3.0,NaN,NaN,NaN,24.0,NaN,NaN,NaN,24.0,NaN,NaN,NaN,24.0,NaN,NaN,NaN,24.0,NaN,NaN,NaN,24.0,36.0,NaN,0.0,3.0,NaN,NaN,NaN,24.0,8.3,NaN,0.0,3.0,103.0,NaN,0.0,3.0,1.1,NaN,0.0,3.0,NaN,NaN,NaN,24.0,119.0,NaN,0.0,3.0,NaN,NaN,NaN,24.0,1.5,NaN,0.0,3.0,2.7,NaN,0.0,3.0,3.8,NaN,0.0,3.0,NaN,NaN,NaN,24.0,0.09,NaN,0.0,3.0,21.7,NaN,0.0,3.0,7.6,NaN,0.0,3.0,30.8,NaN,0.0,3.0,3.4,NaN,0.0,3.0,NaN,NaN,NaN,24.0,24.0,NaN,0.0,3.0,82.0,1.0,1.0,0.0,-6.083333333333333,8.0,0.0,0.0,1.0,1.0,0.0,0.0,0.0,1.0,0.0,0.0,1.0,1.0,1.0,1.0,0.0,0.0,NaN,5.0,4.0,4.0,NaN,NaN,NaN
106.0,NaN,-2.0,0.0,96.0,NaN,-2.0,0.0,36.25,NaN,-0.4299999999999997,0.0,93.5,NaN,4.5,0.0,67.0,NaN,-5.0,0.0,59.0,NaN,-8.0,0.0,16.0,NaN,2.0,0.0,NaN,NaN,NaN,24.0,NaN,NaN,NaN,24.0,29.0,NaN,0.0,4.0,NaN,NaN,NaN,24.0,NaN,NaN,NaN,24.0,NaN,NaN,NaN,24.0,NaN,NaN,NaN,24.0,NaN,NaN,NaN,24.0,36.0,NaN,0.0,4.0,NaN,NaN,NaN,24.0,8.3,NaN,0.0,4.0,103.0,NaN,0.0,4.0,1.1,NaN,0.0,4.0,NaN,NaN,NaN,24.0,119.0,NaN,0.0,4.0,NaN,NaN,NaN,24.0,1.5,NaN,0.0,4.0,2.7,NaN,0.0,4.0,3.8,NaN,0.0,4.0,NaN,NaN,NaN,24.0,0.09,NaN,0.0,4.0,21.7,NaN,0.0,4.0,7.6,NaN,0.0,4.0,30.8,NaN,0.0,4.0,3.4,NaN,0.0,4.0,NaN,NaN,NaN,24.0,24.0,NaN,0.0,4.0,82.0,1.0,1.0,0.0,-6.083333333333333,9.0,0.0,0.0,1.0,1.0,0.0,0.0,0.0,0.0,0.0,0.0,1.0,1.0,1.0,1.0,0.0,0.0,NaN,5.0,4.0,4.0,NaN,NaN,NaN
