105.0,NaN,NaN,24.0,99.0,NaN,NaN,24.0,NaN,NaN,NaN,24.0,178.0,NaN,NaN,24.0,90.0,NaN,NaN,24.0,61.0,NaN,NaN,24.0,25.0,NaN,NaN,24.0,NaN,NaN,NaN,24.0,NaN,NaN,NaN,24.0,NaN,NaN,NaN,24.0,NaN,NaN,NaN,24.0,NaN,NaN,NaN,24.0,NaN,NaN,NaN,24.0,NaN,NaN,NaN,24.0,NaN,NaN,NaN,24.0,NaN,NaN,NaN,24.0,NaN,NaN,NaN,24.0,NaN,NaN,NaN,24.0,NaN,NaN,NaN,24.0,NaN,NaN,NaN,24.0,NaN,NaN,NaN,24.0,NaN,NaN,NaN,24.0,NaN,NaN,NaN,24.0,NaN,NaN,NaN,24.0,NaN,NaN,NaN,24.0,NaN,NaN,NaN,24.0,NaN,NaN,NaN,24.0,NaN,NaN,NaN,24.0,NaN,NaN,NaN,24.0,NaN,NaN,NaN,24.0,NaN,NaN,NaN,24.0,NaN,NaN,NaN,24.0,NaN,NaN,NaN,24.0,NaN,NaN,NaN,24.0,91.0,0.0,-1.0,-1.0,-35.035555555555554,1.0,0.0,1.0,1.0,0.0,0.0,0.0,0.0,0.0,0.0,0.0,1.0,0.0,0.0,0.0,1.0,0.0,NaN,NaN,NaN,0.0,NaN,NaN,NaN
104.0,NaN,-1.0,0.0,97.0,NaN,-2.0,0.0,NaN,NaN,NaN,24.0,155.0,NaN,-23.0,0.0,69.0,NaN,-21.0,0.0,47.0,NaN,-14.0,0.0,26.0,NaN,1.0,0.0,NaN,NaN,NaN,24.0,NaN,NaN,NaN,24.0,NaN,NaN,NaN,24.0,NaN,NaN,NaN,24.0,NaN,NaN,NaN,24.0,NaN,NaN,NaN,24.0,NaN,NaN,NaN,24.0,NaN,NaN,NaN,24.0,NaN,NaN,NaN,24.0,NaN,NaN,NaN,24.0,NaN,NaN,NaN,24.0,NaN,NaN,NaN,24.0,NaN,NaN,NaN,24.0,NaN,NaN,NaN,24.0,NaN,NaN,NaN,24.0,NaN,NaN,NaN,24.0,NaN,NaN,NaN,24.0,NaN,NaN,NaN,24.0,NaN,NaN,NaN,24.0,NaN,NaN,NaN,24.0,NaN,NaN,NaN,24.0,NaN,NaN,NaN,24.0,NaN,NaN,NaN,24.0,NaN,NaN,NaN,24.0,NaN,NaN,NaN,24.0,NaN,NaN,NaN,24.0,NaN,NaN,NaN,24.0,91.0,0.0,-1.0,-1.0,-35.035555555555554,2.0,0.0,1.0,1.0,0.0,0.0,0.0,0.0,0.0,0.0,0.0,1.0,0.0,0.0,0.0,1.0,0.0,NaN,NaN,NaN,0.0,NaN,NaN,NaN
109.0,NaN,5.0,0.0,96.0,NaN,-1.0,0.0,NaN,NaN,NaN,24.0,153.0,NaN,-2.0,0.0,105.0,NaN,36.0,0.0,99.0,NaN,52.0,0.0,23.0,NaN,-3.0,0.0,NaN,NaN,NaN,24.0,NaN,NaN,NaN,24.0,30.0,NaN,0.0,0.0,NaN,NaN,NaN,24.0,NaN,NaN,NaN,24.0,NaN,NaN,NaN,24.0,NaN,NaN,NaN,24.0,NaN,NaN,NaN,24.0,59.0,NaN,0.0,0.0,NaN,NaN,NaN,24.0,10.7,NaN,0.0,0.0,99.0,NaN,0.0,0.0,1.5,NaN,0.0,0.0,NaN,NaN,NaN,24.0,135.0,NaN,0.0,0.0,NaN,NaN,NaN,24.0,2.2,NaN,0.0,0.0,4.1,NaN,0.0,0.0,4.3,NaN,0.0,0.0,NaN,NaN,NaN,24.0,NaN,NaN,NaN,24.0,35.7,NaN,0.0,0.0,11.1,NaN,0.0,0.0,19.5,NaN,0.0,0.0,15.4,NaN,0.0,0.0,NaN,NaN,NaN,24.0,208.0,NaN,0.0,0.0,91.0,0.0,-1.0,-1.0,-35.035555555555554,3.0,0.0,1.0,1.0,1.0,0.0,0.0,0.0,0.0,0.0,1.0,1.0,0.0,0.0,0.0,1.0,0.0,NaN,NaN,NaN,0.0,NaN,NaN,NaN
112.0,NaN,3.0,0.0,99.0,NaN,3.0,0.0,NaN,NaN,NaN,24.0,162.0,NaN,9.0,0.0,82.0,NaN,-23.0,0.0,67.0,NaN,-32.0,0.0,26.0,NaN,3.0,0.0,NaN,NaN,NaN,24.0,NaN,NaN,NaN,24.0,30.0,NaN,0.0,1.0,NaN,NaN,NaN,24.0,NaN,NaN,NaN,24.0,NaN,NaN,NaN,24.0,NaN,NaN,NaN,24.0,NaN,NaN,NaN,24.0,59.0,NaN,0.0,1.0,NaN,NaN,NaN,24.0,10.7,NaN,0.0,1.0,99.0,NaN,0.0,1.0,1.5,NaN,0.0,1.0,NaN,NaN,NaN,24.0,135.0,NaN,0.0,1.0,NaN,NaN,NaN,24.0,2.2,NaN,0.0,1.0,4.1,NaN,0.0,1.0,4.3,NaN,0.0,1.0,NaN,NaN,NaN,24.0,NaN,NaN,NaN,24.0,35.7,NaN,0.0,1.0,11.1,NaN,0.0,1.0,19.5,NaN,0.0,1.0,15.4,NaN,0.0,1.0,NaN,NaN,NaN,24.0,208.0,NaN,0.0,1.0,91.0,0.0,-1.0,-1.0,-35.035555555555554,4.0,0.0,1.0,1.0,1.0,0.0,0.0,0.0,0.0,0.0,0.0,1.0,0.0,0.0,0.0,1.0,0.0,NaN,NaN,NaN,0.0,NaN,NaN,NaN
114.0,NaN,2.0,0.0,96.0,NaN,-3.0,0.0,36.94,NaN,0.0,0.0,154.0,NaN,-8.0,0.0,79.0,NaN,-3.0,0.0,56.0,NaN,-11.0,0.0,27.0,NaN,1.0,0.0,NaN,NaN,NaN,24.0,NaN,NaN,NaN,24.0,30.0,NaN,0.0,2.0,NaN,NaN,NaN,24.0,NaN,NaN,NaN,24.0,NaN,NaN,NaN,24.0,NaN,NaN,NaN,24.0,NaN,NaN,NaN,24.0,59.0,NaN,0.0,2.0,NaN,NaN,NaN,24.0,10.7,NaN,0.0,2.0,99.0,NaN,0.0,2.0,1.5,NaN,0.0,2.0,NaN,NaN,NaN,24.0,135.0,NaN,0.0,2.0,NaN,NaN,NaN,24.0,2.2,NaN,0.0,2.0,4.1,NaN,0.0,2.0,4.3,NaN,0.0,2.0,NaN,NaN,NaN,24.0,NaN,NaN,NaN,24.0,35.7,NaN,0.0,2.0,11.1,NaN,0.0,2.0,19.5,NaN,0.0,2.0,15.4,NaN,0.0,2.0,NaN,NaN,NaN,24.0,208.0,NaN,0.0,2.0,91.0,0.0,-1.0,-1.0,-35.035555555555554,5.0,0.0,1.0,1.0,1.0,0.0,0.0,0.0,0.0,0.0,0.0,1.0,0.0,0.0,0.0,1.0,0.0,NaN,NaN,NaN,0.0,NaN,NaN,NaN
119.0,NaN,5.0,0.0,97.0,NaN,1.0,0.0,36.94,NaN,0.0,1.0,151.0,NaN,-3.0,0.0,85.0,NaN,6.0,0.0,65.0,NaN,9.0,0.0,27.0,NaN,0.0,0.0,NaN,NaN,NaN,24.0,NaN,NaN,NaN,24.0,30.0,NaN,0.0,3.0,NaN,NaN,NaN,24.0,NaN,NaN,NaN,24.0,NaN,NaN,NaN,24.0,NaN,NaN,NaN,24.0,NaN,NaN,NaN,24.0,59.0,NaN,0.0,3.0,NaN,NaN,NaN,24.0,10.7,NaN,0.0,3.0,99.0,NaN,0.0,3.0,1.5,NaN,0.0,3.0,NaN,NaN,NaN,24.0,135.0,NaN,0.0,3.0,NaN,NaN,NaN,24.0,2.2,NaN,0.0,3.0,4.1,NaN,0.0,3.0,4.3,NaN,0.0,3.0,NaN,NaN,NaN,24.0,NaN,NaN,NaN,24.0,35.7,NaN,0.0,3.0,11.1,NaN,0.0,3.0,19.5,NaN,0.0,3.0,15.4,NaN,0.0,3.0,NaN,NaN,NaN,24.0,208.0,NaN,0.0,3.0,91.0,0.0,-1.0,-1.0,-35.035555555555554,6.0,0.0,1.0,1.0,1.0,0.0,0.0,0.0,0.0,0.0,0.0,1.0,0.0,0.0,0.0,1.0,0.0,NaN,NaN,NaN,0.0,NaN,NaN,NaN
110.0,NaN,-9.0,0.0,98.0,NaN,1.0,0.0,36.94,NaN,0.0,2.0,136.0,NaN,-15.0,0.0,77.0,NaN,-8.0,0.0,61.0,NaN,-4.0,0.0,28.0,NaN,1.0,0.0,NaN,NaN,NaN,24.0,NaN,NaN,NaN,24.0,30.0,NaN,0.0,4.0,NaN,NaN,NaN,24.0,NaN,NaN,NaN,24.0,NaN,NaN,NaN,24.0,NaN,NaN,NaN,24.0,NaN,NaN,NaN,24.0,59.0,NaN,0.0,4.0,NaN,NaN,NaN,24.0,10.7,NaN,0.0,4.0,99.0,NaN,0.0,4.0,1.5,NaN,0.0,4.0,NaN,NaN,NaN,24.0,135.0,NaN,0.0,4.0,NaN,NaN,NaN,24.0,2.2,NaN,0.0,4.0,4.1,NaN,0.0,4.0,4.3,NaN,0.0,4.0,NaN,NaN,NaN,24.0,NaN,NaN,NaN,24.0,35.7,NaN,0.0,4.0,11.1,NaN,0.0,4.0,19.5,NaN,0.0,4.0,15.4,NaN,0.0,4.0,NaN,NaN,NaN,24.0,208.0,NaN,0.0,4.0,91.0,0.0,-1.0,-1.0,-35.035555555555554,7.0,0.0,1.0,1.0,1.0,0.0,0.0,0.0,0.0,0.0,0.0,1.0,0.0,0.0,0.0,1.0,0.0,NaN,NaN,NaN,0.0,NaN,NaN,NaN
109.0,NaN,-1.0,0.0,97.0,NaN,-1.0,0.0,36.94,NaN,0.0,3.0,175.0,NaN,39.0,0.0,91.0,NaN,14.0,0.0,71.0,NaN,10.0,0.0,26.0,NaN,-2.0,0.0,NaN,NaN,NaN,24.0,NaN,NaN,NaN,24.0,30.0,NaN,0.0,5.0,NaN,NaN,NaN,24.0,NaN,NaN,NaN,24.0,NaN,NaN,NaN,24.0,NaN,NaN,NaN,24.0,NaN,NaN,NaN,24.0,59.0,NaN,0.0,5.0,NaN,NaN,NaN,24.0,10.7,NaN,0.0,5.0,99.0,NaN,0.0,5.0,1.5,NaN,0.0,5.0,NaN,NaN,NaN,24.0,135.0,NaN,0.0,5.0,NaN,NaN,NaN,24.0,2.2,NaN,0.0,5.0,4.1,NaN,0.0,5.0,4.3,NaN,0.0,5.0,NaN,NaN,NaN,24.0,NaN,NaN,NaN,24.0,35.7,NaN,0.0,5.0,11.1,NaN,0.0,5.0,19.5,NaN,0.0,5.0,15.4,NaN,0.0,5.0,NaN,NaN,NaN,24.0,208.0,NaN,0.0,5.0,91.0,0.0,-1.0,-1.0,-35.035555555555554,8.0,0.0,1.0,1.0,1.0,0.0,0.0,0.0,0.0,0.0,0.0,1.0,0.0,0.0,0.0,1.0,0.0,NaN,NaN,NaN,0.0,NaN,NaN,NaN
110.0,NaN,1.0,0.0,96.0,NaN,-1.0,0.0,36.78,NaN,-0.03999999999999915,0.0,177.0,NaN,2.0,0.0,95.0,NaN,4.0,0.0,69.0,NaN,-2.0,0.0,23.0,NaN,-3.0,0.0,NaN,NaN,NaN,24.0,NaN,NaN,NaN,24.0,30.0,NaN,0.0,6.0,NaN,NaN,NaN,24.0,NaN,NaN,NaN,24.0,NaN,NaN,NaN,24.0,NaN,NaN,NaN,24.0,NaN,NaN,NaN,24.0,59.0,NaN,0.0,6.0,NaN,NaN,NaN,24.0,10.7,NaN,0.0,6.0,99.0,NaN,0.0,6.0,1.5,NaN,0.0,6.0,NaN,NaN,NaN,24.0,135.0,NaN,0.0,6.0,NaN,NaN,NaN,24.0,2.2,NaN,0.0,6.0,4.1,NaN,0.0,6.0,4.3,NaN,0.0,6.0,NaN,NaN,NaN,24.0,NaN,NaN,NaN,24.0,35.7,NaN,0.0,6.0,11.1,NaN,0.0,6.0,19.5,NaN,0.0,6.0,15.4,NaN,0.0,6.0,NaN,NaN,NaN,24.0,208.0,NaN,0.0,6.0,91.0,0.0,-1.0,-1.0,-35.035555555555554,9.0,0.0,1.0,1.0,1.0,0.0,0.0,0.0,0.0,0.0,0.0,1.0,0.0,0.0,0.0,1.0,0.0,NaN,NaN,NaN,0.0,NaN,NaN,NaN
110.0,NaN,0.0,0.0,91.0,NaN,-5.0,0.0,36.78,NaN,-0.03199999999999932,1.0,145.0,NaN,-32.0,0.0,81.0,NaN,-14.0,0.0,61.0,NaN,-8.0,0.0,22.0,NaN,-1.0,0.0,NaN,NaN,NaN,24.0,NaN,NaN,NaN,24.0,30.0,NaN,0.0,7.0,NaN,NaN,NaN,24.0,NaN,NaN,NaN,24.0,NaN,NaN,NaN,24.0,NaN,NaN,NaN,24.0,NaN,NaN,NaN,24.0,59.0,NaN,0.0,7.0,NaN,NaN,NaN,24.0,10.7,NaN,0.0,7.0,99.0,NaN,0.0,7.0,1.5,NaN,0.0,7.0,NaN,NaN,NaN,24.0,135.0,NaN,0.0,7.0,NaN,NaN,NaN,24.0,2.2,NaN,0.0,7.0,4.1,NaN,0.0,7.0,4.3,NaN,0.0,7.0,NaN,NaN,NaN,24.0,NaN,NaN,NaN,24.0,35.7,NaN,0.0,7.0,11.1,NaN,0.0,7.0,19.5,NaN,0.0,7.0,15.4,NaN,0.0,7.0,NaN,NaN,NaN,24.0,208.0,NaN,0.0,7.0,91.0,0.0,-1.0,-1.0,-35.035555555555554,10.0,0.0,1.0,1.0,1.0,0.0,0.0,0.0,0.0,0.0,0.0,1.0,0.0,0.0,0.0,1.0,0.0,NaN,NaN,NaN,0.0,NaN,NaN,NaN
105.0,NaN,-5.0,0.0,93.0,NaN,2.0,0.0,36.78,NaN,-0.0266666666666661,2.0,147.0,NaN,2.0,0.0,85.0,NaN,4.0,0.0,64.0,NaN,3.0,0.0,24.0,NaN,2.0,0.0,NaN,NaN,NaN,24.0,NaN,NaN,NaN,24.0,30.0,NaN,0.0,8.0,NaN,NaN,NaN,24.0,NaN,NaN,NaN,24.0,NaN,NaN,NaN,24.0,NaN,NaN,NaN,24.0,NaN,NaN,NaN,24.0,59.0,NaN,0.0,8.0,NaN,NaN,NaN,24.0,10.7,NaN,0.0,8.0,99.0,NaN,0.0,8.0,1.5,NaN,0.0,8.0,NaN,NaN,NaN,24.0,135.0,NaN,0.0,8.0,NaN,NaN,NaN,24.0,2.2,NaN,0.0,8.0,4.1,NaN,0.0,8.0,4.3,NaN,0.0,8.0,NaN,NaN,NaN,24.0,NaN,NaN,NaN,24.0,35.7,NaN,0.0,8.0,11.1,NaN,0.0,8.0,19.5,NaN,0.0,8.0,15.4,NaN,0.0,8.0,NaN,NaN,NaN,24.0,208.0,NaN,0.0,8.0,91.0,0.0,-1.0,-1.0,-35.035555555555554,11.0,0.0,1.0,1.0,1.0,0.0,0.0,0.0,0.0,0.0,0.0,1.0,0.0,0.0,0.0,1.0,0.0,NaN,NaN,NaN,0.0,NaN,NaN,NaN
101.0,NaN,-4.0,0.0,94.0,NaN,1.0,0.0,36.78,NaN,-0.02285714285714237,3.0,147.0,NaN,0.0,0.0,131.0,NaN,46.0,0.0,126.0,NaN,62.0,0.0,20.0,NaN,-4.0,0.0,NaN,NaN,NaN,24.0,NaN,NaN,NaN,24.0,30.0,NaN,0.0,9.0,NaN,NaN,NaN,24.0,NaN,NaN,NaN,24.0,NaN,NaN,NaN,24.0,NaN,NaN,NaN,24.0,NaN,NaN,NaN,24.0,59.0,NaN,0.0,9.0,NaN,NaN,NaN,24.0,10.7,NaN,0.0,9.0,99.0,NaN,0.0,9.0,1.5,NaN,0.0,9.0,NaN,NaN,NaN,24.0,135.0,NaN,0.0,9.0,NaN,NaN,NaN,24.0,2.2,NaN,0.0,9.0,4.1,NaN,0.0,9.0,4.3,NaN,0.0,9.0,NaN,NaN,NaN,24.0,NaN,NaN,NaN,24.0,35.7,NaN,0.0,9.0,11.1,NaN,0.0,9.0,19.5,NaN,0.0,9.0,15.4,NaN,0.0,9.0,NaN,NaN,NaN,24.0,208.0,NaN,0.0,9.0,91.0,0.0,-1.0,-1.0,-35.035555555555554,12.0,0.0,0.0,1.0,1.0,0.0,0.0,0.0,0.0,0.0,0.0,1.0,0.0,0.0,0.0,1.0,0.0,NaN,NaN,NaN,0.0,NaN,NaN,NaN
113.0,NaN,12.0,0.0,92.0,NaN,-2.0,0.0,36.67,NaN,-0.027499999999999858,0.0,154.0,NaN,7.0,0.0,88.0,NaN,-43.0,0.0,79.0,NaN,-47.0,0.0,28.0,NaN,8.0,0.0,NaN,NaN,NaN,24.0,NaN,NaN,NaN,24.0,30.0,NaN,0.0,10.0,NaN,NaN,NaN,24.0,NaN,NaN,NaN,24.0,NaN,NaN,NaN,24.0,NaN,NaN,NaN,24.0,NaN,NaN,NaN,24.0,59.0,NaN,0.0,10.0,NaN,NaN,NaN,24.0,10.7,NaN,0.0,10.0,99.0,NaN,0.0,10.0,1.5,NaN,0.0,10.0,NaN,NaN,NaN,24.0,135.0,NaN,0.0,10.0,NaN,NaN,NaN,24.0,2.2,NaN,0.0,10.0,4.1,NaN,0.0,10.0,4.3,NaN,0.0,10.0,NaN,NaN,NaN,24.0,NaN,NaN,NaN,24.0,35.7,NaN,0.0,10.0,11.1,NaN,0.0,10.0,19.5,NaN,0.0,10.0,15.4,NaN,0.0,10.0,NaN,NaN,NaN,24.0,208.0,NaN,0.0,10.0,91.0,0.0,-1.0,-1.0,-35.035555555555554,13.0,0.0,1.0,1.0,1.0,0.0,0.0,0.0,0.0,0.0,0.0,1.0,0.0,0.0,0.0,1.0,0.0,NaN,NaN,NaN,0.0,NaN,NaN,NaN
104.0,NaN,-9.0,0.0,94.0,NaN,2.0,0.0,36.67,NaN,-0.021999999999999888,1.0,134.0,NaN,-20.0,0.0,98.0,NaN,10.0,0.0,93.0,NaN,14.0,0.0,22.0,NaN,-6.0,0.0,NaN,NaN,NaN,24.0,NaN,NaN,NaN,24.0,30.0,NaN,0.0,11.0,NaN,NaN,NaN,24.0,NaN,NaN,NaN,24.0,NaN,NaN,NaN,24.0,NaN,NaN,NaN,24.0,NaN,NaN,NaN,24.0,59.0,NaN,0.0,11.0,NaN,NaN,NaN,24.0,10.7,NaN,0.0,11.0,99.0,NaN,0.0,11.0,1.5,NaN,0.0,11.0,NaN,NaN,NaN,24.0,135.0,NaN,0.0,11.0,NaN,NaN,NaN,24.0,2.2,NaN,0.0,11.0,4.1,NaN,0.0,11.0,4.3,NaN,0.0,11.0,NaN,NaN,NaN,24.0,NaN,NaN,NaN,24.0,35.7,NaN,0.0,11.0,11.1,NaN,0.0,11.0,19.5,NaN,0.0,11.0,15.4,NaN,0.0,11.0,NaN,NaN,NaN,24.0,208.0,NaN,0.0,11.0,91.0,0.0,-1.0,-1.0,-35.035555555555554,14.0,0.0,1.0,1.0,1.0,0.0,0.0,0.0,0.0,0.0,0.0,1.0,0.0,0.0,0.0,1.0,0.0,NaN,NaN,NaN,0.0,NaN,NaN,NaN
92.0,NaN,-12.0,0.0,95.0,NaN,1.0,0.0,36.67,NaN,-0.01833333333333324,2.0,166.0,NaN,32.0,0.0,134.0,NaN,36.0,0.0,123.0,NaN,30.0,0.0,24.0,NaN,2.0,0.0,NaN,NaN,NaN,24.0,NaN,NaN,NaN,24.0,30.0,NaN,0.0,12.0,NaN,NaN,NaN,24.0,NaN,NaN,NaN,24.0,NaN,NaN,NaN,24.0,NaN,NaN,NaN,24.0,NaN,NaN,NaN,24.0,59.0,NaN,0.0,12.0,NaN,NaN,NaN,24.0,10.7,NaN,0.0,12.0,99.0,NaN,0.0,12.0,1.5,NaN,0.0,12.0,NaN,NaN,NaN,24.0,135.0,NaN,0.0,12.0,NaN,NaN,NaN,24.0,2.2,NaN,0.0,12.0,4.1,NaN,0.0,12.0,4.3,NaN,0.0,12.0,NaN,NaN,NaN,24.0,NaN,NaN,NaN,24.0,35.7,NaN,0.0,12.0,11.1,NaN,0.0,12.0,19.5,NaN,0.0,12.0,15.4,NaN,0.0,12.0,NaN,NaN,NaN,24.0,208.0,NaN,0.0,12.0,91.0,0.0,-1.0,-1.0,-35.035555555555554,15.0,0.0,1.0,1.0,1.0,0.0,0.0,0.0,0.0,0.0,0.0,1.0,0.0,0.0,0.0,1.0,0.0,NaN,NaN,NaN,0.0,NaN,NaN,NaN
92.0,NaN,-6.0,1.0,95.0,NaN,0.5,1.0,36.67,NaN,-0.015714285714285632,3.0,166.0,NaN,16.0,1.0,134.0,NaN,18.0,1.0,123.0,NaN,15.0,1.0,24.0,NaN,1.0,1.0,NaN,NaN,NaN,24.0,NaN,NaN,NaN,24.0,30.0,NaN,0.0,13.0,NaN,NaN,NaN,24.0,NaN,NaN,NaN,24.0,NaN,NaN,NaN,24.0,NaN,NaN,NaN,24.0,NaN,NaN,NaN,24.0,59.0,NaN,0.0,13.0,NaN,NaN,NaN,24.0,10.7,NaN,0.0,13.0,99.0,NaN,0.0,13.0,1.5,NaN,0.0,13.0,NaN,NaN,NaN,24.0,135.0,NaN,0.0,13.0,NaN,NaN,NaN,24.0,2.2,NaN,0.0,13.0,4.1,NaN,0.0,13.0,4.3,NaN,0.0,13.0,NaN,NaN,NaN,24.0,NaN,NaN,NaN,24.0,35.7,NaN,0.0,13.0,11.1,NaN,0.0,13.0,19.5,NaN,0.0,13.0,15.4,NaN,0.0,13.0,NaN,NaN,NaN,24.0,208.0,NaN,0.0,13.0,91.0,0.0,-1.0,-1.0,-35.035555555555554,16.0,0.0,1.0,1.0,1.0,0.0,0.0,0.0,0.0,0.0,0.0,1.0,0.0,0.0,0.0,1.0,0.0,NaN,NaN,NaN,0.0,NaN,NaN,NaN
