NaN,NaN,NaN,24.0,NaN,NaN,NaN,24.0,NaN,NaN,NaN,24.0,NaN,NaN,NaN,24.0,NaN,NaN,NaN,24.0,NaN,NaN,NaN,24.0,NaN,NaN,NaN,24.0,NaN,NaN,NaN,24.0,NaN,NaN,NaN,24.0,NaN,NaN,NaN,24.0,NaN,NaN,NaN,24.0,NaN,NaN,NaN,24.0,NaN,NaN,NaN,24.0,NaN,NaN,NaN,24.0,NaN,NaN,NaN,24.0,NaN,NaN,NaN,24.0,NaN,NaN,NaN,24.0,NaN,NaN,NaN,24.0,NaN,NaN,NaN,24.0,NaN,NaN,NaN,24.0,NaN,NaN,NaN,24.0,NaN,NaN,NaN,24.0,NaN,NaN,NaN,24.0,NaN,NaN,NaN,24.0,NaN,NaN,NaN,24.0,NaN,NaN,NaN,24.0,NaN,NaN,NaN,24.0,NaN,NaN,NaN,24.0,NaN,NaN,NaN,24.0,NaN,NaN,NaN,24.0,NaN,NaN,NaN,24.0,NaN,NaN,NaN,24.0,NaN,NaN,NaN,24.0,NaN,NaN,NaN,24.0,46.0,0.0,1.0,0.0,-3.988888888888889,1.0,0.0,0.0,0.0,0.0,0.0,0.0,0.0,0.0,0.0,0.0,1.0,0.0,1.0,1.0,0.0,0.0,NaN,9.0,9.0,9.0,NaN,NaN,NaN
NaN,NaN,NaN,24.0,NaN,NaN,NaN,24.0,NaN,NaN,NaN,24.0,NaN,NaN,NaN,24.0,NaN,NaN,NaN,24.0,NaN,NaN,NaN,24.0,NaN,NaN,NaN,24.0,NaN,NaN,NaN,24.0,-4.0,NaN,0.0,0.0,NaN,NaN,NaN,24.0,NaN,NaN,NaN,24.0,7.38,NaN,0.0,0.0,32.0,NaN,0.0,0.0,NaN,NaN,NaN,24.0,NaN,NaN,NaN,24.0,NaN,NaN,NaN,24.0,NaN,NaN,NaN,24.0,NaN,NaN,NaN,24.0,NaN,NaN,NaN,24.0,NaN,NaN,NaN,24.0,NaN,NaN,NaN,24.0,NaN,NaN,NaN,24.0,1.2,NaN,0.0,0.0,NaN,NaN,NaN,24.0,NaN,NaN,NaN,24.0,NaN,NaN,NaN,24.0,NaN,NaN,NaN,24.0,NaN,NaN,NaN,24.0,NaN,NaN,NaN,24.0,NaN,NaN,NaN,24.0,NaN,NaN,NaN,24.0,NaN,NaN,NaN,24.0,NaN,NaN,NaN,24.0,NaN,NaN,NaN,24.0,46.0,0.0,1.0,0.0,-3.988888888888889,2.0,0.0,0.0,0.0,0.0,0.0,0.0,0.0,0.0,0.0,0.0,0.0,0.0,1.0,1.0,0.0,0.0,NaN,9.0,9.0,9.0,NaN,NaN,NaN
105.333333333333,NaN,0.0,0.0,97.6666666666667,NaN,0.0,0.0,37.5,NaN,0.0,0.0,115.0,NaN,0.0,0.0,74.0,NaN,0.0,0.0,63.0,NaN,0.0,0.0,22.0,NaN,0.0,0.0,NaN,NaN,NaN,24.0,-4.0,NaN,0.0,1.0,NaN,NaN,NaN,24.0,0.5,NaN,0.0,0.0,7.38,NaN,0.0,1.0,32.0,NaN,0.0,1.0,NaN,NaN,NaN,24.0,NaN,NaN,NaN,24.0,NaN,NaN,NaN,24.0,NaN,NaN,NaN,24.0,NaN,NaN,NaN,24.0,NaN,NaN,NaN,24.0,NaN,NaN,NaN,24.0,NaN,NaN,NaN,24.0,NaN,NaN,NaN,24.0,1.2,NaN,0.0,1.0,NaN,NaN,NaN,24.0,NaN,NaN,NaN,24.0,NaN,NaN,NaN,24.0,NaN,NaN,NaN,24.0,NaN,NaN,NaN,24.0,NaN,NaN,NaN,24.0,NaN,NaN,NaN,24.0,NaN,NaN,NaN,24.0,NaN,NaN,NaN,24.0,NaN,NaN,NaN,24.0,NaN,NaN,NaN,24.0,46.0,0.0,1.0,0.0,-3.988888888888889,3.0,0.0,1.0,1.0,0.0,2.0,0.0,0.0,0.0,0.0,0.0,0.0,0.0,1.0,1.0,0.0,0.0,NaN,9.0,9.0,9.0,NaN,NaN,NaN
104.0,NaN,-1.3333333333330017,0.0,98.0,NaN,0.3333333333333002,0.0,37.5,NaN,0.0,1.0,109.0,NaN,-6.0,0.0,86.0,NaN,12.0,0.0,79.0,NaN,16.0,0.0,22.0,NaN,0.0,1.0,NaN,NaN,NaN,24.0,-4.0,NaN,0.0,2.0,NaN,NaN,NaN,24.0,0.5,NaN,0.0,1.0,7.38,NaN,0.0,2.0,32.0,NaN,0.0,2.0,NaN,NaN,NaN,24.0,NaN,NaN,NaN,24.0,NaN,NaN,NaN,24.0,NaN,NaN,NaN,24.0,NaN,NaN,NaN,24.0,NaN,NaN,NaN,24.0,NaN,NaN,NaN,24.0,NaN,NaN,NaN,24.0,NaN,NaN,NaN,24.0,1.2,NaN,0.0,2.0,NaN,NaN,NaN,24.0,NaN,NaN,NaN,24.0,NaN,NaN,NaN,24.0,NaN,NaN,NaN,24.0,NaN,NaN,NaN,24.0,NaN,NaN,NaN,24.0,NaN,NaN,NaN,24.0,NaN,NaN,NaN,24.0,NaN,NaN,NaN,24.0,NaN,NaN,NaN,24.0,NaN,NaN,NaN,24.0,46.0,0.0,1.0,0.0,-3.988888888888889,4.0,0.0,1.0,1.0,0.0,0.0,0.0,0.0,0.0,0.0,0.0,1.0,0.0,1.0,1.0,0.0,0.0,NaN,9.0,9.0,9.0,NaN,NaN,NaN
106.0,NaN,2.0,0.0,99.0,NaN,1.0,0.0,37.5,NaN,0.0,0.0,115.0,NaN,6.0,0.0,85.0,NaN,-1.0,0.0,78.0,NaN,-1.0,0.0,29.0,NaN,3.5,0.0,NaN,NaN,NaN,24.0,-4.0,NaN,0.0,3.0,15.0,NaN,0.0,0.0,0.5,NaN,0.0,0.0,7.38,NaN,0.0,3.0,32.0,NaN,0.0,3.0,NaN,NaN,NaN,24.0,NaN,NaN,NaN,24.0,27.0,NaN,0.0,0.0,NaN,NaN,NaN,24.0,7.7,NaN,0.0,0.0,106.0,NaN,0.0,0.0,1.1,NaN,0.0,0.0,NaN,NaN,NaN,24.0,88.0,NaN,0.0,0.0,1.2,NaN,0.0,3.0,1.5,NaN,0.0,0.0,3.7,NaN,0.0,0.0,4.1,NaN,0.0,0.0,NaN,NaN,NaN,24.0,0.03,NaN,0.0,0.0,35.8,NaN,0.0,0.0,11.4,NaN,0.0,0.0,NaN,NaN,NaN,24.0,4.3,NaN,0.0,0.0,NaN,NaN,NaN,24.0,153.0,NaN,0.0,0.0,46.0,0.0,1.0,0.0,-3.988888888888889,5.0,0.0,1.0,1.0,0.0,2.0,0.0,0.0,0.0,0.0,0.0,0.0,0.0,1.0,1.0,0.0,0.0,NaN,9.0,9.0,9.0,NaN,NaN,NaN
109.5,NaN,3.5,0.0,98.5,NaN,-0.5,0.0,37.5,NaN,0.0,1.0,121.0,NaN,6.0,0.0,77.0,NaN,-8.0,0.0,67.0,NaN,-11.0,0.0,29.0,NaN,2.3333333333333335,1.0,NaN,NaN,NaN,24.0,-4.0,NaN,0.0,4.0,15.0,NaN,0.0,1.0,0.5,NaN,0.0,1.0,7.38,NaN,0.0,4.0,32.0,NaN,0.0,4.0,NaN,NaN,NaN,24.0,NaN,NaN,NaN,24.0,27.0,NaN,0.0,1.0,NaN,NaN,NaN,24.0,7.7,NaN,0.0,1.0,106.0,NaN,0.0,1.0,1.1,NaN,0.0,1.0,NaN,NaN,NaN,24.0,88.0,NaN,0.0,1.0,1.2,NaN,0.0,4.0,1.5,NaN,0.0,1.0,3.7,NaN,0.0,1.0,4.1,NaN,0.0,1.0,NaN,NaN,NaN,24.0,0.03,NaN,0.0,1.0,35.8,NaN,0.0,1.0,11.4,NaN,0.0,1.0,NaN,NaN,NaN,24.0,4.3,NaN,0.0,1.0,NaN,NaN,NaN,24.0,153.0,NaN,0.0,1.0,46.0,0.0,1.0,0.0,-3.988888888888889,6.0,0.0,1.0,1.0,0.0,0.0,0.0,0.0,0.0,0.0,0.0,1.0,1.0,1.0,1.0,0.0,0.0,NaN,9.0,9.0,9.0,NaN,NaN,NaN
109.0,NaN,-0.5,0.0,100.0,NaN,1.5,0.0,38.11,NaN,0.3049999999999997,0.0,117.0,NaN,-4.0,0.0,74.0,NaN,-3.0,0.0,62.0,NaN,-5.0,0.0,29.0,NaN,1.75,2.0,NaN,NaN,NaN,24.0,-4.0,NaN,0.0,5.0,15.0,NaN,0.0,2.0,0.5,NaN,0.0,2.0,7.38,NaN,0.0,5.0,32.0,NaN,0.0,5.0,NaN,NaN,NaN,24.0,NaN,NaN,NaN,24.0,27.0,NaN,0.0,2.0,NaN,NaN,NaN,24.0,7.7,NaN,0.0,2.0,106.0,NaN,0.0,2.0,1.1,NaN,0.0,2.0,NaN,NaN,NaN,24.0,88.0,NaN,0.0,2.0,1.2,NaN,0.0,5.0,1.5,NaN,0.0,2.0,3.7,NaN,0.0,2.0,4.1,NaN,0.0,2.0,NaN,NaN,NaN,24.0,0.03,NaN,0.0,2.0,35.8,NaN,0.0,2.0,11.4,NaN,0.0,2.0,NaN,NaN,NaN,24.0,4.3,NaN,0.0,2.0,NaN,NaN,NaN,24.0,153.0,NaN,0.0,2.0,46.0,0.0,1.0,0.0,-3.988888888888889,7.0,1.0,1.0,1.0,0.0,0.0,0.0,0.0,0.0,0.0,0.0,1.0,1.0,1.0,1.0,0.0,0.0,NaN,9.0,9.0,9.0,NaN,NaN,NaN
116.0,NaN,7.0,0.0,100.0,NaN,0.0,0.0,38.11,NaN,0.20333333333333314,1.0,119.0,NaN,2.0,0.0,85.0,NaN,11.0,0.0,77.0,NaN,15.0,0.0,29.0,NaN,1.4,3.0,NaN,NaN,NaN,24.0,-4.0,NaN,0.0,6.0,15.0,NaN,0.0,3.0,0.5,NaN,0.0,3.0,7.38,NaN,0.0,6.0,32.0,NaN,0.0,6.0,NaN,NaN,NaN,24.0,NaN,NaN,NaN,24.0,27.0,NaN,0.0,3.0,NaN,NaN,NaN,24.0,7.7,NaN,0.0,3.0,106.0,NaN,0.0,3.0,1.1,NaN,0.0,3.0,NaN,NaN,NaN,24.0,88.0,NaN,0.0,3.0,1.2,NaN,0.0,6.0,1.5,NaN,0.0,3.0,3.7,NaN,0.0,3.0,4.1,NaN,0.0,3.0,NaN,NaN,NaN,24.0,0.03,NaN,0.0,3.0,35.8,NaN,0.0,3.0,11.4,NaN,0.0,3.0,NaN,NaN,NaN,24.0,4.3,NaN,0.0,3.0,NaN,NaN,NaN,24.0,153.0,NaN,0.0,3.0,46.0,0.0,1.0,0.0,-3.988888888888889,8.0,1.0,1.0,1.0,0.0,0.0,0.0,0.0,0.0,0.0,0.0,1.0,1.0,1.0,1.0,0.0,0.0,NaN,9.0,9.0,9.0,NaN,NaN,NaN
119.0,NaN,3.0,0.0,100.0,NaN,0.0,0.0,38.89,NaN,0.39000000000000057,0.0,116.0,NaN,-3.0,0.0,81.0,NaN,-4.0,0.0,73.0,NaN,-4.0,0.0,28.0,NaN,-0.25,0.0,NaN,NaN,NaN,24.0,-4.0,NaN,0.0,7.0,15.0,NaN,0.0,4.0,0.5,NaN,0.0,0.0,7.38,NaN,0.0,7.0,32.0,NaN,0.0,7.0,NaN,NaN,NaN,24.0,NaN,NaN,NaN,24.0,27.0,NaN,0.0,4.0,NaN,NaN,NaN,24.0,7.7,NaN,0.0,4.0,106.0,NaN,0.0,4.0,1.1,NaN,0.0,4.0,NaN,NaN,NaN,24.0,88.0,NaN,0.0,4.0,1.2,NaN,0.0,7.0,1.5,NaN,0.0,4.0,3.7,NaN,0.0,4.0,4.1,NaN,0.0,4.0,NaN,NaN,NaN,24.0,0.03,NaN,0.0,4.0,35.8,NaN,0.0,4.0,11.4,NaN,0.0,4.0,NaN,NaN,NaN,24.0,4.3,NaN,0.0,4.0,NaN,NaN,NaN,24.0,153.0,NaN,0.0,4.0,46.0,0.0,1.0,0.0,-3.988888888888889,9.0,1.0,1.0,1.0,0.0,2.0,0.0,0.0,0.0,0.0,0.0,0.0,1.0,1.0,1.0,0.0,0.0,NaN,9.0,9.0,9.0,NaN,NaN,NaN
127.0,NaN,8.0,0.0,100.0,NaN,0.0,0.0,38.89,NaN,0.2600000000000004,1.0,124.0,NaN,8.0,0.0,97.0,NaN,16.0,0.0,88.0,NaN,15.0,0.0,28.0,NaN,-0.2,1.0,NaN,NaN,NaN,24.0,-3.0,NaN,0.125,0.0,15.0,NaN,0.0,5.0,0.5,NaN,0.0,1.0,7.4,NaN,0.0025000000000000577,0.0,31.0,NaN,-0.125,0.0,NaN,NaN,NaN,24.0,NaN,NaN,NaN,24.0,27.0,NaN,0.0,5.0,NaN,NaN,NaN,24.0,7.7,NaN,0.0,5.0,106.0,NaN,0.0,5.0,1.1,NaN,0.0,5.0,NaN,NaN,NaN,24.0,88.0,NaN,0.0,5.0,1.4,NaN,0.024999999999999994,0.0,1.5,NaN,0.0,5.0,3.7,NaN,0.0,5.0,4.1,NaN,0.0,5.0,NaN,NaN,NaN,24.0,0.03,NaN,0.0,5.0,35.8,NaN,0.0,5.0,11.4,NaN,0.0,5.0,NaN,NaN,NaN,24.0,4.3,NaN,0.0,5.0,NaN,NaN,NaN,24.0,153.0,NaN,0.0,5.0,46.0,0.0,1.0,0.0,-3.988888888888889,10.0,1.0,1.0,1.0,0.0,0.0,0.0,0.0,0.0,0.0,0.0,1.0,1.0,1.0,1.0,0.0,0.0,NaN,9.0,9.0,9.0,NaN,NaN,NaN
122.0,NaN,-5.0,0.0,99.0,NaN,-1.0,0.0,38.89,NaN,0.19500000000000028,2.0,125.0,NaN,1.0,0.0,82.0,NaN,-15.0,0.0,68.0,NaN,-20.0,0.0,28.0,NaN,-0.16666666666666666,2.0,NaN,NaN,NaN,24.0,-3.0,NaN,0.1111111111111111,1.0,15.0,NaN,0.0,6.0,0.4,NaN,-0.04999999999999999,0.0,7.4,NaN,0.0022222222222222734,1.0,31.0,NaN,-0.1111111111111111,1.0,NaN,NaN,NaN,24.0,NaN,NaN,NaN,24.0,27.0,NaN,0.0,6.0,NaN,NaN,NaN,24.0,7.7,NaN,0.0,6.0,106.0,NaN,0.0,6.0,1.1,NaN,0.0,6.0,NaN,NaN,NaN,24.0,88.0,NaN,0.0,6.0,1.4,NaN,0.022222222222222216,1.0,1.5,NaN,0.0,6.0,3.7,NaN,0.0,6.0,4.1,NaN,0.0,6.0,NaN,NaN,NaN,24.0,0.03,NaN,0.0,6.0,35.8,NaN,0.0,6.0,11.4,NaN,0.0,6.0,NaN,NaN,NaN,24.0,4.3,NaN,0.0,6.0,NaN,NaN,NaN,24.0,153.0,NaN,0.0,6.0,46.0,0.0,1.0,0.0,-3.988888888888889,11.0,1.0,1.0,1.0,0.0,1.0,0.0,0.0,0.0,0.0,0.0,0.0,1.0,1.0,1.0,0.0,0.0,NaN,9.0,9.0,9.0,NaN,NaN,NaN
116.0,NaN,-6.0,0.0,95.0,NaN,-4.0,0.0,38.33,NaN,-0.18666666666666742,0.0,103.0,NaN,-22.0,0.0,67.0,NaN,-15.0,0.0,59.0,NaN,-9.0,0.0,28.0,NaN,-0.14285714285714285,3.0,NaN,NaN,NaN,24.0,-3.0,NaN,0.1,2.0,15.0,NaN,0.0,7.0,0.4,NaN,-0.033333333333333326,1.0,7.4,NaN,0.002000000000000046,2.0,31.0,NaN,-0.1,2.0,NaN,NaN,NaN,24.0,NaN,NaN,NaN,24.0,27.0,NaN,0.0,7.0,NaN,NaN,NaN,24.0,7.7,NaN,0.0,7.0,106.0,NaN,0.0,7.0,1.1,NaN,0.0,7.0,NaN,NaN,NaN,24.0,88.0,NaN,0.0,7.0,1.4,NaN,0.019999999999999997,2.0,1.5,NaN,0.0,7.0,3.7,NaN,0.0,7.0,4.1,NaN,0.0,7.0,NaN,NaN,NaN,24.0,0.03,NaN,0.0,7.0,35.8,NaN,0.0,7.0,11.4,NaN,0.0,7.0,NaN,NaN,NaN,24.0,4.3,NaN,0.0,7.0,NaN,NaN,NaN,24.0,153.0,NaN,0.0,7.0,46.0,0.0,1.0,0.0,-3.988888888888889,12.0,1.0,1.0,1.0,0.0,0.0,0.0,0.0,0.0,0.0,0.0,1.0,1.0,1.0,1.0,0.0,0.0,NaN,9.0,9.0,9.0,NaN,NaN,NaN
118.0,NaN,2.0,0.0,98.0,NaN,3.0,0.0,38.28,NaN,-0.04999999999999716,0.0,95.0,NaN,-8.0,0.0,67.0,NaN,0.0,0.0,57.0,NaN,-2.0,0.0,28.0,NaN,-0.125,4.0,NaN,NaN,NaN,24.0,-3.0,NaN,0.09090909090909091,3.0,17.0,NaN,0.25,0.0,0.4,NaN,-0.024999999999999994,2.0,7.4,NaN,0.0018181818181818602,3.0,31.0,NaN,-0.09090909090909091,3.0,NaN,NaN,NaN,24.0,102.0,NaN,0.0,0.0,25.0,NaN,-0.25,0.0,130.0,NaN,0.0,0.0,7.7,NaN,0.0,0.0,104.0,NaN,-0.25,0.0,1.3,NaN,0.024999999999999994,0.0,NaN,NaN,NaN,24.0,84.0,NaN,-0.5,0.0,1.4,NaN,0.018181818181818177,3.0,2.1,NaN,0.07500000000000001,0.0,3.1,NaN,-0.07500000000000001,0.0,4.1,NaN,0.0,0.0,1.3,NaN,0.0,0.0,0.03,NaN,0.0,8.0,36.3,NaN,0.0625,0.0,11.8,NaN,0.050000000000000044,0.0,35.2,NaN,0.0,0.0,4.7,NaN,0.050000000000000044,0.0,NaN,NaN,NaN,24.0,164.0,NaN,1.375,0.0,46.0,0.0,1.0,0.0,-3.988888888888889,13.0,1.0,1.0,1.0,0.0,0.0,0.0,1.0,0.0,0.0,1.0,1.0,1.0,1.0,1.0,0.0,0.0,NaN,9.0,9.0,9.0,NaN,NaN,NaN
