98.0,NaN,NaN,24.0,100.0,NaN,NaN,24.0,NaN,NaN,NaN,24.0,132.0,NaN,NaN,24.0,91.0,NaN,NaN,24.0,78.0,NaN,NaN,24.0,27.0,NaN,NaN,24.0,NaN,NaN,NaN,24.0,NaN,NaN,NaN,24.0,NaN,NaN,NaN,24.0,NaN,NaN,NaN,24.0,NaN,NaN,NaN,24.0,NaN,NaN,NaN,24.0,NaN,NaN,NaN,24.0,NaN,NaN,NaN,24.0,NaN,NaN,NaN,24.0,NaN,NaN,NaN,24.0,NaN,NaN,NaN,24.0,NaN,NaN,NaN,24.0,NaN,NaN,NaN,24.0,NaN,NaN,NaN,24.0,NaN,NaN,NaN,24.0,NaN,NaN,NaN,24.0,NaN,NaN,NaN,24.0,NaN,NaN,NaN,24.0,NaN,NaN,NaN,24.0,NaN,NaN,NaN,24.0,NaN,NaN,NaN,24.0,NaN,NaN,NaN,24.0,NaN,NaN,NaN,24.0,NaN,NaN,NaN,24.0,NaN,NaN,NaN,24.0,NaN,NaN,NaN,24.0,NaN,NaN,NaN,24.0,91.0,1.0,0.0,1.0,-2.5,1.0,0.0,1.0,1.0,0.0,0.0,0.0,0.0,0.0,0.0,0.0,1.0,0.0,1.0,1.0,0.0,0.0,3.0,5.0,4.0,1.0,NaN,NaN,NaN
89.5,NaN,-8.5,0.0,100.0,NaN,0.0,0.0,36.39,NaN,0.0,0.0,128.0,NaN,-4.0,0.0,92.0,NaN,1.0,0.0,80.0,NaN,2.0,0.0,23.0,NaN,-4.0,0.0,NaN,NaN,NaN,24.0,NaN,NaN,NaN,24.0,NaN,NaN,NaN,24.0,NaN,NaN,NaN,24.0,NaN,NaN,NaN,24.0,NaN,NaN,NaN,24.0,NaN,NaN,NaN,24.0,NaN,NaN,NaN,24.0,NaN,NaN,NaN,24.0,NaN,NaN,NaN,24.0,NaN,NaN,NaN,24.0,NaN,NaN,NaN,24.0,NaN,NaN,NaN,24.0,NaN,NaN,NaN,24.0,NaN,NaN,NaN,24.0,NaN,NaN,NaN,24.0,NaN,NaN,NaN,24.0,NaN,NaN,NaN,24.0,NaN,NaN,NaN,24.0,NaN,NaN,NaN,24.0,NaN,NaN,NaN,24.0,NaN,NaN,NaN,24.0,NaN,NaN,NaN,24.0,NaN,NaN,NaN,24.0,NaN,NaN,NaN,24.0,NaN,NaN,NaN,24.0,NaN,NaN,NaN,24.0,91.0,1.0,0.0,1.0,-2.5,2.0,0.0,1.0,0.0,0.0,0.0,0.0,0.0,0.0,0.0,0.0,1.0,1.0,1.0,1.0,0.0,0.0,3.0,5.0,4.0,1.0,NaN,NaN,NaN
79.0,NaN,-10.5,0.0,97.0,NaN,-3.0,0.0,36.39,NaN,0.0,1.0,103.0,NaN,-25.0,0.0,73.0,NaN,-19.0,0.0,64.0,NaN,-16.0,0.0,20.0,NaN,-3.0,0.0,NaN,NaN,NaN,24.0,NaN,NaN,NaN,24.0,27.0,NaN,0.0,0.0,NaN,NaN,NaN,24.0,NaN,NaN,NaN,24.0,NaN,NaN,NaN,24.0,NaN,NaN,NaN,24.0,NaN,NaN,NaN,24.0,13.0,NaN,0.0,0.0,NaN,NaN,NaN,24.0,8.7,NaN,0.0,0.0,102.0,NaN,0.0,0.0,0.7,NaN,0.0,0.0,NaN,NaN,NaN,24.0,222.0,NaN,0.0,0.0,NaN,NaN,NaN,24.0,1.8,NaN,0.0,0.0,4.4,NaN,0.0,0.0,3.8,NaN,0.0,0.0,NaN,NaN,NaN,24.0,NaN,NaN,NaN,24.0,29.1,NaN,0.0,0.0,9.4,NaN,0.0,0.0,29.4,NaN,0.0,0.0,13.0,NaN,0.0,0.0,NaN,NaN,NaN,24.0,277.0,NaN,0.0,0.0,91.0,1.0,0.0,1.0,-2.5,3.0,0.0,0.0,0.0,1.0,0.0,0.0,0.0,0.0,0.0,0.0,1.0,1.0,1.0,1.0,0.0,0.0,3.0,5.0,4.0,1.0,NaN,NaN,NaN
80.0,NaN,1.0,0.0,99.0,NaN,2.0,0.0,36.39,NaN,0.0,2.0,110.0,NaN,7.0,0.0,72.0,NaN,-1.0,0.0,60.0,NaN,-4.0,0.0,22.0,NaN,2.0,0.0,NaN,NaN,NaN,24.0,NaN,NaN,NaN,24.0,27.0,NaN,0.0,1.0,0.7,NaN,0.0,0.0,NaN,NaN,NaN,24.0,NaN,NaN,NaN,24.0,NaN,NaN,NaN,24.0,NaN,NaN,NaN,24.0,13.0,NaN,0.0,1.0,NaN,NaN,NaN,24.0,8.7,NaN,0.0,1.0,102.0,NaN,0.0,1.0,0.7,NaN,0.0,1.0,NaN,NaN,NaN,24.0,222.0,NaN,0.0,1.0,NaN,NaN,NaN,24.0,1.8,NaN,0.0,1.0,4.4,NaN,0.0,1.0,3.8,NaN,0.0,1.0,NaN,NaN,NaN,24.0,NaN,NaN,NaN,24.0,29.1,NaN,0.0,1.0,9.4,NaN,0.0,1.0,29.4,NaN,0.0,1.0,13.0,NaN,0.0,1.0,NaN,NaN,NaN,24.0,277.0,NaN,0.0,1.0,91.0,1.0,0.0,1.0,-2.5,4.0,0.0,1.0,0.0,1.0,0.0,0.0,0.0,0.0,0.0,0.0,0.0,1.0,1.0,1.0,0.0,0.0,3.0,5.0,4.0,1.0,NaN,NaN,NaN
97.0,NaN,17.0,0.0,99.0,NaN,0.0,0.0,36.39,NaN,0.0,3.0,101.0,NaN,-9.0,0.0,68.0,NaN,-4.0,0.0,59.0,NaN,-1.0,0.0,18.0,NaN,-4.0,0.0,NaN,NaN,NaN,24.0,NaN,NaN,NaN,24.0,27.0,NaN,0.0,2.0,0.7,NaN,0.0,1.0,NaN,NaN,NaN,24.0,NaN,NaN,NaN,24.0,NaN,NaN,NaN,24.0,NaN,NaN,NaN,24.0,13.0,NaN,0.0,2.0,NaN,NaN,NaN,24.0,8.7,NaN,0.0,2.0,102.0,NaN,0.0,2.0,0.7,NaN,0.0,2.0,NaN,NaN,NaN,24.0,222.0,NaN,0.0,2.0,NaN,NaN,NaN,24.0,1.8,NaN,0.0,2.0,4.4,NaN,0.0,2.0,3.8,NaN,0.0,2.0,NaN,NaN,NaN,24.0,NaN,NaN,NaN,24.0,29.1,NaN,0.0,2.0,9.4,NaN,0.0,2.0,29.4,NaN,0.0,2.0,13.0,NaN,0.0,2.0,NaN,NaN,NaN,24.0,277.0,NaN,0.0,2.0,91.0,1.0,0.0,1.0,-2.5,5.0,0.0,0.0,1.0,1.0,0.0,0.0,0.0,0.0,0.0,0.0,1.0,1.0,1.0,1.0,0.0,0.0,3.0,5.0,4.0,1.0,NaN,NaN,NaN
77.0,NaN,-20.0,0.0,100.0,NaN,1.0,0.0,36.33,NaN,-0.015000000000000568,0.0,93.0,NaN,-8.0,0.0,65.0,NaN,-3.0,0.0,57.0,NaN,-2.0,0.0,22.0,NaN,4.0,0.0,NaN,NaN,NaN,24.0,NaN,NaN,NaN,24.0,27.0,NaN,0.0,3.0,0.7,NaN,0.0,0.0,NaN,NaN,NaN,24.0,NaN,NaN,NaN,24.0,NaN,NaN,NaN,24.0,NaN,NaN,NaN,24.0,13.0,NaN,0.0,3.0,NaN,NaN,NaN,24.0,8.7,NaN,0.0,3.0,102.0,NaN,0.0,3.0,0.7,NaN,0.0,3.0,NaN,NaN,NaN,24.0,222.0,NaN,0.0,3.0,NaN,NaN,NaN,24.0,1.8,NaN,0.0,3.0,4.4,NaN,0.0,3.0,3.8,NaN,0.0,3.0,NaN,NaN,NaN,24.0,NaN,NaN,NaN,24.0,29.1,NaN,0.0,3.0,9.4,NaN,0.0,3.0,29.4,NaN,0.0,3.0,13.0,NaN,0.0,3.0,NaN,NaN,NaN,24.0,277.0,NaN,0.0,3.0,91.0,1.0,0.0,1.0,-2.5,6.0,0.0,1.0,0.0,1.0,2.0,0.0,0.0,1.0,0.0,0.0,1.0,1.0,1.0,1.0,0.0,0.0,3.0,5.0,4.0,1.0,NaN,NaN,NaN
75.0,NaN,-2.0,0.0,95.0,NaN,-5.0,0.0,36.33,NaN,-0.012000000000000455,1.0,121.0,NaN,28.0,0.0,74.0,NaN,9.0,0.0,62.0,NaN,5.0,0.0,24.0,NaN,2.0,0.0,NaN,NaN,NaN,24.0,NaN,NaN,NaN,24.0,27.0,NaN,0.0,4.0,0.7,NaN,0.0,1.0,NaN,NaN,NaN,24.0,NaN,NaN,NaN,24.0,NaN,NaN,NaN,24.0,NaN,NaN,NaN,24.0,13.0,NaN,0.0,4.0,NaN,NaN,NaN,24.0,8.7,NaN,0.0,4.0,102.0,NaN,0.0,4.0,0.7,NaN,0.0,4.0,NaN,NaN,NaN,24.0,222.0,NaN,0.0,4.0,NaN,NaN,NaN,24.0,1.8,NaN,0.0,4.0,4.4,NaN,0.0,4.0,3.8,NaN,0.0,4.0,NaN,NaN,NaN,24.0,NaN,NaN,NaN,24.0,29.1,NaN,0.0,4.0,9.4,NaN,0.0,4.0,29.4,NaN,0.0,4.0,13.0,NaN,0.0,4.0,NaN,NaN,NaN,24.0,277.0,NaN,0.0,4.0,91.0,1.0,0.0,1.0,-2.5,7.0,0.0,1.0,0.0,1.0,0.0,0.0,0.0,0.0,0.0,0.0,1.0,1.0,1.0,1.0,0.0,0.0,3.0,5.0,4.0,1.0,NaN,NaN,NaN
68.0,NaN,-7.0,0.0,98.0,NaN,3.0,0.0,36.33,NaN,-0.010000000000000378,2.0,99.0,NaN,-22.0,0.0,61.0,NaN,-13.0,0.0,49.0,NaN,-13.0,0.0,22.0,NaN,-2.0,0.0,NaN,NaN,NaN,24.0,NaN,NaN,NaN,24.0,27.0,NaN,0.0,5.0,0.7,NaN,0.0,2.0,NaN,NaN,NaN,24.0,NaN,NaN,NaN,24.0,NaN,NaN,NaN,24.0,NaN,NaN,NaN,24.0,13.0,NaN,0.0,5.0,NaN,NaN,NaN,24.0,8.7,NaN,0.0,5.0,102.0,NaN,0.0,5.0,0.7,NaN,0.0,5.0,NaN,NaN,NaN,24.0,222.0,NaN,0.0,5.0,NaN,NaN,NaN,24.0,1.8,NaN,0.0,5.0,4.4,NaN,0.0,5.0,3.8,NaN,0.0,5.0,NaN,NaN,NaN,24.0,NaN,NaN,NaN,24.0,29.1,NaN,0.0,5.0,9.4,NaN,0.0,5.0,29.4,NaN,0.0,5.0,13.0,NaN,0.0,5.0,NaN,NaN,NaN,24.0,277.0,NaN,0.0,5.0,91.0,1.0,0.0,1.0,-2.5,8.0,0.0,1.0,0.0,1.0,0.0,0.0,0.0,1.0,0.0,0.0,1.0,1.0,1.0,1.0,0.0,0.0,3.0,5.0,4.0,1.0,NaN,NaN,NaN
63.0,NaN,-5.0,0.0,95.0,NaN,-3.0,0.0,36.33,NaN,-0.008571428571428896,3.0,100.0,NaN,1.0,0.0,65.0,NaN,4.0,0.0,55.0,NaN,6.0,0.0,20.0,NaN,-2.0,0.0,NaN,NaN,NaN,24.0,NaN,NaN,NaN,24.0,27.0,NaN,0.0,6.0,0.7,NaN,0.0,3.0,NaN,NaN,NaN,24.0,NaN,NaN,NaN,24.0,NaN,NaN,NaN,24.0,NaN,NaN,NaN,24.0,13.0,NaN,0.0,6.0,NaN,NaN,NaN,24.0,8.7,NaN,0.0,6.0,102.0,NaN,0.0,6.0,0.7,NaN,0.0,6.0,NaN,NaN,NaN,24.0,222.0,NaN,0.0,6.0,NaN,NaN,NaN,24.0,1.8,NaN,0.0,6.0,4.4,NaN,0.0,6.0,3.8,NaN,0.0,6.0,NaN,NaN,NaN,24.0,NaN,NaN,NaN,24.0,29.1,NaN,0.0,6.0,9.4,NaN,0.0,6.0,29.4,NaN,0.0,6.0,13.0,NaN,0.0,6.0,NaN,NaN,NaN,24.0,277.0,NaN,0.0,6.0,91.0,1.0,0.0,1.0,-2.5,9.0,0.0,0.0,0.0,1.0,0.0,0.0,0.0,1.0,0.0,0.0,1.0,1.0,1.0,1.0,0.0,0.0,3.0,5.0,4.0,1.0,NaN,NaN,NaN
