120.0,NaN,NaN,24.0,95.0,NaN,NaN,24.0,36.89,NaN,NaN,24.0,111.0,NaN,NaN,24.0,72.0,NaN,NaN,24.0,58.0,NaN,NaN,24.0,16.0,NaN,NaN,24.0,NaN,NaN,NaN,24.0,NaN,NaN,NaN,24.0,NaN,NaN,NaN,24.0,NaN,NaN,NaN,24.0,NaN,NaN,NaN,24.0,NaN,NaN,NaN,24.0,NaN,NaN,NaN,24.0,NaN,NaN,NaN,24.0,NaN,NaN,NaN,24.0,NaN,NaN,NaN,24.0,NaN,NaN,NaN,24.0,NaN,NaN,NaN,24.0,NaN,NaN,NaN,24.0,NaN,NaN,NaN,24.0,NaN,NaN,NaN,24.0,NaN,NaN,NaN,24.0,NaN,NaN,NaN,24.0,NaN,NaN,NaN,24.0,NaN,NaN,NaN,24.0,NaN,NaN,NaN,24.0,NaN,NaN,NaN,24.0,NaN,NaN,NaN,24.0,NaN,NaN,NaN,24.0,NaN,NaN,NaN,24.0,NaN,NaN,NaN,24.0,NaN,NaN,NaN,24.0,NaN,NaN,NaN,24.0,58.0,0.0,1.0,0.0,-2.95,1.0,0.0,0.0,1.0,0.0,0.0,0.0,0.0,0.0,0.0,0.0,1.0,0.0,0.0,NaN,0.0,0.0,NaN,NaN,NaN,NaN,NaN,NaN,NaN
104.0,NaN,-16.0,0.0,100.0,NaN,5.0,0.0,36.89,NaN,0.0,1.0,126.0,NaN,15.0,0.0,84.0,NaN,12.0,0.0,73.0,NaN,15.0,0.0,21.0,NaN,5.0,0.0,NaN,NaN,NaN,24.0,NaN,NaN,NaN,24.0,NaN,NaN,NaN,24.0,NaN,NaN,NaN,24.0,NaN,NaN,NaN,24.0,NaN,NaN,NaN,24.0,NaN,NaN,NaN,24.0,NaN,NaN,NaN,24.0,NaN,NaN,NaN,24.0,NaN,NaN,NaN,24.0,NaN,NaN,NaN,24.0,NaN,NaN,NaN,24.0,NaN,NaN,NaN,24.0,NaN,NaN,NaN,24.0,NaN,NaN,NaN,24.0,NaN,NaN,NaN,24.0,NaN,NaN,NaN,24.0,NaN,NaN,NaN,24.0,NaN,NaN,NaN,24.0,NaN,NaN,NaN,24.0,NaN,NaN,NaN,24.0,NaN,NaN,NaN,24.0,NaN,NaN,NaN,24.0,NaN,NaN,NaN,24.0,NaN,NaN,NaN,24.0,NaN,NaN,NaN,24.0,NaN,NaN,NaN,24.0,58.0,0.0,1.0,0.0,-2.95,2.0,0.0,1.0,1.0,0.0,0.0,0.0,0.0,0.0,0.0,0.0,1.0,0.0,0.0,NaN,0.0,0.0,NaN,NaN,NaN,NaN,NaN,NaN,NaN
99.0,NaN,-5.0,0.0,98.0,NaN,-2.0,0.0,36.89,NaN,0.0,2.0,123.0,NaN,-3.0,0.0,74.0,NaN,-10.0,0.0,59.0,NaN,-14.0,0.0,23.0,NaN,2.0,0.0,NaN,NaN,NaN,24.0,NaN,NaN,NaN,24.0,NaN,NaN,NaN,24.0,NaN,NaN,NaN,24.0,NaN,NaN,NaN,24.0,NaN,NaN,NaN,24.0,NaN,NaN,NaN,24.0,NaN,NaN,NaN,24.0,NaN,NaN,NaN,24.0,NaN,NaN,NaN,24.0,NaN,NaN,NaN,24.0,NaN,NaN,NaN,24.0,NaN,NaN,NaN,24.0,NaN,NaN,NaN,24.0,NaN,NaN,NaN,24.0,NaN,NaN,NaN,24.0,NaN,NaN,NaN,24.0,NaN,NaN,NaN,24.0,NaN,NaN,NaN,24.0,NaN,NaN,NaN,24.0,NaN,NaN,NaN,24.0,40.1,NaN,0.0,0.0,13.0,NaN,0.0,0.0,21.3,NaN,0.0,0.0,12.4,NaN,0.0,0.0,NaN,NaN,NaN,24.0,193.0,NaN,0.0,0.0,58.0,0.0,1.0,0.0,-2.95,3.0,0.0,1.0,1.0,1.0,0.0,0.0,0.0,0.0,0.0,0.0,1.0,0.0,0.0,NaN,0.0,0.0,NaN,NaN,NaN,NaN,NaN,NaN,NaN
93.0,NaN,-6.0,0.0,99.0,NaN,1.0,0.0,36.89,NaN,0.0,3.0,145.0,NaN,22.0,0.0,83.0,NaN,9.0,0.0,62.0,NaN,3.0,0.0,27.0,NaN,4.0,0.0,NaN,NaN,NaN,24.0,-3.0,NaN,0.0,0.0,NaN,NaN,NaN,24.0,NaN,NaN,NaN,24.0,7.32,NaN,0.0,0.0,45.0,NaN,0.0,0.0,NaN,NaN,NaN,24.0,NaN,NaN,NaN,24.0,NaN,NaN,NaN,24.0,NaN,NaN,NaN,24.0,NaN,NaN,NaN,24.0,NaN,NaN,NaN,24.0,NaN,NaN,NaN,24.0,NaN,NaN,NaN,24.0,NaN,NaN,NaN,24.0,4.5,NaN,0.0,0.0,NaN,NaN,NaN,24.0,NaN,NaN,NaN,24.0,NaN,NaN,NaN,24.0,NaN,NaN,NaN,24.0,NaN,NaN,NaN,24.0,40.1,NaN,0.0,1.0,13.0,NaN,0.0,1.0,21.3,NaN,0.0,1.0,12.4,NaN,0.0,1.0,NaN,NaN,NaN,24.0,193.0,NaN,0.0,1.0,58.0,0.0,1.0,0.0,-2.95,4.0,0.0,1.0,1.0,1.0,0.0,0.0,0.0,0.0,1.0,0.0,1.0,0.0,0.0,NaN,0.0,0.0,NaN,NaN,NaN,NaN,NaN,NaN,NaN
98.0,NaN,5.0,0.0,99.0,NaN,0.0,0.0,36.89,NaN,0.0,4.0,134.0,NaN,-11.0,0.0,82.0,NaN,-1.0,0.0,67.0,NaN,5.0,0.0,23.0,NaN,-4.0,0.0,NaN,NaN,NaN,24.0,-3.0,NaN,0.0,1.0,NaN,NaN,NaN,24.0,NaN,NaN,NaN,24.0,7.32,NaN,0.0,1.0,45.0,NaN,0.0,1.0,NaN,NaN,NaN,24.0,NaN,NaN,NaN,24.0,NaN,NaN,NaN,24.0,NaN,NaN,NaN,24.0,NaN,NaN,NaN,24.0,NaN,NaN,NaN,24.0,NaN,NaN,NaN,24.0,NaN,NaN,NaN,24.0,NaN,NaN,NaN,24.0,4.5,NaN,0.0,1.0,NaN,NaN,NaN,24.0,NaN,NaN,NaN,24.0,NaN,NaN,NaN,24.0,NaN,NaN,NaN,24.0,NaN,NaN,NaN,24.0,40.1,NaN,0.0,2.0,13.0,NaN,0.0,2.0,21.3,NaN,0.0,2.0,12.4,NaN,0.0,2.0,NaN,NaN,NaN,24.0,193.0,NaN,0.0,2.0,58.0,0.0,1.0,0.0,-2.95,5.0,0.0,1.0,1.0,1.0,0.0,0.0,0.0,0.0,0.0,0.0,1.0,0.0,0.0,NaN,0.0,0.0,NaN,NaN,NaN,NaN,NaN,NaN,NaN
93.0,NaN,-5.0,0.0,97.0,NaN,-2.0,0.0,37.78,NaN,0.1780000000000001,0.0,136.0,NaN,2.0,0.0,79.0,NaN,-3.0,0.0,60.0,NaN,-7.0,0.0,27.0,NaN,4.0,0.0,NaN,NaN,NaN,24.0,-3.0,NaN,0.0,2.0,NaN,NaN,NaN,24.0,NaN,NaN,NaN,24.0,7.32,NaN,0.0,2.0,45.0,NaN,0.0,2.0,NaN,NaN,NaN,24.0,NaN,NaN,NaN,24.0,NaN,NaN,NaN,24.0,NaN,NaN,NaN,24.0,NaN,NaN,NaN,24.0,NaN,NaN,NaN,24.0,NaN,NaN,NaN,24.0,NaN,NaN,NaN,24.0,NaN,NaN,NaN,24.0,4.5,NaN,0.0,2.0,NaN,NaN,NaN,24.0,NaN,NaN,NaN,24.0,NaN,NaN,NaN,24.0,NaN,NaN,NaN,24.0,NaN,NaN,NaN,24.0,40.1,NaN,0.0,3.0,13.0,NaN,0.0,3.0,21.3,NaN,0.0,3.0,12.4,NaN,0.0,3.0,NaN,NaN,NaN,24.0,193.0,NaN,0.0,3.0,58.0,0.0,1.0,0.0,-2.95,6.0,0.0,1.0,1.0,1.0,0.0,0.0,0.0,0.0,0.0,0.0,1.0,0.0,0.0,NaN,0.0,0.0,NaN,NaN,NaN,NaN,NaN,NaN,NaN
90.0,NaN,-3.0,0.0,96.0,NaN,-1.0,0.0,37.78,NaN,0.14833333333333343,1.0,149.0,NaN,13.0,0.0,80.0,NaN,1.0,0.0,61.0,NaN,1.0,0.0,25.0,NaN,-2.0,0.0,NaN,NaN,NaN,24.0,-2.0,NaN,0.3333333333333333,0.0,20.0,NaN,0.0,0.0,NaN,NaN,NaN,24.0,7.38,NaN,0.01999999999999987,0.0,37.0,NaN,-2.6666666666666665,0.0,NaN,NaN,NaN,24.0,NaN,NaN,NaN,24.0,19.0,NaN,0.0,0.0,NaN,NaN,NaN,24.0,7.7,NaN,0.0,0.0,101.0,NaN,0.0,0.0,0.9,NaN,0.0,0.0,NaN,NaN,NaN,24.0,358.0,NaN,0.0,0.0,3.1,NaN,-0.4666666666666666,0.0,1.3,NaN,0.0,0.0,3.4,NaN,0.0,0.0,5.0,NaN,0.0,0.0,NaN,NaN,NaN,24.0,NaN,NaN,NaN,24.0,40.1,NaN,0.0,4.0,13.0,NaN,0.0,4.0,21.3,NaN,0.0,4.0,12.4,NaN,0.0,4.0,NaN,NaN,NaN,24.0,193.0,NaN,0.0,4.0,58.0,0.0,1.0,0.0,-2.95,7.0,0.0,1.0,0.0,1.0,0.0,0.0,0.0,0.0,1.0,0.0,1.0,0.0,0.0,NaN,0.0,0.0,NaN,NaN,NaN,NaN,NaN,NaN,NaN
93.0,NaN,3.0,0.0,96.0,NaN,0.0,0.0,37.78,NaN,0.12714285714285722,2.0,165.0,NaN,16.0,0.0,84.0,NaN,4.0,0.0,61.0,NaN,0.0,0.0,24.0,NaN,-1.0,0.0,NaN,NaN,NaN,24.0,-2.0,NaN,0.25,1.0,20.0,NaN,0.0,1.0,NaN,NaN,NaN,24.0,7.38,NaN,0.014999999999999902,1.0,37.0,NaN,-2.0,1.0,NaN,NaN,NaN,24.0,NaN,NaN,NaN,24.0,19.0,NaN,0.0,1.0,NaN,NaN,NaN,24.0,7.7,NaN,0.0,1.0,101.0,NaN,0.0,1.0,0.9,NaN,0.0,1.0,NaN,NaN,NaN,24.0,358.0,NaN,0.0,1.0,3.1,NaN,-0.35,1.0,1.3,NaN,0.0,1.0,3.4,NaN,0.0,1.0,5.0,NaN,0.0,1.0,NaN,NaN,NaN,24.0,NaN,NaN,NaN,24.0,40.1,NaN,0.0,5.0,13.0,NaN,0.0,5.0,21.3,NaN,0.0,5.0,12.4,NaN,0.0,5.0,NaN,NaN,NaN,24.0,193.0,NaN,0.0,5.0,58.0,0.0,1.0,0.0,-2.95,8.0,0.0,1.0,1.0,1.0,0.0,0.0,0.0,0.0,0.0,0.0,1.0,0.0,0.0,NaN,0.0,0.0,NaN,NaN,NaN,NaN,NaN,NaN,NaN
90.0,NaN,-3.0,0.0,95.0,NaN,-1.0,0.0,37.78,NaN,0.11125000000000007,3.0,151.0,NaN,-14.0,0.0,84.0,NaN,0.0,0.0,64.0,NaN,3.0,0.0,24.0,NaN,0.0,0.0,NaN,NaN,NaN,24.0,-2.0,NaN,0.2,2.0,20.0,NaN,0.0,2.0,NaN,NaN,NaN,24.0,7.38,NaN,0.011999999999999922,2.0,37.0,NaN,-1.6,2.0,NaN,NaN,NaN,24.0,NaN,NaN,NaN,24.0,19.0,NaN,0.0,2.0,NaN,NaN,NaN,24.0,7.7,NaN,0.0,2.0,101.0,NaN,0.0,2.0,0.9,NaN,0.0,2.0,NaN,NaN,NaN,24.0,358.0,NaN,0.0,2.0,3.1,NaN,-0.27999999999999997,2.0,1.3,NaN,0.0,2.0,3.4,NaN,0.0,2.0,5.0,NaN,0.0,2.0,NaN,NaN,NaN,24.0,NaN,NaN,NaN,24.0,40.1,NaN,0.0,6.0,13.0,NaN,0.0,6.0,21.3,NaN,0.0,6.0,12.4,NaN,0.0,6.0,NaN,NaN,NaN,24.0,193.0,NaN,0.0,6.0,58.0,0.0,1.0,0.0,-2.95,9.0,0.0,1.0,0.0,1.0,0.0,0.0,0.0,0.0,0.0,0.0,1.0,0.0,0.0,NaN,0.0,0.0,NaN,NaN,NaN,NaN,NaN,NaN,NaN
92.0,NaN,2.0,0.0,96.0,NaN,1.0,0.0,37.83,NaN,0.01249999999999929,0.0,167.0,NaN,16.0,0.0,85.0,NaN,1.0,0.0,71.0,NaN,7.0,0.0,20.0,NaN,-4.0,0.0,NaN,NaN,NaN,24.0,-2.0,NaN,0.16666666666666666,3.0,20.0,NaN,0.0,3.0,NaN,NaN,NaN,24.0,7.38,NaN,0.009999999999999934,3.0,37.0,NaN,-1.3333333333333333,3.0,NaN,NaN,NaN,24.0,NaN,NaN,NaN,24.0,19.0,NaN,0.0,3.0,NaN,NaN,NaN,24.0,7.7,NaN,0.0,3.0,101.0,NaN,0.0,3.0,0.9,NaN,0.0,3.0,NaN,NaN,NaN,24.0,358.0,NaN,0.0,3.0,3.1,NaN,-0.2333333333333333,3.0,1.3,NaN,0.0,3.0,3.4,NaN,0.0,3.0,5.0,NaN,0.0,3.0,NaN,NaN,NaN,24.0,NaN,NaN,NaN,24.0,40.1,NaN,0.0,7.0,13.0,NaN,0.0,7.0,21.3,NaN,0.0,7.0,12.4,NaN,0.0,7.0,NaN,NaN,NaN,24.0,193.0,NaN,0.0,7.0,58.0,0.0,1.0,0.0,-2.95,10.0,0.0,0.0,1.0,1.0,0.0,0.0,0.0,0.0,0.0,0.0,1.0,0.0,0.0,NaN,0.0,0.0,NaN,NaN,NaN,NaN,NaN,NaN,NaN
94.0,NaN,2.0,0.0,96.0,NaN,0.0,0.0,37.83,NaN,0.009999999999999431,1.0,154.0,NaN,-13.0,0.0,84.0,NaN,-1.0,0.0,63.0,NaN,-8.0,0.0,24.0,NaN,4.0,0.0,NaN,NaN,NaN,24.0,-2.0,NaN,0.14285714285714285,4.0,20.0,NaN,0.0,4.0,NaN,NaN,NaN,24.0,7.38,NaN,0.008571428571428516,4.0,37.0,NaN,-1.1428571428571428,4.0,NaN,NaN,NaN,24.0,NaN,NaN,NaN,24.0,19.0,NaN,0.0,4.0,NaN,NaN,NaN,24.0,7.7,NaN,0.0,4.0,101.0,NaN,0.0,4.0,0.9,NaN,0.0,4.0,NaN,NaN,NaN,24.0,358.0,NaN,0.0,4.0,3.1,NaN,-0.19999999999999998,4.0,1.3,NaN,0.0,4.0,3.4,NaN,0.0,4.0,5.0,NaN,0.0,4.0,NaN,NaN,NaN,24.0,NaN,NaN,NaN,24.0,40.1,NaN,0.0,8.0,13.0,NaN,0.0,8.0,21.3,NaN,0.0,8.0,12.4,NaN,0.0,8.0,NaN,NaN,NaN,24.0,193.0,NaN,0.0,8.0,58.0,0.0,1.0,0.0,-2.95,11.0,0.0,1.0,1.0,1.0,0.0,0.0,0.0,0.0,0.0,0.0,1.0,0.0,0.0,NaN,0.0,0.0,NaN,NaN,NaN,NaN,NaN,NaN,NaN
108.0,NaN,14.0,0.0,96.0,NaN,0.0,0.0,37.83,NaN,0.00833333333333286,2.0,156.0,NaN,2.0,0.0,86.0,NaN,2.0,0.0,68.0,NaN,5.0,0.0,22.0,NaN,-2.0,0.0,NaN,NaN,NaN,24.0,-2.0,NaN,0.125,5.0,20.0,NaN,0.0,5.0,NaN,NaN,NaN,24.0,7.38,NaN,0.007499999999999951,5.0,37.0,NaN,-1.0,5.0,NaN,NaN,NaN,24.0,NaN,NaN,NaN,24.0,19.0,NaN,0.0,5.0,NaN,NaN,NaN,24.0,7.7,NaN,0.0,5.0,101.0,NaN,0.0,5.0,0.9,NaN,0.0,5.0,NaN,NaN,NaN,24.0,358.0,NaN,0.0,5.0,3.1,NaN,-0.175,5.0,1.3,NaN,0.0,5.0,3.4,NaN,0.0,5.0,5.0,NaN,0.0,5.0,NaN,NaN,NaN,24.0,NaN,NaN,NaN,24.0,40.1,NaN,0.0,9.0,13.0,NaN,0.0,9.0,21.3,NaN,0.0,9.0,12.4,NaN,0.0,9.0,NaN,NaN,NaN,24.0,193.0,NaN,0.0,9.0,58.0,0.0,1.0,0.0,-2.95,12.0,0.0,1.0,1.0,1.0,0.0,0.0,0.0,0.0,0.0,0.0,1.0,0.0,0.0,NaN,0.0,0.0,NaN,NaN,NaN,NaN,NaN,NaN,NaN
102.0,NaN,-6.0,0.0,93.0,NaN,-3.0,0.0,37.72,NaN,-0.03666666666666648,0.0,130.0,NaN,-26.0,0.0,84.0,NaN,-2.0,0.0,68.0,NaN,0.0,0.0,19.0,NaN,-3.0,0.0,NaN,NaN,NaN,24.0,-2.0,NaN,0.1111111111111111,6.0,20.0,NaN,0.0,6.0,NaN,NaN,NaN,24.0,7.38,NaN,0.006666666666666623,6.0,37.0,NaN,-0.8888888888888888,6.0,NaN,NaN,NaN,24.0,NaN,NaN,NaN,24.0,19.0,NaN,0.0,6.0,NaN,NaN,NaN,24.0,7.7,NaN,0.0,6.0,101.0,NaN,0.0,6.0,0.9,NaN,0.0,6.0,NaN,NaN,NaN,24.0,358.0,NaN,0.0,6.0,2.1,NaN,-0.16666666666666666,0.0,1.3,NaN,0.0,6.0,3.4,NaN,0.0,6.0,5.0,NaN,0.0,6.0,NaN,NaN,NaN,24.0,NaN,NaN,NaN,24.0,40.1,NaN,0.0,10.0,13.0,NaN,0.0,10.0,21.3,NaN,0.0,10.0,12.4,NaN,0.0,10.0,NaN,NaN,NaN,24.0,193.0,NaN,0.0,10.0,58.0,0.0,1.0,0.0,-2.95,13.0,0.0,0.0,1.0,1.0,0.0,0.0,0.0,0.0,1.0,0.0,1.0,0.0,0.0,NaN,0.0,0.0,NaN,NaN,NaN,NaN,NaN,NaN,NaN
