100.0,NaN,NaN,24.0,96.0,NaN,NaN,24.0,37.17,NaN,NaN,24.0,150.0,NaN,NaN,24.0,96.0,NaN,NaN,24.0,79.0,NaN,NaN,24.0,19.0,NaN,NaN,24.0,NaN,NaN,NaN,24.0,NaN,NaN,NaN,24.0,22.0,NaN,NaN,24.0,NaN,NaN,NaN,24.0,NaN,NaN,NaN,24.0,NaN,NaN,NaN,24.0,NaN,NaN,NaN,24.0,32.0,NaN,NaN,24.0,14.0,NaN,NaN,24.0,128.0,NaN,NaN,24.0,NaN,NaN,NaN,24.0,102.0,NaN,NaN,24.0,1.0,NaN,NaN,24.0,NaN,NaN,NaN,24.0,119.0,NaN,NaN,24.0,NaN,NaN,NaN,24.0,NaN,NaN,NaN,24.0,NaN,NaN,NaN,24.0,3.3,NaN,NaN,24.0,1.5,NaN,NaN,24.0,0.01,NaN,NaN,24.0,25.5,NaN,NaN,24.0,8.9,NaN,NaN,24.0,36.8,NaN,NaN,24.0,4.5,NaN,NaN,24.0,NaN,NaN,NaN,24.0,122.0,NaN,NaN,24.0,62.0,1.0,0.0,1.0,-4.616666666666666,1.0,0.0,0.0,1.0,0.0,0.0,1.0,1.0,0.0,0.0,0.0,1.0,0.0,1.0,1.0,0.0,0.0,NaN,7.0,7.0,1.0,NaN,NaN,NaN
94.0,NaN,-6.0,0.0,97.0,NaN,1.0,0.0,37.17,NaN,0.0,1.0,138.0,NaN,-12.0,0.0,80.0,NaN,-16.0,0.0,62.0,NaN,-17.0,0.0,19.0,NaN,0.0,0.0,NaN,NaN,NaN,24.0,1.0,NaN,0.0,0.0,22.0,NaN,0.0,1.0,NaN,NaN,NaN,24.0,7.49,NaN,0.0,0.0,31.0,NaN,0.0,0.0,NaN,NaN,NaN,24.0,32.0,NaN,0.0,1.0,14.0,NaN,0.0,1.0,128.0,NaN,0.0,1.0,NaN,NaN,NaN,24.0,102.0,NaN,0.0,1.0,1.0,NaN,0.0,1.0,NaN,NaN,NaN,24.0,119.0,NaN,0.0,1.0,NaN,NaN,NaN,24.0,NaN,NaN,NaN,24.0,NaN,NaN,NaN,24.0,3.3,NaN,0.0,1.0,1.5,NaN,0.0,1.0,0.01,NaN,0.0,1.0,25.5,NaN,0.0,1.0,8.9,NaN,0.0,1.0,36.8,NaN,0.0,1.0,4.5,NaN,0.0,1.0,NaN,NaN,NaN,24.0,122.0,NaN,0.0,1.0,62.0,1.0,0.0,1.0,-4.616666666666666,2.0,0.0,0.0,1.0,0.0,0.0,0.0,0.0,0.0,0.0,0.0,1.0,0.0,1.0,1.0,0.0,0.0,NaN,7.0,7.0,1.0,NaN,NaN,NaN
89.0,NaN,-5.0,0.0,96.0,NaN,-1.0,0.0,37.17,NaN,0.0,2.0,124.0,NaN,-14.0,0.0,68.0,NaN,-12.0,0.0,50.0,NaN,-12.0,0.0,22.0,NaN,3.0,0.0,NaN,NaN,NaN,24.0,1.0,NaN,0.0,1.0,22.0,NaN,0.0,2.0,NaN,NaN,NaN,24.0,7.49,NaN,0.0,1.0,31.0,NaN,0.0,1.0,NaN,NaN,NaN,24.0,32.0,NaN,0.0,2.0,14.0,NaN,0.0,2.0,128.0,NaN,0.0,2.0,NaN,NaN,NaN,24.0,102.0,NaN,0.0,2.0,1.0,NaN,0.0,2.0,NaN,NaN,NaN,24.0,119.0,NaN,0.0,2.0,NaN,NaN,NaN,24.0,NaN,NaN,NaN,24.0,NaN,NaN,NaN,24.0,3.3,NaN,0.0,2.0,1.5,NaN,0.0,2.0,0.01,NaN,0.0,2.0,25.5,NaN,0.0,2.0,8.9,NaN,0.0,2.0,36.8,NaN,0.0,2.0,4.5,NaN,0.0,2.0,NaN,NaN,NaN,24.0,122.0,NaN,0.0,2.0,62.0,1.0,0.0,1.0,-4.616666666666666,3.0,0.0,1.0,0.0,0.0,0.0,0.0,0.0,0.0,0.0,0.0,1.0,0.0,1.0,1.0,0.0,0.0,NaN,7.0,7.0,1.0,NaN,NaN,NaN
88.0,NaN,-1.0,0.0,96.0,NaN,0.0,0.0,37.67,NaN,0.16666666666666666,0.0,134.0,NaN,10.0,0.0,72.0,NaN,4.0,0.0,52.0,NaN,2.0,0.0,24.0,NaN,2.0,0.0,NaN,NaN,NaN,24.0,1.0,NaN,0.0,2.0,22.0,NaN,0.0,3.0,NaN,NaN,NaN,24.0,7.49,NaN,0.0,2.0,31.0,NaN,0.0,2.0,NaN,NaN,NaN,24.0,32.0,NaN,0.0,3.0,14.0,NaN,0.0,3.0,128.0,NaN,0.0,3.0,NaN,NaN,NaN,24.0,102.0,NaN,0.0,3.0,1.0,NaN,0.0,3.0,NaN,NaN,NaN,24.0,119.0,NaN,0.0,3.0,NaN,NaN,NaN,24.0,NaN,NaN,NaN,24.0,NaN,NaN,NaN,24.0,3.3,NaN,0.0,3.0,1.5,NaN,0.0,3.0,0.01,NaN,0.0,3.0,25.5,NaN,0.0,3.0,8.9,NaN,0.0,3.0,36.8,NaN,0.0,3.0,4.5,NaN,0.0,3.0,NaN,NaN,NaN,24.0,122.0,NaN,0.0,3.0,62.0,1.0,0.0,1.0,-4.616666666666666,4.0,0.0,1.0,0.0,0.0,0.0,0.0,0.0,0.0,0.0,0.0,1.0,1.0,1.0,1.0,0.0,0.0,NaN,7.0,7.0,1.0,NaN,NaN,NaN
82.0,NaN,-6.0,0.0,96.0,NaN,0.0,0.0,37.67,NaN,0.125,1.0,131.0,NaN,-3.0,0.0,67.0,NaN,-5.0,0.0,47.0,NaN,-5.0,0.0,19.0,NaN,-5.0,0.0,NaN,NaN,NaN,24.0,1.0,NaN,0.0,3.0,22.0,NaN,0.0,4.0,NaN,NaN,NaN,24.0,7.49,NaN,0.0,3.0,31.0,NaN,0.0,3.0,NaN,NaN,NaN,24.0,32.0,NaN,0.0,4.0,14.0,NaN,0.0,4.0,128.0,NaN,0.0,4.0,NaN,NaN,NaN,24.0,102.0,NaN,0.0,4.0,1.0,NaN,0.0,4.0,NaN,NaN,NaN,24.0,119.0,NaN,0.0,4.0,NaN,NaN,NaN,24.0,NaN,NaN,NaN,24.0,NaN,NaN,NaN,24.0,3.3,NaN,0.0,4.0,1.5,NaN,0.0,4.0,0.01,NaN,0.0,4.0,25.5,NaN,0.0,4.0,8.9,NaN,0.0,4.0,36.8,NaN,0.0,4.0,4.5,NaN,0.0,4.0,NaN,NaN,NaN,24.0,122.0,NaN,0.0,4.0,62.0,1.0,0.0,1.0,-4.616666666666666,5.0,0.0,0.0,0.0,0.0,0.0,0.0,0.0,0.0,0.0,0.0,1.0,1.0,1.0,1.0,0.0,0.0,NaN,7.0,7.0,1.0,NaN,NaN,NaN
84.0,NaN,2.0,0.0,95.0,NaN,-1.0,0.0,37.67,NaN,0.1,2.0,150.0,NaN,19.0,0.0,84.0,NaN,17.0,0.0,63.0,NaN,16.0,0.0,20.0,NaN,1.0,0.0,NaN,NaN,NaN,24.0,1.0,NaN,0.0,0.0,22.0,NaN,0.0,5.0,NaN,NaN,NaN,24.0,7.51,NaN,0.004999999999999893,0.0,30.0,NaN,-0.25,0.0,NaN,NaN,NaN,24.0,32.0,NaN,0.0,5.0,14.0,NaN,0.0,5.0,128.0,NaN,0.0,5.0,NaN,NaN,NaN,24.0,102.0,NaN,0.0,5.0,1.0,NaN,0.0,5.0,NaN,NaN,NaN,24.0,119.0,NaN,0.0,5.0,NaN,NaN,NaN,24.0,NaN,NaN,NaN,24.0,NaN,NaN,NaN,24.0,3.3,NaN,0.0,5.0,1.5,NaN,0.0,5.0,0.01,NaN,0.0,5.0,25.5,NaN,0.0,5.0,8.9,NaN,0.0,5.0,36.8,NaN,0.0,5.0,4.5,NaN,0.0,5.0,NaN,NaN,NaN,24.0,122.0,NaN,0.0,5.0,62.0,1.0,0.0,1.0,-4.616666666666666,6.0,0.0,0.0,0.0,0.0,0.0,0.0,0.0,0.0,0.0,0.0,1.0,1.0,1.0,1.0,0.0,0.0,NaN,7.0,7.0,1.0,NaN,NaN,NaN
86.0,NaN,2.0,0.0,97.0,NaN,2.0,0.0,37.67,NaN,0.08333333333333333,3.0,133.0,NaN,-17.0,0.0,76.0,NaN,-8.0,0.0,67.0,NaN,4.0,0.0,18.0,NaN,-2.0,0.0,NaN,NaN,NaN,24.0,1.0,NaN,0.0,1.0,22.0,NaN,0.0,6.0,NaN,NaN,NaN,24.0,7.51,NaN,0.003999999999999915,1.0,30.0,NaN,-0.2,1.0,NaN,NaN,NaN,24.0,32.0,NaN,0.0,6.0,14.0,NaN,0.0,6.0,128.0,NaN,0.0,6.0,NaN,NaN,NaN,24.0,102.0,NaN,0.0,6.0,1.0,NaN,0.0,6.0,NaN,NaN,NaN,24.0,119.0,NaN,0.0,6.0,NaN,NaN,NaN,24.0,NaN,NaN,NaN,24.0,NaN,NaN,NaN,24.0,3.3,NaN,0.0,6.0,1.5,NaN,0.0,6.0,0.01,NaN,0.0,6.0,25.5,NaN,0.0,6.0,8.9,NaN,0.0,6.0,36.8,NaN,0.0,6.0,4.5,NaN,0.0,6.0,NaN,NaN,NaN,24.0,122.0,NaN,0.0,6.0,62.0,1.0,0.0,1.0,-4.616666666666666,7.0,0.0,0.0,0.0,0.0,0.0,0.0,0.0,0.0,0.0,0.0,1.0,1.0,1.0,1.0,0.0,0.0,NaN,7.0,7.0,1.0,NaN,NaN,NaN
87.0,NaN,1.0,0.0,95.0,NaN,-2.0,0.0,37.44,NaN,-0.057500000000000995,0.0,122.0,NaN,-11.0,0.0,77.0,NaN,1.0,0.0,61.0,NaN,-6.0,0.0,21.0,NaN,3.0,0.0,NaN,NaN,NaN,24.0,1.0,NaN,0.0,2.0,22.0,NaN,0.0,7.0,NaN,NaN,NaN,24.0,7.51,NaN,0.0033333333333332624,2.0,30.0,NaN,-0.16666666666666666,2.0,NaN,NaN,NaN,24.0,32.0,NaN,0.0,7.0,14.0,NaN,0.0,7.0,128.0,NaN,0.0,7.0,NaN,NaN,NaN,24.0,102.0,NaN,0.0,7.0,1.0,NaN,0.0,7.0,NaN,NaN,NaN,24.0,119.0,NaN,0.0,7.0,NaN,NaN,NaN,24.0,NaN,NaN,NaN,24.0,NaN,NaN,NaN,24.0,3.3,NaN,0.0,7.0,1.5,NaN,0.0,7.0,0.01,NaN,0.0,7.0,25.5,NaN,0.0,7.0,8.9,NaN,0.0,7.0,36.8,NaN,0.0,7.0,4.5,NaN,0.0,7.0,NaN,NaN,NaN,24.0,122.0,NaN,0.0,7.0,62.0,1.0,0.0,1.0,-4.616666666666666,8.0,0.0,1.0,0.0,0.0,0.0,0.0,0.0,0.0,0.0,0.0,1.0,1.0,1.0,1.0,0.0,0.0,NaN,7.0,7.0,1.0,NaN,NaN,NaN
83.0,NaN,-4.0,0.0,95.0,NaN,0.0,0.0,37.44,NaN,-0.0460000000000008,1.0,114.0,NaN,-8.0,0.0,78.0,NaN,1.0,0.0,68.0,NaN,7.0,0.0,15.0,NaN,-6.0,0.0,NaN,NaN,NaN,24.0,1.0,NaN,0.0,3.0,22.0,NaN,0.0,8.0,NaN,NaN,NaN,24.0,7.51,NaN,0.0028571428571427964,3.0,30.0,NaN,-0.14285714285714285,3.0,NaN,NaN,NaN,24.0,32.0,NaN,0.0,8.0,14.0,NaN,0.0,8.0,128.0,NaN,0.0,8.0,NaN,NaN,NaN,24.0,102.0,NaN,0.0,8.0,1.0,NaN,0.0,8.0,NaN,NaN,NaN,24.0,119.0,NaN,0.0,8.0,NaN,NaN,NaN,24.0,NaN,NaN,NaN,24.0,NaN,NaN,NaN,24.0,3.3,NaN,0.0,8.0,1.5,NaN,0.0,8.0,0.01,NaN,0.0,8.0,25.5,NaN,0.0,8.0,8.9,NaN,0.0,8.0,36.8,NaN,0.0,8.0,4.5,NaN,0.0,8.0,NaN,NaN,NaN,24.0,122.0,NaN,0.0,8.0,62.0,1.0,0.0,1.0,-4.616666666666666,9.0,0.0,0.0,0.0,0.0,0.0,0.0,0.0,0.0,0.0,0.0,1.0,1.0,1.0,1.0,0.0,0.0,NaN,7.0,7.0,1.0,NaN,NaN,NaN
85.0,NaN,2.0,0.0,94.0,NaN,-1.0,0.0,37.44,NaN,-0.038333333333333997,2.0,132.0,NaN,18.0,0.0,85.0,NaN,7.0,0.0,71.0,NaN,3.0,0.0,23.0,NaN,8.0,0.0,NaN,NaN,NaN,24.0,1.0,NaN,0.0,4.0,22.0,NaN,0.0,9.0,NaN,NaN,NaN,24.0,7.51,NaN,0.0024999999999999467,4.0,30.0,NaN,-0.125,4.0,NaN,NaN,NaN,24.0,32.0,NaN,0.0,9.0,14.0,NaN,0.0,9.0,128.0,NaN,0.0,9.0,NaN,NaN,NaN,24.0,102.0,NaN,0.0,9.0,1.0,NaN,0.0,9.0,NaN,NaN,NaN,24.0,119.0,NaN,0.0,9.0,NaN,NaN,NaN,24.0,NaN,NaN,NaN,24.0,NaN,NaN,NaN,24.0,3.3,NaN,0.0,9.0,1.5,NaN,0.0,9.0,0.01,NaN,0.0,9.0,25.5,NaN,0.0,9.0,8.9,NaN,0.0,9.0,36.8,NaN,0.0,9.0,4.5,NaN,0.0,9.0,NaN,NaN,NaN,24.0,122.0,NaN,0.0,9.0,62.0,1.0,0.0,1.0,-4.616666666666666,10.0,0.0,1.0,0.0,0.0,0.0,0.0,0.0,0.0,0.0,0.0,1.0,1.0,1.0,1.0,0.0,0.0,NaN,7.0,7.0,1.0,NaN,NaN,NaN
83.0,NaN,-2.0,0.0,95.0,NaN,1.0,0.0,37.44,NaN,-0.032857142857143425,3.0,138.0,NaN,6.0,0.0,85.0,NaN,0.0,0.0,71.0,NaN,0.0,0.0,20.0,NaN,-3.0,0.0,NaN,NaN,NaN,24.0,1.0,NaN,0.0,5.0,22.0,NaN,0.0,10.0,NaN,NaN,NaN,24.0,7.51,NaN,0.002222222222222175,5.0,30.0,NaN,-0.1111111111111111,5.0,NaN,NaN,NaN,24.0,32.0,NaN,0.0,10.0,14.0,NaN,0.0,10.0,128.0,NaN,0.0,10.0,NaN,NaN,NaN,24.0,102.0,NaN,0.0,10.0,1.0,NaN,0.0,10.0,NaN,NaN,NaN,24.0,119.0,NaN,0.0,10.0,NaN,NaN,NaN,24.0,NaN,NaN,NaN,24.0,NaN,NaN,NaN,24.0,3.3,NaN,0.0,10.0,1.5,NaN,0.0,10.0,0.01,NaN,0.0,10.0,25.5,NaN,0.0,10.0,8.9,NaN,0.0,10.0,36.8,NaN,0.0,10.0,4.5,NaN,0.0,10.0,NaN,NaN,NaN,24.0,122.0,NaN,0.0,10.0,62.0,1.0,0.0,1.0,-4.616666666666666,11.0,0.0,0.0,0.0,0.0,0.0,0.0,0.0,0.0,0.0,0.0,1.0,1.0,1.0,1.0,0.0,0.0,NaN,7.0,7.0,1.0,NaN,NaN,NaN
