58.0,NaN,NaN,24.0,100.0,NaN,NaN,24.0,36.5,NaN,NaN,24.0,91.5,NaN,NaN,24.0,69.5,NaN,NaN,24.0,53.5,NaN,NaN,24.0,14.0,NaN,NaN,24.0,NaN,NaN,NaN,24.0,NaN,NaN,NaN,24.0,NaN,NaN,NaN,24.0,0.5,NaN,NaN,24.0,NaN,NaN,NaN,24.0,NaN,NaN,NaN,24.0,NaN,NaN,NaN,24.0,NaN,NaN,NaN,24.0,NaN,NaN,NaN,24.0,NaN,NaN,NaN,24.0,NaN,NaN,NaN,24.0,NaN,NaN,NaN,24.0,NaN,NaN,NaN,24.0,NaN,NaN,NaN,24.0,NaN,NaN,NaN,24.0,NaN,NaN,NaN,24.0,NaN,NaN,NaN,24.0,NaN,NaN,NaN,24.0,NaN,NaN,NaN,24.0,NaN,NaN,NaN,24.0,NaN,NaN,NaN,24.0,NaN,NaN,NaN,24.0,NaN,NaN,NaN,24.0,NaN,NaN,NaN,24.0,NaN,NaN,NaN,24.0,NaN,NaN,NaN,24.0,NaN,NaN,NaN,24.0,69.0,1.0,0.0,1.0,-72.49777777777778,1.0,0.0,0.0,0.0,0.0,2.0,0.0,0.0,0.0,0.0,0.0,0.0,0.0,1.0,NaN,0.0,0.0,-3.0,7.0,7.0,NaN,NaN,NaN,NaN
53.0,NaN,-5.0,0.0,100.0,NaN,0.0,0.0,36.5,NaN,0.0,1.0,98.5,NaN,7.0,0.0,74.5,NaN,5.0,0.0,59.5,NaN,6.0,0.0,14.0,NaN,0.0,0.0,NaN,NaN,NaN,24.0,2.0,NaN,0.0,0.0,26.0,NaN,0.0,0.0,0.5,NaN,0.0,1.0,7.4,NaN,0.0,0.0,44.0,NaN,0.0,0.0,NaN,NaN,NaN,24.0,NaN,NaN,NaN,24.0,12.0,NaN,0.0,0.0,NaN,NaN,NaN,24.0,8.6,NaN,0.0,0.0,103.0,NaN,0.0,0.0,0.5,NaN,0.0,0.0,NaN,NaN,NaN,24.0,158.0,NaN,0.0,0.0,1.0,NaN,0.0,0.0,1.3,NaN,0.0,0.0,4.0,NaN,0.0,0.0,3.6,NaN,0.0,0.0,NaN,NaN,NaN,24.0,NaN,NaN,NaN,24.0,28.8,NaN,0.0,0.0,9.9,NaN,0.0,0.0,NaN,NaN,NaN,24.0,10.1,NaN,0.0,0.0,NaN,NaN,NaN,24.0,230.0,NaN,0.0,0.0,69.0,1.0,0.0,1.0,-72.49777777777778,2.0,0.0,0.0,0.0,0.0,0.0,0.0,0.0,0.0,0.0,0.0,1.0,0.0,1.0,NaN,0.0,0.0,-3.0,7.0,7.0,NaN,NaN,NaN,NaN
62.0,NaN,9.0,0.0,100.0,NaN,0.0,0.0,37.0,NaN,0.25,0.0,115.0,NaN,16.5,0.0,86.0,NaN,11.5,0.0,68.0,NaN,8.5,0.0,9.0,NaN,-5.0,0.0,NaN,NaN,NaN,24.0,2.0,NaN,0.0,1.0,26.0,NaN,0.0,1.0,0.4,NaN,-0.04999999999999999,0.0,7.4,NaN,0.0,1.0,44.0,NaN,0.0,1.0,NaN,NaN,NaN,24.0,NaN,NaN,NaN,24.0,12.0,NaN,0.0,1.0,NaN,NaN,NaN,24.0,8.6,NaN,0.0,1.0,103.0,NaN,0.0,1.0,0.5,NaN,0.0,1.0,NaN,NaN,NaN,24.0,158.0,NaN,0.0,1.0,1.0,NaN,0.0,1.0,1.3,NaN,0.0,1.0,4.0,NaN,0.0,1.0,3.6,NaN,0.0,1.0,NaN,NaN,NaN,24.0,NaN,NaN,NaN,24.0,28.8,NaN,0.0,1.0,9.9,NaN,0.0,1.0,NaN,NaN,NaN,24.0,10.1,NaN,0.0,1.0,NaN,NaN,NaN,24.0,230.0,NaN,0.0,1.0,69.0,1.0,0.0,1.0,-72.49777777777778,3.0,0.0,0.0,0.0,0.0,1.0,0.0,0.0,0.0,0.0,0.0,0.0,0.0,1.0,NaN,0.0,0.0,-3.0,7.0,7.0,NaN,NaN,NaN,NaN
60.0,NaN,-2.0,0.0,94.0,NaN,-6.0,0.0,37.0,NaN,0.16666666666666666,1.0,117.0,NaN,2.0,0.0,91.0,NaN,5.0,0.0,73.0,NaN,5.0,0.0,16.0,NaN,7.0,0.0,NaN,NaN,NaN,24.0,2.0,NaN,0.0,2.0,26.0,NaN,0.0,2.0,0.4,NaN,0.0,0.0,7.4,NaN,0.0,2.0,44.0,NaN,0.0,2.0,NaN,NaN,NaN,24.0,NaN,NaN,NaN,24.0,12.0,NaN,0.0,2.0,NaN,NaN,NaN,24.0,8.6,NaN,0.0,2.0,103.0,NaN,0.0,2.0,0.5,NaN,0.0,2.0,NaN,NaN,NaN,24.0,158.0,NaN,0.0,2.0,1.0,NaN,0.0,2.0,1.3,NaN,0.0,2.0,4.0,NaN,0.0,2.0,3.6,NaN,0.0,2.0,NaN,NaN,NaN,24.0,NaN,NaN,NaN,24.0,28.8,NaN,0.0,2.0,9.9,NaN,0.0,2.0,NaN,NaN,NaN,24.0,10.1,NaN,0.0,2.0,NaN,NaN,NaN,24.0,230.0,NaN,0.0,2.0,69.0,1.0,0.0,1.0,-72.49777777777778,4.0,0.0,0.0,0.0,0.0,1.0,0.0,0.0,0.0,0.0,0.0,0.0,1.0,1.0,NaN,0.0,0.0,-3.0,7.0,7.0,NaN,NaN,NaN,NaN
61.0,NaN,1.0,0.0,100.0,NaN,6.0,0.0,37.0,NaN,0.125,2.0,132.0,NaN,15.0,0.0,99.0,NaN,8.0,0.0,80.0,NaN,7.0,0.0,18.0,NaN,2.0,0.0,NaN,NaN,NaN,24.0,3.0,NaN,0.3333333333333333,0.0,26.0,NaN,0.0,3.0,0.4,NaN,0.0,1.0,7.44,NaN,0.013333333333333345,0.0,40.0,NaN,-1.3333333333333333,0.0,NaN,NaN,NaN,24.0,NaN,NaN,NaN,24.0,12.0,NaN,0.0,3.0,NaN,NaN,NaN,24.0,8.6,NaN,0.0,3.0,103.0,NaN,0.0,3.0,0.5,NaN,0.0,3.0,NaN,NaN,NaN,24.0,158.0,NaN,0.0,3.0,1.0,NaN,0.0,3.0,1.3,NaN,0.0,3.0,4.0,NaN,0.0,3.0,3.6,NaN,0.0,3.0,NaN,NaN,NaN,24.0,NaN,NaN,NaN,24.0,28.8,NaN,0.0,3.0,9.9,NaN,0.0,3.0,NaN,NaN,NaN,24.0,10.1,NaN,0.0,3.0,NaN,NaN,NaN,24.0,230.0,NaN,0.0,3.0,69.0,1.0,0.0,1.0,-72.49777777777778,5.0,0.0,0.0,0.0,0.0,0.0,0.0,0.0,0.0,0.0,0.0,1.0,1.0,1.0,NaN,0.0,0.0,-3.0,7.0,7.0,NaN,NaN,NaN,NaN
85.0,NaN,24.0,0.0,100.0,NaN,0.0,0.0,37.0,NaN,0.1,3.0,114.0,NaN,-18.0,0.0,90.0,NaN,-9.0,0.0,75.0,NaN,-5.0,0.0,15.0,NaN,-3.0,0.0,NaN,NaN,NaN,24.0,3.0,NaN,0.25,1.0,26.0,NaN,0.0,4.0,0.35,NaN,-0.025000000000000022,0.0,7.44,NaN,0.010000000000000009,1.0,40.0,NaN,-1.0,1.0,NaN,NaN,NaN,24.0,NaN,NaN,NaN,24.0,12.0,NaN,0.0,4.0,NaN,NaN,NaN,24.0,8.6,NaN,0.0,4.0,103.0,NaN,0.0,4.0,0.5,NaN,0.0,4.0,NaN,NaN,NaN,24.0,158.0,NaN,0.0,4.0,1.0,NaN,0.0,4.0,1.3,NaN,0.0,4.0,4.0,NaN,0.0,4.0,3.6,NaN,0.0,4.0,NaN,NaN,NaN,24.0,NaN,NaN,NaN,24.0,28.8,NaN,0.0,4.0,9.9,NaN,0.0,4.0,NaN,NaN,NaN,24.0,10.1,NaN,0.0,4.0,NaN,NaN,NaN,24.0,230.0,NaN,0.0,4.0,69.0,1.0,0.0,1.0,-72.49777777777778,6.0,0.0,0.0,0.0,0.0,1.0,0.0,0.0,0.0,0.0,0.0,0.0,1.0,1.0,NaN,0.0,0.0,-3.0,7.0,7.0,NaN,NaN,NaN,NaN
101.0,NaN,16.0,0.0,97.0,NaN,-3.0,0.0,37.0,NaN,0.08333333333333333,4.0,106.0,NaN,-8.0,0.0,77.0,NaN,-13.0,0.0,66.0,NaN,-9.0,0.0,22.0,NaN,7.0,0.0,NaN,NaN,NaN,24.0,3.0,NaN,0.2,2.0,26.0,NaN,0.0,5.0,0.35,NaN,0.0,0.0,7.44,NaN,0.008000000000000007,2.0,40.0,NaN,-0.8,2.0,NaN,NaN,NaN,24.0,NaN,NaN,NaN,24.0,12.0,NaN,0.0,5.0,NaN,NaN,NaN,24.0,8.6,NaN,0.0,5.0,103.0,NaN,0.0,5.0,0.5,NaN,0.0,5.0,NaN,NaN,NaN,24.0,158.0,NaN,0.0,5.0,1.0,NaN,0.0,5.0,1.3,NaN,0.0,5.0,4.0,NaN,0.0,5.0,3.6,NaN,0.0,5.0,NaN,NaN,NaN,24.0,NaN,NaN,NaN,24.0,28.8,NaN,0.0,5.0,9.9,NaN,0.0,5.0,NaN,NaN,NaN,24.0,10.1,NaN,0.0,5.0,NaN,NaN,NaN,24.0,230.0,NaN,0.0,5.0,69.0,1.0,0.0,1.0,-72.49777777777778,7.0,0.0,1.0,1.0,0.0,1.0,0.0,0.0,0.0,0.0,0.0,0.0,1.0,1.0,NaN,0.0,0.0,-3.0,7.0,7.0,NaN,NaN,NaN,NaN
107.0,NaN,6.0,0.0,99.5,NaN,2.5,0.0,37.0,NaN,0.07142857142857142,5.0,83.0,NaN,-23.0,0.0,64.0,NaN,-13.0,0.0,53.0,NaN,-13.0,0.0,18.0,NaN,-4.0,0.0,NaN,NaN,NaN,24.0,3.0,NaN,0.16666666666666666,3.0,26.0,NaN,0.0,6.0,0.35,NaN,0.0,1.0,7.44,NaN,0.006666666666666672,3.0,40.0,NaN,-0.6666666666666666,3.0,NaN,NaN,NaN,24.0,NaN,NaN,NaN,24.0,12.0,NaN,0.0,6.0,NaN,NaN,NaN,24.0,8.6,NaN,0.0,6.0,103.0,NaN,0.0,6.0,0.5,NaN,0.0,6.0,NaN,NaN,NaN,24.0,158.0,NaN,0.0,6.0,1.0,NaN,0.0,6.0,1.3,NaN,0.0,6.0,4.0,NaN,0.0,6.0,3.6,NaN,0.0,6.0,NaN,NaN,NaN,24.0,NaN,NaN,NaN,24.0,28.8,NaN,0.0,6.0,9.9,NaN,0.0,6.0,NaN,NaN,NaN,24.0,10.1,NaN,0.0,6.0,NaN,NaN,NaN,24.0,230.0,NaN,0.0,6.0,69.0,1.0,0.0,1.0,-72.49777777777778,8.0,0.0,0.0,1.0,0.0,0.0,0.0,0.0,1.0,0.0,0.0,1.0,1.0,1.0,NaN,0.0,0.0,-3.0,7.0,7.0,NaN,NaN,NaN,NaN
94.0,NaN,-13.0,0.0,99.0,NaN,-0.5,0.0,38.22,NaN,0.20333333333333314,0.0,90.0,NaN,7.0,0.0,65.0,NaN,1.0,0.0,56.0,NaN,3.0,0.0,15.0,NaN,-3.0,0.0,NaN,NaN,NaN,24.0,3.0,NaN,0.14285714285714285,4.0,27.0,NaN,0.14285714285714285,0.0,0.35,NaN,0.0,2.0,7.44,NaN,0.0057142857142857195,4.0,40.0,NaN,-0.5714285714285714,4.0,NaN,NaN,NaN,24.0,NaN,NaN,NaN,24.0,12.0,NaN,0.0,0.0,NaN,NaN,NaN,24.0,8.9,NaN,0.04285714285714296,0.0,100.0,NaN,-0.42857142857142855,0.0,0.7,NaN,0.028571428571428564,0.0,NaN,NaN,NaN,24.0,122.0,NaN,-5.142857142857143,0.0,1.0,NaN,0.0,7.0,2.0,NaN,0.09999999999999999,0.0,3.5,NaN,-0.07142857142857142,0.0,3.8,NaN,0.028571428571428532,0.0,NaN,NaN,NaN,24.0,NaN,NaN,NaN,24.0,28.8,NaN,0.0,0.0,10.0,NaN,0.014285714285714235,0.0,NaN,NaN,NaN,24.0,10.2,NaN,0.014285714285714235,0.0,NaN,NaN,NaN,24.0,201.0,NaN,-4.142857142857143,0.0,69.0,1.0,0.0,1.0,-72.49777777777778,9.0,1.0,0.0,1.0,0.0,0.0,0.0,0.0,1.0,0.0,0.0,1.0,1.0,1.0,NaN,0.0,0.0,-3.0,7.0,7.0,NaN,NaN,NaN,NaN
90.0,NaN,-4.0,0.0,100.0,NaN,1.0,0.0,38.22,NaN,0.17428571428571413,1.0,93.0,NaN,3.0,0.0,71.0,NaN,6.0,0.0,57.0,NaN,1.0,0.0,20.0,NaN,5.0,0.0,NaN,NaN,NaN,24.0,3.0,NaN,0.125,5.0,27.0,NaN,0.125,1.0,0.35,NaN,0.0,3.0,7.44,NaN,0.0050000000000000044,5.0,40.0,NaN,-0.5,5.0,NaN,NaN,NaN,24.0,NaN,NaN,NaN,24.0,12.0,NaN,0.0,1.0,NaN,NaN,NaN,24.0,8.9,NaN,0.03750000000000009,1.0,100.0,NaN,-0.375,1.0,0.7,NaN,0.024999999999999994,1.0,NaN,NaN,NaN,24.0,122.0,NaN,-4.5,1.0,1.0,NaN,0.0,8.0,2.0,NaN,0.0875,1.0,3.5,NaN,-0.0625,1.0,3.8,NaN,0.024999999999999967,1.0,NaN,NaN,NaN,24.0,NaN,NaN,NaN,24.0,28.8,NaN,0.0,1.0,10.0,NaN,0.012499999999999956,1.0,NaN,NaN,NaN,24.0,10.2,NaN,0.012499999999999956,1.0,NaN,NaN,NaN,24.0,201.0,NaN,-3.625,1.0,69.0,1.0,0.0,1.0,-72.49777777777778,10.0,1.0,0.0,0.0,0.0,0.0,0.0,0.0,0.0,0.0,0.0,1.0,1.0,1.0,NaN,0.0,0.0,-3.0,7.0,7.0,NaN,NaN,NaN,NaN
89.0,NaN,-1.0,0.0,100.0,NaN,0.0,0.0,37.94,NaN,-0.14000000000000057,0.0,106.5,NaN,13.5,0.0,79.0,NaN,8.0,0.0,67.0,NaN,10.0,0.0,20.0,NaN,0.0,0.0,NaN,NaN,NaN,24.0,3.0,NaN,0.1111111111111111,6.0,27.0,NaN,0.1111111111111111,2.0,0.35,NaN,0.0,4.0,7.44,NaN,0.004444444444444449,6.0,40.0,NaN,-0.4444444444444444,6.0,NaN,NaN,NaN,24.0,NaN,NaN,NaN,24.0,12.0,NaN,0.0,2.0,NaN,NaN,NaN,24.0,8.9,NaN,0.03333333333333341,2.0,100.0,NaN,-0.3333333333333333,2.0,0.7,NaN,0.022222222222222216,2.0,NaN,NaN,NaN,24.0,122.0,NaN,-4.0,2.0,1.0,NaN,0.0,9.0,2.0,NaN,0.07777777777777778,2.0,3.5,NaN,-0.05555555555555555,2.0,3.8,NaN,0.022222222222222192,2.0,NaN,NaN,NaN,24.0,NaN,NaN,NaN,24.0,28.8,NaN,0.0,2.0,10.0,NaN,0.011111111111111072,2.0,NaN,NaN,NaN,24.0,10.2,NaN,0.011111111111111072,2.0,NaN,NaN,NaN,24.0,201.0,NaN,-3.2222222222222223,2.0,69.0,1.0,0.0,1.0,-72.49777777777778,11.0,0.0,0.0,0.0,0.0,0.0,0.0,0.0,0.0,0.0,0.0,1.0,1.0,1.0,NaN,0.0,0.0,-3.0,7.0,7.0,NaN,NaN,NaN,NaN
