91.0,NaN,NaN,24.0,100.0,NaN,NaN,24.0,36.83,NaN,NaN,24.0,130.0,NaN,NaN,24.0,82.0,NaN,NaN,24.0,68.0,NaN,NaN,24.0,27.0,NaN,NaN,24.0,NaN,NaN,NaN,24.0,NaN,NaN,NaN,24.0,NaN,NaN,NaN,24.0,NaN,NaN,NaN,24.0,NaN,NaN,NaN,24.0,NaN,NaN,NaN,24.0,NaN,NaN,NaN,24.0,NaN,NaN,NaN,24.0,NaN,NaN,NaN,24.0,NaN,NaN,NaN,24.0,NaN,NaN,NaN,24.0,NaN,NaN,NaN,24.0,NaN,NaN,NaN,24.0,NaN,NaN,NaN,24.0,NaN,NaN,NaN,24.0,NaN,NaN,NaN,24.0,NaN,NaN,NaN,24.0,NaN,NaN,NaN,24.0,NaN,NaN,NaN,24.0,NaN,NaN,NaN,24.0,NaN,NaN,NaN,24.0,NaN,NaN,NaN,24.0,NaN,NaN,NaN,24.0,NaN,NaN,NaN,24.0,NaN,NaN,NaN,24.0,NaN,NaN,NaN,24.0,NaN,NaN,NaN,24.0,50.0,0.0,0.0,1.0,0.0,1.0,0.0,1.0,1.0,0.0,0.0,0.0,0.0,0.0,0.0,0.0,1.0,0.0,0.0,0.0,0.0,0.0,NaN,NaN,NaN,2.0,NaN,NaN,NaN
96.0,NaN,5.0,0.0,100.0,NaN,0.0,0.0,36.83,NaN,0.0,1.0,132.0,NaN,2.0,0.0,81.0,NaN,-1.0,0.0,66.0,NaN,-2.0,0.0,19.0,NaN,-8.0,0.0,NaN,NaN,NaN,24.0,NaN,NaN,NaN,24.0,27.0,NaN,0.0,0.0,NaN,NaN,NaN,24.0,NaN,NaN,NaN,24.0,NaN,NaN,NaN,24.0,NaN,NaN,NaN,24.0,56.0,NaN,0.0,0.0,9.0,NaN,0.0,0.0,84.0,NaN,0.0,0.0,8.1,NaN,0.0,0.0,105.0,NaN,0.0,0.0,0.5,NaN,0.0,0.0,NaN,NaN,NaN,24.0,103.0,NaN,0.0,0.0,NaN,NaN,NaN,24.0,1.8,NaN,0.0,0.0,3.1,NaN,0.0,0.0,3.7,NaN,0.0,0.0,0.9,NaN,0.0,0.0,0.01,NaN,0.0,0.0,28.9,NaN,0.0,0.0,10.4,NaN,0.0,0.0,24.8,NaN,0.0,0.0,3.5,NaN,0.0,0.0,NaN,NaN,NaN,24.0,122.0,NaN,0.0,0.0,50.0,0.0,0.0,1.0,0.0,2.0,0.0,0.0,1.0,1.0,0.0,1.0,0.0,0.0,0.0,0.0,1.0,0.0,0.0,0.0,0.0,0.0,NaN,NaN,NaN,2.0,NaN,NaN,NaN
97.0,NaN,1.0,0.0,96.0,NaN,-4.0,0.0,36.83,NaN,0.0,2.0,128.0,NaN,-4.0,0.0,73.0,NaN,-8.0,0.0,59.0,NaN,-7.0,0.0,21.0,NaN,2.0,0.0,NaN,NaN,NaN,24.0,NaN,NaN,NaN,24.0,27.0,NaN,0.0,1.0,NaN,NaN,NaN,24.0,NaN,NaN,NaN,24.0,NaN,NaN,NaN,24.0,NaN,NaN,NaN,24.0,56.0,NaN,0.0,1.0,9.0,NaN,0.0,1.0,84.0,NaN,0.0,1.0,8.1,NaN,0.0,1.0,105.0,NaN,0.0,1.0,0.5,NaN,0.0,1.0,NaN,NaN,NaN,24.0,103.0,NaN,0.0,1.0,NaN,NaN,NaN,24.0,1.8,NaN,0.0,1.0,3.1,NaN,0.0,1.0,3.7,NaN,0.0,1.0,0.9,NaN,0.0,1.0,0.01,NaN,0.0,1.0,28.9,NaN,0.0,1.0,10.4,NaN,0.0,1.0,24.8,NaN,0.0,1.0,3.5,NaN,0.0,1.0,NaN,NaN,NaN,24.0,122.0,NaN,0.0,1.0,50.0,0.0,0.0,1.0,0.0,3.0,0.0,1.0,1.0,1.0,0.0,0.0,0.0,0.0,0.0,0.0,1.0,0.0,0.0,0.0,0.0,0.0,NaN,NaN,NaN,2.0,NaN,NaN,NaN
92.0,NaN,-5.0,0.0,99.0,NaN,3.0,0.0,36.83,NaN,0.0,3.0,128.0,NaN,0.0,0.0,83.0,NaN,10.0,0.0,71.0,NaN,12.0,0.0,16.0,NaN,-5.0,0.0,NaN,NaN,NaN,24.0,NaN,NaN,NaN,24.0,27.0,NaN,0.0,2.0,NaN,NaN,NaN,24.0,NaN,NaN,NaN,24.0,NaN,NaN,NaN,24.0,NaN,NaN,NaN,24.0,56.0,NaN,0.0,2.0,9.0,NaN,0.0,2.0,84.0,NaN,0.0,2.0,8.1,NaN,0.0,2.0,105.0,NaN,0.0,2.0,0.5,NaN,0.0,2.0,NaN,NaN,NaN,24.0,103.0,NaN,0.0,2.0,NaN,NaN,NaN,24.0,1.8,NaN,0.0,2.0,3.1,NaN,0.0,2.0,3.7,NaN,0.0,2.0,0.9,NaN,0.0,2.0,0.01,NaN,0.0,2.0,28.9,NaN,0.0,2.0,10.4,NaN,0.0,2.0,24.8,NaN,0.0,2.0,3.5,NaN,0.0,2.0,NaN,NaN,NaN,24.0,122.0,NaN,0.0,2.0,50.0,0.0,0.0,1.0,0.0,4.0,0.0,0.0,1.0,1.0,0.0,0.0,0.0,0.0,0.0,0.0,1.0,0.0,0.0,0.0,0.0,0.0,NaN,NaN,NaN,2.0,NaN,NaN,NaN
81.0,NaN,-11.0,0.0,96.0,NaN,-3.0,0.0,36.83,NaN,0.0,4.0,109.0,NaN,-19.0,0.0,72.0,NaN,-11.0,0.0,63.0,NaN,-8.0,0.0,13.0,NaN,-3.0,0.0,NaN,NaN,NaN,24.0,NaN,NaN,NaN,24.0,27.0,NaN,0.0,3.0,NaN,NaN,NaN,24.0,NaN,NaN,NaN,24.0,NaN,NaN,NaN,24.0,NaN,NaN,NaN,24.0,56.0,NaN,0.0,3.0,9.0,NaN,0.0,3.0,84.0,NaN,0.0,3.0,8.1,NaN,0.0,3.0,105.0,NaN,0.0,3.0,0.5,NaN,0.0,3.0,NaN,NaN,NaN,24.0,103.0,NaN,0.0,3.0,NaN,NaN,NaN,24.0,1.8,NaN,0.0,3.0,3.1,NaN,0.0,3.0,3.7,NaN,0.0,3.0,0.9,NaN,0.0,3.0,0.01,NaN,0.0,3.0,28.9,NaN,0.0,3.0,10.4,NaN,0.0,3.0,24.8,NaN,0.0,3.0,3.5,NaN,0.0,3.0,NaN,NaN,NaN,24.0,122.0,NaN,0.0,3.0,50.0,0.0,0.0,1.0,0.0,5.0,0.0,0.0,0.0,1.0,0.0,0.0,0.0,0.0,0.0,0.0,1.0,0.0,0.0,0.0,0.0,0.0,NaN,NaN,NaN,2.0,NaN,NaN,NaN
93.0,NaN,12.0,0.0,100.0,NaN,4.0,0.0,36.83,NaN,0.0,5.0,130.0,NaN,21.0,0.0,83.0,NaN,11.0,0.0,67.0,NaN,4.0,0.0,15.0,NaN,2.0,0.0,NaN,NaN,NaN,24.0,NaN,NaN,NaN,24.0,27.0,NaN,0.0,4.0,NaN,NaN,NaN,24.0,NaN,NaN,NaN,24.0,NaN,NaN,NaN,24.0,NaN,NaN,NaN,24.0,56.0,NaN,0.0,4.0,9.0,NaN,0.0,4.0,84.0,NaN,0.0,4.0,8.1,NaN,0.0,4.0,105.0,NaN,0.0,4.0,0.5,NaN,0.0,4.0,NaN,NaN,NaN,24.0,103.0,NaN,0.0,4.0,NaN,NaN,NaN,24.0,1.8,NaN,0.0,4.0,3.1,NaN,0.0,4.0,3.7,NaN,0.0,4.0,0.9,NaN,0.0,4.0,0.01,NaN,0.0,4.0,28.9,NaN,0.0,4.0,10.4,NaN,0.0,4.0,24.8,NaN,0.0,4.0,3.5,NaN,0.0,4.0,NaN,NaN,NaN,24.0,122.0,NaN,0.0,4.0,50.0,0.0,0.0,1.0,0.0,6.0,0.0,0.0,1.0,1.0,0.0,0.0,0.0,0.0,0.0,0.0,1.0,0.0,0.0,0.0,0.0,0.0,NaN,NaN,NaN,2.0,NaN,NaN,NaN
93.0,NaN,0.0,0.0,99.0,NaN,-1.0,0.0,36.72,NaN,-0.01833333333333324,0.0,137.0,NaN,7.0,0.0,83.0,NaN,0.0,0.0,66.0,NaN,-1.0,0.0,16.0,NaN,1.0,0.0,NaN,NaN,NaN,24.0,NaN,NaN,NaN,24.0,27.0,NaN,0.0,5.0,NaN,NaN,NaN,24.0,NaN,NaN,NaN,24.0,NaN,NaN,NaN,24.0,NaN,NaN,NaN,24.0,56.0,NaN,0.0,5.0,9.0,NaN,0.0,5.0,84.0,NaN,0.0,5.0,8.1,NaN,0.0,5.0,105.0,NaN,0.0,5.0,0.5,NaN,0.0,5.0,NaN,NaN,NaN,24.0,103.0,NaN,0.0,5.0,NaN,NaN,NaN,24.0,1.8,NaN,0.0,5.0,3.1,NaN,0.0,5.0,3.7,NaN,0.0,5.0,0.9,NaN,0.0,5.0,0.01,NaN,0.0,5.0,28.9,NaN,0.0,5.0,10.4,NaN,0.0,5.0,24.8,NaN,0.0,5.0,3.5,NaN,0.0,5.0,NaN,NaN,NaN,24.0,122.0,NaN,0.0,5.0,50.0,0.0,0.0,1.0,0.0,7.0,0.0,0.0,1.0,1.0,0.0,0.0,0.0,0.0,0.0,0.0,1.0,0.0,0.0,0.0,0.0,0.0,NaN,NaN,NaN,2.0,NaN,NaN,NaN
96.0,NaN,3.0,0.0,97.0,NaN,-2.0,0.0,36.72,NaN,-0.015714285714285632,1.0,137.0,NaN,3.5,1.0,83.0,NaN,0.0,1.0,66.0,NaN,-0.5,1.0,12.0,NaN,-4.0,0.0,NaN,NaN,NaN,24.0,NaN,NaN,NaN,24.0,27.0,NaN,0.0,6.0,NaN,NaN,NaN,24.0,NaN,NaN,NaN,24.0,NaN,NaN,NaN,24.0,NaN,NaN,NaN,24.0,56.0,NaN,0.0,6.0,9.0,NaN,0.0,6.0,84.0,NaN,0.0,6.0,8.1,NaN,0.0,6.0,105.0,NaN,0.0,6.0,0.5,NaN,0.0,6.0,NaN,NaN,NaN,24.0,103.0,NaN,0.0,6.0,NaN,NaN,NaN,24.0,1.8,NaN,0.0,6.0,3.1,NaN,0.0,6.0,3.7,NaN,0.0,6.0,0.9,NaN,0.0,6.0,0.01,NaN,0.0,6.0,28.9,NaN,0.0,6.0,10.4,NaN,0.0,6.0,24.8,NaN,0.0,6.0,3.5,NaN,0.0,6.0,NaN,NaN,NaN,24.0,122.0,NaN,0.0,6.0,50.0,0.0,0.0,1.0,0.0,8.0,0.0,0.0,1.0,1.0,0.0,0.0,0.0,0.0,0.0,0.0,1.0,0.0,0.0,0.0,0.0,0.0,NaN,NaN,NaN,2.0,NaN,NaN,NaN
94.0,NaN,-2.0,0.0,97.0,NaN,0.0,0.0,36.72,NaN,-0.013749999999999929,2.0,138.0,NaN,0.5,0.0,86.0,NaN,1.5,0.0,77.0,NaN,5.5,0.0,19.0,NaN,7.0,0.0,NaN,NaN,NaN,24.0,NaN,NaN,NaN,24.0,27.0,NaN,0.0,7.0,NaN,NaN,NaN,24.0,NaN,NaN,NaN,24.0,NaN,NaN,NaN,24.0,NaN,NaN,NaN,24.0,56.0,NaN,0.0,7.0,9.0,NaN,0.0,7.0,84.0,NaN,0.0,7.0,8.1,NaN,0.0,7.0,105.0,NaN,0.0,7.0,0.5,NaN,0.0,7.0,NaN,NaN,NaN,24.0,103.0,NaN,0.0,7.0,NaN,NaN,NaN,24.0,1.8,NaN,0.0,7.0,3.1,NaN,0.0,7.0,3.7,NaN,0.0,7.0,0.9,NaN,0.0,7.0,0.01,NaN,0.0,7.0,28.9,NaN,0.0,7.0,10.4,NaN,0.0,7.0,24.8,NaN,0.0,7.0,3.5,NaN,0.0,7.0,NaN,NaN,NaN,24.0,122.0,NaN,0.0,7.0,50.0,0.0,0.0,1.0,0.0,9.0,0.0,0.0,1.0,1.0,0.0,0.0,0.0,0.0,0.0,0.0,1.0,0.0,0.0,0.0,0.0,0.0,NaN,NaN,NaN,2.0,NaN,NaN,NaN
90.0,NaN,-4.0,0.0,96.0,NaN,-1.0,0.0,36.72,NaN,-0.012222222222222159,3.0,136.0,NaN,-2.0,0.0,87.0,NaN,1.0,0.0,71.0,NaN,-6.0,0.0,18.0,NaN,-1.0,0.0,NaN,NaN,NaN,24.0,NaN,NaN,NaN,24.0,27.0,NaN,0.0,8.0,NaN,NaN,NaN,24.0,NaN,NaN,NaN,24.0,NaN,NaN,NaN,24.0,NaN,NaN,NaN,24.0,56.0,NaN,0.0,8.0,9.0,NaN,0.0,8.0,84.0,NaN,0.0,8.0,8.1,NaN,0.0,8.0,105.0,NaN,0.0,8.0,0.5,NaN,0.0,8.0,NaN,NaN,NaN,24.0,103.0,NaN,0.0,8.0,NaN,NaN,NaN,24.0,1.8,NaN,0.0,8.0,3.1,NaN,0.0,8.0,3.7,NaN,0.0,8.0,0.9,NaN,0.0,8.0,0.01,NaN,0.0,8.0,28.9,NaN,0.0,8.0,10.4,NaN,0.0,8.0,24.8,NaN,0.0,8.0,3.5,NaN,0.0,8.0,NaN,NaN,NaN,24.0,122.0,NaN,0.0,8.0,50.0,0.0,0.0,1.0,0.0,10.0,0.0,0.0,0.0,1.0,0.0,0.0,0.0,0.0,0.0,0.0,1.0,0.0,0.0,0.0,0.0,0.0,NaN,NaN,NaN,2.0,NaN,NaN,NaN
85.0,NaN,-5.0,0.0,97.0,NaN,1.0,0.0,36.67,NaN,-0.01249999999999929,0.0,129.0,NaN,-7.0,0.0,87.0,NaN,0.0,0.0,75.0,NaN,4.0,0.0,24.0,NaN,6.0,0.0,NaN,NaN,NaN,24.0,NaN,NaN,NaN,24.0,27.0,NaN,0.0,9.0,NaN,NaN,NaN,24.0,NaN,NaN,NaN,24.0,NaN,NaN,NaN,24.0,NaN,NaN,NaN,24.0,56.0,NaN,0.0,9.0,9.0,NaN,0.0,9.0,84.0,NaN,0.0,9.0,8.1,NaN,0.0,9.0,105.0,NaN,0.0,9.0,0.5,NaN,0.0,9.0,NaN,NaN,NaN,24.0,103.0,NaN,0.0,9.0,NaN,NaN,NaN,24.0,1.8,NaN,0.0,9.0,3.1,NaN,0.0,9.0,3.7,NaN,0.0,9.0,0.9,NaN,0.0,9.0,0.01,NaN,0.0,9.0,28.9,NaN,0.0,9.0,10.4,NaN,0.0,9.0,24.8,NaN,0.0,9.0,3.5,NaN,0.0,9.0,NaN,NaN,NaN,24.0,122.0,NaN,0.0,9.0,50.0,0.0,0.0,1.0,0.0,11.0,0.0,1.0,0.0,1.0,0.0,0.0,0.0,0.0,0.0,0.0,1.0,0.0,0.0,0.0,0.0,0.0,NaN,NaN,NaN,2.0,NaN,NaN,NaN
88.0,NaN,3.0,0.0,98.0,NaN,1.0,0.0,36.67,NaN,-0.009999999999999431,1.0,136.0,NaN,7.0,0.0,86.0,NaN,-1.0,0.0,69.0,NaN,-6.0,0.0,10.0,NaN,-14.0,0.0,NaN,NaN,NaN,24.0,NaN,NaN,NaN,24.0,27.0,NaN,0.0,10.0,NaN,NaN,NaN,24.0,NaN,NaN,NaN,24.0,NaN,NaN,NaN,24.0,NaN,NaN,NaN,24.0,56.0,NaN,0.0,10.0,9.0,NaN,0.0,10.0,84.0,NaN,0.0,10.0,8.1,NaN,0.0,10.0,105.0,NaN,0.0,10.0,0.5,NaN,0.0,10.0,NaN,NaN,NaN,24.0,103.0,NaN,0.0,10.0,NaN,NaN,NaN,24.0,1.8,NaN,0.0,10.0,3.1,NaN,0.0,10.0,3.7,NaN,0.0,10.0,0.9,NaN,0.0,10.0,0.01,NaN,0.0,10.0,28.9,NaN,0.0,10.0,10.4,NaN,0.0,10.0,24.8,NaN,0.0,10.0,3.5,NaN,0.0,10.0,NaN,NaN,NaN,24.0,122.0,NaN,0.0,10.0,50.0,0.0,0.0,1.0,0.0,12.0,0.0,0.0,0.0,1.0,0.0,0.0,0.0,0.0,0.0,0.0,1.0,0.0,0.0,0.0,0.0,0.0,NaN,NaN,NaN,2.0,NaN,NaN,NaN
74.0,NaN,-14.0,0.0,97.0,NaN,-1.0,0.0,36.67,NaN,-0.00833333333333286,2.0,133.0,NaN,-3.0,0.0,89.0,NaN,3.0,0.0,74.0,NaN,5.0,0.0,13.0,NaN,3.0,0.0,NaN,NaN,NaN,24.0,NaN,NaN,NaN,24.0,27.0,NaN,0.0,11.0,NaN,NaN,NaN,24.0,NaN,NaN,NaN,24.0,NaN,NaN,NaN,24.0,NaN,NaN,NaN,24.0,56.0,NaN,0.0,11.0,9.0,NaN,0.0,11.0,84.0,NaN,0.0,11.0,8.1,NaN,0.0,11.0,105.0,NaN,0.0,11.0,0.5,NaN,0.0,11.0,NaN,NaN,NaN,24.0,103.0,NaN,0.0,11.0,NaN,NaN,NaN,24.0,1.8,NaN,0.0,11.0,3.1,NaN,0.0,11.0,3.7,NaN,0.0,11.0,0.9,NaN,0.0,11.0,0.01,NaN,0.0,11.0,27.1,NaN,-0.16363636363636339,0.0,9.8,NaN,-0.054545454545454515,0.0,24.8,NaN,0.0,11.0,3.2,NaN,-0.027272727272727258,0.0,NaN,NaN,NaN,24.0,119.0,NaN,-0.2727272727272727,0.0,50.0,0.0,0.0,1.0,0.0,13.0,0.0,0.0,0.0,1.0,0.0,1.0,0.0,0.0,0.0,0.0,1.0,0.0,0.0,0.0,0.0,0.0,NaN,NaN,NaN,2.0,NaN,NaN,NaN
80.0,NaN,6.0,0.0,96.0,NaN,-1.0,0.0,36.67,NaN,-0.007142857142856737,3.0,140.0,NaN,7.0,0.0,88.0,NaN,-1.0,0.0,73.0,NaN,-1.0,0.0,15.0,NaN,2.0,0.0,NaN,NaN,NaN,24.0,NaN,NaN,NaN,24.0,27.0,NaN,0.0,12.0,NaN,NaN,NaN,24.0,NaN,NaN,NaN,24.0,NaN,NaN,NaN,24.0,NaN,NaN,NaN,24.0,56.0,NaN,0.0,12.0,9.0,NaN,0.0,12.0,84.0,NaN,0.0,12.0,8.1,NaN,0.0,12.0,105.0,NaN,0.0,12.0,0.5,NaN,0.0,12.0,NaN,NaN,NaN,24.0,103.0,NaN,0.0,12.0,NaN,NaN,NaN,24.0,1.8,NaN,0.0,12.0,3.1,NaN,0.0,12.0,3.7,NaN,0.0,12.0,0.9,NaN,0.0,12.0,0.01,NaN,0.0,12.0,27.1,NaN,-0.14999999999999977,1.0,9.8,NaN,-0.04999999999999997,1.0,24.8,NaN,0.0,12.0,3.2,NaN,-0.024999999999999984,1.0,NaN,NaN,NaN,24.0,119.0,NaN,-0.25,1.0,50.0,0.0,0.0,1.0,0.0,14.0,0.0,0.0,0.0,1.0,0.0,0.0,0.0,0.0,0.0,0.0,1.0,0.0,0.0,0.0,0.0,0.0,NaN,NaN,NaN,2.0,NaN,NaN,NaN
83.0,NaN,3.0,0.0,96.0,NaN,0.0,0.0,37.22,NaN,0.1374999999999993,0.0,141.0,NaN,1.0,0.0,93.0,NaN,5.0,0.0,81.0,NaN,8.0,0.0,20.0,NaN,5.0,0.0,NaN,NaN,NaN,24.0,NaN,NaN,NaN,24.0,27.0,NaN,0.0,13.0,NaN,NaN,NaN,24.0,NaN,NaN,NaN,24.0,NaN,NaN,NaN,24.0,NaN,NaN,NaN,24.0,56.0,NaN,0.0,13.0,9.0,NaN,0.0,13.0,84.0,NaN,0.0,13.0,8.1,NaN,0.0,13.0,105.0,NaN,0.0,13.0,0.5,NaN,0.0,13.0,NaN,NaN,NaN,24.0,103.0,NaN,0.0,13.0,NaN,NaN,NaN,24.0,1.8,NaN,0.0,13.0,3.1,NaN,0.0,13.0,3.7,NaN,0.0,13.0,0.9,NaN,0.0,13.0,0.01,NaN,0.0,13.0,27.1,NaN,-0.13846153846153825,2.0,9.8,NaN,-0.04615384615384613,2.0,24.8,NaN,0.0,13.0,3.2,NaN,-0.023076923076923064,2.0,NaN,NaN,NaN,24.0,119.0,NaN,-0.23076923076923078,2.0,50.0,0.0,0.0,1.0,0.0,15.0,0.0,0.0,0.0,1.0,0.0,0.0,0.0,0.0,0.0,0.0,1.0,0.0,0.0,0.0,0.0,0.0,NaN,NaN,NaN,2.0,NaN,NaN,NaN
