81.0,NaN,NaN,24.0,98.0,NaN,NaN,24.0,NaN,NaN,NaN,24.0,124.0,NaN,NaN,24.0,85.0,NaN,NaN,24.0,70.0,NaN,NaN,24.0,22.0,NaN,NaN,24.0,NaN,NaN,NaN,24.0,NaN,NaN,NaN,24.0,NaN,NaN,NaN,24.0,NaN,NaN,NaN,24.0,NaN,NaN,NaN,24.0,NaN,NaN,NaN,24.0,NaN,NaN,NaN,24.0,NaN,NaN,NaN,24.0,NaN,NaN,NaN,24.0,NaN,NaN,NaN,24.0,NaN,NaN,NaN,24.0,NaN,NaN,NaN,24.0,NaN,NaN,NaN,24.0,NaN,NaN,NaN,24.0,NaN,NaN,NaN,24.0,NaN,NaN,NaN,24.0,NaN,NaN,NaN,24.0,NaN,NaN,NaN,24.0,NaN,NaN,NaN,24.0,NaN,NaN,NaN,24.0,NaN,NaN,NaN,24.0,NaN,NaN,NaN,24.0,NaN,NaN,NaN,24.0,NaN,NaN,NaN,24.0,NaN,NaN,NaN,24.0,NaN,NaN,NaN,24.0,NaN,NaN,NaN,24.0,23.0,0.0,0.0,1.0,-13.09,1.0,0.0,1.0,0.0,0.0,0.0,0.0,0.0,0.0,0.0,0.0,1.0,0.0,0.0,NaN,0.0,0.0,NaN,NaN,NaN,NaN,NaN,NaN,NaN
89.0,NaN,8.0,0.0,99.0,NaN,1.0,0.0,36.89,NaN,0.0,0.0,124.0,NaN,0.0,1.0,85.0,NaN,0.0,1.0,70.0,NaN,0.0,1.0,17.0,NaN,-5.0,0.0,NaN,NaN,NaN,24.0,NaN,NaN,NaN,24.0,NaN,NaN,NaN,24.0,NaN,NaN,NaN,24.0,NaN,NaN,NaN,24.0,NaN,NaN,NaN,24.0,NaN,NaN,NaN,24.0,NaN,NaN,NaN,24.0,NaN,NaN,NaN,24.0,NaN,NaN,NaN,24.0,NaN,NaN,NaN,24.0,NaN,NaN,NaN,24.0,NaN,NaN,NaN,24.0,NaN,NaN,NaN,24.0,NaN,NaN,NaN,24.0,NaN,NaN,NaN,24.0,NaN,NaN,NaN,24.0,NaN,NaN,NaN,24.0,NaN,NaN,NaN,24.0,NaN,NaN,NaN,24.0,NaN,NaN,NaN,24.0,NaN,NaN,NaN,24.0,NaN,NaN,NaN,24.0,NaN,NaN,NaN,24.0,NaN,NaN,NaN,24.0,NaN,NaN,NaN,24.0,NaN,NaN,NaN,24.0,23.0,0.0,0.0,1.0,-13.09,2.0,0.0,0.0,0.0,0.0,0.0,0.0,0.0,0.0,0.0,0.0,1.0,0.0,0.0,NaN,0.0,0.0,NaN,NaN,NaN,NaN,NaN,NaN,NaN
86.0,NaN,-3.0,0.0,100.0,NaN,1.0,0.0,36.89,NaN,0.0,1.0,105.0,NaN,-9.5,0.0,100.0,NaN,7.5,0.0,88.0,NaN,9.0,0.0,17.0,NaN,0.0,0.0,NaN,NaN,NaN,24.0,NaN,NaN,NaN,24.0,NaN,NaN,NaN,24.0,NaN,NaN,NaN,24.0,NaN,NaN,NaN,24.0,NaN,NaN,NaN,24.0,NaN,NaN,NaN,24.0,NaN,NaN,NaN,24.0,NaN,NaN,NaN,24.0,NaN,NaN,NaN,24.0,NaN,NaN,NaN,24.0,NaN,NaN,NaN,24.0,NaN,NaN,NaN,24.0,NaN,NaN,NaN,24.0,NaN,NaN,NaN,24.0,NaN,NaN,NaN,24.0,NaN,NaN,NaN,24.0,NaN,NaN,NaN,24.0,NaN,NaN,NaN,24.0,NaN,NaN,NaN,24.0,NaN,NaN,NaN,24.0,NaN,NaN,NaN,24.0,NaN,NaN,NaN,24.0,NaN,NaN,NaN,24.0,NaN,NaN,NaN,24.0,NaN,NaN,NaN,24.0,NaN,NaN,NaN,24.0,23.0,0.0,0.0,1.0,-13.09,3.0,0.0,0.0,0.0,0.0,0.0,0.0,0.0,0.0,0.0,0.0,1.0,0.0,0.0,NaN,0.0,0.0,NaN,NaN,NaN,NaN,NaN,NaN,NaN
89.0,NaN,3.0,0.0,99.0,NaN,-1.0,0.0,36.89,NaN,0.0,2.0,119.0,NaN,14.0,0.0,107.0,NaN,7.0,0.0,99.0,NaN,11.0,0.0,26.0,NaN,9.0,0.0,NaN,NaN,NaN,24.0,NaN,NaN,NaN,24.0,NaN,NaN,NaN,24.0,NaN,NaN,NaN,24.0,NaN,NaN,NaN,24.0,NaN,NaN,NaN,24.0,NaN,NaN,NaN,24.0,NaN,NaN,NaN,24.0,NaN,NaN,NaN,24.0,NaN,NaN,NaN,24.0,NaN,NaN,NaN,24.0,NaN,NaN,NaN,24.0,NaN,NaN,NaN,24.0,NaN,NaN,NaN,24.0,NaN,NaN,NaN,24.0,NaN,NaN,NaN,24.0,NaN,NaN,NaN,24.0,NaN,NaN,NaN,24.0,NaN,NaN,NaN,24.0,NaN,NaN,NaN,24.0,NaN,NaN,NaN,24.0,NaN,NaN,NaN,24.0,NaN,NaN,NaN,24.0,NaN,NaN,NaN,24.0,NaN,NaN,NaN,24.0,NaN,NaN,NaN,24.0,NaN,NaN,NaN,24.0,23.0,0.0,0.0,1.0,-13.09,4.0,0.0,1.0,0.0,0.0,0.0,0.0,0.0,0.0,0.0,0.0,1.0,0.0,0.0,NaN,0.0,0.0,NaN,NaN,NaN,NaN,NaN,NaN,NaN
88.0,NaN,-1.0,0.0,97.0,NaN,-2.0,0.0,36.89,NaN,0.0,3.0,119.0,NaN,7.0,1.0,107.0,NaN,3.5,1.0,99.0,NaN,5.5,1.0,24.0,NaN,-2.0,0.0,NaN,NaN,NaN,24.0,NaN,NaN,NaN,24.0,24.0,NaN,0.0,0.0,NaN,NaN,NaN,24.0,NaN,NaN,NaN,24.0,NaN,NaN,NaN,24.0,NaN,NaN,NaN,24.0,NaN,NaN,NaN,24.0,12.0,NaN,0.0,0.0,NaN,NaN,NaN,24.0,8.8,NaN,0.0,0.0,105.0,NaN,0.0,0.0,0.5,NaN,0.0,0.0,NaN,NaN,NaN,24.0,103.0,NaN,0.0,0.0,NaN,NaN,NaN,24.0,2.0,NaN,0.0,0.0,4.9,NaN,0.0,0.0,3.9,NaN,0.0,0.0,NaN,NaN,NaN,24.0,NaN,NaN,NaN,24.0,28.6,NaN,0.0,0.0,8.5,NaN,0.0,0.0,31.6,NaN,0.0,0.0,7.2,NaN,0.0,0.0,NaN,NaN,NaN,24.0,337.0,NaN,0.0,0.0,23.0,0.0,0.0,1.0,-13.09,5.0,0.0,1.0,0.0,0.0,0.0,0.0,0.0,0.0,0.0,0.0,1.0,0.0,0.0,NaN,0.0,0.0,NaN,NaN,NaN,NaN,NaN,NaN,NaN
88.0,NaN,-0.5,1.0,97.0,NaN,-1.0,1.0,36.89,NaN,0.0,4.0,119.0,NaN,4.666666666666667,2.0,107.0,NaN,2.3333333333333335,2.0,99.0,NaN,3.6666666666666665,2.0,24.0,NaN,-1.0,1.0,NaN,NaN,NaN,24.0,NaN,NaN,NaN,24.0,24.0,NaN,0.0,1.0,NaN,NaN,NaN,24.0,NaN,NaN,NaN,24.0,NaN,NaN,NaN,24.0,NaN,NaN,NaN,24.0,NaN,NaN,NaN,24.0,12.0,NaN,0.0,1.0,NaN,NaN,NaN,24.0,8.8,NaN,0.0,1.0,105.0,NaN,0.0,1.0,0.5,NaN,0.0,1.0,NaN,NaN,NaN,24.0,103.0,NaN,0.0,1.0,NaN,NaN,NaN,24.0,2.0,NaN,0.0,1.0,4.9,NaN,0.0,1.0,3.9,NaN,0.0,1.0,NaN,NaN,NaN,24.0,NaN,NaN,NaN,24.0,28.6,NaN,0.0,1.0,8.5,NaN,0.0,1.0,31.6,NaN,0.0,1.0,7.2,NaN,0.0,1.0,NaN,NaN,NaN,24.0,337.0,NaN,0.0,1.0,23.0,0.0,0.0,1.0,-13.09,6.0,0.0,1.0,0.0,0.0,0.0,0.0,0.0,0.0,0.0,0.0,1.0,0.0,0.0,NaN,0.0,0.0,NaN,NaN,NaN,NaN,NaN,NaN,NaN
85.0,NaN,-1.5,0.0,98.0,NaN,0.5,0.0,36.89,NaN,0.0,5.0,119.0,NaN,3.5,3.0,107.0,NaN,1.75,3.0,99.0,NaN,2.75,3.0,21.0,NaN,-1.5,0.0,NaN,NaN,NaN,24.0,NaN,NaN,NaN,24.0,24.0,NaN,0.0,2.0,NaN,NaN,NaN,24.0,NaN,NaN,NaN,24.0,NaN,NaN,NaN,24.0,NaN,NaN,NaN,24.0,NaN,NaN,NaN,24.0,12.0,NaN,0.0,2.0,NaN,NaN,NaN,24.0,8.8,NaN,0.0,2.0,105.0,NaN,0.0,2.0,0.5,NaN,0.0,2.0,NaN,NaN,NaN,24.0,103.0,NaN,0.0,2.0,NaN,NaN,NaN,24.0,2.0,NaN,0.0,2.0,4.9,NaN,0.0,2.0,3.9,NaN,0.0,2.0,NaN,NaN,NaN,24.0,NaN,NaN,NaN,24.0,28.6,NaN,0.0,2.0,8.5,NaN,0.0,2.0,31.6,NaN,0.0,2.0,7.2,NaN,0.0,2.0,NaN,NaN,NaN,24.0,337.0,NaN,0.0,2.0,23.0,0.0,0.0,1.0,-13.09,7.0,0.0,1.0,0.0,0.0,0.0,0.0,0.0,0.0,0.0,0.0,1.0,0.0,0.0,NaN,0.0,0.0,NaN,NaN,NaN,NaN,NaN,NaN,NaN
84.0,NaN,-1.0,0.0,99.0,NaN,1.0,0.0,36.83,NaN,-0.010000000000000378,0.0,123.0,NaN,1.0,0.0,89.0,NaN,-4.5,0.0,76.0,NaN,-5.75,0.0,24.0,NaN,3.0,0.0,NaN,NaN,NaN,24.0,NaN,NaN,NaN,24.0,24.0,NaN,0.0,3.0,NaN,NaN,NaN,24.0,NaN,NaN,NaN,24.0,NaN,NaN,NaN,24.0,NaN,NaN,NaN,24.0,NaN,NaN,NaN,24.0,12.0,NaN,0.0,3.0,NaN,NaN,NaN,24.0,8.8,NaN,0.0,3.0,105.0,NaN,0.0,3.0,0.5,NaN,0.0,3.0,NaN,NaN,NaN,24.0,103.0,NaN,0.0,3.0,NaN,NaN,NaN,24.0,2.0,NaN,0.0,3.0,4.9,NaN,0.0,3.0,3.9,NaN,0.0,3.0,NaN,NaN,NaN,24.0,NaN,NaN,NaN,24.0,28.6,NaN,0.0,3.0,8.5,NaN,0.0,3.0,31.6,NaN,0.0,3.0,7.2,NaN,0.0,3.0,NaN,NaN,NaN,24.0,337.0,NaN,0.0,3.0,23.0,0.0,0.0,1.0,-13.09,8.0,0.0,1.0,0.0,0.0,0.0,0.0,0.0,0.0,0.0,0.0,1.0,0.0,0.0,NaN,0.0,0.0,NaN,NaN,NaN,NaN,NaN,NaN,NaN
84.0,NaN,0.0,0.0,100.0,NaN,1.0,0.0,36.83,NaN,-0.008571428571428896,1.0,103.0,NaN,-20.0,0.0,87.0,NaN,-2.0,0.0,77.0,NaN,1.0,0.0,24.0,NaN,0.0,0.0,NaN,NaN,NaN,24.0,NaN,NaN,NaN,24.0,24.0,NaN,0.0,4.0,NaN,NaN,NaN,24.0,NaN,NaN,NaN,24.0,NaN,NaN,NaN,24.0,NaN,NaN,NaN,24.0,NaN,NaN,NaN,24.0,12.0,NaN,0.0,4.0,NaN,NaN,NaN,24.0,8.8,NaN,0.0,4.0,105.0,NaN,0.0,4.0,0.5,NaN,0.0,4.0,NaN,NaN,NaN,24.0,103.0,NaN,0.0,4.0,NaN,NaN,NaN,24.0,2.0,NaN,0.0,4.0,4.9,NaN,0.0,4.0,3.9,NaN,0.0,4.0,NaN,NaN,NaN,24.0,NaN,NaN,NaN,24.0,28.6,NaN,0.0,4.0,8.5,NaN,0.0,4.0,31.6,NaN,0.0,4.0,7.2,NaN,0.0,4.0,NaN,NaN,NaN,24.0,337.0,NaN,0.0,4.0,23.0,0.0,0.0,1.0,-13.09,9.0,0.0,1.0,0.0,0.0,0.0,0.0,0.0,0.0,0.0,0.0,1.0,0.0,0.0,NaN,0.0,0.0,NaN,NaN,NaN,NaN,NaN,NaN,NaN
96.0,NaN,12.0,0.0,100.0,NaN,0.0,0.0,36.83,NaN,-0.007500000000000284,2.0,119.0,NaN,16.0,0.0,83.0,NaN,-4.0,0.0,66.0,NaN,-11.0,0.0,27.0,NaN,3.0,0.0,NaN,NaN,NaN,24.0,NaN,NaN,NaN,24.0,24.0,NaN,0.0,5.0,NaN,NaN,NaN,24.0,NaN,NaN,NaN,24.0,NaN,NaN,NaN,24.0,NaN,NaN,NaN,24.0,NaN,NaN,NaN,24.0,12.0,NaN,0.0,5.0,NaN,NaN,NaN,24.0,8.8,NaN,0.0,5.0,105.0,NaN,0.0,5.0,0.5,NaN,0.0,5.0,NaN,NaN,NaN,24.0,103.0,NaN,0.0,5.0,NaN,NaN,NaN,24.0,2.0,NaN,0.0,5.0,4.9,NaN,0.0,5.0,3.9,NaN,0.0,5.0,NaN,NaN,NaN,24.0,NaN,NaN,NaN,24.0,28.6,NaN,0.0,5.0,8.5,NaN,0.0,5.0,31.6,NaN,0.0,5.0,7.2,NaN,0.0,5.0,NaN,NaN,NaN,24.0,337.0,NaN,0.0,5.0,23.0,0.0,0.0,1.0,-13.09,10.0,0.0,1.0,1.0,0.0,0.0,0.0,0.0,0.0,0.0,0.0,1.0,0.0,0.0,NaN,0.0,0.0,NaN,NaN,NaN,NaN,NaN,NaN,NaN
91.0,NaN,-5.0,0.0,100.0,NaN,0.0,0.0,36.83,NaN,-0.0066666666666669195,3.0,120.0,NaN,1.0,0.0,79.0,NaN,-4.0,0.0,65.0,NaN,-1.0,0.0,22.0,NaN,-5.0,0.0,NaN,NaN,NaN,24.0,NaN,NaN,NaN,24.0,24.0,NaN,0.0,6.0,NaN,NaN,NaN,24.0,NaN,NaN,NaN,24.0,NaN,NaN,NaN,24.0,NaN,NaN,NaN,24.0,NaN,NaN,NaN,24.0,12.0,NaN,0.0,6.0,NaN,NaN,NaN,24.0,8.8,NaN,0.0,6.0,105.0,NaN,0.0,6.0,0.5,NaN,0.0,6.0,NaN,NaN,NaN,24.0,103.0,NaN,0.0,6.0,NaN,NaN,NaN,24.0,2.0,NaN,0.0,6.0,4.9,NaN,0.0,6.0,3.9,NaN,0.0,6.0,NaN,NaN,NaN,24.0,NaN,NaN,NaN,24.0,28.6,NaN,0.0,6.0,8.5,NaN,0.0,6.0,31.6,NaN,0.0,6.0,7.2,NaN,0.0,6.0,NaN,NaN,NaN,24.0,337.0,NaN,0.0,6.0,23.0,0.0,0.0,1.0,-13.09,11.0,0.0,1.0,1.0,0.0,0.0,0.0,0.0,0.0,0.0,0.0,1.0,0.0,0.0,NaN,0.0,0.0,NaN,NaN,NaN,NaN,NaN,NaN,NaN
87.0,NaN,-4.0,0.0,100.0,NaN,0.0,0.0,36.83,NaN,-0.006000000000000227,4.0,126.0,NaN,6.0,0.0,91.0,NaN,12.0,0.0,78.0,NaN,13.0,0.0,21.0,NaN,-1.0,0.0,NaN,NaN,NaN,24.0,NaN,NaN,NaN,24.0,24.0,NaN,0.0,7.0,NaN,NaN,NaN,24.0,NaN,NaN,NaN,24.0,NaN,NaN,NaN,24.0,NaN,NaN,NaN,24.0,NaN,NaN,NaN,24.0,12.0,NaN,0.0,7.0,NaN,NaN,NaN,24.0,8.8,NaN,0.0,7.0,105.0,NaN,0.0,7.0,0.5,NaN,0.0,7.0,NaN,NaN,NaN,24.0,103.0,NaN,0.0,7.0,NaN,NaN,NaN,24.0,2.0,NaN,0.0,7.0,4.9,NaN,0.0,7.0,3.9,NaN,0.0,7.0,NaN,NaN,NaN,24.0,NaN,NaN,NaN,24.0,28.6,NaN,0.0,7.0,8.5,NaN,0.0,7.0,31.6,NaN,0.0,7.0,7.2,NaN,0.0,7.0,NaN,NaN,NaN,24.0,337.0,NaN,0.0,7.0,23.0,0.0,0.0,1.0,-13.09,12.0,0.0,1.0,0.0,0.0,0.0,0.0,0.0,0.0,0.0,0.0,1.0,0.0,0.0,NaN,0.0,0.0,NaN,NaN,NaN,NaN,NaN,NaN,NaN
92.0,NaN,5.0,0.0,100.0,NaN,0.0,0.0,36.83,NaN,-0.005454545454545661,5.0,102.0,NaN,-24.0,0.0,75.0,NaN,-16.0,0.0,68.0,NaN,-10.0,0.0,21.0,NaN,0.0,0.0,NaN,NaN,NaN,24.0,NaN,NaN,NaN,24.0,24.0,NaN,0.0,8.0,NaN,NaN,NaN,24.0,NaN,NaN,NaN,24.0,NaN,NaN,NaN,24.0,NaN,NaN,NaN,24.0,NaN,NaN,NaN,24.0,12.0,NaN,0.0,8.0,NaN,NaN,NaN,24.0,8.8,NaN,0.0,8.0,105.0,NaN,0.0,8.0,0.5,NaN,0.0,8.0,NaN,NaN,NaN,24.0,103.0,NaN,0.0,8.0,NaN,NaN,NaN,24.0,2.0,NaN,0.0,8.0,4.9,NaN,0.0,8.0,3.9,NaN,0.0,8.0,NaN,NaN,NaN,24.0,NaN,NaN,NaN,24.0,28.6,NaN,0.0,8.0,8.5,NaN,0.0,8.0,31.6,NaN,0.0,8.0,7.2,NaN,0.0,8.0,NaN,NaN,NaN,24.0,337.0,NaN,0.0,8.0,23.0,0.0,0.0,1.0,-13.09,13.0,0.0,1.0,1.0,0.0,0.0,0.0,0.0,0.0,0.0,0.0,1.0,0.0,0.0,NaN,0.0,0.0,NaN,NaN,NaN,NaN,NaN,NaN,NaN
82.0,NaN,-10.0,0.0,100.0,NaN,0.0,0.0,36.56,NaN,-0.04499999999999934,0.0,132.0,NaN,30.0,0.0,100.0,NaN,25.0,0.0,88.0,NaN,20.0,0.0,18.0,NaN,-3.0,0.0,NaN,NaN,NaN,24.0,NaN,NaN,NaN,24.0,24.0,NaN,0.0,9.0,NaN,NaN,NaN,24.0,NaN,NaN,NaN,24.0,NaN,NaN,NaN,24.0,NaN,NaN,NaN,24.0,NaN,NaN,NaN,24.0,12.0,NaN,0.0,9.0,NaN,NaN,NaN,24.0,8.8,NaN,0.0,9.0,105.0,NaN,0.0,9.0,0.5,NaN,0.0,9.0,NaN,NaN,NaN,24.0,103.0,NaN,0.0,9.0,NaN,NaN,NaN,24.0,2.0,NaN,0.0,9.0,4.9,NaN,0.0,9.0,3.9,NaN,0.0,9.0,NaN,NaN,NaN,24.0,NaN,NaN,NaN,24.0,28.6,NaN,0.0,9.0,8.5,NaN,0.0,9.0,31.6,NaN,0.0,9.0,7.2,NaN,0.0,9.0,NaN,NaN,NaN,24.0,337.0,NaN,0.0,9.0,23.0,0.0,0.0,1.0,-13.09,14.0,0.0,0.0,0.0,0.0,0.0,0.0,0.0,0.0,0.0,0.0,1.0,0.0,0.0,NaN,0.0,0.0,NaN,NaN,NaN,NaN,NaN,NaN,NaN
