94.0,NaN,NaN,24.0,100.0,NaN,NaN,24.0,35.5,NaN,NaN,24.0,163.0,NaN,NaN,24.0,101.0,NaN,NaN,24.0,81.0,NaN,NaN,24.0,15.0,NaN,NaN,24.0,NaN,NaN,NaN,24.0,NaN,NaN,NaN,24.0,NaN,NaN,NaN,24.0,NaN,NaN,NaN,24.0,NaN,NaN,NaN,24.0,NaN,NaN,NaN,24.0,NaN,NaN,NaN,24.0,NaN,NaN,NaN,24.0,NaN,NaN,NaN,24.0,NaN,NaN,NaN,24.0,NaN,NaN,NaN,24.0,NaN,NaN,NaN,24.0,NaN,NaN,NaN,24.0,NaN,NaN,NaN,24.0,NaN,NaN,NaN,24.0,NaN,NaN,NaN,24.0,NaN,NaN,NaN,24.0,NaN,NaN,NaN,24.0,NaN,NaN,NaN,24.0,NaN,NaN,NaN,24.0,NaN,NaN,NaN,24.0,NaN,NaN,NaN,24.0,NaN,NaN,NaN,24.0,NaN,NaN,NaN,24.0,NaN,NaN,NaN,24.0,NaN,NaN,NaN,24.0,NaN,NaN,NaN,24.0,66.0,0.0,1.0,0.0,-3.816666666666667,1.0,1.0,0.0,1.0,0.0,0.0,0.0,0.0,0.0,0.0,0.0,1.0,0.0,1.0,1.0,0.0,0.0,NaN,6.0,6.0,6.0,NaN,NaN,NaN
88.0,NaN,-6.0,0.0,99.0,NaN,-1.0,0.0,35.5,NaN,0.0,1.0,128.0,NaN,-35.0,0.0,78.0,NaN,-23.0,0.0,62.0,NaN,-19.0,0.0,15.0,NaN,0.0,0.0,NaN,NaN,NaN,24.0,NaN,NaN,NaN,24.0,NaN,NaN,NaN,24.0,NaN,NaN,NaN,24.0,NaN,NaN,NaN,24.0,NaN,NaN,NaN,24.0,NaN,NaN,NaN,24.0,NaN,NaN,NaN,24.0,NaN,NaN,NaN,24.0,NaN,NaN,NaN,24.0,NaN,NaN,NaN,24.0,NaN,NaN,NaN,24.0,NaN,NaN,NaN,24.0,NaN,NaN,NaN,24.0,NaN,NaN,NaN,24.0,NaN,NaN,NaN,24.0,NaN,NaN,NaN,24.0,NaN,NaN,NaN,24.0,NaN,NaN,NaN,24.0,NaN,NaN,NaN,24.0,NaN,NaN,NaN,24.0,NaN,NaN,NaN,24.0,NaN,NaN,NaN,24.0,NaN,NaN,NaN,24.0,NaN,NaN,NaN,24.0,NaN,NaN,NaN,24.0,NaN,NaN,NaN,24.0,66.0,0.0,1.0,0.0,-3.816666666666667,2.0,1.0,0.0,0.0,0.0,0.0,0.0,0.0,0.0,0.0,0.0,1.0,0.0,1.0,1.0,0.0,0.0,NaN,6.0,6.0,6.0,NaN,NaN,NaN
82.0,NaN,-6.0,0.0,100.0,NaN,1.0,0.0,35.5,NaN,0.0,2.0,103.0,NaN,-25.0,0.0,63.0,NaN,-15.0,0.0,50.0,NaN,-12.0,0.0,17.0,NaN,2.0,0.0,NaN,NaN,NaN,24.0,NaN,NaN,NaN,24.0,27.0,NaN,0.0,0.0,NaN,NaN,NaN,24.0,NaN,NaN,NaN,24.0,NaN,NaN,NaN,24.0,NaN,NaN,NaN,24.0,19.0,NaN,0.0,0.0,31.0,NaN,0.0,0.0,83.0,NaN,0.0,0.0,8.7,NaN,0.0,0.0,102.0,NaN,0.0,0.0,1.8,NaN,0.0,0.0,NaN,NaN,NaN,24.0,144.0,NaN,0.0,0.0,NaN,NaN,NaN,24.0,1.7,NaN,0.0,0.0,4.3,NaN,0.0,0.0,3.8,NaN,0.0,0.0,0.3,NaN,0.0,0.0,0.06,NaN,0.0,0.0,25.2,NaN,0.0,0.0,8.3,NaN,0.0,0.0,75.2,NaN,0.0,0.0,11.0,NaN,0.0,0.0,NaN,NaN,NaN,24.0,448.0,NaN,0.0,0.0,66.0,0.0,1.0,0.0,-3.816666666666667,3.0,1.0,0.0,0.0,0.0,0.0,0.0,0.0,1.0,0.0,1.0,1.0,1.0,1.0,1.0,0.0,0.0,NaN,6.0,6.0,6.0,NaN,NaN,NaN
89.0,NaN,7.0,0.0,100.0,NaN,0.0,0.0,35.5,NaN,0.0,3.0,139.0,NaN,36.0,0.0,96.0,NaN,33.0,0.0,83.0,NaN,33.0,0.0,18.0,NaN,1.0,0.0,NaN,NaN,NaN,24.0,NaN,NaN,NaN,24.0,27.0,NaN,0.0,1.0,NaN,NaN,NaN,24.0,NaN,NaN,NaN,24.0,NaN,NaN,NaN,24.0,NaN,NaN,NaN,24.0,19.0,NaN,0.0,1.0,31.0,NaN,0.0,1.0,83.0,NaN,0.0,1.0,8.7,NaN,0.0,1.0,102.0,NaN,0.0,1.0,1.8,NaN,0.0,1.0,NaN,NaN,NaN,24.0,144.0,NaN,0.0,1.0,NaN,NaN,NaN,24.0,1.7,NaN,0.0,1.0,4.3,NaN,0.0,1.0,3.8,NaN,0.0,1.0,0.3,NaN,0.0,1.0,0.06,NaN,0.0,1.0,25.2,NaN,0.0,1.0,8.3,NaN,0.0,1.0,75.2,NaN,0.0,1.0,11.0,NaN,0.0,1.0,NaN,NaN,NaN,24.0,448.0,NaN,0.0,1.0,66.0,0.0,1.0,0.0,-3.816666666666667,4.0,1.0,0.0,0.0,0.0,0.0,0.0,0.0,0.0,0.0,0.0,1.0,1.0,1.0,1.0,0.0,0.0,NaN,6.0,6.0,6.0,NaN,NaN,NaN
84.0,NaN,-5.0,0.0,91.5,NaN,-8.5,0.0,35.67,NaN,0.042500000000000426,0.0,112.0,NaN,-27.0,0.0,72.0,NaN,-24.0,0.0,59.0,NaN,-24.0,0.0,14.0,NaN,-4.0,0.0,NaN,NaN,NaN,24.0,NaN,NaN,NaN,24.0,27.0,NaN,0.0,2.0,0.4,NaN,0.0,0.0,NaN,NaN,NaN,24.0,NaN,NaN,NaN,24.0,NaN,NaN,NaN,24.0,19.0,NaN,0.0,2.0,31.0,NaN,0.0,2.0,83.0,NaN,0.0,2.0,8.7,NaN,0.0,2.0,102.0,NaN,0.0,2.0,1.8,NaN,0.0,2.0,NaN,NaN,NaN,24.0,144.0,NaN,0.0,2.0,NaN,NaN,NaN,24.0,1.7,NaN,0.0,2.0,4.3,NaN,0.0,2.0,3.8,NaN,0.0,2.0,0.3,NaN,0.0,2.0,0.06,NaN,0.0,2.0,25.2,NaN,0.0,2.0,8.3,NaN,0.0,2.0,75.2,NaN,0.0,2.0,11.0,NaN,0.0,2.0,NaN,NaN,NaN,24.0,448.0,NaN,0.0,2.0,66.0,0.0,1.0,0.0,-3.816666666666667,5.0,1.0,0.0,0.0,0.0,1.0,0.0,0.0,0.0,0.0,0.0,0.0,1.0,1.0,1.0,0.0,0.0,NaN,6.0,6.0,6.0,NaN,NaN,NaN
95.0,NaN,11.0,0.0,100.0,NaN,8.5,0.0,35.67,NaN,0.03400000000000034,1.0,153.0,NaN,41.0,0.0,90.0,NaN,18.0,0.0,73.0,NaN,14.0,0.0,26.0,NaN,12.0,0.0,NaN,NaN,NaN,24.0,0.0,NaN,0.0,0.0,27.0,NaN,0.0,3.0,0.4,NaN,0.0,1.0,7.41,NaN,0.0,0.0,39.0,NaN,0.0,0.0,96.0,NaN,0.0,0.0,19.0,NaN,0.0,3.0,31.0,NaN,0.0,3.0,83.0,NaN,0.0,3.0,8.7,NaN,0.0,3.0,102.0,NaN,0.0,3.0,1.8,NaN,0.0,3.0,NaN,NaN,NaN,24.0,144.0,NaN,0.0,3.0,1.1,NaN,0.0,0.0,1.7,NaN,0.0,3.0,4.3,NaN,0.0,3.0,3.8,NaN,0.0,3.0,0.3,NaN,0.0,3.0,0.06,NaN,0.0,3.0,25.2,NaN,0.0,3.0,8.3,NaN,0.0,3.0,75.2,NaN,0.0,3.0,11.0,NaN,0.0,3.0,NaN,NaN,NaN,24.0,448.0,NaN,0.0,3.0,66.0,0.0,1.0,0.0,-3.816666666666667,6.0,1.0,1.0,1.0,0.0,0.0,0.0,0.0,0.0,0.0,0.0,0.0,1.0,1.0,1.0,0.0,0.0,NaN,6.0,6.0,6.0,NaN,NaN,NaN
90.5,NaN,-4.5,0.0,99.0,NaN,-1.0,0.0,35.67,NaN,0.028333333333333616,2.0,137.5,NaN,-15.5,0.0,87.0,NaN,-3.0,0.0,74.5,NaN,1.5,0.0,23.0,NaN,-3.0,0.0,NaN,NaN,NaN,24.0,0.0,NaN,0.0,1.0,27.0,NaN,0.0,4.0,0.35,NaN,-0.025000000000000022,0.0,7.41,NaN,0.0,1.0,39.0,NaN,0.0,1.0,96.0,NaN,0.0,1.0,19.0,NaN,0.0,4.0,31.0,NaN,0.0,4.0,83.0,NaN,0.0,4.0,8.7,NaN,0.0,4.0,102.0,NaN,0.0,4.0,1.8,NaN,0.0,4.0,NaN,NaN,NaN,24.0,144.0,NaN,0.0,4.0,1.1,NaN,0.0,1.0,1.7,NaN,0.0,4.0,4.3,NaN,0.0,4.0,3.8,NaN,0.0,4.0,0.3,NaN,0.0,4.0,0.06,NaN,0.0,4.0,25.2,NaN,0.0,4.0,8.3,NaN,0.0,4.0,75.2,NaN,0.0,4.0,11.0,NaN,0.0,4.0,NaN,NaN,NaN,24.0,448.0,NaN,0.0,4.0,66.0,0.0,1.0,0.0,-3.816666666666667,7.0,1.0,1.0,1.0,0.0,1.0,0.0,0.0,0.0,0.0,0.0,0.0,1.0,1.0,1.0,0.0,0.0,NaN,6.0,6.0,6.0,NaN,NaN,NaN
90.0,NaN,-0.5,0.0,98.0,NaN,-1.0,0.0,35.67,NaN,0.02428571428571453,3.0,147.0,NaN,9.5,0.0,96.0,NaN,9.0,0.0,85.0,NaN,10.5,0.0,22.0,NaN,-1.0,0.0,NaN,NaN,NaN,24.0,0.0,NaN,0.0,2.0,27.0,NaN,0.0,5.0,0.35,NaN,-0.01666666666666668,1.0,7.41,NaN,0.0,2.0,39.0,NaN,0.0,2.0,96.0,NaN,0.0,2.0,19.0,NaN,0.0,5.0,31.0,NaN,0.0,5.0,83.0,NaN,0.0,5.0,8.7,NaN,0.0,5.0,102.0,NaN,0.0,5.0,1.8,NaN,0.0,5.0,NaN,NaN,NaN,24.0,144.0,NaN,0.0,5.0,1.1,NaN,0.0,2.0,1.7,NaN,0.0,5.0,4.3,NaN,0.0,5.0,3.8,NaN,0.0,5.0,0.3,NaN,0.0,5.0,0.06,NaN,0.0,5.0,25.2,NaN,0.0,5.0,8.3,NaN,0.0,5.0,75.2,NaN,0.0,5.0,11.0,NaN,0.0,5.0,NaN,NaN,NaN,24.0,448.0,NaN,0.0,5.0,66.0,0.0,1.0,0.0,-3.816666666666667,8.0,1.0,1.0,0.0,0.0,0.0,0.0,0.0,0.0,0.0,0.0,1.0,1.0,1.0,1.0,0.0,0.0,NaN,6.0,6.0,6.0,NaN,NaN,NaN
86.0,NaN,-4.0,0.0,100.0,NaN,2.0,0.0,35.5,NaN,-0.042500000000000426,0.0,138.0,NaN,-9.0,0.0,87.0,NaN,-9.0,0.0,71.0,NaN,-14.0,0.0,10.0,NaN,-12.0,0.0,NaN,NaN,NaN,24.0,0.0,NaN,0.0,3.0,27.0,NaN,0.0,6.0,0.35,NaN,-0.012500000000000011,2.0,7.41,NaN,0.0,3.0,39.0,NaN,0.0,3.0,96.0,NaN,0.0,3.0,19.0,NaN,0.0,6.0,31.0,NaN,0.0,6.0,83.0,NaN,0.0,6.0,8.7,NaN,0.0,6.0,102.0,NaN,0.0,6.0,1.8,NaN,0.0,6.0,NaN,NaN,NaN,24.0,144.0,NaN,0.0,6.0,1.1,NaN,0.0,3.0,1.7,NaN,0.0,6.0,4.3,NaN,0.0,6.0,3.8,NaN,0.0,6.0,0.3,NaN,0.0,6.0,0.06,NaN,0.0,6.0,25.2,NaN,0.0,6.0,8.3,NaN,0.0,6.0,70.2,NaN,-0.8333333333333334,0.0,11.0,NaN,0.0,6.0,NaN,NaN,NaN,24.0,448.0,NaN,0.0,6.0,66.0,0.0,1.0,0.0,-3.816666666666667,9.0,1.0,0.0,0.0,0.0,0.0,0.0,0.0,0.0,0.0,0.0,1.0,1.0,1.0,1.0,0.0,0.0,NaN,6.0,6.0,6.0,NaN,NaN,NaN
94.0,NaN,8.0,0.0,95.0,NaN,-5.0,0.0,35.5,NaN,-0.03400000000000034,1.0,138.0,NaN,0.0,0.0,87.0,NaN,0.0,0.0,71.0,NaN,0.0,0.0,24.0,NaN,14.0,0.0,NaN,NaN,NaN,24.0,0.0,NaN,0.0,4.0,27.0,NaN,0.0,7.0,0.35,NaN,-0.010000000000000009,3.0,7.41,NaN,0.0,4.0,39.0,NaN,0.0,4.0,96.0,NaN,0.0,4.0,19.0,NaN,0.0,7.0,31.0,NaN,0.0,7.0,83.0,NaN,0.0,7.0,8.7,NaN,0.0,7.0,102.0,NaN,0.0,7.0,1.8,NaN,0.0,7.0,NaN,NaN,NaN,24.0,144.0,NaN,0.0,7.0,1.1,NaN,0.0,4.0,1.7,NaN,0.0,7.0,4.3,NaN,0.0,7.0,3.8,NaN,0.0,7.0,0.3,NaN,0.0,7.0,0.06,NaN,0.0,7.0,25.2,NaN,0.0,7.0,8.3,NaN,0.0,7.0,70.2,NaN,-0.7142857142857143,1.0,11.0,NaN,0.0,7.0,NaN,NaN,NaN,24.0,448.0,NaN,0.0,7.0,66.0,0.0,1.0,0.0,-3.816666666666667,10.0,1.0,1.0,1.0,0.0,0.0,0.0,0.0,0.0,0.0,0.0,1.0,1.0,1.0,1.0,0.0,0.0,NaN,6.0,6.0,6.0,NaN,NaN,NaN
