NaN,NaN,NaN,24.0,NaN,NaN,NaN,24.0,NaN,NaN,NaN,24.0,NaN,NaN,NaN,24.0,NaN,NaN,NaN,24.0,NaN,NaN,NaN,24.0,NaN,NaN,NaN,24.0,NaN,NaN,NaN,24.0,0.0,NaN,NaN,24.0,NaN,NaN,NaN,24.0,NaN,NaN,NaN,24.0,NaN,NaN,NaN,24.0,34.0,NaN,NaN,24.0,NaN,NaN,NaN,24.0,NaN,NaN,NaN,24.0,NaN,NaN,NaN,24.0,NaN,NaN,NaN,24.0,NaN,NaN,NaN,24.0,NaN,NaN,NaN,24.0,NaN,NaN,NaN,24.0,NaN,NaN,NaN,24.0,NaN,NaN,NaN,24.0,NaN,NaN,NaN,24.0,NaN,NaN,NaN,24.0,NaN,NaN,NaN,24.0,NaN,NaN,NaN,24.0,NaN,NaN,NaN,24.0,NaN,NaN,NaN,24.0,NaN,NaN,NaN,24.0,NaN,NaN,NaN,24.0,NaN,NaN,NaN,24.0,NaN,NaN,NaN,24.0,NaN,NaN,NaN,24.0,NaN,NaN,NaN,24.0,88.0,0.0,0.0,1.0,-5.466666666666667,1.0,0.0,0.0,0.0,0.0,0.0,0.0,0.0,0.0,0.0,0.0,1.0,0.0,1.0,1.0,0.0,0.0,2.0,11.0,11.0,2.0,NaN,NaN,NaN
90.0,NaN,0.0,0.0,99.0,NaN,0.0,0.0,36.5,NaN,0.0,0.0,172.0,NaN,0.0,0.0,106.0,NaN,0.0,0.0,84.0,NaN,0.0,0.0,17.0,NaN,0.0,0.0,NaN,NaN,NaN,24.0,0.0,NaN,0.0,1.0,NaN,NaN,NaN,24.0,1.0,NaN,0.0,0.0,NaN,NaN,NaN,24.0,34.0,NaN,0.0,1.0,NaN,NaN,NaN,24.0,NaN,NaN,NaN,24.0,NaN,NaN,NaN,24.0,NaN,NaN,NaN,24.0,NaN,NaN,NaN,24.0,NaN,NaN,NaN,24.0,NaN,NaN,NaN,24.0,NaN,NaN,NaN,24.0,NaN,NaN,NaN,24.0,NaN,NaN,NaN,24.0,NaN,NaN,NaN,24.0,NaN,NaN,NaN,24.0,NaN,NaN,NaN,24.0,NaN,NaN,NaN,24.0,NaN,NaN,NaN,24.0,NaN,NaN,NaN,24.0,NaN,NaN,NaN,24.0,NaN,NaN,NaN,24.0,NaN,NaN,NaN,24.0,NaN,NaN,NaN,24.0,NaN,NaN,NaN,24.0,88.0,0.0,0.0,1.0,-5.466666666666667,2.0,0.0,0.0,0.0,0.0,3.0,0.0,0.0,0.0,0.0,0.0,0.0,0.0,1.0,1.0,0.0,0.0,2.0,11.0,11.0,2.0,NaN,NaN,NaN
91.0,NaN,1.0,0.0,99.0,NaN,0.0,0.0,36.5,NaN,0.0,1.0,162.0,NaN,-10.0,0.0,93.0,NaN,-13.0,0.0,68.0,NaN,-16.0,0.0,16.0,NaN,-1.0,0.0,NaN,NaN,NaN,24.0,0.0,NaN,0.0,2.0,22.0,NaN,0.0,0.0,0.5,NaN,-0.5,0.0,NaN,NaN,NaN,24.0,34.0,NaN,0.0,2.0,NaN,NaN,NaN,24.0,20.0,NaN,0.0,0.0,29.0,NaN,0.0,0.0,106.0,NaN,0.0,0.0,9.0,NaN,0.0,0.0,115.0,NaN,0.0,0.0,1.1,NaN,0.0,0.0,NaN,NaN,NaN,24.0,158.0,NaN,0.0,0.0,NaN,NaN,NaN,24.0,2.4,NaN,0.0,0.0,3.1,NaN,0.0,0.0,3.3,NaN,0.0,0.0,0.6,NaN,0.0,0.0,0.01,NaN,0.0,0.0,42.2,NaN,0.0,0.0,14.1,NaN,0.0,0.0,NaN,NaN,NaN,24.0,12.4,NaN,0.0,0.0,NaN,NaN,NaN,24.0,327.0,NaN,0.0,0.0,88.0,0.0,0.0,1.0,-5.466666666666667,3.0,0.0,0.0,1.0,1.0,2.0,0.0,0.0,0.0,0.0,0.0,0.0,0.0,1.0,1.0,0.0,0.0,2.0,11.0,11.0,2.0,NaN,NaN,NaN
95.0,NaN,4.0,0.0,98.0,NaN,-1.0,0.0,36.5,NaN,0.0,2.0,162.0,NaN,-5.0,1.0,93.0,NaN,-6.5,1.0,68.0,NaN,-8.0,1.0,19.0,NaN,3.0,0.0,NaN,NaN,NaN,24.0,0.0,NaN,0.0,3.0,22.0,NaN,0.0,1.0,0.5,NaN,-0.25,1.0,NaN,NaN,NaN,24.0,34.0,NaN,0.0,3.0,NaN,NaN,NaN,24.0,20.0,NaN,0.0,1.0,29.0,NaN,0.0,1.0,106.0,NaN,0.0,1.0,9.0,NaN,0.0,1.0,115.0,NaN,0.0,1.0,1.1,NaN,0.0,1.0,NaN,NaN,NaN,24.0,158.0,NaN,0.0,1.0,NaN,NaN,NaN,24.0,2.4,NaN,0.0,1.0,3.1,NaN,0.0,1.0,3.3,NaN,0.0,1.0,0.6,NaN,0.0,1.0,0.01,NaN,0.0,1.0,42.2,NaN,0.0,1.0,14.1,NaN,0.0,1.0,NaN,NaN,NaN,24.0,12.4,NaN,0.0,1.0,NaN,NaN,NaN,24.0,327.0,NaN,0.0,1.0,88.0,0.0,0.0,1.0,-5.466666666666667,4.0,0.0,0.0,1.0,1.0,0.0,0.0,0.0,0.0,0.0,0.0,1.0,0.0,1.0,1.0,0.0,0.0,2.0,11.0,11.0,2.0,NaN,NaN,NaN
98.0,NaN,3.0,0.0,97.0,NaN,-1.0,0.0,36.5,NaN,0.0,3.0,166.0,NaN,2.0,0.0,114.0,NaN,10.5,0.0,96.0,NaN,14.0,0.0,25.0,NaN,6.0,0.0,NaN,NaN,NaN,24.0,0.0,NaN,0.0,4.0,22.0,NaN,0.0,2.0,0.5,NaN,-0.16666666666666666,2.0,NaN,NaN,NaN,24.0,34.0,NaN,0.0,4.0,NaN,NaN,NaN,24.0,20.0,NaN,0.0,2.0,29.0,NaN,0.0,2.0,106.0,NaN,0.0,2.0,9.0,NaN,0.0,2.0,115.0,NaN,0.0,2.0,1.1,NaN,0.0,2.0,NaN,NaN,NaN,24.0,158.0,NaN,0.0,2.0,NaN,NaN,NaN,24.0,2.4,NaN,0.0,2.0,3.1,NaN,0.0,2.0,3.3,NaN,0.0,2.0,0.6,NaN,0.0,2.0,0.01,NaN,0.0,2.0,42.2,NaN,0.0,2.0,14.1,NaN,0.0,2.0,NaN,NaN,NaN,24.0,12.4,NaN,0.0,2.0,NaN,NaN,NaN,24.0,327.0,NaN,0.0,2.0,88.0,0.0,0.0,1.0,-5.466666666666667,5.0,0.0,1.0,1.0,1.0,0.0,0.0,0.0,0.0,0.0,0.0,1.0,0.0,1.0,1.0,0.0,0.0,2.0,11.0,11.0,2.0,NaN,NaN,NaN
93.0,NaN,-5.0,0.0,99.0,NaN,2.0,0.0,36.5,NaN,0.0,4.0,156.0,NaN,-10.0,0.0,93.0,NaN,-21.0,0.0,72.0,NaN,-24.0,0.0,16.0,NaN,-9.0,0.0,NaN,NaN,NaN,24.0,0.0,NaN,0.0,5.0,22.0,NaN,0.0,3.0,0.5,NaN,0.0,0.0,NaN,NaN,NaN,24.0,34.0,NaN,0.0,5.0,NaN,NaN,NaN,24.0,20.0,NaN,0.0,3.0,29.0,NaN,0.0,3.0,106.0,NaN,0.0,3.0,9.0,NaN,0.0,3.0,115.0,NaN,0.0,3.0,1.1,NaN,0.0,3.0,NaN,NaN,NaN,24.0,158.0,NaN,0.0,3.0,NaN,NaN,NaN,24.0,2.4,NaN,0.0,3.0,3.1,NaN,0.0,3.0,3.3,NaN,0.0,3.0,0.6,NaN,0.0,3.0,0.01,NaN,0.0,3.0,42.2,NaN,0.0,3.0,14.1,NaN,0.0,3.0,NaN,NaN,NaN,24.0,12.4,NaN,0.0,3.0,NaN,NaN,NaN,24.0,327.0,NaN,0.0,3.0,88.0,0.0,0.0,1.0,-5.466666666666667,6.0,0.0,0.0,1.0,1.0,2.0,0.0,0.0,0.0,0.0,0.0,0.0,0.0,1.0,1.0,0.0,0.0,2.0,11.0,11.0,2.0,NaN,NaN,NaN
88.0,NaN,-5.0,0.0,99.0,NaN,0.0,0.0,36.89,NaN,0.07800000000000011,0.0,151.0,NaN,-5.0,0.0,84.0,NaN,-9.0,0.0,69.0,NaN,-3.0,0.0,16.0,NaN,0.0,0.0,NaN,NaN,NaN,24.0,0.0,NaN,0.0,6.0,22.0,NaN,0.0,4.0,0.5,NaN,0.0,1.0,NaN,NaN,NaN,24.0,34.0,NaN,0.0,6.0,NaN,NaN,NaN,24.0,20.0,NaN,0.0,4.0,29.0,NaN,0.0,4.0,106.0,NaN,0.0,4.0,9.0,NaN,0.0,4.0,115.0,NaN,0.0,4.0,1.1,NaN,0.0,4.0,NaN,NaN,NaN,24.0,158.0,NaN,0.0,4.0,NaN,NaN,NaN,24.0,2.4,NaN,0.0,4.0,3.1,NaN,0.0,4.0,3.3,NaN,0.0,4.0,0.6,NaN,0.0,4.0,0.01,NaN,0.0,4.0,42.2,NaN,0.0,4.0,14.1,NaN,0.0,4.0,NaN,NaN,NaN,24.0,12.4,NaN,0.0,4.0,NaN,NaN,NaN,24.0,327.0,NaN,0.0,4.0,88.0,0.0,0.0,1.0,-5.466666666666667,7.0,0.0,0.0,0.0,1.0,0.0,0.0,0.0,0.0,0.0,0.0,1.0,0.0,1.0,1.0,0.0,0.0,2.0,11.0,11.0,2.0,NaN,NaN,NaN
93.0,NaN,5.0,0.0,100.0,NaN,1.0,0.0,36.89,NaN,0.0650000000000001,1.0,150.0,NaN,-1.0,0.0,106.0,NaN,22.0,0.0,92.0,NaN,23.0,0.0,17.0,NaN,1.0,0.0,NaN,NaN,NaN,24.0,0.0,NaN,0.0,7.0,22.0,NaN,0.0,5.0,0.5,NaN,0.0,2.0,NaN,NaN,NaN,24.0,34.0,NaN,0.0,7.0,NaN,NaN,NaN,24.0,20.0,NaN,0.0,5.0,29.0,NaN,0.0,5.0,106.0,NaN,0.0,5.0,9.0,NaN,0.0,5.0,115.0,NaN,0.0,5.0,1.1,NaN,0.0,5.0,NaN,NaN,NaN,24.0,158.0,NaN,0.0,5.0,NaN,NaN,NaN,24.0,2.4,NaN,0.0,5.0,3.1,NaN,0.0,5.0,3.3,NaN,0.0,5.0,0.6,NaN,0.0,5.0,0.01,NaN,0.0,5.0,42.2,NaN,0.0,5.0,14.1,NaN,0.0,5.0,NaN,NaN,NaN,24.0,12.4,NaN,0.0,5.0,NaN,NaN,NaN,24.0,327.0,NaN,0.0,5.0,88.0,0.0,0.0,1.0,-5.466666666666667,8.0,0.0,0.0,1.0,1.0,0.0,0.0,0.0,0.0,0.0,0.0,1.0,1.0,1.0,1.0,0.0,0.0,2.0,11.0,11.0,2.0,NaN,NaN,NaN
98.0,NaN,5.0,0.0,100.0,NaN,0.0,0.0,36.89,NaN,0.05571428571428579,2.0,156.0,NaN,6.0,0.0,111.0,NaN,5.0,0.0,98.0,NaN,6.0,0.0,16.0,NaN,-1.0,0.0,NaN,NaN,NaN,24.0,0.0,NaN,0.0,8.0,21.0,NaN,-0.16666666666666666,0.0,0.5,NaN,0.0,3.0,NaN,NaN,NaN,24.0,34.0,NaN,0.0,8.0,NaN,NaN,NaN,24.0,20.0,NaN,0.0,6.0,25.0,NaN,-0.6666666666666666,0.0,106.0,NaN,0.0,6.0,9.0,NaN,0.0,6.0,113.0,NaN,-0.3333333333333333,0.0,1.1,NaN,0.0,0.0,NaN,NaN,NaN,24.0,148.0,NaN,-1.6666666666666667,0.0,NaN,NaN,NaN,24.0,2.4,NaN,0.0,6.0,3.1,NaN,0.0,6.0,3.6,NaN,0.050000000000000044,0.0,0.6,NaN,0.0,6.0,0.01,NaN,0.0,0.0,42.2,NaN,0.0,6.0,14.1,NaN,0.0,6.0,NaN,NaN,NaN,24.0,12.4,NaN,0.0,6.0,NaN,NaN,NaN,24.0,327.0,NaN,0.0,6.0,88.0,0.0,0.0,1.0,-5.466666666666667,9.0,0.0,0.0,1.0,1.0,0.0,0.0,0.0,0.0,0.0,0.0,1.0,1.0,1.0,1.0,0.0,0.0,2.0,11.0,11.0,2.0,NaN,NaN,NaN
93.0,NaN,-5.0,0.0,100.0,NaN,0.0,0.0,36.89,NaN,0.04875000000000007,3.0,144.0,NaN,-12.0,0.0,99.0,NaN,-12.0,0.0,84.0,NaN,-14.0,0.0,17.0,NaN,1.0,0.0,NaN,NaN,NaN,24.0,0.0,NaN,0.0,9.0,21.0,NaN,-0.14285714285714285,1.0,0.5,NaN,0.0,4.0,NaN,NaN,NaN,24.0,34.0,NaN,0.0,9.0,NaN,NaN,NaN,24.0,20.0,NaN,0.0,7.0,25.0,NaN,-0.5714285714285714,1.0,106.0,NaN,0.0,7.0,9.0,NaN,0.0,7.0,113.0,NaN,-0.2857142857142857,1.0,1.1,NaN,0.0,1.0,NaN,NaN,NaN,24.0,148.0,NaN,-1.4285714285714286,1.0,NaN,NaN,NaN,24.0,2.4,NaN,0.0,7.0,3.1,NaN,0.0,7.0,3.6,NaN,0.04285714285714289,1.0,0.6,NaN,0.0,7.0,0.01,NaN,0.0,1.0,42.2,NaN,0.0,7.0,14.1,NaN,0.0,7.0,NaN,NaN,NaN,24.0,12.4,NaN,0.0,7.0,NaN,NaN,NaN,24.0,327.0,NaN,0.0,7.0,88.0,0.0,0.0,1.0,-5.466666666666667,10.0,0.0,0.0,1.0,1.0,0.0,0.0,0.0,0.0,0.0,0.0,1.0,1.0,1.0,1.0,0.0,0.0,2.0,11.0,11.0,2.0,NaN,NaN,NaN
99.0,NaN,6.0,0.0,99.0,NaN,-1.0,0.0,36.89,NaN,0.0,0.0,145.0,NaN,1.0,0.0,94.0,NaN,-5.0,0.0,82.0,NaN,-2.0,0.0,19.0,NaN,2.0,0.0,NaN,NaN,NaN,24.0,0.0,NaN,0.0,10.0,21.0,NaN,-0.125,2.0,0.5,NaN,0.0,0.0,NaN,NaN,NaN,24.0,34.0,NaN,0.0,10.0,NaN,NaN,NaN,24.0,20.0,NaN,0.0,8.0,25.0,NaN,-0.5,2.0,106.0,NaN,0.0,8.0,9.0,NaN,0.0,8.0,113.0,NaN,-0.25,2.0,1.1,NaN,0.0,2.0,NaN,NaN,NaN,24.0,148.0,NaN,-1.25,2.0,NaN,NaN,NaN,24.0,2.4,NaN,0.0,8.0,3.1,NaN,0.0,8.0,3.6,NaN,0.03750000000000003,2.0,0.6,NaN,0.0,8.0,0.01,NaN,0.0,2.0,42.2,NaN,0.0,8.0,14.1,NaN,0.0,8.0,NaN,NaN,NaN,24.0,12.4,NaN,0.0,8.0,NaN,NaN,NaN,24.0,327.0,NaN,0.0,8.0,88.0,0.0,0.0,1.0,-5.466666666666667,11.0,0.0,0.0,1.0,1.0,2.0,0.0,0.0,0.0,0.0,0.0,0.0,1.0,1.0,1.0,0.0,0.0,2.0,11.0,11.0,2.0,NaN,NaN,NaN
100.0,NaN,1.0,0.0,100.0,NaN,1.0,0.0,36.89,NaN,0.0,1.0,145.0,NaN,0.0,0.0,103.0,NaN,9.0,0.0,88.0,NaN,6.0,0.0,13.0,NaN,-6.0,0.0,NaN,NaN,NaN,24.0,0.0,NaN,0.0,11.0,21.0,NaN,-0.1111111111111111,3.0,0.5,NaN,0.0,1.0,NaN,NaN,NaN,24.0,34.0,NaN,0.0,11.0,NaN,NaN,NaN,24.0,20.0,NaN,0.0,9.0,25.0,NaN,-0.4444444444444444,3.0,106.0,NaN,0.0,9.0,9.0,NaN,0.0,9.0,113.0,NaN,-0.2222222222222222,3.0,1.1,NaN,0.0,3.0,NaN,NaN,NaN,24.0,148.0,NaN,-1.1111111111111112,3.0,NaN,NaN,NaN,24.0,2.4,NaN,0.0,9.0,3.1,NaN,0.0,9.0,3.6,NaN,0.03333333333333336,3.0,0.6,NaN,0.0,9.0,0.01,NaN,0.0,3.0,42.2,NaN,0.0,9.0,14.1,NaN,0.0,9.0,NaN,NaN,NaN,24.0,12.4,NaN,0.0,9.0,NaN,NaN,NaN,24.0,327.0,NaN,0.0,9.0,88.0,0.0,0.0,1.0,-5.466666666666667,12.0,0.0,0.0,1.0,1.0,0.0,0.0,0.0,0.0,0.0,0.0,1.0,1.0,1.0,1.0,0.0,0.0,2.0,11.0,11.0,2.0,NaN,NaN,NaN
99.0,NaN,-1.0,0.0,99.0,NaN,-1.0,0.0,36.89,NaN,0.0,2.0,154.0,NaN,9.0,0.0,117.0,NaN,14.0,0.0,105.0,NaN,17.0,0.0,25.0,NaN,12.0,0.0,NaN,NaN,NaN,24.0,0.0,NaN,0.0,12.0,21.0,NaN,-0.1,4.0,0.5,NaN,0.0,2.0,NaN,NaN,NaN,24.0,34.0,NaN,0.0,12.0,NaN,NaN,NaN,24.0,20.0,NaN,0.0,10.0,25.0,NaN,-0.4,4.0,106.0,NaN,0.0,10.0,9.0,NaN,0.0,10.0,113.0,NaN,-0.2,4.0,1.1,NaN,0.0,4.0,NaN,NaN,NaN,24.0,148.0,NaN,-1.0,4.0,NaN,NaN,NaN,24.0,2.4,NaN,0.0,10.0,3.1,NaN,0.0,10.0,3.6,NaN,0.030000000000000027,4.0,0.6,NaN,0.0,10.0,0.01,NaN,0.0,4.0,42.2,NaN,0.0,10.0,14.1,NaN,0.0,10.0,NaN,NaN,NaN,24.0,12.4,NaN,0.0,10.0,NaN,NaN,NaN,24.0,327.0,NaN,0.0,10.0,88.0,0.0,0.0,1.0,-5.466666666666667,13.0,0.0,1.0,1.0,1.0,0.0,0.0,0.0,0.0,0.0,0.0,1.0,1.0,1.0,1.0,0.0,0.0,2.0,11.0,11.0,2.0,NaN,NaN,NaN
92.0,NaN,-7.0,0.0,99.0,NaN,0.0,0.0,36.89,NaN,0.0,3.0,147.0,NaN,-7.0,0.0,95.0,NaN,-22.0,0.0,77.0,NaN,-28.0,0.0,17.5,NaN,-7.5,0.0,NaN,NaN,NaN,24.0,0.0,NaN,0.0,13.0,21.0,NaN,-0.09090909090909091,5.0,0.5,NaN,0.0,0.0,NaN,NaN,NaN,24.0,34.0,NaN,0.0,13.0,NaN,NaN,NaN,24.0,20.0,NaN,0.0,11.0,25.0,NaN,-0.36363636363636365,5.0,106.0,NaN,0.0,11.0,9.0,NaN,0.0,11.0,113.0,NaN,-0.18181818181818182,5.0,1.1,NaN,0.0,5.0,NaN,NaN,NaN,24.0,148.0,NaN,-0.9090909090909091,5.0,NaN,NaN,NaN,24.0,2.4,NaN,0.0,11.0,3.1,NaN,0.0,11.0,3.6,NaN,0.027272727272727296,5.0,0.6,NaN,0.0,11.0,0.01,NaN,0.0,5.0,42.2,NaN,0.0,11.0,14.1,NaN,0.0,11.0,NaN,NaN,NaN,24.0,12.4,NaN,0.0,11.0,NaN,NaN,NaN,24.0,327.0,NaN,0.0,11.0,88.0,0.0,0.0,1.0,-5.466666666666667,14.0,0.0,0.0,1.0,1.0,2.0,0.0,0.0,0.0,0.0,0.0,0.0,1.0,1.0,1.0,0.0,0.0,2.0,11.0,11.0,2.0,NaN,NaN,NaN
100.0,NaN,8.0,0.0,99.0,NaN,0.0,0.0,37.28,NaN,0.09750000000000014,0.0,146.0,NaN,-1.0,0.0,88.0,NaN,-7.0,0.0,78.0,NaN,1.0,0.0,17.0,NaN,-0.5,0.0,NaN,NaN,NaN,24.0,0.0,NaN,0.0,14.0,21.0,NaN,-0.08333333333333333,6.0,0.5,NaN,0.0,1.0,NaN,NaN,NaN,24.0,34.0,NaN,0.0,14.0,NaN,NaN,NaN,24.0,20.0,NaN,0.0,12.0,25.0,NaN,-0.3333333333333333,6.0,106.0,NaN,0.0,12.0,9.0,NaN,0.0,12.0,113.0,NaN,-0.16666666666666666,6.0,1.1,NaN,0.0,6.0,NaN,NaN,NaN,24.0,148.0,NaN,-0.8333333333333334,6.0,NaN,NaN,NaN,24.0,2.4,NaN,0.0,12.0,3.1,NaN,0.0,12.0,3.6,NaN,0.025000000000000022,6.0,0.6,NaN,0.0,12.0,0.01,NaN,0.0,6.0,42.2,NaN,0.0,12.0,14.1,NaN,0.0,12.0,NaN,NaN,NaN,24.0,12.4,NaN,0.0,12.0,NaN,NaN,NaN,24.0,327.0,NaN,0.0,12.0,88.0,0.0,0.0,1.0,-5.466666666666667,15.0,0.0,0.0,1.0,1.0,0.0,0.0,0.0,0.0,0.0,0.0,1.0,1.0,1.0,1.0,0.0,0.0,2.0,11.0,11.0,2.0,NaN,NaN,NaN
