108.0,NaN,NaN,24.0,93.0,NaN,NaN,24.0,36.56,NaN,NaN,24.0,180.0,NaN,NaN,24.0,125.0,NaN,NaN,24.0,110.0,NaN,NaN,24.0,18.0,NaN,NaN,24.0,NaN,NaN,NaN,24.0,NaN,NaN,NaN,24.0,NaN,NaN,NaN,24.0,NaN,NaN,NaN,24.0,NaN,NaN,NaN,24.0,NaN,NaN,NaN,24.0,NaN,NaN,NaN,24.0,NaN,NaN,NaN,24.0,NaN,NaN,NaN,24.0,NaN,NaN,NaN,24.0,NaN,NaN,NaN,24.0,NaN,NaN,NaN,24.0,NaN,NaN,NaN,24.0,NaN,NaN,NaN,24.0,NaN,NaN,NaN,24.0,NaN,NaN,NaN,24.0,NaN,NaN,NaN,24.0,NaN,NaN,NaN,24.0,NaN,NaN,NaN,24.0,NaN,NaN,NaN,24.0,NaN,NaN,NaN,24.0,NaN,NaN,NaN,24.0,NaN,NaN,NaN,24.0,NaN,NaN,NaN,24.0,NaN,NaN,NaN,24.0,NaN,NaN,NaN,24.0,NaN,NaN,NaN,24.0,84.0,0.0,1.0,0.0,-2.3375,1.0,0.0,0.0,1.0,0.0,0.0,0.0,0.0,0.0,0.0,0.0,1.0,0.0,0.0,NaN,0.0,0.0,NaN,NaN,NaN,NaN,NaN,NaN,NaN
113.0,NaN,5.0,0.0,93.0,NaN,0.0,0.0,36.56,NaN,0.0,1.0,146.0,NaN,-34.0,0.0,106.0,NaN,-19.0,0.0,94.0,NaN,-16.0,0.0,20.0,NaN,2.0,0.0,NaN,NaN,NaN,24.0,NaN,NaN,NaN,24.0,NaN,NaN,NaN,24.0,NaN,NaN,NaN,24.0,NaN,NaN,NaN,24.0,NaN,NaN,NaN,24.0,NaN,NaN,NaN,24.0,NaN,NaN,NaN,24.0,NaN,NaN,NaN,24.0,NaN,NaN,NaN,24.0,NaN,NaN,NaN,24.0,NaN,NaN,NaN,24.0,NaN,NaN,NaN,24.0,NaN,NaN,NaN,24.0,NaN,NaN,NaN,24.0,NaN,NaN,NaN,24.0,NaN,NaN,NaN,24.0,NaN,NaN,NaN,24.0,NaN,NaN,NaN,24.0,NaN,NaN,NaN,24.0,NaN,NaN,NaN,24.0,NaN,NaN,NaN,24.0,NaN,NaN,NaN,24.0,NaN,NaN,NaN,24.0,NaN,NaN,NaN,24.0,NaN,NaN,NaN,24.0,NaN,NaN,NaN,24.0,84.0,0.0,1.0,0.0,-2.3375,2.0,0.0,0.0,1.0,0.0,0.0,0.0,0.0,0.0,0.0,0.0,1.0,0.0,0.0,NaN,0.0,0.0,NaN,NaN,NaN,NaN,NaN,NaN,NaN
105.0,NaN,-8.0,0.0,96.0,NaN,3.0,0.0,36.56,NaN,0.0,2.0,150.0,NaN,4.0,0.0,100.0,NaN,-6.0,0.0,89.0,NaN,-5.0,0.0,22.0,NaN,2.0,0.0,NaN,NaN,NaN,24.0,NaN,NaN,NaN,24.0,NaN,NaN,NaN,24.0,NaN,NaN,NaN,24.0,NaN,NaN,NaN,24.0,NaN,NaN,NaN,24.0,NaN,NaN,NaN,24.0,NaN,NaN,NaN,24.0,NaN,NaN,NaN,24.0,NaN,NaN,NaN,24.0,NaN,NaN,NaN,24.0,NaN,NaN,NaN,24.0,NaN,NaN,NaN,24.0,NaN,NaN,NaN,24.0,NaN,NaN,NaN,24.0,NaN,NaN,NaN,24.0,NaN,NaN,NaN,24.0,NaN,NaN,NaN,24.0,NaN,NaN,NaN,24.0,NaN,NaN,NaN,24.0,NaN,NaN,NaN,24.0,NaN,NaN,NaN,24.0,NaN,NaN,NaN,24.0,NaN,NaN,NaN,24.0,NaN,NaN,NaN,24.0,NaN,NaN,NaN,24.0,NaN,NaN,NaN,24.0,84.0,0.0,1.0,0.0,-2.3375,3.0,0.0,1.0,1.0,0.0,0.0,0.0,0.0,0.0,0.0,0.0,1.0,0.0,0.0,NaN,0.0,0.0,NaN,NaN,NaN,NaN,NaN,NaN,NaN
90.0,NaN,-15.0,0.0,90.0,NaN,-6.0,0.0,36.56,NaN,0.0,3.0,100.0,NaN,-50.0,0.0,69.0,NaN,-31.0,0.0,60.0,NaN,-29.0,0.0,17.0,NaN,-5.0,0.0,NaN,NaN,NaN,24.0,NaN,NaN,NaN,24.0,NaN,NaN,NaN,24.0,NaN,NaN,NaN,24.0,NaN,NaN,NaN,24.0,NaN,NaN,NaN,24.0,NaN,NaN,NaN,24.0,NaN,NaN,NaN,24.0,NaN,NaN,NaN,24.0,NaN,NaN,NaN,24.0,NaN,NaN,NaN,24.0,NaN,NaN,NaN,24.0,NaN,NaN,NaN,24.0,NaN,NaN,NaN,24.0,NaN,NaN,NaN,24.0,NaN,NaN,NaN,24.0,NaN,NaN,NaN,24.0,NaN,NaN,NaN,24.0,NaN,NaN,NaN,24.0,NaN,NaN,NaN,24.0,NaN,NaN,NaN,24.0,NaN,NaN,NaN,24.0,NaN,NaN,NaN,24.0,NaN,NaN,NaN,24.0,NaN,NaN,NaN,24.0,NaN,NaN,NaN,24.0,NaN,NaN,NaN,24.0,84.0,0.0,1.0,0.0,-2.3375,4.0,0.0,0.0,0.0,0.0,0.0,0.0,0.0,0.0,0.0,0.0,1.0,0.0,0.0,NaN,0.0,0.0,NaN,NaN,NaN,NaN,NaN,NaN,NaN
85.0,NaN,-5.0,0.0,94.0,NaN,4.0,0.0,36.56,NaN,0.0,4.0,96.0,NaN,-4.0,0.0,62.0,NaN,-7.0,0.0,51.0,NaN,-9.0,0.0,16.0,NaN,-1.0,0.0,NaN,NaN,NaN,24.0,NaN,NaN,NaN,24.0,NaN,NaN,NaN,24.0,NaN,NaN,NaN,24.0,NaN,NaN,NaN,24.0,NaN,NaN,NaN,24.0,NaN,NaN,NaN,24.0,NaN,NaN,NaN,24.0,NaN,NaN,NaN,24.0,NaN,NaN,NaN,24.0,NaN,NaN,NaN,24.0,NaN,NaN,NaN,24.0,NaN,NaN,NaN,24.0,NaN,NaN,NaN,24.0,NaN,NaN,NaN,24.0,NaN,NaN,NaN,24.0,NaN,NaN,NaN,24.0,NaN,NaN,NaN,24.0,NaN,NaN,NaN,24.0,NaN,NaN,NaN,24.0,NaN,NaN,NaN,24.0,NaN,NaN,NaN,24.0,NaN,NaN,NaN,24.0,NaN,NaN,NaN,24.0,NaN,NaN,NaN,24.0,NaN,NaN,NaN,24.0,NaN,NaN,NaN,24.0,84.0,0.0,1.0,0.0,-2.3375,5.0,0.0,0.0,0.0,0.0,0.0,0.0,0.0,1.0,0.0,0.0,1.0,0.0,0.0,NaN,0.0,0.0,NaN,NaN,NaN,NaN,NaN,NaN,NaN
90.0,NaN,5.0,0.0,94.0,NaN,0.0,0.0,36.56,NaN,0.0,5.0,111.0,NaN,15.0,0.0,72.0,NaN,10.0,0.0,59.0,NaN,8.0,0.0,19.0,NaN,3.0,0.0,NaN,NaN,NaN,24.0,NaN,NaN,NaN,24.0,22.0,NaN,0.0,0.0,NaN,NaN,NaN,24.0,NaN,NaN,NaN,24.0,NaN,NaN,NaN,24.0,NaN,NaN,NaN,24.0,NaN,NaN,NaN,24.0,21.0,NaN,0.0,0.0,NaN,NaN,NaN,24.0,9.2,NaN,0.0,0.0,98.0,NaN,0.0,0.0,1.4,NaN,0.0,0.0,NaN,NaN,NaN,24.0,148.0,NaN,0.0,0.0,NaN,NaN,NaN,24.0,2.1,NaN,0.0,0.0,5.1,NaN,0.0,0.0,4.2,NaN,0.0,0.0,NaN,NaN,NaN,24.0,NaN,NaN,NaN,24.0,41.7,NaN,0.0,0.0,13.6,NaN,0.0,0.0,37.1,NaN,0.0,0.0,12.8,NaN,0.0,0.0,NaN,NaN,NaN,24.0,265.0,NaN,0.0,0.0,84.0,0.0,1.0,0.0,-2.3375,6.0,0.0,0.0,0.0,1.0,0.0,0.0,0.0,0.0,0.0,1.0,1.0,0.0,0.0,NaN,0.0,0.0,NaN,NaN,NaN,NaN,NaN,NaN,NaN
91.0,NaN,1.0,0.0,95.0,NaN,1.0,0.0,36.89,NaN,0.054999999999999716,0.0,130.0,NaN,19.0,0.0,80.0,NaN,8.0,0.0,64.0,NaN,5.0,0.0,25.0,NaN,6.0,0.0,NaN,NaN,NaN,24.0,NaN,NaN,NaN,24.0,22.0,NaN,0.0,1.0,NaN,NaN,NaN,24.0,NaN,NaN,NaN,24.0,NaN,NaN,NaN,24.0,NaN,NaN,NaN,24.0,NaN,NaN,NaN,24.0,21.0,NaN,0.0,1.0,NaN,NaN,NaN,24.0,9.2,NaN,0.0,1.0,98.0,NaN,0.0,1.0,1.4,NaN,0.0,1.0,NaN,NaN,NaN,24.0,148.0,NaN,0.0,1.0,NaN,NaN,NaN,24.0,2.1,NaN,0.0,1.0,5.1,NaN,0.0,1.0,4.2,NaN,0.0,1.0,NaN,NaN,NaN,24.0,NaN,NaN,NaN,24.0,41.7,NaN,0.0,1.0,13.6,NaN,0.0,1.0,37.1,NaN,0.0,1.0,12.8,NaN,0.0,1.0,NaN,NaN,NaN,24.0,265.0,NaN,0.0,1.0,84.0,0.0,1.0,0.0,-2.3375,7.0,0.0,1.0,1.0,1.0,0.0,0.0,0.0,0.0,0.0,0.0,1.0,0.0,0.0,NaN,0.0,0.0,NaN,NaN,NaN,NaN,NaN,NaN,NaN
83.0,NaN,-8.0,0.0,92.0,NaN,-3.0,0.0,36.89,NaN,0.047142857142856896,1.0,144.0,NaN,14.0,0.0,93.0,NaN,13.0,0.0,76.0,NaN,12.0,0.0,17.0,NaN,-8.0,0.0,NaN,NaN,NaN,24.0,NaN,NaN,NaN,24.0,22.0,NaN,0.0,2.0,NaN,NaN,NaN,24.0,NaN,NaN,NaN,24.0,NaN,NaN,NaN,24.0,NaN,NaN,NaN,24.0,NaN,NaN,NaN,24.0,21.0,NaN,0.0,2.0,NaN,NaN,NaN,24.0,9.2,NaN,0.0,2.0,98.0,NaN,0.0,2.0,1.4,NaN,0.0,2.0,NaN,NaN,NaN,24.0,148.0,NaN,0.0,2.0,NaN,NaN,NaN,24.0,2.1,NaN,0.0,2.0,5.1,NaN,0.0,2.0,4.2,NaN,0.0,2.0,NaN,NaN,NaN,24.0,NaN,NaN,NaN,24.0,41.7,NaN,0.0,2.0,13.6,NaN,0.0,2.0,37.1,NaN,0.0,2.0,12.8,NaN,0.0,2.0,NaN,NaN,NaN,24.0,265.0,NaN,0.0,2.0,84.0,0.0,1.0,0.0,-2.3375,8.0,0.0,0.0,0.0,1.0,0.0,0.0,0.0,0.0,0.0,0.0,1.0,0.0,0.0,NaN,0.0,0.0,NaN,NaN,NaN,NaN,NaN,NaN,NaN
83.0,NaN,0.0,0.0,96.0,NaN,4.0,0.0,36.83,NaN,-0.030000000000001137,0.0,148.0,NaN,4.0,0.0,104.0,NaN,11.0,0.0,90.0,NaN,14.0,0.0,18.0,NaN,1.0,0.0,NaN,NaN,NaN,24.0,NaN,NaN,NaN,24.0,22.0,NaN,0.0,3.0,NaN,NaN,NaN,24.0,NaN,NaN,NaN,24.0,NaN,NaN,NaN,24.0,NaN,NaN,NaN,24.0,NaN,NaN,NaN,24.0,21.0,NaN,0.0,3.0,NaN,NaN,NaN,24.0,9.2,NaN,0.0,3.0,98.0,NaN,0.0,3.0,1.4,NaN,0.0,3.0,NaN,NaN,NaN,24.0,148.0,NaN,0.0,3.0,NaN,NaN,NaN,24.0,2.1,NaN,0.0,3.0,5.1,NaN,0.0,3.0,4.2,NaN,0.0,3.0,NaN,NaN,NaN,24.0,NaN,NaN,NaN,24.0,41.7,NaN,0.0,3.0,13.6,NaN,0.0,3.0,37.1,NaN,0.0,3.0,12.8,NaN,0.0,3.0,NaN,NaN,NaN,24.0,265.0,NaN,0.0,3.0,84.0,0.0,1.0,0.0,-2.3375,9.0,0.0,0.0,0.0,1.0,0.0,0.0,0.0,0.0,0.0,0.0,1.0,0.0,0.0,NaN,0.0,0.0,NaN,NaN,NaN,NaN,NaN,NaN,NaN
80.0,NaN,-3.0,0.0,93.0,NaN,-3.0,0.0,36.83,NaN,-0.020000000000000757,1.0,122.0,NaN,-26.0,0.0,77.0,NaN,-27.0,0.0,63.0,NaN,-27.0,0.0,19.0,NaN,1.0,0.0,NaN,NaN,NaN,24.0,NaN,NaN,NaN,24.0,22.0,NaN,0.0,4.0,NaN,NaN,NaN,24.0,NaN,NaN,NaN,24.0,NaN,NaN,NaN,24.0,NaN,NaN,NaN,24.0,NaN,NaN,NaN,24.0,21.0,NaN,0.0,4.0,NaN,NaN,NaN,24.0,9.2,NaN,0.0,4.0,98.0,NaN,0.0,4.0,1.4,NaN,0.0,4.0,NaN,NaN,NaN,24.0,148.0,NaN,0.0,4.0,NaN,NaN,NaN,24.0,2.1,NaN,0.0,4.0,5.1,NaN,0.0,4.0,4.2,NaN,0.0,4.0,NaN,NaN,NaN,24.0,NaN,NaN,NaN,24.0,41.7,NaN,0.0,4.0,13.6,NaN,0.0,4.0,37.1,NaN,0.0,4.0,12.8,NaN,0.0,4.0,NaN,NaN,NaN,24.0,265.0,NaN,0.0,4.0,84.0,0.0,1.0,0.0,-2.3375,10.0,0.0,0.0,0.0,1.0,0.0,0.0,0.0,0.0,0.0,0.0,1.0,0.0,0.0,NaN,0.0,0.0,NaN,NaN,NaN,NaN,NaN,NaN,NaN
91.0,NaN,11.0,0.0,95.0,NaN,2.0,0.0,36.83,NaN,-0.015000000000000568,2.0,118.0,NaN,-4.0,0.0,73.0,NaN,-4.0,0.0,56.0,NaN,-7.0,0.0,15.0,NaN,-4.0,0.0,NaN,NaN,NaN,24.0,NaN,NaN,NaN,24.0,22.0,NaN,0.0,5.0,NaN,NaN,NaN,24.0,NaN,NaN,NaN,24.0,NaN,NaN,NaN,24.0,NaN,NaN,NaN,24.0,NaN,NaN,NaN,24.0,21.0,NaN,0.0,5.0,NaN,NaN,NaN,24.0,9.2,NaN,0.0,5.0,98.0,NaN,0.0,5.0,1.4,NaN,0.0,5.0,NaN,NaN,NaN,24.0,148.0,NaN,0.0,5.0,NaN,NaN,NaN,24.0,2.1,NaN,0.0,5.0,5.1,NaN,0.0,5.0,4.2,NaN,0.0,5.0,NaN,NaN,NaN,24.0,NaN,NaN,NaN,24.0,41.7,NaN,0.0,5.0,13.6,NaN,0.0,5.0,37.1,NaN,0.0,5.0,12.8,NaN,0.0,5.0,NaN,NaN,NaN,24.0,265.0,NaN,0.0,5.0,84.0,0.0,1.0,0.0,-2.3375,11.0,0.0,0.0,1.0,1.0,0.0,0.0,0.0,0.0,0.0,0.0,1.0,0.0,0.0,NaN,0.0,0.0,NaN,NaN,NaN,NaN,NaN,NaN,NaN
81.0,NaN,-10.0,0.0,95.0,NaN,0.0,0.0,36.83,NaN,-0.012000000000000455,3.0,106.0,NaN,-12.0,0.0,68.0,NaN,-5.0,0.0,57.0,NaN,1.0,0.0,20.0,NaN,5.0,0.0,NaN,NaN,NaN,24.0,NaN,NaN,NaN,24.0,22.0,NaN,0.0,6.0,NaN,NaN,NaN,24.0,NaN,NaN,NaN,24.0,NaN,NaN,NaN,24.0,NaN,NaN,NaN,24.0,NaN,NaN,NaN,24.0,21.0,NaN,0.0,6.0,NaN,NaN,NaN,24.0,9.2,NaN,0.0,6.0,98.0,NaN,0.0,6.0,1.4,NaN,0.0,6.0,NaN,NaN,NaN,24.0,148.0,NaN,0.0,6.0,NaN,NaN,NaN,24.0,2.1,NaN,0.0,6.0,5.1,NaN,0.0,6.0,4.2,NaN,0.0,6.0,NaN,NaN,NaN,24.0,NaN,NaN,NaN,24.0,41.7,NaN,0.0,6.0,13.6,NaN,0.0,6.0,37.1,NaN,0.0,6.0,12.8,NaN,0.0,6.0,NaN,NaN,NaN,24.0,265.0,NaN,0.0,6.0,84.0,0.0,1.0,0.0,-2.3375,12.0,0.0,0.0,0.0,1.0,0.0,0.0,0.0,0.0,0.0,0.0,1.0,0.0,0.0,NaN,0.0,0.0,NaN,NaN,NaN,NaN,NaN,NaN,NaN
85.0,NaN,4.0,0.0,96.0,NaN,1.0,0.0,36.83,NaN,0.0,0.0,125.0,NaN,19.0,0.0,86.0,NaN,18.0,0.0,75.0,NaN,18.0,0.0,19.0,NaN,-1.0,0.0,NaN,NaN,NaN,24.0,NaN,NaN,NaN,24.0,22.0,NaN,0.0,7.0,NaN,NaN,NaN,24.0,NaN,NaN,NaN,24.0,NaN,NaN,NaN,24.0,NaN,NaN,NaN,24.0,NaN,NaN,NaN,24.0,21.0,NaN,0.0,7.0,NaN,NaN,NaN,24.0,9.2,NaN,0.0,7.0,98.0,NaN,0.0,7.0,1.4,NaN,0.0,7.0,NaN,NaN,NaN,24.0,148.0,NaN,0.0,7.0,NaN,NaN,NaN,24.0,2.1,NaN,0.0,7.0,5.1,NaN,0.0,7.0,4.2,NaN,0.0,7.0,NaN,NaN,NaN,24.0,NaN,NaN,NaN,24.0,41.7,NaN,0.0,7.0,13.6,NaN,0.0,7.0,75.3,NaN,5.457142857142856,0.0,12.8,NaN,0.0,7.0,NaN,NaN,NaN,24.0,265.0,NaN,0.0,7.0,84.0,0.0,1.0,0.0,-2.3375,13.0,0.0,0.0,0.0,1.0,0.0,0.0,0.0,0.0,0.0,0.0,1.0,0.0,0.0,NaN,0.0,0.0,NaN,NaN,NaN,NaN,NaN,NaN,NaN
80.0,NaN,-5.0,0.0,95.0,NaN,-1.0,0.0,36.83,NaN,0.0,1.0,134.0,NaN,9.0,0.0,90.0,NaN,4.0,0.0,76.0,NaN,1.0,0.0,19.0,NaN,0.0,0.0,NaN,NaN,NaN,24.0,NaN,NaN,NaN,24.0,22.0,NaN,0.0,8.0,NaN,NaN,NaN,24.0,NaN,NaN,NaN,24.0,NaN,NaN,NaN,24.0,NaN,NaN,NaN,24.0,NaN,NaN,NaN,24.0,21.0,NaN,0.0,8.0,NaN,NaN,NaN,24.0,9.2,NaN,0.0,8.0,98.0,NaN,0.0,8.0,1.4,NaN,0.0,8.0,NaN,NaN,NaN,24.0,148.0,NaN,0.0,8.0,NaN,NaN,NaN,24.0,2.1,NaN,0.0,8.0,5.1,NaN,0.0,8.0,4.2,NaN,0.0,8.0,NaN,NaN,NaN,24.0,NaN,NaN,NaN,24.0,41.7,NaN,0.0,8.0,13.6,NaN,0.0,8.0,75.3,NaN,4.7749999999999995,1.0,12.8,NaN,0.0,8.0,NaN,NaN,NaN,24.0,265.0,NaN,0.0,8.0,84.0,0.0,1.0,0.0,-2.3375,14.0,0.0,0.0,0.0,1.0,0.0,0.0,0.0,0.0,0.0,0.0,1.0,0.0,0.0,NaN,0.0,0.0,NaN,NaN,NaN,NaN,NaN,NaN,NaN
