141.0,NaN,NaN,24.0,97.0,NaN,NaN,24.0,NaN,NaN,NaN,24.0,98.0,NaN,NaN,24.0,67.0,NaN,NaN,24.0,59.0,NaN,NaN,24.0,30.0,NaN,NaN,24.0,NaN,NaN,NaN,24.0,NaN,NaN,NaN,24.0,NaN,NaN,NaN,24.0,NaN,NaN,NaN,24.0,NaN,NaN,NaN,24.0,NaN,NaN,NaN,24.0,NaN,NaN,NaN,24.0,NaN,NaN,NaN,24.0,NaN,NaN,NaN,24.0,NaN,NaN,NaN,24.0,NaN,NaN,NaN,24.0,NaN,NaN,NaN,24.0,NaN,NaN,NaN,24.0,NaN,NaN,NaN,24.0,NaN,NaN,NaN,24.0,NaN,NaN,NaN,24.0,NaN,NaN,NaN,24.0,NaN,NaN,NaN,24.0,NaN,NaN,NaN,24.0,NaN,NaN,NaN,24.0,NaN,NaN,NaN,24.0,NaN,NaN,NaN,24.0,NaN,NaN,NaN,24.0,NaN,NaN,NaN,24.0,NaN,NaN,NaN,24.0,NaN,NaN,NaN,24.0,NaN,NaN,NaN,24.0,46.0,1.0,1.0,0.0,-345.1977777777778,1.0,0.0,1.0,1.0,0.0,0.0,0.0,0.0,0.0,0.0,0.0,1.0,0.0,1.0,1.0,1.0,0.0,NaN,9.0,9.0,3.0,NaN,NaN,NaN
137.25,NaN,-3.75,0.0,94.25,NaN,-2.75,0.0,NaN,NaN,NaN,24.0,105.0,NaN,7.0,0.0,64.5,NaN,-2.5,0.0,54.0,NaN,-5.0,0.0,23.5,NaN,-6.5,0.0,NaN,NaN,NaN,24.0,NaN,NaN,NaN,24.0,NaN,NaN,NaN,24.0,NaN,NaN,NaN,24.0,NaN,NaN,NaN,24.0,NaN,NaN,NaN,24.0,NaN,NaN,NaN,24.0,NaN,NaN,NaN,24.0,NaN,NaN,NaN,24.0,NaN,NaN,NaN,24.0,NaN,NaN,NaN,24.0,NaN,NaN,NaN,24.0,NaN,NaN,NaN,24.0,NaN,NaN,NaN,24.0,NaN,NaN,NaN,24.0,NaN,NaN,NaN,24.0,NaN,NaN,NaN,24.0,NaN,NaN,NaN,24.0,NaN,NaN,NaN,24.0,NaN,NaN,NaN,24.0,NaN,NaN,NaN,24.0,NaN,NaN,NaN,24.0,NaN,NaN,NaN,24.0,NaN,NaN,NaN,24.0,NaN,NaN,NaN,24.0,NaN,NaN,NaN,24.0,NaN,NaN,NaN,24.0,46.0,1.0,1.0,0.0,-345.1977777777778,2.0,0.0,1.0,1.0,0.0,0.0,0.0,0.0,1.0,0.0,0.0,1.0,0.0,1.0,1.0,1.0,0.0,NaN,9.0,9.0,3.0,NaN,NaN,NaN
135.5,NaN,-1.75,0.0,92.0,NaN,-2.25,0.0,38.06,NaN,0.0,0.0,80.3333333333333,NaN,-24.6666666666667,0.0,56.0,NaN,-8.5,0.0,48.0,NaN,-6.0,0.0,23.5,NaN,0.0,0.0,NaN,NaN,NaN,24.0,7.0,NaN,0.0,0.0,NaN,NaN,NaN,24.0,NaN,NaN,NaN,24.0,7.52,NaN,0.0,0.0,38.0,NaN,0.0,0.0,NaN,NaN,NaN,24.0,NaN,NaN,NaN,24.0,NaN,NaN,NaN,24.0,NaN,NaN,NaN,24.0,NaN,NaN,NaN,24.0,NaN,NaN,NaN,24.0,NaN,NaN,NaN,24.0,NaN,NaN,NaN,24.0,NaN,NaN,NaN,24.0,NaN,NaN,NaN,24.0,NaN,NaN,NaN,24.0,NaN,NaN,NaN,24.0,NaN,NaN,NaN,24.0,NaN,NaN,NaN,24.0,NaN,NaN,NaN,24.0,NaN,NaN,NaN,24.0,NaN,NaN,NaN,24.0,NaN,NaN,NaN,24.0,NaN,NaN,NaN,24.0,NaN,NaN,NaN,24.0,NaN,NaN,NaN,24.0,46.0,1.0,1.0,0.0,-345.1977777777778,3.0,1.0,1.0,1.0,0.0,0.0,0.0,0.0,1.0,0.0,0.0,1.0,0.0,1.0,1.0,1.0,0.0,NaN,9.0,9.0,3.0,NaN,NaN,NaN
128.5,NaN,-7.0,0.0,92.75,NaN,0.75,0.0,38.06,NaN,0.0,1.0,80.875,NaN,0.5416666666666998,0.0,56.0,NaN,0.0,0.0,46.0,NaN,-2.0,0.0,23.0,NaN,-0.5,0.0,NaN,NaN,NaN,24.0,7.0,NaN,0.0,1.0,NaN,NaN,NaN,24.0,NaN,NaN,NaN,24.0,7.52,NaN,0.0,1.0,38.0,NaN,0.0,1.0,NaN,NaN,NaN,24.0,NaN,NaN,NaN,24.0,NaN,NaN,NaN,24.0,NaN,NaN,NaN,24.0,NaN,NaN,NaN,24.0,NaN,NaN,NaN,24.0,NaN,NaN,NaN,24.0,NaN,NaN,NaN,24.0,NaN,NaN,NaN,24.0,NaN,NaN,NaN,24.0,NaN,NaN,NaN,24.0,NaN,NaN,NaN,24.0,NaN,NaN,NaN,24.0,NaN,NaN,NaN,24.0,NaN,NaN,NaN,24.0,NaN,NaN,NaN,24.0,NaN,NaN,NaN,24.0,NaN,NaN,NaN,24.0,NaN,NaN,NaN,24.0,NaN,NaN,NaN,24.0,NaN,NaN,NaN,24.0,46.0,1.0,1.0,0.0,-345.1977777777778,4.0,1.0,1.0,1.0,0.0,0.0,0.0,0.0,1.0,0.0,0.0,1.0,0.0,1.0,1.0,1.0,0.0,NaN,9.0,9.0,3.0,NaN,NaN,NaN
120.5,NaN,-8.0,0.0,94.5,NaN,1.75,0.0,38.06,NaN,0.0,2.0,84.0,NaN,3.125,0.0,63.5,NaN,7.5,0.0,53.0,NaN,7.0,0.0,21.0,NaN,-2.0,0.0,NaN,NaN,NaN,24.0,5.0,NaN,-1.0,0.0,NaN,NaN,NaN,24.0,NaN,NaN,NaN,24.0,7.47,NaN,-0.02499999999999991,0.0,41.0,NaN,1.5,0.0,NaN,NaN,NaN,24.0,NaN,NaN,NaN,24.0,NaN,NaN,NaN,24.0,NaN,NaN,NaN,24.0,NaN,NaN,NaN,24.0,NaN,NaN,NaN,24.0,NaN,NaN,NaN,24.0,NaN,NaN,NaN,24.0,NaN,NaN,NaN,24.0,2.4,NaN,0.0,0.0,NaN,NaN,NaN,24.0,NaN,NaN,NaN,24.0,NaN,NaN,NaN,24.0,NaN,NaN,NaN,24.0,NaN,NaN,NaN,24.0,NaN,NaN,NaN,24.0,NaN,NaN,NaN,24.0,NaN,NaN,NaN,24.0,NaN,NaN,NaN,24.0,NaN,NaN,NaN,24.0,NaN,NaN,NaN,24.0,46.0,1.0,1.0,0.0,-345.1977777777778,5.0,1.0,1.0,1.0,0.0,0.0,0.0,0.0,1.0,1.0,0.0,1.0,0.0,1.0,1.0,1.0,0.0,NaN,9.0,9.0,3.0,NaN,NaN,NaN
118.0,NaN,-2.5,0.0,94.5,NaN,0.875,1.0,38.06,NaN,0.0,3.0,75.0,NaN,-9.0,0.0,61.0,NaN,-2.5,0.0,52.0,NaN,-1.0,0.0,21.0,NaN,0.0,0.0,NaN,NaN,NaN,24.0,5.0,NaN,-0.6666666666666666,1.0,NaN,NaN,NaN,24.0,NaN,NaN,NaN,24.0,7.47,NaN,-0.016666666666666607,1.0,41.0,NaN,1.0,1.0,NaN,NaN,NaN,24.0,NaN,NaN,NaN,24.0,NaN,NaN,NaN,24.0,NaN,NaN,NaN,24.0,NaN,NaN,NaN,24.0,NaN,NaN,NaN,24.0,NaN,NaN,NaN,24.0,NaN,NaN,NaN,24.0,NaN,NaN,NaN,24.0,2.4,NaN,0.0,1.0,NaN,NaN,NaN,24.0,NaN,NaN,NaN,24.0,NaN,NaN,NaN,24.0,NaN,NaN,NaN,24.0,NaN,NaN,NaN,24.0,NaN,NaN,NaN,24.0,NaN,NaN,NaN,24.0,NaN,NaN,NaN,24.0,NaN,NaN,NaN,24.0,NaN,NaN,NaN,24.0,NaN,NaN,NaN,24.0,46.0,1.0,1.0,0.0,-345.1977777777778,6.0,1.0,1.0,1.0,0.0,0.0,0.0,0.0,1.0,0.0,0.0,1.0,1.0,1.0,1.0,1.0,0.0,NaN,9.0,9.0,3.0,NaN,NaN,NaN
122.0,NaN,4.0,0.0,93.0,NaN,-0.75,0.0,36.61,NaN,-0.3625000000000007,0.0,100.0,NaN,25.0,0.0,72.0,NaN,11.0,0.0,60.0,NaN,8.0,0.0,23.0,NaN,2.0,0.0,NaN,NaN,NaN,24.0,5.0,NaN,-0.5,2.0,NaN,NaN,NaN,24.0,NaN,NaN,NaN,24.0,7.47,NaN,-0.012499999999999956,2.0,41.0,NaN,0.75,2.0,NaN,NaN,NaN,24.0,NaN,NaN,NaN,24.0,NaN,NaN,NaN,24.0,NaN,NaN,NaN,24.0,NaN,NaN,NaN,24.0,NaN,NaN,NaN,24.0,NaN,NaN,NaN,24.0,NaN,NaN,NaN,24.0,NaN,NaN,NaN,24.0,2.4,NaN,0.0,2.0,NaN,NaN,NaN,24.0,NaN,NaN,NaN,24.0,NaN,NaN,NaN,24.0,NaN,NaN,NaN,24.0,NaN,NaN,NaN,24.0,NaN,NaN,NaN,24.0,NaN,NaN,NaN,24.0,NaN,NaN,NaN,24.0,NaN,NaN,NaN,24.0,NaN,NaN,NaN,24.0,NaN,NaN,NaN,24.0,46.0,1.0,1.0,0.0,-345.1977777777778,7.0,0.0,1.0,1.0,0.0,0.0,0.0,0.0,0.0,0.0,0.0,1.0,1.0,1.0,1.0,1.0,0.0,NaN,9.0,9.0,3.0,NaN,NaN,NaN
129.0,NaN,7.0,0.0,91.0,NaN,-2.0,0.0,36.61,NaN,-0.2900000000000006,1.0,105.0,NaN,5.0,0.0,72.0,NaN,0.0,0.0,58.0,NaN,-2.0,0.0,26.0,NaN,3.0,0.0,NaN,NaN,NaN,24.0,5.0,NaN,-0.4,3.0,NaN,NaN,NaN,24.0,NaN,NaN,NaN,24.0,7.47,NaN,-0.009999999999999964,3.0,41.0,NaN,0.6,3.0,NaN,NaN,NaN,24.0,NaN,NaN,NaN,24.0,NaN,NaN,NaN,24.0,NaN,NaN,NaN,24.0,NaN,NaN,NaN,24.0,NaN,NaN,NaN,24.0,NaN,NaN,NaN,24.0,NaN,NaN,NaN,24.0,NaN,NaN,NaN,24.0,2.4,NaN,0.0,3.0,NaN,NaN,NaN,24.0,NaN,NaN,NaN,24.0,NaN,NaN,NaN,24.0,NaN,NaN,NaN,24.0,NaN,NaN,NaN,24.0,NaN,NaN,NaN,24.0,NaN,NaN,NaN,24.0,NaN,NaN,NaN,24.0,NaN,NaN,NaN,24.0,NaN,NaN,NaN,24.0,NaN,NaN,NaN,24.0,46.0,1.0,1.0,0.0,-345.1977777777778,8.0,0.0,1.0,1.0,0.0,0.0,0.0,0.0,0.0,0.0,0.0,1.0,1.0,1.0,1.0,1.0,0.0,NaN,9.0,9.0,3.0,NaN,NaN,NaN
131.0,NaN,2.0,0.0,94.0,NaN,3.0,0.0,36.61,NaN,-0.24166666666666714,2.0,97.0,NaN,-8.0,0.0,71.0,NaN,-1.0,0.0,59.0,NaN,1.0,0.0,26.0,NaN,0.0,0.0,NaN,NaN,NaN,24.0,5.0,NaN,-0.3333333333333333,4.0,NaN,NaN,NaN,24.0,NaN,NaN,NaN,24.0,7.47,NaN,-0.008333333333333304,4.0,41.0,NaN,0.5,4.0,NaN,NaN,NaN,24.0,NaN,NaN,NaN,24.0,NaN,NaN,NaN,24.0,NaN,NaN,NaN,24.0,NaN,NaN,NaN,24.0,NaN,NaN,NaN,24.0,NaN,NaN,NaN,24.0,NaN,NaN,NaN,24.0,NaN,NaN,NaN,24.0,2.4,NaN,0.0,4.0,NaN,NaN,NaN,24.0,NaN,NaN,NaN,24.0,NaN,NaN,NaN,24.0,NaN,NaN,NaN,24.0,NaN,NaN,NaN,24.0,NaN,NaN,NaN,24.0,NaN,NaN,NaN,24.0,NaN,NaN,NaN,24.0,NaN,NaN,NaN,24.0,NaN,NaN,NaN,24.0,NaN,NaN,NaN,24.0,46.0,1.0,1.0,0.0,-345.1977777777778,9.0,0.0,1.0,1.0,0.0,0.0,0.0,0.0,0.0,0.0,0.0,1.0,1.0,1.0,1.0,1.0,0.0,NaN,9.0,9.0,3.0,NaN,NaN,NaN
139.0,NaN,8.0,0.0,92.0,NaN,-2.0,0.0,36.61,NaN,-0.20714285714285754,3.0,99.0,NaN,2.0,0.0,76.0,NaN,5.0,0.0,66.0,NaN,7.0,0.0,33.0,NaN,7.0,0.0,NaN,NaN,NaN,24.0,5.0,NaN,-0.2857142857142857,5.0,NaN,NaN,NaN,24.0,NaN,NaN,NaN,24.0,7.47,NaN,-0.0071428571428571175,5.0,41.0,NaN,0.42857142857142855,5.0,NaN,NaN,NaN,24.0,NaN,NaN,NaN,24.0,NaN,NaN,NaN,24.0,NaN,NaN,NaN,24.0,NaN,NaN,NaN,24.0,NaN,NaN,NaN,24.0,NaN,NaN,NaN,24.0,NaN,NaN,NaN,24.0,NaN,NaN,NaN,24.0,2.4,NaN,0.0,5.0,NaN,NaN,NaN,24.0,NaN,NaN,NaN,24.0,NaN,NaN,NaN,24.0,NaN,NaN,NaN,24.0,NaN,NaN,NaN,24.0,NaN,NaN,NaN,24.0,NaN,NaN,NaN,24.0,NaN,NaN,NaN,24.0,NaN,NaN,NaN,24.0,NaN,NaN,NaN,24.0,NaN,NaN,NaN,24.0,46.0,1.0,1.0,0.0,-345.1977777777778,10.0,0.0,1.0,1.0,0.0,0.0,0.0,0.0,0.0,0.0,0.0,1.0,1.0,1.0,1.0,1.0,0.0,NaN,9.0,9.0,3.0,NaN,NaN,NaN
127.0,NaN,-12.0,0.0,95.0,NaN,3.0,0.0,36.83,NaN,0.054999999999999716,0.0,93.0,NaN,-6.0,0.0,69.0,NaN,-7.0,0.0,57.0,NaN,-9.0,0.0,25.0,NaN,-8.0,0.0,NaN,NaN,NaN,24.0,5.0,NaN,-0.25,6.0,NaN,NaN,NaN,24.0,NaN,NaN,NaN,24.0,7.47,NaN,-0.006249999999999978,6.0,41.0,NaN,0.375,6.0,NaN,NaN,NaN,24.0,NaN,NaN,NaN,24.0,NaN,NaN,NaN,24.0,NaN,NaN,NaN,24.0,NaN,NaN,NaN,24.0,NaN,NaN,NaN,24.0,NaN,NaN,NaN,24.0,NaN,NaN,NaN,24.0,NaN,NaN,NaN,24.0,2.4,NaN,0.0,6.0,NaN,NaN,NaN,24.0,NaN,NaN,NaN,24.0,NaN,NaN,NaN,24.0,NaN,NaN,NaN,24.0,NaN,NaN,NaN,24.0,NaN,NaN,NaN,24.0,NaN,NaN,NaN,24.0,NaN,NaN,NaN,24.0,NaN,NaN,NaN,24.0,NaN,NaN,NaN,24.0,NaN,NaN,NaN,24.0,46.0,1.0,1.0,0.0,-345.1977777777778,11.0,0.0,1.0,1.0,0.0,0.0,0.0,0.0,0.0,0.0,0.0,1.0,1.0,1.0,1.0,1.0,0.0,NaN,9.0,9.0,3.0,NaN,NaN,NaN
129.0,NaN,2.0,0.0,93.0,NaN,-2.0,0.0,36.83,NaN,0.043999999999999775,1.0,91.0,NaN,-2.0,0.0,68.0,NaN,-1.0,0.0,57.0,NaN,0.0,0.0,30.0,NaN,5.0,0.0,NaN,NaN,NaN,24.0,5.0,NaN,-0.2222222222222222,7.0,NaN,NaN,NaN,24.0,NaN,NaN,NaN,24.0,7.47,NaN,-0.005555555555555536,7.0,41.0,NaN,0.3333333333333333,7.0,NaN,NaN,NaN,24.0,NaN,NaN,NaN,24.0,NaN,NaN,NaN,24.0,NaN,NaN,NaN,24.0,NaN,NaN,NaN,24.0,NaN,NaN,NaN,24.0,NaN,NaN,NaN,24.0,NaN,NaN,NaN,24.0,NaN,NaN,NaN,24.0,2.4,NaN,0.0,7.0,NaN,NaN,NaN,24.0,NaN,NaN,NaN,24.0,NaN,NaN,NaN,24.0,NaN,NaN,NaN,24.0,NaN,NaN,NaN,24.0,NaN,NaN,NaN,24.0,NaN,NaN,NaN,24.0,NaN,NaN,NaN,24.0,NaN,NaN,NaN,24.0,NaN,NaN,NaN,24.0,NaN,NaN,NaN,24.0,46.0,1.0,1.0,0.0,-345.1977777777778,12.0,0.0,1.0,1.0,0.0,0.0,0.0,0.0,0.0,0.0,0.0,1.0,1.0,1.0,1.0,1.0,0.0,NaN,9.0,9.0,3.0,NaN,NaN,NaN
125.0,NaN,-4.0,0.0,95.0,NaN,2.0,0.0,36.83,NaN,0.03666666666666648,2.0,99.0,NaN,8.0,0.0,71.0,NaN,3.0,0.0,58.0,NaN,1.0,0.0,27.0,NaN,-3.0,0.0,NaN,NaN,NaN,24.0,5.0,NaN,-0.2,8.0,NaN,NaN,NaN,24.0,NaN,NaN,NaN,24.0,7.47,NaN,-0.004999999999999982,8.0,41.0,NaN,0.3,8.0,NaN,NaN,NaN,24.0,NaN,NaN,NaN,24.0,NaN,NaN,NaN,24.0,NaN,NaN,NaN,24.0,NaN,NaN,NaN,24.0,NaN,NaN,NaN,24.0,NaN,NaN,NaN,24.0,NaN,NaN,NaN,24.0,NaN,NaN,NaN,24.0,2.4,NaN,0.0,8.0,NaN,NaN,NaN,24.0,NaN,NaN,NaN,24.0,NaN,NaN,NaN,24.0,NaN,NaN,NaN,24.0,NaN,NaN,NaN,24.0,NaN,NaN,NaN,24.0,NaN,NaN,NaN,24.0,NaN,NaN,NaN,24.0,NaN,NaN,NaN,24.0,NaN,NaN,NaN,24.0,NaN,NaN,NaN,24.0,46.0,1.0,1.0,0.0,-345.1977777777778,13.0,0.0,1.0,1.0,0.0,0.0,0.0,0.0,0.0,0.0,0.0,1.0,1.0,1.0,1.0,1.0,0.0,NaN,9.0,9.0,3.0,NaN,NaN,NaN
