NaN,NaN,NaN,24.0,NaN,NaN,NaN,24.0,NaN,NaN,NaN,24.0,NaN,NaN,NaN,24.0,NaN,NaN,NaN,24.0,NaN,NaN,NaN,24.0,NaN,NaN,NaN,24.0,NaN,NaN,NaN,24.0,NaN,NaN,NaN,24.0,NaN,NaN,NaN,24.0,NaN,NaN,NaN,24.0,NaN,NaN,NaN,24.0,NaN,NaN,NaN,24.0,NaN,NaN,NaN,24.0,NaN,NaN,NaN,24.0,NaN,NaN,NaN,24.0,NaN,NaN,NaN,24.0,NaN,NaN,NaN,24.0,NaN,NaN,NaN,24.0,NaN,NaN,NaN,24.0,NaN,NaN,NaN,24.0,NaN,NaN,NaN,24.0,NaN,NaN,NaN,24.0,NaN,NaN,NaN,24.0,NaN,NaN,NaN,24.0,NaN,NaN,NaN,24.0,NaN,NaN,NaN,24.0,NaN,NaN,NaN,24.0,NaN,NaN,NaN,24.0,NaN,NaN,NaN,24.0,NaN,NaN,NaN,24.0,NaN,NaN,NaN,24.0,NaN,NaN,NaN,24.0,NaN,NaN,NaN,24.0,63.0,0.0,0.0,1.0,-7.416944444444445,1.0,0.0,0.0,0.0,0.0,0.0,0.0,0.0,0.0,0.0,0.0,1.0,0.0,1.0,1.0,0.0,0.0,3.0,6.0,4.0,0.0,NaN,NaN,NaN
93.0,NaN,0.0,0.0,92.5,NaN,0.0,0.0,38.33,NaN,0.0,0.0,108.0,NaN,0.0,0.0,67.0,NaN,0.0,0.0,55.0,NaN,0.0,0.0,23.0,NaN,0.0,0.0,NaN,NaN,NaN,24.0,NaN,NaN,NaN,24.0,19.0,NaN,0.0,0.0,NaN,NaN,NaN,24.0,NaN,NaN,NaN,24.0,NaN,NaN,NaN,24.0,NaN,NaN,NaN,24.0,NaN,NaN,NaN,24.0,18.0,NaN,0.0,0.0,NaN,NaN,NaN,24.0,6.9,NaN,0.0,0.0,114.0,NaN,0.0,0.0,1.1,NaN,0.0,0.0,NaN,NaN,NaN,24.0,112.0,NaN,0.0,0.0,NaN,NaN,NaN,24.0,1.3,NaN,0.0,0.0,3.5,NaN,0.0,0.0,4.6,NaN,0.0,0.0,NaN,NaN,NaN,24.0,NaN,NaN,NaN,24.0,33.8,NaN,0.0,0.0,11.5,NaN,0.0,0.0,34.7,NaN,0.0,0.0,4.7,NaN,0.0,0.0,NaN,NaN,NaN,24.0,143.0,NaN,0.0,0.0,63.0,0.0,0.0,1.0,-7.416944444444445,2.0,1.0,1.0,1.0,0.0,0.0,1.0,0.0,0.0,0.0,0.0,1.0,0.0,1.0,1.0,0.0,0.0,3.0,6.0,4.0,0.0,NaN,NaN,NaN
92.0,NaN,-1.0,0.0,98.0,NaN,5.5,0.0,38.33,NaN,0.0,1.0,102.0,NaN,-6.0,0.0,64.0,NaN,-3.0,0.0,51.0,NaN,-4.0,0.0,24.0,NaN,1.0,0.0,NaN,NaN,NaN,24.0,NaN,NaN,NaN,24.0,19.0,NaN,0.0,1.0,NaN,NaN,NaN,24.0,NaN,NaN,NaN,24.0,NaN,NaN,NaN,24.0,NaN,NaN,NaN,24.0,NaN,NaN,NaN,24.0,18.0,NaN,0.0,1.0,NaN,NaN,NaN,24.0,6.9,NaN,0.0,1.0,114.0,NaN,0.0,1.0,1.1,NaN,0.0,1.0,NaN,NaN,NaN,24.0,112.0,NaN,0.0,1.0,NaN,NaN,NaN,24.0,1.3,NaN,0.0,1.0,3.5,NaN,0.0,1.0,4.6,NaN,0.0,1.0,NaN,NaN,NaN,24.0,NaN,NaN,NaN,24.0,33.8,NaN,0.0,1.0,11.5,NaN,0.0,1.0,34.7,NaN,0.0,1.0,4.7,NaN,0.0,1.0,NaN,NaN,NaN,24.0,143.0,NaN,0.0,1.0,63.0,0.0,0.0,1.0,-7.416944444444445,3.0,1.0,1.0,1.0,0.0,0.0,0.0,0.0,1.0,0.0,0.0,1.0,1.0,1.0,1.0,0.0,0.0,3.0,6.0,4.0,0.0,NaN,NaN,NaN
78.0,NaN,-14.0,0.0,96.5,NaN,-1.5,0.0,38.33,NaN,0.0,2.0,90.5,NaN,-11.5,0.0,56.5,NaN,-7.5,0.0,41.5,NaN,-9.5,0.0,19.0,NaN,-5.0,0.0,NaN,NaN,NaN,24.0,NaN,NaN,NaN,24.0,19.0,NaN,0.0,2.0,NaN,NaN,NaN,24.0,NaN,NaN,NaN,24.0,NaN,NaN,NaN,24.0,NaN,NaN,NaN,24.0,NaN,NaN,NaN,24.0,18.0,NaN,0.0,2.0,NaN,NaN,NaN,24.0,6.9,NaN,0.0,2.0,114.0,NaN,0.0,2.0,1.1,NaN,0.0,2.0,NaN,NaN,NaN,24.0,112.0,NaN,0.0,2.0,NaN,NaN,NaN,24.0,1.3,NaN,0.0,2.0,3.5,NaN,0.0,2.0,4.6,NaN,0.0,2.0,NaN,NaN,NaN,24.0,NaN,NaN,NaN,24.0,33.8,NaN,0.0,2.0,11.5,NaN,0.0,2.0,34.7,NaN,0.0,2.0,4.7,NaN,0.0,2.0,NaN,NaN,NaN,24.0,143.0,NaN,0.0,2.0,63.0,0.0,0.0,1.0,-7.416944444444445,4.0,1.0,0.0,0.0,0.0,0.0,0.0,0.0,1.0,0.0,0.0,1.0,1.0,1.0,1.0,0.0,0.0,3.0,6.0,4.0,0.0,NaN,NaN,NaN
76.0,NaN,-2.0,0.0,98.0,NaN,1.5,0.0,38.33,NaN,0.0,3.0,88.0,NaN,-2.5,0.0,54.0,NaN,-2.5,0.0,40.0,NaN,-1.5,0.0,19.0,NaN,0.0,0.0,NaN,NaN,NaN,24.0,NaN,NaN,NaN,24.0,19.0,NaN,0.0,3.0,NaN,NaN,NaN,24.0,NaN,NaN,NaN,24.0,NaN,NaN,NaN,24.0,NaN,NaN,NaN,24.0,NaN,NaN,NaN,24.0,18.0,NaN,0.0,3.0,NaN,NaN,NaN,24.0,6.9,NaN,0.0,3.0,114.0,NaN,0.0,3.0,1.1,NaN,0.0,3.0,NaN,NaN,NaN,24.0,112.0,NaN,0.0,3.0,NaN,NaN,NaN,24.0,1.3,NaN,0.0,3.0,3.5,NaN,0.0,3.0,4.6,NaN,0.0,3.0,NaN,NaN,NaN,24.0,NaN,NaN,NaN,24.0,33.8,NaN,0.0,3.0,11.5,NaN,0.0,3.0,34.7,NaN,0.0,3.0,4.7,NaN,0.0,3.0,NaN,NaN,NaN,24.0,143.0,NaN,0.0,3.0,63.0,0.0,0.0,1.0,-7.416944444444445,5.0,1.0,0.0,0.0,0.0,0.0,0.0,0.0,1.0,0.0,0.0,1.0,1.0,1.0,1.0,0.0,0.0,3.0,6.0,4.0,0.0,NaN,NaN,NaN
83.0,NaN,7.0,0.0,94.0,NaN,-4.0,0.0,38.33,NaN,0.0,0.0,107.0,NaN,19.0,0.0,66.0,NaN,12.0,0.0,48.0,NaN,8.0,0.0,20.0,NaN,1.0,0.0,NaN,NaN,NaN,24.0,NaN,NaN,NaN,24.0,19.0,NaN,0.0,4.0,NaN,NaN,NaN,24.0,NaN,NaN,NaN,24.0,NaN,NaN,NaN,24.0,NaN,NaN,NaN,24.0,NaN,NaN,NaN,24.0,18.0,NaN,0.0,4.0,NaN,NaN,NaN,24.0,6.9,NaN,0.0,4.0,114.0,NaN,0.0,4.0,1.1,NaN,0.0,4.0,NaN,NaN,NaN,24.0,112.0,NaN,0.0,4.0,NaN,NaN,NaN,24.0,1.3,NaN,0.0,4.0,3.5,NaN,0.0,4.0,4.6,NaN,0.0,4.0,NaN,NaN,NaN,24.0,NaN,NaN,NaN,24.0,33.8,NaN,0.0,4.0,11.5,NaN,0.0,4.0,34.7,NaN,0.0,4.0,4.7,NaN,0.0,4.0,NaN,NaN,NaN,24.0,143.0,NaN,0.0,4.0,63.0,0.0,0.0,1.0,-7.416944444444445,6.0,1.0,0.0,0.0,0.0,0.0,0.0,0.0,0.0,0.0,0.0,1.0,1.0,1.0,1.0,0.0,0.0,3.0,6.0,4.0,0.0,NaN,NaN,NaN
82.0,NaN,-1.0,0.0,97.0,NaN,3.0,0.0,38.28,NaN,-0.04999999999999716,0.0,96.0,NaN,-11.0,0.0,60.0,NaN,-6.0,0.0,43.0,NaN,-5.0,0.0,20.0,NaN,0.0,0.0,NaN,NaN,NaN,24.0,NaN,NaN,NaN,24.0,19.0,NaN,0.0,5.0,NaN,NaN,NaN,24.0,NaN,NaN,NaN,24.0,NaN,NaN,NaN,24.0,NaN,NaN,NaN,24.0,NaN,NaN,NaN,24.0,18.0,NaN,0.0,5.0,NaN,NaN,NaN,24.0,6.9,NaN,0.0,5.0,114.0,NaN,0.0,5.0,1.1,NaN,0.0,5.0,NaN,NaN,NaN,24.0,112.0,NaN,0.0,5.0,NaN,NaN,NaN,24.0,1.3,NaN,0.0,5.0,3.5,NaN,0.0,5.0,4.6,NaN,0.0,5.0,NaN,NaN,NaN,24.0,NaN,NaN,NaN,24.0,33.8,NaN,0.0,5.0,11.5,NaN,0.0,5.0,34.7,NaN,0.0,5.0,4.7,NaN,0.0,5.0,NaN,NaN,NaN,24.0,143.0,NaN,0.0,5.0,63.0,0.0,0.0,1.0,-7.416944444444445,7.0,1.0,0.0,0.0,0.0,0.0,0.0,0.0,1.0,0.0,0.0,1.0,1.0,1.0,1.0,0.0,0.0,3.0,6.0,4.0,0.0,NaN,NaN,NaN
84.0,NaN,2.0,0.0,97.0,NaN,0.0,0.0,38.28,NaN,-0.02499999999999858,1.0,98.0,NaN,2.0,0.0,60.0,NaN,0.0,0.0,43.0,NaN,0.0,0.0,19.0,NaN,-1.0,0.0,NaN,NaN,NaN,24.0,NaN,NaN,NaN,24.0,19.0,NaN,0.0,6.0,NaN,NaN,NaN,24.0,NaN,NaN,NaN,24.0,NaN,NaN,NaN,24.0,NaN,NaN,NaN,24.0,NaN,NaN,NaN,24.0,18.0,NaN,0.0,6.0,NaN,NaN,NaN,24.0,6.9,NaN,0.0,6.0,114.0,NaN,0.0,6.0,1.1,NaN,0.0,6.0,NaN,NaN,NaN,24.0,112.0,NaN,0.0,6.0,NaN,NaN,NaN,24.0,1.3,NaN,0.0,6.0,3.5,NaN,0.0,6.0,4.6,NaN,0.0,6.0,NaN,NaN,NaN,24.0,NaN,NaN,NaN,24.0,33.8,NaN,0.0,6.0,11.5,NaN,0.0,6.0,34.7,NaN,0.0,6.0,4.7,NaN,0.0,6.0,NaN,NaN,NaN,24.0,143.0,NaN,0.0,6.0,63.0,0.0,0.0,1.0,-7.416944444444445,8.0,1.0,0.0,0.0,0.0,0.0,0.0,0.0,1.0,0.0,0.0,1.0,1.0,1.0,1.0,0.0,0.0,3.0,6.0,4.0,0.0,NaN,NaN,NaN
86.0,NaN,2.0,0.0,96.0,NaN,-1.0,0.0,38.28,NaN,-0.01666666666666572,2.0,101.0,NaN,3.0,0.0,61.0,NaN,1.0,0.0,44.0,NaN,1.0,0.0,20.0,NaN,1.0,0.0,NaN,NaN,NaN,24.0,NaN,NaN,NaN,24.0,19.0,NaN,0.0,7.0,NaN,NaN,NaN,24.0,NaN,NaN,NaN,24.0,NaN,NaN,NaN,24.0,NaN,NaN,NaN,24.0,NaN,NaN,NaN,24.0,18.0,NaN,0.0,7.0,NaN,NaN,NaN,24.0,6.9,NaN,0.0,7.0,114.0,NaN,0.0,7.0,1.1,NaN,0.0,7.0,NaN,NaN,NaN,24.0,112.0,NaN,0.0,7.0,NaN,NaN,NaN,24.0,1.3,NaN,0.0,7.0,3.5,NaN,0.0,7.0,4.6,NaN,0.0,7.0,NaN,NaN,NaN,24.0,NaN,NaN,NaN,24.0,33.8,NaN,0.0,7.0,11.5,NaN,0.0,7.0,34.7,NaN,0.0,7.0,4.7,NaN,0.0,7.0,NaN,NaN,NaN,24.0,143.0,NaN,0.0,7.0,63.0,0.0,0.0,1.0,-7.416944444444445,9.0,1.0,0.0,0.0,0.0,0.0,0.0,0.0,1.0,0.0,0.0,1.0,1.0,1.0,1.0,0.0,0.0,3.0,6.0,4.0,0.0,NaN,NaN,NaN
78.0,NaN,-8.0,0.0,97.0,NaN,1.0,0.0,38.28,NaN,-0.01249999999999929,3.0,92.0,NaN,-9.0,0.0,59.0,NaN,-2.0,0.0,44.0,NaN,0.0,0.0,17.0,NaN,-3.0,0.0,NaN,NaN,NaN,24.0,NaN,NaN,NaN,24.0,19.0,NaN,0.0,8.0,NaN,NaN,NaN,24.0,NaN,NaN,NaN,24.0,NaN,NaN,NaN,24.0,NaN,NaN,NaN,24.0,NaN,NaN,NaN,24.0,18.0,NaN,0.0,8.0,NaN,NaN,NaN,24.0,6.9,NaN,0.0,8.0,114.0,NaN,0.0,8.0,1.1,NaN,0.0,8.0,NaN,NaN,NaN,24.0,112.0,NaN,0.0,8.0,NaN,NaN,NaN,24.0,1.3,NaN,0.0,8.0,3.5,NaN,0.0,8.0,4.6,NaN,0.0,8.0,NaN,NaN,NaN,24.0,NaN,NaN,NaN,24.0,33.8,NaN,0.0,8.0,11.5,NaN,0.0,8.0,34.7,NaN,0.0,8.0,4.7,NaN,0.0,8.0,NaN,NaN,NaN,24.0,143.0,NaN,0.0,8.0,63.0,0.0,0.0,1.0,-7.416944444444445,10.0,1.0,0.0,0.0,0.0,0.0,0.0,0.0,1.0,0.0,0.0,1.0,1.0,1.0,1.0,0.0,0.0,3.0,6.0,4.0,0.0,NaN,NaN,NaN
