NaN,NaN,NaN,24.0,NaN,NaN,NaN,24.0,NaN,NaN,NaN,24.0,NaN,NaN,NaN,24.0,NaN,NaN,NaN,24.0,NaN,NaN,NaN,24.0,NaN,NaN,NaN,24.0,NaN,NaN,NaN,24.0,NaN,NaN,NaN,24.0,NaN,NaN,NaN,24.0,NaN,NaN,NaN,24.0,NaN,NaN,NaN,24.0,NaN,NaN,NaN,24.0,NaN,NaN,NaN,24.0,NaN,NaN,NaN,24.0,NaN,NaN,NaN,24.0,NaN,NaN,NaN,24.0,NaN,NaN,NaN,24.0,NaN,NaN,NaN,24.0,NaN,NaN,NaN,24.0,NaN,NaN,NaN,24.0,NaN,NaN,NaN,24.0,NaN,NaN,NaN,24.0,NaN,NaN,NaN,24.0,NaN,NaN,NaN,24.0,NaN,NaN,NaN,24.0,NaN,NaN,NaN,24.0,NaN,NaN,NaN,24.0,NaN,NaN,NaN,24.0,NaN,NaN,NaN,24.0,NaN,NaN,NaN,24.0,NaN,NaN,NaN,24.0,NaN,NaN,NaN,24.0,NaN,NaN,NaN,24.0,26.0,1.0,1.0,0.0,-16.174444444444443,1.0,0.0,0.0,0.0,0.0,0.0,0.0,0.0,0.0,0.0,0.0,1.0,0.0,0.0,0.0,0.0,0.0,NaN,NaN,NaN,16.0,NaN,NaN,NaN
NaN,NaN,NaN,24.0,NaN,NaN,NaN,24.0,NaN,NaN,NaN,24.0,NaN,NaN,NaN,24.0,NaN,NaN,NaN,24.0,NaN,NaN,NaN,24.0,NaN,NaN,NaN,24.0,NaN,NaN,NaN,24.0,NaN,NaN,NaN,24.0,NaN,NaN,NaN,24.0,NaN,NaN,NaN,24.0,NaN,NaN,NaN,24.0,NaN,NaN,NaN,24.0,NaN,NaN,NaN,24.0,NaN,NaN,NaN,24.0,NaN,NaN,NaN,24.0,NaN,NaN,NaN,24.0,NaN,NaN,NaN,24.0,NaN,NaN,NaN,24.0,NaN,NaN,NaN,24.0,NaN,NaN,NaN,24.0,NaN,NaN,NaN,24.0,NaN,NaN,NaN,24.0,NaN,NaN,NaN,24.0,NaN,NaN,NaN,24.0,NaN,NaN,NaN,24.0,NaN,NaN,NaN,24.0,NaN,NaN,NaN,24.0,NaN,NaN,NaN,24.0,NaN,NaN,NaN,24.0,NaN,NaN,NaN,24.0,NaN,NaN,NaN,24.0,NaN,NaN,NaN,24.0,NaN,NaN,NaN,24.0,26.0,1.0,1.0,0.0,-16.174444444444443,2.0,0.0,0.0,0.0,0.0,0.0,0.0,0.0,0.0,0.0,0.0,1.0,0.0,0.0,0.0,0.0,0.0,NaN,NaN,NaN,16.0,NaN,NaN,NaN
NaN,NaN,NaN,24.0,NaN,NaN,NaN,24.0,NaN,NaN,NaN,24.0,NaN,NaN,NaN,24.0,NaN,NaN,NaN,24.0,NaN,NaN,NaN,24.0,NaN,NaN,NaN,24.0,NaN,NaN,NaN,24.0,NaN,NaN,NaN,24.0,NaN,NaN,NaN,24.0,NaN,NaN,NaN,24.0,NaN,NaN,NaN,24.0,NaN,NaN,NaN,24.0,NaN,NaN,NaN,24.0,NaN,NaN,NaN,24.0,NaN,NaN,NaN,24.0,NaN,NaN,NaN,24.0,NaN,NaN,NaN,24.0,NaN,NaN,NaN,24.0,NaN,NaN,NaN,24.0,NaN,NaN,NaN,24.0,NaN,NaN,NaN,24.0,NaN,NaN,NaN,24.0,NaN,NaN,NaN,24.0,NaN,NaN,NaN,24.0,NaN,NaN,NaN,24.0,NaN,NaN,NaN,24.0,NaN,NaN,NaN,24.0,NaN,NaN,NaN,24.0,NaN,NaN,NaN,24.0,NaN,NaN,NaN,24.0,NaN,NaN,NaN,24.0,NaN,NaN,NaN,24.0,NaN,NaN,NaN,24.0,26.0,1.0,1.0,0.0,-16.174444444444443,3.0,0.0,0.0,0.0,0.0,0.0,0.0,0.0,0.0,0.0,0.0,1.0,0.0,0.0,0.0,0.0,0.0,NaN,NaN,NaN,16.0,NaN,NaN,NaN
NaN,NaN,NaN,24.0,NaN,NaN,NaN,24.0,NaN,NaN,NaN,24.0,NaN,NaN,NaN,24.0,NaN,NaN,NaN,24.0,NaN,NaN,NaN,24.0,NaN,NaN,NaN,24.0,NaN,NaN,NaN,24.0,NaN,NaN,NaN,24.0,NaN,NaN,NaN,24.0,NaN,NaN,NaN,24.0,NaN,NaN,NaN,24.0,NaN,NaN,NaN,24.0,NaN,NaN,NaN,24.0,NaN,NaN,NaN,24.0,NaN,NaN,NaN,24.0,NaN,NaN,NaN,24.0,NaN,NaN,NaN,24.0,NaN,NaN,NaN,24.0,NaN,NaN,NaN,24.0,NaN,NaN,NaN,24.0,NaN,NaN,NaN,24.0,NaN,NaN,NaN,24.0,NaN,NaN,NaN,24.0,NaN,NaN,NaN,24.0,NaN,NaN,NaN,24.0,NaN,NaN,NaN,24.0,NaN,NaN,NaN,24.0,NaN,NaN,NaN,24.0,NaN,NaN,NaN,24.0,NaN,NaN,NaN,24.0,NaN,NaN,NaN,24.0,NaN,NaN,NaN,24.0,NaN,NaN,NaN,24.0,26.0,1.0,1.0,0.0,-16.174444444444443,4.0,0.0,0.0,0.0,0.0,0.0,0.0,0.0,0.0,0.0,0.0,1.0,0.0,0.0,0.0,0.0,0.0,NaN,NaN,NaN,16.0,NaN,NaN,NaN
117.0,NaN,0.0,0.0,92.0,NaN,0.0,0.0,37.06,NaN,0.0,0.0,141.0,NaN,0.0,0.0,105.0,NaN,0.0,0.0,96.0,NaN,0.0,0.0,22.0,NaN,0.0,0.0,NaN,NaN,NaN,24.0,NaN,NaN,NaN,24.0,NaN,NaN,NaN,24.0,NaN,NaN,NaN,24.0,NaN,NaN,NaN,24.0,NaN,NaN,NaN,24.0,NaN,NaN,NaN,24.0,NaN,NaN,NaN,24.0,NaN,NaN,NaN,24.0,NaN,NaN,NaN,24.0,NaN,NaN,NaN,24.0,NaN,NaN,NaN,24.0,NaN,NaN,NaN,24.0,NaN,NaN,NaN,24.0,NaN,NaN,NaN,24.0,NaN,NaN,NaN,24.0,NaN,NaN,NaN,24.0,NaN,NaN,NaN,24.0,NaN,NaN,NaN,24.0,NaN,NaN,NaN,24.0,NaN,NaN,NaN,24.0,NaN,NaN,NaN,24.0,NaN,NaN,NaN,24.0,NaN,NaN,NaN,24.0,NaN,NaN,NaN,24.0,NaN,NaN,NaN,24.0,NaN,NaN,NaN,24.0,26.0,1.0,1.0,0.0,-16.174444444444443,5.0,0.0,1.0,1.0,0.0,0.0,0.0,0.0,0.0,0.0,0.0,1.0,0.0,0.0,0.0,0.0,0.0,NaN,NaN,NaN,16.0,NaN,NaN,NaN
115.333333333333,NaN,-1.6666666666669983,0.0,98.3333333333333,NaN,6.3333333333333,0.0,37.03,NaN,-0.030000000000001137,0.0,136.5,NaN,-4.5,0.0,98.5,NaN,-6.5,0.0,88.5,NaN,-7.5,0.0,23.6666666666667,NaN,1.6666666666666998,0.0,NaN,NaN,NaN,24.0,NaN,NaN,NaN,24.0,NaN,NaN,NaN,24.0,NaN,NaN,NaN,24.0,NaN,NaN,NaN,24.0,NaN,NaN,NaN,24.0,NaN,NaN,NaN,24.0,NaN,NaN,NaN,24.0,NaN,NaN,NaN,24.0,NaN,NaN,NaN,24.0,NaN,NaN,NaN,24.0,NaN,NaN,NaN,24.0,NaN,NaN,NaN,24.0,NaN,NaN,NaN,24.0,NaN,NaN,NaN,24.0,NaN,NaN,NaN,24.0,NaN,NaN,NaN,24.0,NaN,NaN,NaN,24.0,NaN,NaN,NaN,24.0,NaN,NaN,NaN,24.0,NaN,NaN,NaN,24.0,NaN,NaN,NaN,24.0,NaN,NaN,NaN,24.0,NaN,NaN,NaN,24.0,NaN,NaN,NaN,24.0,NaN,NaN,NaN,24.0,NaN,NaN,NaN,24.0,26.0,1.0,1.0,0.0,-16.174444444444443,6.0,0.0,1.0,1.0,0.0,0.0,0.0,0.0,0.0,0.0,0.0,1.0,0.0,0.0,0.0,0.0,0.0,NaN,NaN,NaN,16.0,NaN,NaN,NaN
116.0,NaN,0.6666666666669983,0.0,99.0,NaN,0.6666666666666998,0.0,37.5,NaN,0.46999999999999886,0.0,133.0,NaN,-3.5,0.0,96.0,NaN,-2.5,0.0,86.0,NaN,-2.5,0.0,23.0,NaN,-0.6666666666666998,0.0,NaN,NaN,NaN,24.0,NaN,NaN,NaN,24.0,NaN,NaN,NaN,24.0,NaN,NaN,NaN,24.0,NaN,NaN,NaN,24.0,NaN,NaN,NaN,24.0,NaN,NaN,NaN,24.0,NaN,NaN,NaN,24.0,NaN,NaN,NaN,24.0,NaN,NaN,NaN,24.0,NaN,NaN,NaN,24.0,NaN,NaN,NaN,24.0,NaN,NaN,NaN,24.0,NaN,NaN,NaN,24.0,NaN,NaN,NaN,24.0,NaN,NaN,NaN,24.0,NaN,NaN,NaN,24.0,NaN,NaN,NaN,24.0,NaN,NaN,NaN,24.0,NaN,NaN,NaN,24.0,NaN,NaN,NaN,24.0,NaN,NaN,NaN,24.0,NaN,NaN,NaN,24.0,NaN,NaN,NaN,24.0,NaN,NaN,NaN,24.0,NaN,NaN,NaN,24.0,NaN,NaN,NaN,24.0,26.0,1.0,1.0,0.0,-16.174444444444443,7.0,0.0,1.0,1.0,0.0,0.0,0.0,0.0,0.0,0.0,0.0,1.0,0.0,0.0,0.0,0.0,0.0,NaN,NaN,NaN,16.0,NaN,NaN,NaN
118.0,NaN,2.0,0.0,97.0,NaN,-2.0,0.0,37.5,NaN,0.23499999999999943,1.0,149.0,NaN,16.0,0.0,111.0,NaN,15.0,0.0,103.0,NaN,17.0,0.0,27.0,NaN,4.0,0.0,NaN,NaN,NaN,24.0,NaN,NaN,NaN,24.0,NaN,NaN,NaN,24.0,NaN,NaN,NaN,24.0,NaN,NaN,NaN,24.0,NaN,NaN,NaN,24.0,NaN,NaN,NaN,24.0,NaN,NaN,NaN,24.0,NaN,NaN,NaN,24.0,NaN,NaN,NaN,24.0,NaN,NaN,NaN,24.0,NaN,NaN,NaN,24.0,NaN,NaN,NaN,24.0,NaN,NaN,NaN,24.0,NaN,NaN,NaN,24.0,NaN,NaN,NaN,24.0,NaN,NaN,NaN,24.0,NaN,NaN,NaN,24.0,NaN,NaN,NaN,24.0,NaN,NaN,NaN,24.0,NaN,NaN,NaN,24.0,NaN,NaN,NaN,24.0,NaN,NaN,NaN,24.0,NaN,NaN,NaN,24.0,NaN,NaN,NaN,24.0,NaN,NaN,NaN,24.0,NaN,NaN,NaN,24.0,26.0,1.0,1.0,0.0,-16.174444444444443,8.0,0.0,1.0,1.0,0.0,0.0,0.0,0.0,0.0,0.0,0.0,1.0,0.0,0.0,0.0,0.0,0.0,NaN,NaN,NaN,16.0,NaN,NaN,NaN
120.0,NaN,2.0,0.0,98.0,NaN,1.0,0.0,37.5,NaN,0.1566666666666663,2.0,141.0,NaN,-8.0,0.0,93.0,NaN,-18.0,0.0,81.0,NaN,-22.0,0.0,26.0,NaN,-1.0,0.0,NaN,NaN,NaN,24.0,NaN,NaN,NaN,24.0,NaN,NaN,NaN,24.0,NaN,NaN,NaN,24.0,NaN,NaN,NaN,24.0,NaN,NaN,NaN,24.0,NaN,NaN,NaN,24.0,NaN,NaN,NaN,24.0,NaN,NaN,NaN,24.0,NaN,NaN,NaN,24.0,NaN,NaN,NaN,24.0,NaN,NaN,NaN,24.0,NaN,NaN,NaN,24.0,NaN,NaN,NaN,24.0,NaN,NaN,NaN,24.0,NaN,NaN,NaN,24.0,NaN,NaN,NaN,24.0,NaN,NaN,NaN,24.0,NaN,NaN,NaN,24.0,NaN,NaN,NaN,24.0,NaN,NaN,NaN,24.0,NaN,NaN,NaN,24.0,NaN,NaN,NaN,24.0,NaN,NaN,NaN,24.0,NaN,NaN,NaN,24.0,NaN,NaN,NaN,24.0,NaN,NaN,NaN,24.0,26.0,1.0,1.0,0.0,-16.174444444444443,9.0,0.0,1.0,1.0,0.0,0.0,0.0,0.0,0.0,0.0,0.0,1.0,0.0,0.0,0.0,0.0,0.0,NaN,NaN,NaN,16.0,NaN,NaN,NaN
116.0,NaN,-4.0,0.0,98.0,NaN,0.0,0.0,37.5,NaN,0.11749999999999972,3.0,125.0,NaN,-16.0,0.0,90.0,NaN,-3.0,0.0,81.0,NaN,0.0,0.0,18.0,NaN,-8.0,0.0,NaN,NaN,NaN,24.0,NaN,NaN,NaN,24.0,23.0,NaN,0.0,0.0,NaN,NaN,NaN,24.0,NaN,NaN,NaN,24.0,NaN,NaN,NaN,24.0,NaN,NaN,NaN,24.0,169.0,NaN,0.0,0.0,NaN,NaN,NaN,24.0,387.0,NaN,0.0,0.0,6.4,NaN,0.0,0.0,96.0,NaN,0.0,0.0,0.4,NaN,0.0,0.0,NaN,NaN,NaN,24.0,100.0,NaN,0.0,0.0,NaN,NaN,NaN,24.0,1.7,NaN,0.0,0.0,1.7,NaN,0.0,0.0,2.6,NaN,0.0,0.0,5.7,NaN,0.0,0.0,NaN,NaN,NaN,24.0,23.0,NaN,0.0,0.0,8.0,NaN,0.0,0.0,34.5,NaN,0.0,0.0,1.3,NaN,0.0,0.0,NaN,NaN,NaN,24.0,25.0,NaN,0.0,0.0,26.0,1.0,1.0,0.0,-16.174444444444443,10.0,0.0,0.0,1.0,1.0,0.0,3.0,2.0,0.0,0.0,0.0,1.0,0.0,0.0,0.0,0.0,0.0,NaN,NaN,NaN,16.0,NaN,NaN,NaN
108.0,NaN,-8.0,0.0,98.0,NaN,0.0,0.0,37.22,NaN,-0.07000000000000028,0.0,104.0,NaN,-21.0,0.0,90.0,NaN,0.0,0.0,87.0,NaN,6.0,0.0,23.0,NaN,5.0,0.0,NaN,NaN,NaN,24.0,NaN,NaN,NaN,24.0,23.0,NaN,0.0,1.0,NaN,NaN,NaN,24.0,NaN,NaN,NaN,24.0,NaN,NaN,NaN,24.0,NaN,NaN,NaN,24.0,169.0,NaN,0.0,1.0,NaN,NaN,NaN,24.0,387.0,NaN,0.0,1.0,6.4,NaN,0.0,1.0,96.0,NaN,0.0,1.0,0.4,NaN,0.0,1.0,NaN,NaN,NaN,24.0,100.0,NaN,0.0,1.0,NaN,NaN,NaN,24.0,1.7,NaN,0.0,1.0,1.7,NaN,0.0,1.0,2.6,NaN,0.0,1.0,5.7,NaN,0.0,1.0,NaN,NaN,NaN,24.0,23.0,NaN,0.0,1.0,8.0,NaN,0.0,1.0,34.5,NaN,0.0,1.0,1.3,NaN,0.0,1.0,NaN,NaN,NaN,24.0,25.0,NaN,0.0,1.0,26.0,1.0,1.0,0.0,-16.174444444444443,11.0,0.0,1.0,1.0,1.0,0.0,0.0,0.0,0.0,0.0,0.0,1.0,0.0,0.0,0.0,0.0,0.0,NaN,NaN,NaN,16.0,NaN,NaN,NaN
102.0,NaN,-6.0,0.0,98.0,NaN,0.0,0.0,37.22,NaN,-0.05600000000000023,1.0,119.0,NaN,15.0,0.0,88.0,NaN,-2.0,0.0,79.0,NaN,-8.0,0.0,19.0,NaN,-4.0,0.0,NaN,NaN,NaN,24.0,NaN,NaN,NaN,24.0,23.0,NaN,0.0,2.0,NaN,NaN,NaN,24.0,NaN,NaN,NaN,24.0,NaN,NaN,NaN,24.0,NaN,NaN,NaN,24.0,169.0,NaN,0.0,2.0,NaN,NaN,NaN,24.0,387.0,NaN,0.0,2.0,6.4,NaN,0.0,2.0,96.0,NaN,0.0,2.0,0.4,NaN,0.0,2.0,NaN,NaN,NaN,24.0,100.0,NaN,0.0,2.0,NaN,NaN,NaN,24.0,1.7,NaN,0.0,2.0,1.7,NaN,0.0,2.0,2.6,NaN,0.0,2.0,5.7,NaN,0.0,2.0,NaN,NaN,NaN,24.0,23.0,NaN,0.0,2.0,8.0,NaN,0.0,2.0,34.5,NaN,0.0,2.0,1.3,NaN,0.0,2.0,NaN,NaN,NaN,24.0,25.0,NaN,0.0,2.0,26.0,1.0,1.0,0.0,-16.174444444444443,12.0,0.0,0.0,1.0,1.0,0.0,0.0,0.0,0.0,0.0,0.0,1.0,0.0,0.0,0.0,0.0,0.0,NaN,NaN,NaN,16.0,NaN,NaN,NaN
95.0,NaN,-7.0,0.0,98.0,NaN,0.0,0.0,37.22,NaN,-0.046666666666666856,2.0,129.0,NaN,10.0,0.0,98.0,NaN,10.0,0.0,89.0,NaN,10.0,0.0,20.0,NaN,1.0,0.0,NaN,NaN,NaN,24.0,NaN,NaN,NaN,24.0,23.0,NaN,0.0,3.0,NaN,NaN,NaN,24.0,NaN,NaN,NaN,24.0,NaN,NaN,NaN,24.0,NaN,NaN,NaN,24.0,169.0,NaN,0.0,3.0,NaN,NaN,NaN,24.0,387.0,NaN,0.0,3.0,6.4,NaN,0.0,3.0,96.0,NaN,0.0,3.0,0.4,NaN,0.0,3.0,NaN,NaN,NaN,24.0,100.0,NaN,0.0,3.0,NaN,NaN,NaN,24.0,1.7,NaN,0.0,3.0,1.7,NaN,0.0,3.0,2.6,NaN,0.0,3.0,5.7,NaN,0.0,3.0,NaN,NaN,NaN,24.0,23.0,NaN,0.0,3.0,8.0,NaN,0.0,3.0,34.5,NaN,0.0,3.0,1.3,NaN,0.0,3.0,NaN,NaN,NaN,24.0,25.0,NaN,0.0,3.0,26.0,1.0,1.0,0.0,-16.174444444444443,13.0,0.0,0.0,1.0,1.0,0.0,0.0,0.0,0.0,0.0,0.0,1.0,0.0,0.0,0.0,0.0,0.0,NaN,NaN,NaN,16.0,NaN,NaN,NaN
94.0,NaN,-1.0,0.0,97.0,NaN,-1.0,0.0,37.22,NaN,-0.04000000000000016,3.0,126.0,NaN,-3.0,0.0,99.0,NaN,1.0,0.0,90.0,NaN,1.0,0.0,23.0,NaN,3.0,0.0,NaN,NaN,NaN,24.0,NaN,NaN,NaN,24.0,23.0,NaN,0.0,4.0,NaN,NaN,NaN,24.0,NaN,NaN,NaN,24.0,NaN,NaN,NaN,24.0,NaN,NaN,NaN,24.0,169.0,NaN,0.0,4.0,NaN,NaN,NaN,24.0,387.0,NaN,0.0,4.0,6.4,NaN,0.0,4.0,96.0,NaN,0.0,4.0,0.4,NaN,0.0,4.0,NaN,NaN,NaN,24.0,100.0,NaN,0.0,4.0,NaN,NaN,NaN,24.0,1.7,NaN,0.0,4.0,1.7,NaN,0.0,4.0,2.6,NaN,0.0,4.0,5.7,NaN,0.0,4.0,NaN,NaN,NaN,24.0,23.0,NaN,0.0,4.0,8.0,NaN,0.0,4.0,34.5,NaN,0.0,4.0,1.3,NaN,0.0,4.0,NaN,NaN,NaN,24.0,25.0,NaN,0.0,4.0,26.0,1.0,1.0,0.0,-16.174444444444443,14.0,0.0,1.0,1.0,1.0,0.0,0.0,0.0,0.0,0.0,0.0,1.0,0.0,0.0,0.0,0.0,0.0,NaN,NaN,NaN,16.0,NaN,NaN,NaN
94.0,NaN,0.0,0.0,98.0,NaN,1.0,0.0,36.89,NaN,-0.08249999999999957,0.0,131.0,NaN,5.0,0.0,101.0,NaN,2.0,0.0,93.0,NaN,3.0,0.0,19.0,NaN,-4.0,0.0,NaN,NaN,NaN,24.0,NaN,NaN,NaN,24.0,23.0,NaN,0.0,5.0,NaN,NaN,NaN,24.0,NaN,NaN,NaN,24.0,NaN,NaN,NaN,24.0,NaN,NaN,NaN,24.0,169.0,NaN,0.0,5.0,NaN,NaN,NaN,24.0,387.0,NaN,0.0,5.0,6.4,NaN,0.0,5.0,96.0,NaN,0.0,5.0,0.4,NaN,0.0,5.0,NaN,NaN,NaN,24.0,100.0,NaN,0.0,5.0,NaN,NaN,NaN,24.0,1.7,NaN,0.0,5.0,1.7,NaN,0.0,5.0,2.6,NaN,0.0,5.0,5.7,NaN,0.0,5.0,NaN,NaN,NaN,24.0,23.0,NaN,0.0,5.0,8.0,NaN,0.0,5.0,34.5,NaN,0.0,5.0,1.3,NaN,0.0,5.0,NaN,NaN,NaN,24.0,25.0,NaN,0.0,5.0,26.0,1.0,1.0,0.0,-16.174444444444443,15.0,0.0,0.0,1.0,1.0,0.0,0.0,0.0,0.0,0.0,0.0,1.0,0.0,0.0,0.0,0.0,0.0,NaN,NaN,NaN,16.0,NaN,NaN,NaN
94.0,NaN,0.0,1.0,98.0,NaN,0.5,1.0,36.89,NaN,-0.06599999999999966,1.0,131.0,NaN,2.5,1.0,101.0,NaN,1.0,1.0,93.0,NaN,1.5,1.0,19.0,NaN,-2.0,1.0,NaN,NaN,NaN,24.0,NaN,NaN,NaN,24.0,23.0,NaN,0.0,6.0,NaN,NaN,NaN,24.0,NaN,NaN,NaN,24.0,NaN,NaN,NaN,24.0,NaN,NaN,NaN,24.0,169.0,NaN,0.0,6.0,NaN,NaN,NaN,24.0,387.0,NaN,0.0,6.0,6.4,NaN,0.0,6.0,96.0,NaN,0.0,6.0,0.4,NaN,0.0,6.0,NaN,NaN,NaN,24.0,100.0,NaN,0.0,6.0,NaN,NaN,NaN,24.0,1.7,NaN,0.0,6.0,1.7,NaN,0.0,6.0,2.6,NaN,0.0,6.0,5.7,NaN,0.0,6.0,NaN,NaN,NaN,24.0,23.0,NaN,0.0,6.0,8.0,NaN,0.0,6.0,34.5,NaN,0.0,6.0,1.3,NaN,0.0,6.0,NaN,NaN,NaN,24.0,25.0,NaN,0.0,6.0,26.0,1.0,1.0,0.0,-16.174444444444443,16.0,0.0,0.0,1.0,1.0,0.0,0.0,0.0,0.0,0.0,0.0,1.0,0.0,0.0,0.0,0.0,0.0,NaN,NaN,NaN,16.0,NaN,NaN,NaN
