120.0,NaN,NaN,24.0,97.0,NaN,NaN,24.0,36.78,NaN,NaN,24.0,130.5,NaN,NaN,24.0,93.0,NaN,NaN,24.0,67.0,NaN,NaN,24.0,16.5,NaN,NaN,24.0,NaN,NaN,NaN,24.0,NaN,NaN,NaN,24.0,NaN,NaN,NaN,24.0,0.6,NaN,NaN,24.0,NaN,NaN,NaN,24.0,NaN,NaN,NaN,24.0,NaN,NaN,NaN,24.0,NaN,NaN,NaN,24.0,NaN,NaN,NaN,24.0,NaN,NaN,NaN,24.0,NaN,NaN,NaN,24.0,NaN,NaN,NaN,24.0,NaN,NaN,NaN,24.0,NaN,NaN,NaN,24.0,NaN,NaN,NaN,24.0,NaN,NaN,NaN,24.0,NaN,NaN,NaN,24.0,NaN,NaN,NaN,24.0,NaN,NaN,NaN,24.0,NaN,NaN,NaN,24.0,NaN,NaN,NaN,24.0,NaN,NaN,NaN,24.0,NaN,NaN,NaN,24.0,NaN,NaN,NaN,24.0,NaN,NaN,NaN,24.0,NaN,NaN,NaN,24.0,NaN,NaN,NaN,24.0,61.0,0.0,0.0,1.0,0.0,1.0,0.0,0.0,1.0,0.0,2.0,0.0,0.0,0.0,0.0,0.0,0.0,0.0,1.0,1.0,1.0,0.0,1.0,5.0,4.0,1.0,NaN,NaN,NaN
115.0,NaN,-5.0,0.0,100.0,NaN,3.0,0.0,36.78,NaN,0.0,1.0,73.0,NaN,-57.5,0.0,51.0,NaN,-42.0,0.0,38.0,NaN,-29.0,0.0,16.0,NaN,-0.5,0.0,NaN,NaN,NaN,24.0,-1.0,NaN,0.0,0.0,21.0,NaN,0.0,0.0,0.6,NaN,0.0,1.0,7.42,NaN,0.0,0.0,34.0,NaN,0.0,0.0,NaN,NaN,NaN,24.0,14.0,NaN,0.0,0.0,9.0,NaN,0.0,0.0,113.0,NaN,0.0,0.0,7.3,NaN,0.0,0.0,103.0,NaN,0.0,0.0,0.1,NaN,0.0,0.0,NaN,NaN,NaN,24.0,149.0,NaN,0.0,0.0,1.7,NaN,0.0,0.0,1.2,NaN,0.0,0.0,1.8,NaN,0.0,0.0,3.5,NaN,0.0,0.0,0.4,NaN,0.0,0.0,NaN,NaN,NaN,24.0,29.6,NaN,0.0,0.0,9.4,NaN,0.0,0.0,NaN,NaN,NaN,24.0,13.7,NaN,0.0,0.0,NaN,NaN,NaN,24.0,250.0,NaN,0.0,0.0,61.0,0.0,0.0,1.0,0.0,2.0,0.0,0.0,1.0,1.0,0.0,0.0,0.0,1.0,0.0,0.0,1.0,1.0,1.0,1.0,1.0,0.0,1.0,5.0,4.0,1.0,NaN,NaN,NaN
112.0,NaN,-3.0,0.0,100.0,NaN,0.0,0.0,36.78,NaN,0.0,2.0,121.0,NaN,48.0,0.0,80.0,NaN,29.0,0.0,56.0,NaN,18.0,0.0,16.0,NaN,0.0,0.0,NaN,NaN,NaN,24.0,-1.0,NaN,0.0,1.0,21.0,NaN,0.0,1.0,0.6,NaN,0.0,2.0,7.42,NaN,0.0,1.0,34.0,NaN,0.0,1.0,NaN,NaN,NaN,24.0,14.0,NaN,0.0,1.0,9.0,NaN,0.0,1.0,113.0,NaN,0.0,1.0,7.3,NaN,0.0,1.0,103.0,NaN,0.0,1.0,0.1,NaN,0.0,1.0,NaN,NaN,NaN,24.0,149.0,NaN,0.0,1.0,1.7,NaN,0.0,1.0,1.2,NaN,0.0,1.0,1.8,NaN,0.0,1.0,3.5,NaN,0.0,1.0,0.4,NaN,0.0,1.0,NaN,NaN,NaN,24.0,29.6,NaN,0.0,1.0,9.4,NaN,0.0,1.0,NaN,NaN,NaN,24.0,13.7,NaN,0.0,1.0,NaN,NaN,NaN,24.0,250.0,NaN,0.0,1.0,61.0,0.0,0.0,1.0,0.0,3.0,0.0,0.0,1.0,1.0,0.0,0.0,0.0,0.0,0.0,0.0,1.0,1.0,1.0,1.0,1.0,0.0,1.0,5.0,4.0,1.0,NaN,NaN,NaN
114.0,NaN,2.0,0.0,93.0,NaN,-7.0,0.0,36.72,NaN,-0.020000000000000757,0.0,115.0,NaN,-6.0,0.0,75.0,NaN,-5.0,0.0,54.0,NaN,-2.0,0.0,16.0,NaN,0.0,0.0,26.0,NaN,0.0,0.0,-1.0,NaN,0.0,2.0,21.0,NaN,0.0,2.0,0.6,NaN,0.0,3.0,7.42,NaN,0.0,2.0,34.0,NaN,0.0,2.0,NaN,NaN,NaN,24.0,14.0,NaN,0.0,2.0,9.0,NaN,0.0,2.0,113.0,NaN,0.0,2.0,7.3,NaN,0.0,2.0,103.0,NaN,0.0,2.0,0.1,NaN,0.0,2.0,NaN,NaN,NaN,24.0,149.0,NaN,0.0,2.0,1.7,NaN,0.0,2.0,1.2,NaN,0.0,2.0,1.8,NaN,0.0,2.0,3.5,NaN,0.0,2.0,0.4,NaN,0.0,2.0,NaN,NaN,NaN,24.0,29.6,NaN,0.0,2.0,9.4,NaN,0.0,2.0,NaN,NaN,NaN,24.0,13.7,NaN,0.0,2.0,NaN,NaN,NaN,24.0,250.0,NaN,0.0,2.0,61.0,0.0,0.0,1.0,0.0,4.0,0.0,0.0,1.0,1.0,0.0,0.0,0.0,0.0,0.0,0.0,0.0,1.0,1.0,1.0,1.0,0.0,1.0,5.0,4.0,1.0,NaN,NaN,NaN
101.0,NaN,-13.0,0.0,93.0,NaN,0.0,0.0,36.72,NaN,-0.015000000000000568,1.0,117.0,NaN,2.0,0.0,79.0,NaN,4.0,0.0,56.0,NaN,2.0,0.0,16.0,NaN,0.0,0.0,26.0,NaN,0.0,1.0,-1.0,NaN,0.0,3.0,21.0,NaN,0.0,3.0,0.6,NaN,0.0,4.0,7.42,NaN,0.0,3.0,34.0,NaN,0.0,3.0,NaN,NaN,NaN,24.0,14.0,NaN,0.0,3.0,9.0,NaN,0.0,3.0,113.0,NaN,0.0,3.0,7.3,NaN,0.0,3.0,103.0,NaN,0.0,3.0,0.1,NaN,0.0,3.0,NaN,NaN,NaN,24.0,149.0,NaN,0.0,3.0,1.7,NaN,0.0,3.0,1.2,NaN,0.0,3.0,1.8,NaN,0.0,3.0,3.5,NaN,0.0,3.0,0.4,NaN,0.0,3.0,NaN,NaN,NaN,24.0,29.6,NaN,0.0,3.0,9.4,NaN,0.0,3.0,NaN,NaN,NaN,24.0,13.7,NaN,0.0,3.0,NaN,NaN,NaN,24.0,250.0,NaN,0.0,3.0,61.0,0.0,0.0,1.0,0.0,5.0,0.0,0.0,1.0,1.0,0.0,0.0,0.0,0.0,0.0,0.0,1.0,1.0,1.0,1.0,1.0,0.0,1.0,5.0,4.0,1.0,NaN,NaN,NaN
107.0,NaN,6.0,0.0,100.0,NaN,7.0,0.0,36.72,NaN,-0.012000000000000455,2.0,126.0,NaN,9.0,0.0,85.0,NaN,6.0,0.0,58.0,NaN,2.0,0.0,14.0,NaN,-2.0,0.0,26.0,NaN,0.0,2.0,-1.0,NaN,0.0,4.0,21.0,NaN,0.0,4.0,0.6,NaN,0.0,5.0,7.42,NaN,0.0,4.0,34.0,NaN,0.0,4.0,NaN,NaN,NaN,24.0,14.0,NaN,0.0,4.0,9.0,NaN,0.0,4.0,113.0,NaN,0.0,4.0,7.3,NaN,0.0,4.0,103.0,NaN,0.0,4.0,0.1,NaN,0.0,4.0,NaN,NaN,NaN,24.0,149.0,NaN,0.0,4.0,1.7,NaN,0.0,4.0,1.2,NaN,0.0,4.0,1.8,NaN,0.0,4.0,3.5,NaN,0.0,4.0,0.4,NaN,0.0,4.0,NaN,NaN,NaN,24.0,29.6,NaN,0.0,4.0,9.4,NaN,0.0,4.0,NaN,NaN,NaN,24.0,13.7,NaN,0.0,4.0,NaN,NaN,NaN,24.0,250.0,NaN,0.0,4.0,61.0,0.0,0.0,1.0,0.0,6.0,0.0,0.0,1.0,1.0,0.0,0.0,0.0,0.0,0.0,0.0,1.0,1.0,1.0,1.0,1.0,0.0,1.0,5.0,4.0,1.0,NaN,NaN,NaN
102.0,NaN,-5.0,0.0,100.0,NaN,0.0,0.0,36.72,NaN,-0.010000000000000378,3.0,102.0,NaN,-24.0,0.0,69.0,NaN,-16.0,0.0,47.0,NaN,-11.0,0.0,16.0,NaN,2.0,0.0,26.0,NaN,0.0,3.0,-1.0,NaN,0.0,5.0,21.0,NaN,0.0,5.0,0.6,NaN,0.0,6.0,7.42,NaN,0.0,5.0,34.0,NaN,0.0,5.0,NaN,NaN,NaN,24.0,14.0,NaN,0.0,5.0,9.0,NaN,0.0,5.0,113.0,NaN,0.0,5.0,7.3,NaN,0.0,5.0,103.0,NaN,0.0,5.0,0.1,NaN,0.0,5.0,NaN,NaN,NaN,24.0,149.0,NaN,0.0,5.0,1.7,NaN,0.0,5.0,1.2,NaN,0.0,5.0,1.8,NaN,0.0,5.0,3.5,NaN,0.0,5.0,0.4,NaN,0.0,5.0,NaN,NaN,NaN,24.0,29.6,NaN,0.0,5.0,9.4,NaN,0.0,5.0,NaN,NaN,NaN,24.0,13.7,NaN,0.0,5.0,NaN,NaN,NaN,24.0,250.0,NaN,0.0,5.0,61.0,0.0,0.0,1.0,0.0,7.0,0.0,0.0,1.0,1.0,0.0,0.0,0.0,0.0,0.0,0.0,1.0,1.0,1.0,1.0,1.0,0.0,1.0,5.0,4.0,1.0,NaN,NaN,NaN
103.0,NaN,1.0,0.0,99.0,NaN,-1.0,0.0,37.11,NaN,0.09750000000000014,0.0,118.0,NaN,16.0,0.0,80.0,NaN,11.0,0.0,54.0,NaN,7.0,0.0,16.0,NaN,0.0,0.0,26.0,NaN,0.0,4.0,-1.0,NaN,0.0,6.0,21.0,NaN,0.0,6.0,0.4,NaN,-0.028571428571428564,0.0,7.42,NaN,0.0,6.0,34.0,NaN,0.0,6.0,NaN,NaN,NaN,24.0,14.0,NaN,0.0,6.0,9.0,NaN,0.0,6.0,113.0,NaN,0.0,6.0,7.3,NaN,0.0,6.0,103.0,NaN,0.0,6.0,0.1,NaN,0.0,6.0,NaN,NaN,NaN,24.0,149.0,NaN,0.0,6.0,1.7,NaN,0.0,6.0,1.2,NaN,0.0,6.0,1.8,NaN,0.0,6.0,3.5,NaN,0.0,6.0,0.4,NaN,0.0,6.0,NaN,NaN,NaN,24.0,29.6,NaN,0.0,6.0,9.4,NaN,0.0,6.0,NaN,NaN,NaN,24.0,13.7,NaN,0.0,6.0,NaN,NaN,NaN,24.0,250.0,NaN,0.0,6.0,61.0,0.0,0.0,1.0,0.0,8.0,0.0,0.0,1.0,1.0,1.0,0.0,0.0,0.0,0.0,0.0,0.0,1.0,1.0,1.0,1.0,0.0,1.0,5.0,4.0,1.0,NaN,NaN,NaN
100.0,NaN,-3.0,0.0,99.0,NaN,0.0,0.0,37.11,NaN,0.07800000000000011,1.0,124.0,NaN,6.0,0.0,84.0,NaN,4.0,0.0,57.0,NaN,3.0,0.0,16.0,NaN,0.0,0.0,26.0,NaN,0.0,5.0,-1.0,NaN,0.0,7.0,21.0,NaN,0.0,7.0,0.4,NaN,-0.024999999999999994,1.0,7.42,NaN,0.0,7.0,34.0,NaN,0.0,7.0,NaN,NaN,NaN,24.0,14.0,NaN,0.0,7.0,9.0,NaN,0.0,7.0,113.0,NaN,0.0,7.0,7.3,NaN,0.0,7.0,103.0,NaN,0.0,7.0,0.1,NaN,0.0,7.0,NaN,NaN,NaN,24.0,149.0,NaN,0.0,7.0,1.7,NaN,0.0,7.0,1.2,NaN,0.0,7.0,1.8,NaN,0.0,7.0,3.5,NaN,0.0,7.0,0.4,NaN,0.0,7.0,NaN,NaN,NaN,24.0,29.6,NaN,0.0,7.0,9.4,NaN,0.0,7.0,NaN,NaN,NaN,24.0,13.7,NaN,0.0,7.0,NaN,NaN,NaN,24.0,250.0,NaN,0.0,7.0,61.0,0.0,0.0,1.0,0.0,9.0,0.0,0.0,1.0,1.0,0.0,0.0,0.0,0.0,0.0,0.0,1.0,1.0,1.0,1.0,1.0,0.0,1.0,5.0,4.0,1.0,NaN,NaN,NaN
