NaN,NaN,NaN,24.0,NaN,NaN,NaN,24.0,NaN,NaN,NaN,24.0,NaN,NaN,NaN,24.0,NaN,NaN,NaN,24.0,NaN,NaN,NaN,24.0,NaN,NaN,NaN,24.0,NaN,NaN,NaN,24.0,NaN,NaN,NaN,24.0,NaN,NaN,NaN,24.0,NaN,NaN,NaN,24.0,NaN,NaN,NaN,24.0,NaN,NaN,NaN,24.0,NaN,NaN,NaN,24.0,NaN,NaN,NaN,24.0,NaN,NaN,NaN,24.0,NaN,NaN,NaN,24.0,NaN,NaN,NaN,24.0,NaN,NaN,NaN,24.0,NaN,NaN,NaN,24.0,NaN,NaN,NaN,24.0,NaN,NaN,NaN,24.0,NaN,NaN,NaN,24.0,NaN,NaN,NaN,24.0,NaN,NaN,NaN,24.0,NaN,NaN,NaN,24.0,NaN,NaN,NaN,24.0,NaN,NaN,NaN,24.0,NaN,NaN,NaN,24.0,NaN,NaN,NaN,24.0,NaN,NaN,NaN,24.0,NaN,NaN,NaN,24.0,NaN,NaN,NaN,24.0,NaN,NaN,NaN,24.0,34.0,1.0,0.0,1.0,-4.329444444444444,1.0,0.0,0.0,0.0,0.0,0.0,0.0,0.0,0.0,0.0,0.0,1.0,0.0,0.0,NaN,0.0,0.0,NaN,NaN,NaN,NaN,NaN,NaN,NaN
85.0,NaN,0.0,0.0,100.0,NaN,0.0,0.0,NaN,NaN,NaN,24.0,127.0,NaN,0.0,0.0,90.0,NaN,0.0,0.0,81.0,NaN,0.0,0.0,15.0,NaN,0.0,0.0,NaN,NaN,NaN,24.0,NaN,NaN,NaN,24.0,NaN,NaN,NaN,24.0,NaN,NaN,NaN,24.0,NaN,NaN,NaN,24.0,NaN,NaN,NaN,24.0,NaN,NaN,NaN,24.0,NaN,NaN,NaN,24.0,NaN,NaN,NaN,24.0,NaN,NaN,NaN,24.0,NaN,NaN,NaN,24.0,NaN,NaN,NaN,24.0,NaN,NaN,NaN,24.0,NaN,NaN,NaN,24.0,NaN,NaN,NaN,24.0,NaN,NaN,NaN,24.0,NaN,NaN,NaN,24.0,NaN,NaN,NaN,24.0,NaN,NaN,NaN,24.0,NaN,NaN,NaN,24.0,NaN,NaN,NaN,24.0,NaN,NaN,NaN,24.0,NaN,NaN,NaN,24.0,NaN,NaN,NaN,24.0,NaN,NaN,NaN,24.0,NaN,NaN,NaN,24.0,NaN,NaN,NaN,24.0,34.0,1.0,0.0,1.0,-4.329444444444444,2.0,0.0,0.0,0.0,0.0,0.0,0.0,0.0,0.0,0.0,0.0,1.0,0.0,0.0,NaN,0.0,0.0,NaN,NaN,NaN,NaN,NaN,NaN,NaN
67.0,NaN,-18.0,0.0,97.0,NaN,-3.0,0.0,36.44,NaN,0.0,0.0,122.0,NaN,-5.0,0.0,88.0,NaN,-2.0,0.0,78.0,NaN,-3.0,0.0,10.0,NaN,-5.0,0.0,NaN,NaN,NaN,24.0,NaN,NaN,NaN,24.0,25.0,NaN,0.0,0.0,NaN,NaN,NaN,24.0,NaN,NaN,NaN,24.0,NaN,NaN,NaN,24.0,NaN,NaN,NaN,24.0,13.0,NaN,0.0,0.0,38.0,NaN,0.0,0.0,48.0,NaN,0.0,0.0,8.9,NaN,0.0,0.0,104.0,NaN,0.0,0.0,5.6,NaN,0.0,0.0,NaN,NaN,NaN,24.0,120.0,NaN,0.0,0.0,NaN,NaN,NaN,24.0,1.7,NaN,0.0,0.0,3.4,NaN,0.0,0.0,3.8,NaN,0.0,0.0,NaN,NaN,NaN,24.0,0.01,NaN,0.0,0.0,27.8,NaN,0.0,0.0,9.1,NaN,0.0,0.0,28.8,NaN,0.0,0.0,7.3,NaN,0.0,0.0,NaN,NaN,NaN,24.0,208.0,NaN,0.0,0.0,34.0,1.0,0.0,1.0,-4.329444444444444,3.0,0.0,0.0,0.0,0.0,0.0,0.0,0.0,0.0,0.0,4.0,1.0,0.0,0.0,NaN,0.0,0.0,NaN,NaN,NaN,NaN,NaN,NaN,NaN
66.0,NaN,-1.0,0.0,97.0,NaN,0.0,0.0,36.44,NaN,0.0,1.0,108.0,NaN,-14.0,0.0,75.0,NaN,-13.0,0.0,67.0,NaN,-11.0,0.0,8.0,NaN,-2.0,0.0,NaN,NaN,NaN,24.0,NaN,NaN,NaN,24.0,25.0,NaN,0.0,1.0,NaN,NaN,NaN,24.0,NaN,NaN,NaN,24.0,NaN,NaN,NaN,24.0,NaN,NaN,NaN,24.0,13.0,NaN,0.0,1.0,38.0,NaN,0.0,1.0,48.0,NaN,0.0,1.0,8.9,NaN,0.0,1.0,104.0,NaN,0.0,1.0,5.6,NaN,0.0,1.0,NaN,NaN,NaN,24.0,120.0,NaN,0.0,1.0,NaN,NaN,NaN,24.0,1.7,NaN,0.0,1.0,3.4,NaN,0.0,1.0,3.8,NaN,0.0,1.0,NaN,NaN,NaN,24.0,0.01,NaN,0.0,1.0,27.8,NaN,0.0,1.0,9.1,NaN,0.0,1.0,28.8,NaN,0.0,1.0,7.3,NaN,0.0,1.0,NaN,NaN,NaN,24.0,208.0,NaN,0.0,1.0,34.0,1.0,0.0,1.0,-4.329444444444444,4.0,0.0,0.0,0.0,0.0,0.0,0.0,0.0,0.0,0.0,0.0,1.0,0.0,0.0,NaN,0.0,0.0,NaN,NaN,NaN,NaN,NaN,NaN,NaN
71.0,NaN,5.0,0.0,98.0,NaN,1.0,0.0,36.44,NaN,0.0,2.0,87.0,NaN,-21.0,0.0,59.0,NaN,-16.0,0.0,51.0,NaN,-16.0,0.0,14.0,NaN,6.0,0.0,NaN,NaN,NaN,24.0,NaN,NaN,NaN,24.0,25.0,NaN,0.0,2.0,NaN,NaN,NaN,24.0,NaN,NaN,NaN,24.0,NaN,NaN,NaN,24.0,NaN,NaN,NaN,24.0,13.0,NaN,0.0,2.0,38.0,NaN,0.0,2.0,48.0,NaN,0.0,2.0,8.9,NaN,0.0,2.0,104.0,NaN,0.0,2.0,5.6,NaN,0.0,2.0,NaN,NaN,NaN,24.0,120.0,NaN,0.0,2.0,NaN,NaN,NaN,24.0,1.7,NaN,0.0,2.0,3.4,NaN,0.0,2.0,3.8,NaN,0.0,2.0,NaN,NaN,NaN,24.0,0.01,NaN,0.0,2.0,27.8,NaN,0.0,2.0,9.1,NaN,0.0,2.0,28.8,NaN,0.0,2.0,7.3,NaN,0.0,2.0,NaN,NaN,NaN,24.0,208.0,NaN,0.0,2.0,34.0,1.0,0.0,1.0,-4.329444444444444,5.0,0.0,0.0,0.0,0.0,0.0,0.0,0.0,1.0,0.0,0.0,1.0,0.0,0.0,NaN,0.0,0.0,NaN,NaN,NaN,NaN,NaN,NaN,NaN
69.0,NaN,-2.0,0.0,97.0,NaN,-1.0,0.0,36.44,NaN,0.0,3.0,121.0,NaN,34.0,0.0,84.0,NaN,25.0,0.0,74.0,NaN,23.0,0.0,13.0,NaN,-1.0,0.0,NaN,NaN,NaN,24.0,NaN,NaN,NaN,24.0,25.0,NaN,0.0,3.0,NaN,NaN,NaN,24.0,NaN,NaN,NaN,24.0,NaN,NaN,NaN,24.0,NaN,NaN,NaN,24.0,13.0,NaN,0.0,3.0,38.0,NaN,0.0,3.0,48.0,NaN,0.0,3.0,8.9,NaN,0.0,3.0,104.0,NaN,0.0,3.0,5.6,NaN,0.0,3.0,NaN,NaN,NaN,24.0,120.0,NaN,0.0,3.0,NaN,NaN,NaN,24.0,1.7,NaN,0.0,3.0,3.4,NaN,0.0,3.0,3.8,NaN,0.0,3.0,NaN,NaN,NaN,24.0,0.01,NaN,0.0,3.0,27.8,NaN,0.0,3.0,9.1,NaN,0.0,3.0,28.8,NaN,0.0,3.0,7.3,NaN,0.0,3.0,NaN,NaN,NaN,24.0,208.0,NaN,0.0,3.0,34.0,1.0,0.0,1.0,-4.329444444444444,6.0,0.0,0.0,0.0,0.0,0.0,0.0,0.0,0.0,0.0,0.0,1.0,0.0,0.0,NaN,0.0,0.0,NaN,NaN,NaN,NaN,NaN,NaN,NaN
78.0,NaN,9.0,0.0,99.0,NaN,2.0,0.0,36.44,NaN,0.0,4.0,105.0,NaN,-16.0,0.0,76.0,NaN,-8.0,0.0,67.0,NaN,-7.0,0.0,15.0,NaN,2.0,0.0,NaN,NaN,NaN,24.0,NaN,NaN,NaN,24.0,25.0,NaN,0.0,4.0,NaN,NaN,NaN,24.0,NaN,NaN,NaN,24.0,NaN,NaN,NaN,24.0,NaN,NaN,NaN,24.0,13.0,NaN,0.0,4.0,38.0,NaN,0.0,4.0,48.0,NaN,0.0,4.0,8.9,NaN,0.0,4.0,104.0,NaN,0.0,4.0,5.6,NaN,0.0,4.0,NaN,NaN,NaN,24.0,120.0,NaN,0.0,4.0,NaN,NaN,NaN,24.0,1.7,NaN,0.0,4.0,3.4,NaN,0.0,4.0,3.8,NaN,0.0,4.0,NaN,NaN,NaN,24.0,0.01,NaN,0.0,4.0,27.8,NaN,0.0,4.0,9.1,NaN,0.0,4.0,28.8,NaN,0.0,4.0,7.3,NaN,0.0,4.0,NaN,NaN,NaN,24.0,208.0,NaN,0.0,4.0,34.0,1.0,0.0,1.0,-4.329444444444444,7.0,0.0,0.0,0.0,0.0,0.0,0.0,0.0,0.0,0.0,0.0,1.0,0.0,0.0,NaN,0.0,0.0,NaN,NaN,NaN,NaN,NaN,NaN,NaN
61.0,NaN,-17.0,0.0,98.0,NaN,-1.0,0.0,36.44,NaN,0.0,5.0,110.0,NaN,5.0,0.0,80.0,NaN,4.0,0.0,71.0,NaN,4.0,0.0,13.0,NaN,-2.0,0.0,NaN,NaN,NaN,24.0,NaN,NaN,NaN,24.0,25.0,NaN,0.0,5.0,NaN,NaN,NaN,24.0,NaN,NaN,NaN,24.0,NaN,NaN,NaN,24.0,NaN,NaN,NaN,24.0,13.0,NaN,0.0,5.0,38.0,NaN,0.0,5.0,48.0,NaN,0.0,5.0,8.9,NaN,0.0,5.0,104.0,NaN,0.0,5.0,5.6,NaN,0.0,5.0,NaN,NaN,NaN,24.0,120.0,NaN,0.0,5.0,NaN,NaN,NaN,24.0,1.7,NaN,0.0,5.0,3.4,NaN,0.0,5.0,3.8,NaN,0.0,5.0,NaN,NaN,NaN,24.0,0.01,NaN,0.0,5.0,27.8,NaN,0.0,5.0,9.1,NaN,0.0,5.0,28.8,NaN,0.0,5.0,7.3,NaN,0.0,5.0,NaN,NaN,NaN,24.0,208.0,NaN,0.0,5.0,34.0,1.0,0.0,1.0,-4.329444444444444,8.0,0.0,0.0,0.0,0.0,0.0,0.0,0.0,0.0,0.0,0.0,1.0,0.0,0.0,NaN,0.0,0.0,NaN,NaN,NaN,NaN,NaN,NaN,NaN
61.0,NaN,0.0,0.0,98.0,NaN,0.0,0.0,36.56,NaN,0.020000000000000757,0.0,115.0,NaN,5.0,0.0,74.0,NaN,-6.0,0.0,61.0,NaN,-10.0,0.0,13.0,NaN,0.0,0.0,NaN,NaN,NaN,24.0,NaN,NaN,NaN,24.0,25.0,NaN,0.0,6.0,NaN,NaN,NaN,24.0,NaN,NaN,NaN,24.0,NaN,NaN,NaN,24.0,NaN,NaN,NaN,24.0,13.0,NaN,0.0,6.0,38.0,NaN,0.0,6.0,48.0,NaN,0.0,6.0,8.9,NaN,0.0,6.0,104.0,NaN,0.0,6.0,5.6,NaN,0.0,6.0,NaN,NaN,NaN,24.0,120.0,NaN,0.0,6.0,NaN,NaN,NaN,24.0,1.7,NaN,0.0,6.0,3.4,NaN,0.0,6.0,3.8,NaN,0.0,6.0,NaN,NaN,NaN,24.0,0.01,NaN,0.0,6.0,27.8,NaN,0.0,6.0,9.1,NaN,0.0,6.0,28.8,NaN,0.0,6.0,7.3,NaN,0.0,6.0,NaN,NaN,NaN,24.0,208.0,NaN,0.0,6.0,34.0,1.0,0.0,1.0,-4.329444444444444,9.0,0.0,0.0,0.0,0.0,0.0,0.0,0.0,0.0,0.0,0.0,1.0,0.0,0.0,NaN,0.0,0.0,NaN,NaN,NaN,NaN,NaN,NaN,NaN
64.0,NaN,3.0,0.0,98.0,NaN,0.0,0.0,36.56,NaN,0.017142857142857792,1.0,125.0,NaN,10.0,0.0,93.0,NaN,19.0,0.0,82.0,NaN,21.0,0.0,14.0,NaN,1.0,0.0,NaN,NaN,NaN,24.0,NaN,NaN,NaN,24.0,25.0,NaN,0.0,7.0,NaN,NaN,NaN,24.0,NaN,NaN,NaN,24.0,NaN,NaN,NaN,24.0,NaN,NaN,NaN,24.0,13.0,NaN,0.0,7.0,38.0,NaN,0.0,7.0,48.0,NaN,0.0,7.0,8.9,NaN,0.0,7.0,104.0,NaN,0.0,7.0,5.6,NaN,0.0,7.0,NaN,NaN,NaN,24.0,120.0,NaN,0.0,7.0,NaN,NaN,NaN,24.0,1.7,NaN,0.0,7.0,3.4,NaN,0.0,7.0,3.8,NaN,0.0,7.0,NaN,NaN,NaN,24.0,0.01,NaN,0.0,7.0,27.8,NaN,0.0,7.0,9.1,NaN,0.0,7.0,28.8,NaN,0.0,7.0,7.3,NaN,0.0,7.0,NaN,NaN,NaN,24.0,208.0,NaN,0.0,7.0,34.0,1.0,0.0,1.0,-4.329444444444444,10.0,0.0,0.0,0.0,0.0,0.0,0.0,0.0,0.0,0.0,0.0,1.0,0.0,0.0,NaN,0.0,0.0,NaN,NaN,NaN,NaN,NaN,NaN,NaN
63.0,NaN,-1.0,0.0,99.0,NaN,1.0,0.0,36.56,NaN,0.015000000000000568,2.0,135.0,NaN,10.0,0.0,94.0,NaN,1.0,0.0,83.0,NaN,1.0,0.0,19.0,NaN,5.0,0.0,NaN,NaN,NaN,24.0,NaN,NaN,NaN,24.0,25.0,NaN,0.0,8.0,NaN,NaN,NaN,24.0,NaN,NaN,NaN,24.0,NaN,NaN,NaN,24.0,NaN,NaN,NaN,24.0,13.0,NaN,0.0,8.0,38.0,NaN,0.0,8.0,48.0,NaN,0.0,8.0,8.9,NaN,0.0,8.0,104.0,NaN,0.0,8.0,5.6,NaN,0.0,8.0,NaN,NaN,NaN,24.0,120.0,NaN,0.0,8.0,NaN,NaN,NaN,24.0,1.7,NaN,0.0,8.0,3.4,NaN,0.0,8.0,3.8,NaN,0.0,8.0,NaN,NaN,NaN,24.0,0.01,NaN,0.0,8.0,27.8,NaN,0.0,8.0,9.1,NaN,0.0,8.0,28.8,NaN,0.0,8.0,7.3,NaN,0.0,8.0,NaN,NaN,NaN,24.0,208.0,NaN,0.0,8.0,34.0,1.0,0.0,1.0,-4.329444444444444,11.0,0.0,0.0,0.0,0.0,0.0,0.0,0.0,0.0,0.0,0.0,1.0,0.0,0.0,NaN,0.0,0.0,NaN,NaN,NaN,NaN,NaN,NaN,NaN
86.0,NaN,23.0,0.0,99.0,NaN,0.0,0.0,36.56,NaN,0.013333333333333839,3.0,144.0,NaN,9.0,0.0,95.0,NaN,1.0,0.0,81.0,NaN,-2.0,0.0,21.0,NaN,2.0,0.0,NaN,NaN,NaN,24.0,NaN,NaN,NaN,24.0,25.0,NaN,0.0,9.0,NaN,NaN,NaN,24.0,NaN,NaN,NaN,24.0,NaN,NaN,NaN,24.0,NaN,NaN,NaN,24.0,13.0,NaN,0.0,9.0,38.0,NaN,0.0,9.0,48.0,NaN,0.0,9.0,8.9,NaN,0.0,9.0,104.0,NaN,0.0,9.0,5.6,NaN,0.0,9.0,NaN,NaN,NaN,24.0,120.0,NaN,0.0,9.0,NaN,NaN,NaN,24.0,1.7,NaN,0.0,9.0,3.4,NaN,0.0,9.0,3.8,NaN,0.0,9.0,NaN,NaN,NaN,24.0,0.01,NaN,0.0,9.0,27.8,NaN,0.0,9.0,9.1,NaN,0.0,9.0,28.8,NaN,0.0,9.0,7.3,NaN,0.0,9.0,NaN,NaN,NaN,24.0,208.0,NaN,0.0,9.0,34.0,1.0,0.0,1.0,-4.329444444444444,12.0,0.0,1.0,0.0,0.0,0.0,0.0,0.0,0.0,0.0,0.0,1.0,0.0,0.0,NaN,0.0,0.0,NaN,NaN,NaN,NaN,NaN,NaN,NaN
