110.0,NaN,NaN,24.0,100.0,NaN,NaN,24.0,NaN,NaN,NaN,24.0,84.0,NaN,NaN,24.0,68.0,NaN,NaN,24.0,62.0,NaN,NaN,24.0,30.0,NaN,NaN,24.0,NaN,NaN,NaN,24.0,NaN,NaN,NaN,24.0,NaN,NaN,NaN,24.0,NaN,NaN,NaN,24.0,NaN,NaN,NaN,24.0,NaN,NaN,NaN,24.0,NaN,NaN,NaN,24.0,NaN,NaN,NaN,24.0,NaN,NaN,NaN,24.0,NaN,NaN,NaN,24.0,NaN,NaN,NaN,24.0,NaN,NaN,NaN,24.0,NaN,NaN,NaN,24.0,NaN,NaN,NaN,24.0,NaN,NaN,NaN,24.0,NaN,NaN,NaN,24.0,NaN,NaN,NaN,24.0,NaN,NaN,NaN,24.0,NaN,NaN,NaN,24.0,NaN,NaN,NaN,24.0,NaN,NaN,NaN,24.0,NaN,NaN,NaN,24.0,NaN,NaN,NaN,24.0,NaN,NaN,NaN,24.0,NaN,NaN,NaN,24.0,NaN,NaN,NaN,24.0,NaN,NaN,NaN,24.0,20.0,1.0,1.0,0.0,-4.466666666666667,1.0,0.0,1.0,1.0,0.0,0.0,0.0,0.0,1.0,0.0,0.0,1.0,0.0,1.0,1.0,0.0,0.0,NaN,6.0,6.0,6.0,NaN,NaN,NaN
107.25,NaN,-2.75,0.0,99.5,NaN,-0.5,0.0,37.39,NaN,0.0,0.0,94.0,NaN,10.0,0.0,66.0,NaN,-2.0,0.0,56.3333333333333,NaN,-5.6666666666667,0.0,30.625,NaN,0.625,0.0,NaN,NaN,NaN,24.0,NaN,NaN,NaN,24.0,21.0,NaN,0.0,0.0,1.0,NaN,0.0,0.0,NaN,NaN,NaN,24.0,NaN,NaN,NaN,24.0,NaN,NaN,NaN,24.0,523.0,NaN,0.0,0.0,24.0,NaN,0.0,0.0,61.0,NaN,0.0,0.0,7.9,NaN,0.0,0.0,101.0,NaN,0.0,0.0,1.9,NaN,0.0,0.0,NaN,NaN,NaN,24.0,64.0,NaN,0.0,0.0,NaN,NaN,NaN,24.0,2.0,NaN,0.0,0.0,4.7,NaN,0.0,0.0,5.8,NaN,0.0,0.0,0.5,NaN,0.0,0.0,NaN,NaN,NaN,24.0,43.4,NaN,0.0,0.0,14.8,NaN,0.0,0.0,NaN,NaN,NaN,24.0,13.3,NaN,0.0,0.0,NaN,NaN,NaN,24.0,240.0,NaN,0.0,0.0,20.0,1.0,1.0,0.0,-4.466666666666667,2.0,0.0,1.0,1.0,1.0,3.0,0.0,0.0,0.0,0.0,1.0,0.0,0.0,1.0,1.0,0.0,0.0,NaN,6.0,6.0,6.0,NaN,NaN,NaN
104.0,NaN,-3.25,0.0,100.0,NaN,0.5,0.0,37.39,NaN,0.0,1.0,91.5,NaN,-2.5,0.0,56.5,NaN,-9.5,0.0,47.5,NaN,-8.8333333333333,0.0,30.0,NaN,-0.625,0.0,NaN,NaN,NaN,24.0,NaN,NaN,NaN,24.0,21.0,NaN,0.0,1.0,1.0,NaN,0.0,1.0,NaN,NaN,NaN,24.0,NaN,NaN,NaN,24.0,NaN,NaN,NaN,24.0,523.0,NaN,0.0,1.0,24.0,NaN,0.0,1.0,61.0,NaN,0.0,1.0,7.9,NaN,0.0,1.0,101.0,NaN,0.0,1.0,1.9,NaN,0.0,1.0,NaN,NaN,NaN,24.0,64.0,NaN,0.0,1.0,NaN,NaN,NaN,24.0,2.0,NaN,0.0,1.0,4.7,NaN,0.0,1.0,5.8,NaN,0.0,1.0,0.5,NaN,0.0,1.0,NaN,NaN,NaN,24.0,43.4,NaN,0.0,1.0,14.8,NaN,0.0,1.0,NaN,NaN,NaN,24.0,13.3,NaN,0.0,1.0,NaN,NaN,NaN,24.0,240.0,NaN,0.0,1.0,20.0,1.0,1.0,0.0,-4.466666666666667,3.0,0.0,1.0,1.0,1.0,0.0,0.0,0.0,1.0,0.0,0.0,1.0,1.0,1.0,1.0,0.0,0.0,NaN,6.0,6.0,6.0,NaN,NaN,NaN
106.0,NaN,2.0,0.0,100.0,NaN,0.0,0.0,37.39,NaN,0.0,2.0,92.0,NaN,0.5,0.0,54.0,NaN,-2.5,0.0,42.0,NaN,-5.5,0.0,30.0,NaN,0.0,0.0,NaN,NaN,NaN,24.0,NaN,NaN,NaN,24.0,21.0,NaN,0.0,2.0,0.6,NaN,-0.2,0.0,NaN,NaN,NaN,24.0,NaN,NaN,NaN,24.0,NaN,NaN,NaN,24.0,523.0,NaN,0.0,2.0,24.0,NaN,0.0,2.0,61.0,NaN,0.0,2.0,7.9,NaN,0.0,2.0,101.0,NaN,0.0,2.0,1.9,NaN,0.0,2.0,NaN,NaN,NaN,24.0,64.0,NaN,0.0,2.0,NaN,NaN,NaN,24.0,2.0,NaN,0.0,2.0,4.7,NaN,0.0,2.0,5.8,NaN,0.0,2.0,0.5,NaN,0.0,2.0,NaN,NaN,NaN,24.0,43.4,NaN,0.0,2.0,14.8,NaN,0.0,2.0,NaN,NaN,NaN,24.0,13.3,NaN,0.0,2.0,NaN,NaN,NaN,24.0,240.0,NaN,0.0,2.0,20.0,1.0,1.0,0.0,-4.466666666666667,4.0,0.0,1.0,1.0,1.0,2.0,0.0,0.0,1.0,0.0,0.0,1.0,1.0,1.0,1.0,0.0,0.0,NaN,6.0,6.0,6.0,NaN,NaN,NaN
99.0,NaN,-7.0,0.0,98.0,NaN,-2.0,0.0,37.39,NaN,0.0,3.0,81.0,NaN,-11.0,0.0,53.0,NaN,-1.0,0.0,44.0,NaN,2.0,0.0,30.0,NaN,0.0,0.0,NaN,NaN,NaN,24.0,-7.0,NaN,0.0,0.0,21.0,NaN,0.0,3.0,0.6,NaN,-0.13333333333333333,1.0,7.25,NaN,0.0,0.0,45.0,NaN,0.0,0.0,NaN,NaN,NaN,24.0,523.0,NaN,0.0,3.0,24.0,NaN,0.0,3.0,61.0,NaN,0.0,3.0,7.9,NaN,0.0,3.0,101.0,NaN,0.0,3.0,1.9,NaN,0.0,3.0,NaN,NaN,NaN,24.0,64.0,NaN,0.0,3.0,3.3,NaN,0.0,0.0,2.0,NaN,0.0,3.0,4.7,NaN,0.0,3.0,5.8,NaN,0.0,3.0,0.5,NaN,0.0,3.0,NaN,NaN,NaN,24.0,43.4,NaN,0.0,3.0,14.8,NaN,0.0,3.0,NaN,NaN,NaN,24.0,13.3,NaN,0.0,3.0,NaN,NaN,NaN,24.0,240.0,NaN,0.0,3.0,20.0,1.0,1.0,0.0,-4.466666666666667,5.0,0.0,1.0,1.0,1.0,0.0,0.0,0.0,1.0,1.0,0.0,1.0,1.0,1.0,1.0,0.0,0.0,NaN,6.0,6.0,6.0,NaN,NaN,NaN
105.0,NaN,6.0,0.0,98.0,NaN,0.0,0.0,37.39,NaN,0.0,4.0,127.0,NaN,46.0,0.0,82.0,NaN,29.0,0.0,67.0,NaN,23.0,0.0,30.0,NaN,0.0,0.0,NaN,NaN,NaN,24.0,-7.0,NaN,0.0,1.0,21.0,NaN,0.0,4.0,0.7,NaN,0.04999999999999999,0.0,7.25,NaN,0.0,1.0,45.0,NaN,0.0,1.0,NaN,NaN,NaN,24.0,523.0,NaN,0.0,4.0,24.0,NaN,0.0,4.0,61.0,NaN,0.0,4.0,7.9,NaN,0.0,4.0,101.0,NaN,0.0,4.0,1.9,NaN,0.0,4.0,NaN,NaN,NaN,24.0,64.0,NaN,0.0,4.0,3.3,NaN,0.0,1.0,2.0,NaN,0.0,4.0,4.7,NaN,0.0,4.0,5.8,NaN,0.0,4.0,0.5,NaN,0.0,4.0,NaN,NaN,NaN,24.0,43.4,NaN,0.0,4.0,14.8,NaN,0.0,4.0,NaN,NaN,NaN,24.0,13.3,NaN,0.0,4.0,NaN,NaN,NaN,24.0,240.0,NaN,0.0,4.0,20.0,1.0,1.0,0.0,-4.466666666666667,6.0,0.0,1.0,1.0,1.0,3.0,0.0,0.0,0.0,0.0,0.0,0.0,1.0,1.0,1.0,0.0,0.0,NaN,6.0,6.0,6.0,NaN,NaN,NaN
113.75,NaN,8.75,0.0,97.25,NaN,-0.75,0.0,38.86,NaN,0.29399999999999976,0.0,115.0,NaN,-12.0,0.0,71.625,NaN,-10.375,0.0,56.75,NaN,-10.25,0.0,30.0,NaN,0.0,0.0,NaN,NaN,NaN,24.0,-5.0,NaN,1.0,0.0,21.0,NaN,0.0,5.0,0.5,NaN,-0.19999999999999996,0.0,7.34,NaN,0.04499999999999993,0.0,37.0,NaN,-4.0,0.0,NaN,NaN,NaN,24.0,523.0,NaN,0.0,5.0,24.0,NaN,0.0,5.0,61.0,NaN,0.0,5.0,7.9,NaN,0.0,5.0,101.0,NaN,0.0,5.0,1.9,NaN,0.0,5.0,NaN,NaN,NaN,24.0,64.0,NaN,0.0,5.0,2.4,NaN,-0.44999999999999996,0.0,2.0,NaN,0.0,5.0,4.7,NaN,0.0,5.0,5.8,NaN,0.0,5.0,0.5,NaN,0.0,5.0,NaN,NaN,NaN,24.0,43.4,NaN,0.0,5.0,14.8,NaN,0.0,5.0,NaN,NaN,NaN,24.0,13.3,NaN,0.0,5.0,NaN,NaN,NaN,24.0,240.0,NaN,0.0,5.0,20.0,1.0,1.0,0.0,-4.466666666666667,7.0,1.0,1.0,1.0,1.0,2.0,0.0,0.0,0.0,1.0,0.0,1.0,1.0,1.0,1.0,0.0,0.0,NaN,6.0,6.0,6.0,NaN,NaN,NaN
112.25,NaN,-1.5,0.0,96.0,NaN,-1.25,0.0,38.86,NaN,0.2449999999999998,1.0,114.125,NaN,-0.875,0.0,76.75,NaN,5.125,0.0,63.125,NaN,6.375,0.0,30.0,NaN,0.0,0.0,NaN,NaN,NaN,24.0,-5.0,NaN,0.6666666666666666,1.0,21.0,NaN,0.0,6.0,0.5,NaN,-0.09999999999999998,1.0,7.34,NaN,0.029999999999999954,1.0,37.0,NaN,-2.6666666666666665,1.0,NaN,NaN,NaN,24.0,523.0,NaN,0.0,6.0,24.0,NaN,0.0,6.0,61.0,NaN,0.0,6.0,7.9,NaN,0.0,6.0,101.0,NaN,0.0,6.0,1.9,NaN,0.0,6.0,NaN,NaN,NaN,24.0,64.0,NaN,0.0,6.0,2.4,NaN,-0.3,1.0,2.0,NaN,0.0,6.0,4.7,NaN,0.0,6.0,5.8,NaN,0.0,6.0,0.5,NaN,0.0,6.0,NaN,NaN,NaN,24.0,43.4,NaN,0.0,6.0,14.8,NaN,0.0,6.0,NaN,NaN,NaN,24.0,13.3,NaN,0.0,6.0,NaN,NaN,NaN,24.0,240.0,NaN,0.0,6.0,20.0,1.0,1.0,0.0,-4.466666666666667,8.0,1.0,1.0,1.0,1.0,0.0,0.0,0.0,0.0,0.0,0.0,1.0,1.0,1.0,1.0,0.0,0.0,NaN,6.0,6.0,6.0,NaN,NaN,NaN
116.0,NaN,3.75,0.0,96.3333333333333,NaN,0.3333333333333002,0.0,38.9,NaN,0.019999999999999574,0.0,100.0,NaN,-14.125,0.0,69.2,NaN,-7.549999999999997,0.0,56.4,NaN,-6.725000000000001,0.0,30.0,NaN,0.0,0.0,NaN,NaN,NaN,24.0,-5.0,NaN,0.5,2.0,17.0,NaN,-0.5714285714285714,0.0,0.5,NaN,-0.06666666666666665,2.0,7.34,NaN,0.022499999999999964,2.0,37.0,NaN,-2.0,2.0,NaN,NaN,NaN,24.0,696.0,NaN,24.714285714285715,0.0,21.0,NaN,-0.42857142857142855,0.0,50.0,NaN,-1.5714285714285714,0.0,7.1,NaN,-0.1142857142857144,0.0,106.0,NaN,0.7142857142857143,0.0,1.5,NaN,-0.05714285714285713,0.0,NaN,NaN,NaN,24.0,147.0,NaN,11.857142857142858,0.0,2.4,NaN,-0.22499999999999998,2.0,1.7,NaN,-0.042857142857142864,0.0,3.5,NaN,-0.17142857142857146,0.0,4.4,NaN,-0.19999999999999993,0.0,0.4,NaN,-0.014285714285714282,0.0,NaN,NaN,NaN,24.0,40.4,NaN,-0.42857142857142855,0.0,14.0,NaN,-0.1142857142857144,0.0,NaN,NaN,NaN,24.0,16.1,NaN,0.4000000000000001,0.0,NaN,NaN,NaN,24.0,172.0,NaN,-9.714285714285714,0.0,20.0,1.0,1.0,0.0,-4.466666666666667,9.0,1.0,1.0,1.0,1.0,0.0,0.0,0.0,0.0,0.0,1.0,1.0,1.0,1.0,1.0,0.0,0.0,NaN,6.0,6.0,6.0,NaN,NaN,NaN
115.0,NaN,-1.0,0.0,98.0,NaN,1.6666666666666998,0.0,38.48,NaN,-0.4200000000000017,0.0,108.0,NaN,8.0,0.0,74.5,NaN,5.299999999999997,0.0,62.0,NaN,5.600000000000001,0.0,30.0,NaN,0.0,0.0,NaN,NaN,NaN,24.0,-6.0,NaN,-0.3333333333333333,0.0,17.0,NaN,-0.5,1.0,0.5,NaN,0.0,0.0,7.31,NaN,-0.010000000000000083,0.0,39.0,NaN,0.6666666666666666,0.0,NaN,NaN,NaN,24.0,696.0,NaN,21.625,1.0,21.0,NaN,-0.375,1.0,50.0,NaN,-1.375,1.0,7.1,NaN,-0.10000000000000009,1.0,106.0,NaN,0.625,1.0,1.5,NaN,-0.04999999999999999,1.0,NaN,NaN,NaN,24.0,147.0,NaN,10.375,1.0,3.3,NaN,0.3,0.0,1.7,NaN,-0.037500000000000006,1.0,3.5,NaN,-0.15000000000000002,1.0,4.5,NaN,0.09999999999999964,0.0,0.4,NaN,-0.012499999999999997,1.0,NaN,NaN,NaN,24.0,40.4,NaN,-0.375,1.0,14.0,NaN,-0.10000000000000009,1.0,NaN,NaN,NaN,24.0,16.1,NaN,0.3500000000000001,1.0,NaN,NaN,NaN,24.0,172.0,NaN,-8.5,1.0,20.0,1.0,1.0,0.0,-4.466666666666667,10.0,1.0,1.0,1.0,1.0,2.0,0.0,0.0,0.0,1.0,0.0,1.0,1.0,1.0,1.0,0.0,0.0,NaN,6.0,6.0,6.0,NaN,NaN,NaN
