121.0,NaN,NaN,24.0,99.5,NaN,NaN,24.0,37.06,NaN,NaN,24.0,133.0,NaN,NaN,24.0,91.0,NaN,NaN,24.0,76.0,NaN,NaN,24.0,20.0,NaN,NaN,24.0,NaN,NaN,NaN,24.0,NaN,NaN,NaN,24.0,33.0,NaN,NaN,24.0,NaN,NaN,NaN,24.0,NaN,NaN,NaN,24.0,NaN,NaN,NaN,24.0,NaN,NaN,NaN,24.0,NaN,NaN,NaN,24.0,13.0,NaN,NaN,24.0,NaN,NaN,NaN,24.0,9.5,NaN,NaN,24.0,96.0,NaN,NaN,24.0,1.0,NaN,NaN,24.0,NaN,NaN,NaN,24.0,113.0,NaN,NaN,24.0,NaN,NaN,NaN,24.0,1.9,NaN,NaN,24.0,3.9,NaN,NaN,24.0,3.7,NaN,NaN,24.0,NaN,NaN,NaN,24.0,NaN,NaN,NaN,24.0,33.0,NaN,NaN,24.0,9.9,NaN,NaN,24.0,31.1,NaN,NaN,24.0,8.6,NaN,NaN,24.0,NaN,NaN,NaN,24.0,364.0,NaN,NaN,24.0,72.0,0.0,-1.0,-1.0,0.0,1.0,0.0,0.0,1.0,0.0,0.0,0.0,0.0,0.0,0.0,0.0,1.0,0.0,0.0,NaN,0.0,0.0,NaN,NaN,NaN,NaN,NaN,NaN,NaN
112.666666666667,NaN,-8.333333333333002,0.0,98.6,NaN,-0.9000000000000057,0.0,37.06,NaN,0.0,1.0,115.4,NaN,-17.599999999999994,0.0,80.8,NaN,-10.200000000000003,0.0,71.8,NaN,-4.200000000000003,0.0,21.3333333333333,NaN,1.3333333333333002,0.0,NaN,NaN,NaN,24.0,NaN,NaN,NaN,24.0,33.0,NaN,0.0,1.0,NaN,NaN,NaN,24.0,NaN,NaN,NaN,24.0,NaN,NaN,NaN,24.0,NaN,NaN,NaN,24.0,NaN,NaN,NaN,24.0,13.0,NaN,0.0,1.0,NaN,NaN,NaN,24.0,9.5,NaN,0.0,1.0,96.0,NaN,0.0,1.0,1.0,NaN,0.0,1.0,NaN,NaN,NaN,24.0,113.0,NaN,0.0,1.0,NaN,NaN,NaN,24.0,1.9,NaN,0.0,1.0,3.9,NaN,0.0,1.0,3.7,NaN,0.0,1.0,NaN,NaN,NaN,24.0,NaN,NaN,NaN,24.0,33.0,NaN,0.0,1.0,9.9,NaN,0.0,1.0,31.1,NaN,0.0,1.0,8.6,NaN,0.0,1.0,NaN,NaN,NaN,24.0,364.0,NaN,0.0,1.0,72.0,0.0,-1.0,-1.0,0.0,2.0,0.0,1.0,1.0,0.0,0.0,0.0,0.0,0.0,0.0,0.0,1.0,0.0,0.0,NaN,0.0,0.0,NaN,NaN,NaN,NaN,NaN,NaN,NaN
103.0,NaN,-9.666666666666998,0.0,98.5,NaN,-0.09999999999999432,0.0,37.06,NaN,0.0,2.0,111.0,NaN,-4.400000000000006,0.0,72.5,NaN,-8.299999999999997,0.0,64.0,NaN,-7.799999999999997,0.0,17.5,NaN,-3.8333333333333,0.0,NaN,NaN,NaN,24.0,NaN,NaN,NaN,24.0,33.0,NaN,0.0,2.0,NaN,NaN,NaN,24.0,NaN,NaN,NaN,24.0,NaN,NaN,NaN,24.0,NaN,NaN,NaN,24.0,NaN,NaN,NaN,24.0,13.0,NaN,0.0,2.0,NaN,NaN,NaN,24.0,9.5,NaN,0.0,2.0,96.0,NaN,0.0,2.0,1.0,NaN,0.0,2.0,NaN,NaN,NaN,24.0,113.0,NaN,0.0,2.0,NaN,NaN,NaN,24.0,1.9,NaN,0.0,2.0,3.9,NaN,0.0,2.0,3.7,NaN,0.0,2.0,NaN,NaN,NaN,24.0,NaN,NaN,NaN,24.0,33.0,NaN,0.0,2.0,9.9,NaN,0.0,2.0,31.1,NaN,0.0,2.0,8.6,NaN,0.0,2.0,NaN,NaN,NaN,24.0,364.0,NaN,0.0,2.0,72.0,0.0,-1.0,-1.0,0.0,3.0,0.0,0.0,1.0,0.0,0.0,0.0,0.0,0.0,0.0,0.0,1.0,0.0,0.0,NaN,0.0,0.0,NaN,NaN,NaN,NaN,NaN,NaN,NaN
103.0,NaN,0.0,0.0,97.0,NaN,-1.5,0.0,37.06,NaN,0.0,3.0,112.0,NaN,1.0,0.0,62.0,NaN,-10.5,0.0,49.0,NaN,-15.0,0.0,15.0,NaN,-2.5,0.0,NaN,NaN,NaN,24.0,NaN,NaN,NaN,24.0,33.0,NaN,0.0,3.0,NaN,NaN,NaN,24.0,NaN,NaN,NaN,24.0,NaN,NaN,NaN,24.0,NaN,NaN,NaN,24.0,NaN,NaN,NaN,24.0,13.0,NaN,0.0,3.0,NaN,NaN,NaN,24.0,9.5,NaN,0.0,3.0,96.0,NaN,0.0,3.0,1.0,NaN,0.0,3.0,NaN,NaN,NaN,24.0,113.0,NaN,0.0,3.0,NaN,NaN,NaN,24.0,1.9,NaN,0.0,3.0,3.9,NaN,0.0,3.0,3.7,NaN,0.0,3.0,NaN,NaN,NaN,24.0,NaN,NaN,NaN,24.0,33.0,NaN,0.0,3.0,9.9,NaN,0.0,3.0,31.1,NaN,0.0,3.0,8.6,NaN,0.0,3.0,NaN,NaN,NaN,24.0,364.0,NaN,0.0,3.0,72.0,0.0,-1.0,-1.0,0.0,4.0,0.0,0.0,1.0,0.0,0.0,0.0,0.0,1.0,0.0,0.0,1.0,0.0,0.0,NaN,0.0,0.0,NaN,NaN,NaN,NaN,NaN,NaN,NaN
98.0,NaN,-5.0,0.0,98.0,NaN,1.0,0.0,37.06,NaN,0.0,4.0,127.0,NaN,15.0,0.0,70.0,NaN,8.0,0.0,49.0,NaN,0.0,0.0,17.0,NaN,2.0,0.0,NaN,NaN,NaN,24.0,NaN,NaN,NaN,24.0,33.0,NaN,0.0,4.0,NaN,NaN,NaN,24.0,NaN,NaN,NaN,24.0,NaN,NaN,NaN,24.0,NaN,NaN,NaN,24.0,NaN,NaN,NaN,24.0,13.0,NaN,0.0,4.0,NaN,NaN,NaN,24.0,9.5,NaN,0.0,4.0,96.0,NaN,0.0,4.0,1.0,NaN,0.0,4.0,NaN,NaN,NaN,24.0,113.0,NaN,0.0,4.0,NaN,NaN,NaN,24.0,1.9,NaN,0.0,4.0,3.9,NaN,0.0,4.0,3.7,NaN,0.0,4.0,NaN,NaN,NaN,24.0,NaN,NaN,NaN,24.0,33.0,NaN,0.0,4.0,9.9,NaN,0.0,4.0,31.1,NaN,0.0,4.0,8.6,NaN,0.0,4.0,NaN,NaN,NaN,24.0,364.0,NaN,0.0,4.0,72.0,0.0,-1.0,-1.0,0.0,5.0,0.0,0.0,1.0,0.0,0.0,0.0,0.0,0.0,0.0,0.0,1.0,0.0,0.0,NaN,0.0,0.0,NaN,NaN,NaN,NaN,NaN,NaN,NaN
106.0,NaN,8.0,0.0,98.0,NaN,0.0,0.0,36.89,NaN,-0.03400000000000034,0.0,105.0,NaN,-22.0,0.0,66.0,NaN,-4.0,0.0,54.0,NaN,5.0,0.0,20.0,NaN,3.0,0.0,NaN,NaN,NaN,24.0,NaN,NaN,NaN,24.0,33.0,NaN,0.0,5.0,NaN,NaN,NaN,24.0,NaN,NaN,NaN,24.0,NaN,NaN,NaN,24.0,NaN,NaN,NaN,24.0,NaN,NaN,NaN,24.0,13.0,NaN,0.0,5.0,NaN,NaN,NaN,24.0,9.5,NaN,0.0,5.0,96.0,NaN,0.0,5.0,1.0,NaN,0.0,5.0,NaN,NaN,NaN,24.0,113.0,NaN,0.0,5.0,NaN,NaN,NaN,24.0,1.9,NaN,0.0,5.0,3.9,NaN,0.0,5.0,3.7,NaN,0.0,5.0,NaN,NaN,NaN,24.0,NaN,NaN,NaN,24.0,30.5,NaN,-0.5,0.0,9.9,NaN,0.0,5.0,31.1,NaN,0.0,5.0,8.6,NaN,0.0,5.0,NaN,NaN,NaN,24.0,364.0,NaN,0.0,5.0,72.0,0.0,-1.0,-1.0,0.0,6.0,0.0,0.0,1.0,0.0,0.0,0.0,0.0,0.0,0.0,0.0,1.0,0.0,0.0,NaN,0.0,0.0,NaN,NaN,NaN,NaN,NaN,NaN,NaN
106.0,NaN,0.0,0.0,95.0,NaN,-3.0,0.0,36.89,NaN,-0.028333333333333616,1.0,108.0,NaN,3.0,0.0,91.0,NaN,25.0,0.0,86.0,NaN,32.0,0.0,17.0,NaN,-3.0,0.0,NaN,NaN,NaN,24.0,NaN,NaN,NaN,24.0,33.0,NaN,0.0,6.0,NaN,NaN,NaN,24.0,NaN,NaN,NaN,24.0,NaN,NaN,NaN,24.0,NaN,NaN,NaN,24.0,NaN,NaN,NaN,24.0,13.0,NaN,0.0,6.0,NaN,NaN,NaN,24.0,9.5,NaN,0.0,6.0,96.0,NaN,0.0,6.0,1.0,NaN,0.0,6.0,NaN,NaN,NaN,24.0,113.0,NaN,0.0,6.0,NaN,NaN,NaN,24.0,1.9,NaN,0.0,6.0,3.9,NaN,0.0,6.0,3.7,NaN,0.0,6.0,NaN,NaN,NaN,24.0,NaN,NaN,NaN,24.0,30.5,NaN,-0.4166666666666667,1.0,9.9,NaN,0.0,6.0,31.1,NaN,0.0,6.0,8.6,NaN,0.0,6.0,NaN,NaN,NaN,24.0,364.0,NaN,0.0,6.0,72.0,0.0,-1.0,-1.0,0.0,7.0,0.0,0.0,1.0,0.0,0.0,0.0,0.0,0.0,0.0,0.0,1.0,0.0,0.0,NaN,0.0,0.0,NaN,NaN,NaN,NaN,NaN,NaN,NaN
108.0,NaN,2.0,0.0,96.0,NaN,1.0,0.0,36.89,NaN,-0.02428571428571453,2.0,117.0,NaN,9.0,0.0,71.0,NaN,-20.0,0.0,55.0,NaN,-31.0,0.0,23.0,NaN,6.0,0.0,NaN,NaN,NaN,24.0,NaN,NaN,NaN,24.0,33.0,NaN,0.0,7.0,NaN,NaN,NaN,24.0,NaN,NaN,NaN,24.0,NaN,NaN,NaN,24.0,NaN,NaN,NaN,24.0,NaN,NaN,NaN,24.0,13.0,NaN,0.0,7.0,NaN,NaN,NaN,24.0,9.5,NaN,0.0,7.0,96.0,NaN,0.0,7.0,1.0,NaN,0.0,7.0,NaN,NaN,NaN,24.0,113.0,NaN,0.0,7.0,NaN,NaN,NaN,24.0,1.9,NaN,0.0,7.0,3.9,NaN,0.0,7.0,3.7,NaN,0.0,7.0,NaN,NaN,NaN,24.0,NaN,NaN,NaN,24.0,30.5,NaN,-0.35714285714285715,2.0,9.9,NaN,0.0,7.0,31.1,NaN,0.0,7.0,8.6,NaN,0.0,7.0,NaN,NaN,NaN,24.0,364.0,NaN,0.0,7.0,72.0,0.0,-1.0,-1.0,0.0,8.0,0.0,1.0,1.0,0.0,0.0,0.0,0.0,0.0,0.0,0.0,1.0,0.0,0.0,NaN,0.0,0.0,NaN,NaN,NaN,NaN,NaN,NaN,NaN
100.0,NaN,-8.0,0.0,95.0,NaN,-1.0,0.0,36.89,NaN,-0.021250000000000213,3.0,114.0,NaN,-3.0,0.0,94.0,NaN,23.0,0.0,88.0,NaN,33.0,0.0,17.0,NaN,-6.0,0.0,NaN,NaN,NaN,24.0,NaN,NaN,NaN,24.0,33.0,NaN,0.0,8.0,NaN,NaN,NaN,24.0,NaN,NaN,NaN,24.0,NaN,NaN,NaN,24.0,NaN,NaN,NaN,24.0,NaN,NaN,NaN,24.0,13.0,NaN,0.0,8.0,NaN,NaN,NaN,24.0,9.5,NaN,0.0,8.0,96.0,NaN,0.0,8.0,1.0,NaN,0.0,8.0,NaN,NaN,NaN,24.0,113.0,NaN,0.0,8.0,NaN,NaN,NaN,24.0,1.9,NaN,0.0,8.0,3.9,NaN,0.0,8.0,3.7,NaN,0.0,8.0,NaN,NaN,NaN,24.0,NaN,NaN,NaN,24.0,30.5,NaN,-0.3125,3.0,9.9,NaN,0.0,8.0,31.1,NaN,0.0,8.0,8.6,NaN,0.0,8.0,NaN,NaN,NaN,24.0,364.0,NaN,0.0,8.0,72.0,0.0,-1.0,-1.0,0.0,9.0,0.0,0.0,1.0,0.0,0.0,0.0,0.0,0.0,0.0,0.0,1.0,0.0,0.0,NaN,0.0,0.0,NaN,NaN,NaN,NaN,NaN,NaN,NaN
103.0,NaN,3.0,0.0,96.0,NaN,1.0,0.0,36.89,NaN,-0.01888888888888908,4.0,101.0,NaN,-13.0,0.0,64.0,NaN,-30.0,0.0,52.0,NaN,-36.0,0.0,17.0,NaN,0.0,0.0,NaN,NaN,NaN,24.0,NaN,NaN,NaN,24.0,33.0,NaN,0.0,9.0,NaN,NaN,NaN,24.0,NaN,NaN,NaN,24.0,NaN,NaN,NaN,24.0,NaN,NaN,NaN,24.0,NaN,NaN,NaN,24.0,13.0,NaN,0.0,9.0,NaN,NaN,NaN,24.0,9.5,NaN,0.0,9.0,96.0,NaN,0.0,9.0,1.0,NaN,0.0,9.0,NaN,NaN,NaN,24.0,113.0,NaN,0.0,9.0,NaN,NaN,NaN,24.0,1.9,NaN,0.0,9.0,3.9,NaN,0.0,9.0,3.7,NaN,0.0,9.0,NaN,NaN,NaN,24.0,NaN,NaN,NaN,24.0,30.5,NaN,-0.2777777777777778,4.0,9.9,NaN,0.0,9.0,31.1,NaN,0.0,9.0,8.6,NaN,0.0,9.0,NaN,NaN,NaN,24.0,364.0,NaN,0.0,9.0,72.0,0.0,-1.0,-1.0,0.0,10.0,0.0,0.0,1.0,0.0,0.0,0.0,0.0,1.0,0.0,0.0,1.0,0.0,0.0,NaN,0.0,0.0,NaN,NaN,NaN,NaN,NaN,NaN,NaN
110.0,NaN,7.0,0.0,95.0,NaN,-1.0,0.0,36.78,NaN,-0.021999999999999888,0.0,125.0,NaN,24.0,0.0,72.0,NaN,8.0,0.0,55.0,NaN,3.0,0.0,25.0,NaN,8.0,0.0,NaN,NaN,NaN,24.0,NaN,NaN,NaN,24.0,33.0,NaN,0.0,10.0,NaN,NaN,NaN,24.0,NaN,NaN,NaN,24.0,NaN,NaN,NaN,24.0,NaN,NaN,NaN,24.0,NaN,NaN,NaN,24.0,13.0,NaN,0.0,10.0,NaN,NaN,NaN,24.0,9.5,NaN,0.0,10.0,96.0,NaN,0.0,10.0,1.0,NaN,0.0,10.0,NaN,NaN,NaN,24.0,113.0,NaN,0.0,10.0,NaN,NaN,NaN,24.0,1.9,NaN,0.0,10.0,3.9,NaN,0.0,10.0,3.7,NaN,0.0,10.0,NaN,NaN,NaN,24.0,NaN,NaN,NaN,24.0,30.5,NaN,-0.25,5.0,9.9,NaN,0.0,10.0,31.1,NaN,0.0,10.0,8.6,NaN,0.0,10.0,NaN,NaN,NaN,24.0,364.0,NaN,0.0,10.0,72.0,0.0,-1.0,-1.0,0.0,11.0,0.0,1.0,1.0,0.0,0.0,0.0,0.0,0.0,0.0,0.0,1.0,0.0,0.0,NaN,0.0,0.0,NaN,NaN,NaN,NaN,NaN,NaN,NaN
111.0,NaN,1.0,0.0,95.0,NaN,0.0,0.0,36.78,NaN,-0.01833333333333324,1.0,124.0,NaN,-1.0,0.0,65.0,NaN,-7.0,0.0,47.0,NaN,-8.0,0.0,22.0,NaN,-3.0,0.0,NaN,NaN,NaN,24.0,NaN,NaN,NaN,24.0,33.0,NaN,0.0,11.0,NaN,NaN,NaN,24.0,NaN,NaN,NaN,24.0,NaN,NaN,NaN,24.0,NaN,NaN,NaN,24.0,NaN,NaN,NaN,24.0,13.0,NaN,0.0,11.0,NaN,NaN,NaN,24.0,9.5,NaN,0.0,11.0,96.0,NaN,0.0,11.0,1.0,NaN,0.0,11.0,NaN,NaN,NaN,24.0,113.0,NaN,0.0,11.0,NaN,NaN,NaN,24.0,1.9,NaN,0.0,11.0,3.9,NaN,0.0,11.0,3.7,NaN,0.0,11.0,NaN,NaN,NaN,24.0,NaN,NaN,NaN,24.0,30.5,NaN,-0.22727272727272727,6.0,9.9,NaN,0.0,11.0,31.1,NaN,0.0,11.0,8.6,NaN,0.0,11.0,NaN,NaN,NaN,24.0,364.0,NaN,0.0,11.0,72.0,0.0,-1.0,-1.0,0.0,12.0,0.0,1.0,1.0,0.0,0.0,0.0,0.0,1.0,0.0,0.0,1.0,0.0,0.0,NaN,0.0,0.0,NaN,NaN,NaN,NaN,NaN,NaN,NaN
112.0,NaN,1.0,0.0,91.0,NaN,-4.0,0.0,36.78,NaN,-0.015714285714285632,2.0,124.0,NaN,-0.5,1.0,65.0,NaN,-3.5,1.0,47.0,NaN,-4.0,1.0,18.0,NaN,-4.0,0.0,NaN,NaN,NaN,24.0,NaN,NaN,NaN,24.0,33.0,NaN,0.0,12.0,NaN,NaN,NaN,24.0,NaN,NaN,NaN,24.0,NaN,NaN,NaN,24.0,NaN,NaN,NaN,24.0,NaN,NaN,NaN,24.0,13.0,NaN,0.0,12.0,NaN,NaN,NaN,24.0,9.5,NaN,0.0,12.0,96.0,NaN,0.0,12.0,1.0,NaN,0.0,12.0,NaN,NaN,NaN,24.0,113.0,NaN,0.0,12.0,NaN,NaN,NaN,24.0,1.9,NaN,0.0,12.0,3.9,NaN,0.0,12.0,3.7,NaN,0.0,12.0,NaN,NaN,NaN,24.0,NaN,NaN,NaN,24.0,30.5,NaN,-0.20833333333333334,7.0,9.9,NaN,0.0,12.0,31.1,NaN,0.0,12.0,8.6,NaN,0.0,12.0,NaN,NaN,NaN,24.0,364.0,NaN,0.0,12.0,72.0,0.0,-1.0,-1.0,0.0,13.0,0.0,0.0,1.0,0.0,0.0,0.0,0.0,0.0,0.0,0.0,1.0,0.0,0.0,NaN,0.0,0.0,NaN,NaN,NaN,NaN,NaN,NaN,NaN
101.0,NaN,-11.0,0.0,98.0,NaN,7.0,0.0,36.83,NaN,0.01666666666666572,0.0,116.0,NaN,-4.0,0.0,78.0,NaN,6.5,0.0,65.0,NaN,9.0,0.0,20.0,NaN,2.0,0.0,NaN,NaN,NaN,24.0,NaN,NaN,NaN,24.0,33.0,NaN,0.0,13.0,NaN,NaN,NaN,24.0,NaN,NaN,NaN,24.0,NaN,NaN,NaN,24.0,NaN,NaN,NaN,24.0,NaN,NaN,NaN,24.0,13.0,NaN,0.0,13.0,NaN,NaN,NaN,24.0,9.5,NaN,0.0,13.0,96.0,NaN,0.0,13.0,1.0,NaN,0.0,13.0,NaN,NaN,NaN,24.0,113.0,NaN,0.0,13.0,NaN,NaN,NaN,24.0,1.9,NaN,0.0,13.0,3.9,NaN,0.0,13.0,3.7,NaN,0.0,13.0,NaN,NaN,NaN,24.0,NaN,NaN,NaN,24.0,30.5,NaN,-0.19230769230769232,8.0,9.9,NaN,0.0,13.0,31.1,NaN,0.0,13.0,8.6,NaN,0.0,13.0,NaN,NaN,NaN,24.0,364.0,NaN,0.0,13.0,72.0,0.0,-1.0,-1.0,0.0,14.0,0.0,0.0,1.0,0.0,0.0,0.0,0.0,0.0,0.0,0.0,1.0,0.0,0.0,NaN,0.0,0.0,NaN,NaN,NaN,NaN,NaN,NaN,NaN
99.0,NaN,-2.0,0.0,100.0,NaN,2.0,0.0,36.83,NaN,0.01249999999999929,1.0,100.0,NaN,-16.0,0.0,70.0,NaN,-8.0,0.0,59.0,NaN,-6.0,0.0,15.0,NaN,-5.0,0.0,NaN,NaN,NaN,24.0,NaN,NaN,NaN,24.0,33.0,NaN,0.0,14.0,NaN,NaN,NaN,24.0,NaN,NaN,NaN,24.0,NaN,NaN,NaN,24.0,NaN,NaN,NaN,24.0,NaN,NaN,NaN,24.0,13.0,NaN,0.0,14.0,NaN,NaN,NaN,24.0,9.5,NaN,0.0,14.0,96.0,NaN,0.0,14.0,1.0,NaN,0.0,14.0,NaN,NaN,NaN,24.0,113.0,NaN,0.0,14.0,NaN,NaN,NaN,24.0,1.9,NaN,0.0,14.0,3.9,NaN,0.0,14.0,3.7,NaN,0.0,14.0,NaN,NaN,NaN,24.0,NaN,NaN,NaN,24.0,30.5,NaN,-0.17857142857142858,9.0,9.9,NaN,0.0,14.0,31.1,NaN,0.0,14.0,8.6,NaN,0.0,14.0,NaN,NaN,NaN,24.0,364.0,NaN,0.0,14.0,72.0,0.0,-1.0,-1.0,0.0,15.0,0.0,0.0,1.0,0.0,0.0,0.0,0.0,0.0,0.0,0.0,1.0,0.0,0.0,NaN,0.0,0.0,NaN,NaN,NaN,NaN,NaN,NaN,NaN
