87.5,NaN,NaN,24.0,96.5,NaN,NaN,24.0,35.56,NaN,NaN,24.0,97.0,NaN,NaN,24.0,64.5,NaN,NaN,24.0,53.0,NaN,NaN,24.0,19.5,NaN,NaN,24.0,NaN,NaN,NaN,24.0,4.0,NaN,NaN,24.0,NaN,NaN,NaN,24.0,NaN,NaN,NaN,24.0,7.4,NaN,NaN,24.0,50.0,NaN,NaN,24.0,94.0,NaN,NaN,24.0,NaN,NaN,NaN,24.0,NaN,NaN,NaN,24.0,NaN,NaN,NaN,24.0,NaN,NaN,NaN,24.0,NaN,NaN,NaN,24.0,NaN,NaN,NaN,24.0,NaN,NaN,NaN,24.0,NaN,NaN,NaN,24.0,2.0,NaN,NaN,24.0,NaN,NaN,NaN,24.0,NaN,NaN,NaN,24.0,NaN,NaN,NaN,24.0,NaN,NaN,NaN,24.0,NaN,NaN,NaN,24.0,NaN,NaN,NaN,24.0,NaN,NaN,NaN,24.0,NaN,NaN,NaN,24.0,NaN,NaN,NaN,24.0,NaN,NaN,NaN,24.0,NaN,NaN,NaN,24.0,85.0,1.0,-1.0,-1.0,-16.149166666666666,1.0,1.0,0.0,0.0,0.0,0.0,0.0,0.0,1.0,1.0,0.0,1.0,0.0,1.0,1.0,1.0,0.0,3.0,5.0,4.0,1.0,NaN,NaN,NaN
86.0,NaN,-1.5,0.0,93.0,NaN,-3.5,0.0,35.56,NaN,0.0,1.0,111.0,NaN,14.0,0.0,71.0,NaN,6.5,0.0,59.0,NaN,6.0,0.0,26.0,NaN,6.5,0.0,NaN,NaN,NaN,24.0,4.0,NaN,0.0,1.0,31.0,NaN,0.0,0.0,NaN,NaN,NaN,24.0,7.4,NaN,0.0,1.0,50.0,NaN,0.0,1.0,94.0,NaN,0.0,1.0,30.0,NaN,0.0,0.0,46.0,NaN,0.0,0.0,84.0,NaN,0.0,0.0,8.5,NaN,0.0,0.0,99.0,NaN,0.0,0.0,2.1,NaN,0.0,0.0,NaN,NaN,NaN,24.0,95.0,NaN,0.0,0.0,2.0,NaN,0.0,1.0,2.4,NaN,0.0,0.0,4.5,NaN,0.0,0.0,4.6,NaN,0.0,0.0,1.5,NaN,0.0,0.0,0.04,NaN,0.0,0.0,NaN,NaN,NaN,24.0,NaN,NaN,NaN,24.0,43.1,NaN,0.0,0.0,NaN,NaN,NaN,24.0,NaN,NaN,NaN,24.0,NaN,NaN,NaN,24.0,85.0,1.0,-1.0,-1.0,-16.149166666666666,2.0,1.0,1.0,0.0,0.0,0.0,0.0,1.0,0.0,0.0,2.0,1.0,1.0,1.0,1.0,1.0,0.0,3.0,5.0,4.0,1.0,NaN,NaN,NaN
91.0,NaN,5.0,0.0,96.5,NaN,3.5,0.0,36.89,NaN,0.6649999999999991,0.0,97.0,NaN,-14.0,0.0,71.0,NaN,0.0,0.0,61.0,NaN,2.0,0.0,22.5,NaN,-3.5,0.0,NaN,NaN,NaN,24.0,4.0,NaN,0.0,2.0,31.0,NaN,0.0,1.0,NaN,NaN,NaN,24.0,7.4,NaN,0.0,2.0,50.0,NaN,0.0,2.0,94.0,NaN,0.0,2.0,30.0,NaN,0.0,1.0,46.0,NaN,0.0,1.0,84.0,NaN,0.0,1.0,8.5,NaN,0.0,1.0,99.0,NaN,0.0,1.0,2.1,NaN,0.0,1.0,NaN,NaN,NaN,24.0,95.0,NaN,0.0,1.0,2.0,NaN,0.0,2.0,2.4,NaN,0.0,1.0,4.5,NaN,0.0,1.0,4.6,NaN,0.0,1.0,1.5,NaN,0.0,1.0,0.04,NaN,0.0,1.0,NaN,NaN,NaN,24.0,NaN,NaN,NaN,24.0,43.1,NaN,0.0,1.0,NaN,NaN,NaN,24.0,NaN,NaN,NaN,24.0,NaN,NaN,NaN,24.0,85.0,1.0,-1.0,-1.0,-16.149166666666666,3.0,0.0,1.0,1.0,0.0,0.0,0.0,0.0,0.0,0.0,0.0,1.0,1.0,1.0,1.0,1.0,0.0,3.0,5.0,4.0,1.0,NaN,NaN,NaN
91.0,NaN,0.0,0.0,97.5,NaN,1.0,0.0,36.89,NaN,0.44333333333333275,1.0,91.0,NaN,-6.0,0.0,78.0,NaN,7.0,0.0,73.0,NaN,12.0,0.0,20.6666666666667,NaN,-1.8333333333333002,0.0,NaN,NaN,NaN,24.0,4.0,NaN,0.0,3.0,31.0,NaN,0.0,2.0,0.5,NaN,0.0,0.0,7.4,NaN,0.0,3.0,50.0,NaN,0.0,3.0,94.0,NaN,0.0,3.0,30.0,NaN,0.0,2.0,46.0,NaN,0.0,2.0,84.0,NaN,0.0,2.0,8.5,NaN,0.0,2.0,99.0,NaN,0.0,2.0,2.1,NaN,0.0,2.0,NaN,NaN,NaN,24.0,95.0,NaN,0.0,2.0,2.0,NaN,0.0,3.0,2.4,NaN,0.0,2.0,4.5,NaN,0.0,2.0,4.6,NaN,0.0,2.0,1.5,NaN,0.0,2.0,0.04,NaN,0.0,2.0,NaN,NaN,NaN,24.0,NaN,NaN,NaN,24.0,43.1,NaN,0.0,2.0,NaN,NaN,NaN,24.0,NaN,NaN,NaN,24.0,NaN,NaN,NaN,24.0,85.0,1.0,-1.0,-1.0,-16.149166666666666,4.0,0.0,1.0,1.0,0.0,2.0,0.0,0.0,0.0,0.0,0.0,0.0,1.0,1.0,1.0,1.0,0.0,3.0,5.0,4.0,1.0,NaN,NaN,NaN
88.0,NaN,-3.0,0.0,96.0,NaN,-1.5,0.0,36.89,NaN,0.3324999999999996,2.0,99.0,NaN,8.0,0.0,68.0,NaN,-10.0,0.0,60.0,NaN,-13.0,0.0,23.0,NaN,2.3333333333333,0.0,NaN,NaN,NaN,24.0,5.0,NaN,0.25,0.0,31.0,NaN,0.0,3.0,0.5,NaN,0.0,1.0,7.39,NaN,-0.0025000000000001688,0.0,52.0,NaN,0.5,0.0,94.0,NaN,0.0,4.0,30.0,NaN,0.0,3.0,46.0,NaN,0.0,3.0,84.0,NaN,0.0,3.0,8.5,NaN,0.0,3.0,99.0,NaN,0.0,3.0,2.1,NaN,0.0,3.0,NaN,NaN,NaN,24.0,95.0,NaN,0.0,3.0,2.3,NaN,0.07499999999999996,0.0,2.4,NaN,0.0,3.0,4.5,NaN,0.0,3.0,4.6,NaN,0.0,3.0,1.5,NaN,0.0,3.0,0.04,NaN,0.0,3.0,NaN,NaN,NaN,24.0,NaN,NaN,NaN,24.0,43.1,NaN,0.0,3.0,NaN,NaN,NaN,24.0,NaN,NaN,NaN,24.0,NaN,NaN,NaN,24.0,85.0,1.0,-1.0,-1.0,-16.149166666666666,5.0,0.0,1.0,0.0,0.0,0.0,0.0,0.0,0.0,1.0,0.0,1.0,1.0,1.0,1.0,1.0,0.0,3.0,5.0,4.0,1.0,NaN,NaN,NaN
101.0,NaN,13.0,0.0,98.0,NaN,2.0,0.0,36.89,NaN,0.2659999999999997,3.0,104.0,NaN,5.0,0.0,74.0,NaN,6.0,0.0,65.0,NaN,5.0,0.0,18.0,NaN,-5.0,0.0,NaN,NaN,NaN,24.0,5.0,NaN,0.2,1.0,31.0,NaN,0.0,4.0,0.5,NaN,0.0,2.0,7.39,NaN,-0.002000000000000135,1.0,52.0,NaN,0.4,1.0,94.0,NaN,0.0,5.0,30.0,NaN,0.0,4.0,46.0,NaN,0.0,4.0,84.0,NaN,0.0,4.0,8.5,NaN,0.0,4.0,99.0,NaN,0.0,4.0,2.1,NaN,0.0,4.0,NaN,NaN,NaN,24.0,95.0,NaN,0.0,4.0,2.3,NaN,0.05999999999999996,1.0,2.4,NaN,0.0,4.0,4.5,NaN,0.0,4.0,4.6,NaN,0.0,4.0,1.5,NaN,0.0,4.0,0.04,NaN,0.0,4.0,NaN,NaN,NaN,24.0,NaN,NaN,NaN,24.0,43.1,NaN,0.0,4.0,NaN,NaN,NaN,24.0,NaN,NaN,NaN,24.0,NaN,NaN,NaN,24.0,85.0,1.0,-1.0,-1.0,-16.149166666666666,6.0,0.0,0.0,1.0,0.0,0.0,0.0,0.0,0.0,0.0,0.0,1.0,1.0,1.0,1.0,1.0,0.0,3.0,5.0,4.0,1.0,NaN,NaN,NaN
87.0,NaN,-14.0,0.0,97.0,NaN,-1.0,0.0,36.56,NaN,-0.08249999999999957,0.0,110.0,NaN,6.0,0.0,68.0,NaN,-6.0,0.0,54.0,NaN,-11.0,0.0,17.0,NaN,-1.0,0.0,NaN,NaN,NaN,24.0,5.0,NaN,0.16666666666666666,2.0,31.0,NaN,0.0,5.0,0.4,NaN,-0.033333333333333326,0.0,7.39,NaN,-0.001666666666666779,2.0,52.0,NaN,0.3333333333333333,2.0,94.0,NaN,0.0,6.0,30.0,NaN,0.0,5.0,46.0,NaN,0.0,5.0,84.0,NaN,0.0,5.0,8.5,NaN,0.0,5.0,99.0,NaN,0.0,5.0,2.1,NaN,0.0,5.0,NaN,NaN,NaN,24.0,95.0,NaN,0.0,5.0,2.3,NaN,0.04999999999999997,2.0,2.4,NaN,0.0,5.0,4.5,NaN,0.0,5.0,4.6,NaN,0.0,5.0,1.5,NaN,0.0,5.0,0.04,NaN,0.0,5.0,NaN,NaN,NaN,24.0,NaN,NaN,NaN,24.0,43.1,NaN,0.0,5.0,NaN,NaN,NaN,24.0,NaN,NaN,NaN,24.0,NaN,NaN,NaN,24.0,85.0,1.0,-1.0,-1.0,-16.149166666666666,7.0,0.0,0.0,0.0,0.0,1.0,0.0,0.0,0.0,0.0,0.0,0.0,1.0,1.0,1.0,1.0,0.0,3.0,5.0,4.0,1.0,NaN,NaN,NaN
88.0,NaN,1.0,0.0,97.0,NaN,0.0,0.0,36.56,NaN,-0.06599999999999966,1.0,124.0,NaN,14.0,0.0,110.0,NaN,42.0,0.0,106.0,NaN,52.0,0.0,19.0,NaN,2.0,0.0,NaN,NaN,NaN,24.0,5.0,NaN,0.14285714285714285,3.0,31.0,NaN,0.0,6.0,0.4,NaN,-0.024999999999999994,1.0,7.39,NaN,-0.001428571428571525,3.0,52.0,NaN,0.2857142857142857,3.0,94.0,NaN,0.0,7.0,30.0,NaN,0.0,6.0,46.0,NaN,0.0,6.0,84.0,NaN,0.0,6.0,8.5,NaN,0.0,6.0,99.0,NaN,0.0,6.0,2.1,NaN,0.0,6.0,NaN,NaN,NaN,24.0,95.0,NaN,0.0,6.0,2.3,NaN,0.04285714285714283,3.0,2.4,NaN,0.0,6.0,4.5,NaN,0.0,6.0,4.6,NaN,0.0,6.0,1.5,NaN,0.0,6.0,0.04,NaN,0.0,6.0,NaN,NaN,NaN,24.0,NaN,NaN,NaN,24.0,43.1,NaN,0.0,6.0,NaN,NaN,NaN,24.0,NaN,NaN,NaN,24.0,NaN,NaN,NaN,24.0,85.0,1.0,-1.0,-1.0,-16.149166666666666,8.0,0.0,0.0,0.0,0.0,0.0,0.0,0.0,0.0,0.0,0.0,1.0,1.0,1.0,1.0,1.0,0.0,3.0,5.0,4.0,1.0,NaN,NaN,NaN
89.0,NaN,1.0,0.0,92.0,NaN,-5.0,0.0,36.56,NaN,-0.054999999999999716,2.0,108.0,NaN,-16.0,0.0,77.0,NaN,-33.0,0.0,66.0,NaN,-40.0,0.0,24.0,NaN,5.0,0.0,NaN,NaN,NaN,24.0,5.0,NaN,0.125,4.0,31.0,NaN,0.0,7.0,0.4,NaN,0.0,0.0,7.39,NaN,-0.0012500000000000844,4.0,52.0,NaN,0.25,4.0,94.0,NaN,0.0,8.0,30.0,NaN,0.0,7.0,46.0,NaN,0.0,7.0,84.0,NaN,0.0,7.0,8.5,NaN,0.0,7.0,99.0,NaN,0.0,7.0,2.1,NaN,0.0,7.0,NaN,NaN,NaN,24.0,95.0,NaN,0.0,7.0,2.3,NaN,0.03749999999999998,4.0,2.4,NaN,0.0,7.0,4.5,NaN,0.0,7.0,4.6,NaN,0.0,7.0,1.5,NaN,0.0,7.0,0.04,NaN,0.0,7.0,NaN,NaN,NaN,24.0,NaN,NaN,NaN,24.0,43.1,NaN,0.0,7.0,NaN,NaN,NaN,24.0,NaN,NaN,NaN,24.0,NaN,NaN,NaN,24.0,85.0,1.0,-1.0,-1.0,-16.149166666666666,9.0,0.0,1.0,0.0,0.0,1.0,0.0,0.0,0.0,0.0,0.0,0.0,1.0,1.0,1.0,1.0,0.0,3.0,5.0,4.0,1.0,NaN,NaN,NaN
