48.5,NaN,NaN,24.0,100.0,NaN,NaN,24.0,36.72,NaN,NaN,24.0,119.0,NaN,NaN,24.0,72.0,NaN,NaN,24.0,54.0,NaN,NaN,24.0,20.5,NaN,NaN,24.0,NaN,NaN,NaN,24.0,NaN,NaN,NaN,24.0,NaN,NaN,NaN,24.0,NaN,NaN,NaN,24.0,NaN,NaN,NaN,24.0,NaN,NaN,NaN,24.0,NaN,NaN,NaN,24.0,NaN,NaN,NaN,24.0,NaN,NaN,NaN,24.0,NaN,NaN,NaN,24.0,NaN,NaN,NaN,24.0,NaN,NaN,NaN,24.0,NaN,NaN,NaN,24.0,NaN,NaN,NaN,24.0,NaN,NaN,NaN,24.0,NaN,NaN,NaN,24.0,NaN,NaN,NaN,24.0,NaN,NaN,NaN,24.0,NaN,NaN,NaN,24.0,NaN,NaN,NaN,24.0,NaN,NaN,NaN,24.0,NaN,NaN,NaN,24.0,NaN,NaN,NaN,24.0,NaN,NaN,NaN,24.0,NaN,NaN,NaN,24.0,NaN,NaN,NaN,24.0,NaN,NaN,NaN,24.0,66.0,0.0,0.0,1.0,-3.2666666666666666,1.0,0.0,1.0,0.0,0.0,0.0,0.0,0.0,0.0,0.0,0.0,1.0,0.0,0.0,NaN,1.0,0.0,NaN,NaN,NaN,NaN,NaN,NaN,NaN
47.0,NaN,-1.5,0.0,100.0,NaN,0.0,0.0,36.72,NaN,0.0,1.0,129.0,NaN,10.0,0.0,78.0,NaN,6.0,0.0,60.0,NaN,6.0,0.0,22.5,NaN,2.0,0.0,NaN,NaN,NaN,24.0,NaN,NaN,NaN,24.0,22.0,NaN,0.0,0.0,1.0,NaN,0.0,0.0,NaN,NaN,NaN,24.0,NaN,NaN,NaN,24.0,NaN,NaN,NaN,24.0,29.0,NaN,0.0,0.0,31.0,NaN,0.0,0.0,105.0,NaN,0.0,0.0,NaN,NaN,NaN,24.0,100.0,NaN,0.0,0.0,0.8,NaN,0.0,0.0,NaN,NaN,NaN,24.0,123.0,NaN,0.0,0.0,NaN,NaN,NaN,24.0,NaN,NaN,NaN,24.0,NaN,NaN,NaN,24.0,4.5,NaN,0.0,0.0,0.3,NaN,0.0,0.0,0.08,NaN,0.0,0.0,40.5,NaN,0.0,0.0,13.1,NaN,0.0,0.0,23.8,NaN,0.0,0.0,23.7,NaN,0.0,0.0,NaN,NaN,NaN,24.0,361.0,NaN,0.0,0.0,66.0,0.0,0.0,1.0,-3.2666666666666666,2.0,0.0,1.0,0.0,1.0,3.0,0.0,0.0,0.0,0.0,0.0,0.0,0.0,0.0,NaN,1.0,0.0,NaN,NaN,NaN,NaN,NaN,NaN,NaN
40.0,NaN,-7.0,0.0,100.0,NaN,0.0,0.0,36.72,NaN,0.0,2.0,124.0,NaN,-5.0,0.0,68.0,NaN,-10.0,0.0,45.0,NaN,-15.0,0.0,21.0,NaN,-1.5,0.0,NaN,NaN,NaN,24.0,NaN,NaN,NaN,24.0,22.0,NaN,0.0,1.0,1.0,NaN,0.0,1.0,NaN,NaN,NaN,24.0,NaN,NaN,NaN,24.0,NaN,NaN,NaN,24.0,29.0,NaN,0.0,1.0,31.0,NaN,0.0,1.0,105.0,NaN,0.0,1.0,NaN,NaN,NaN,24.0,100.0,NaN,0.0,1.0,0.8,NaN,0.0,1.0,NaN,NaN,NaN,24.0,123.0,NaN,0.0,1.0,NaN,NaN,NaN,24.0,NaN,NaN,NaN,24.0,NaN,NaN,NaN,24.0,4.5,NaN,0.0,1.0,0.3,NaN,0.0,1.0,0.08,NaN,0.0,1.0,40.5,NaN,0.0,1.0,13.1,NaN,0.0,1.0,23.8,NaN,0.0,1.0,23.7,NaN,0.0,1.0,NaN,NaN,NaN,24.0,361.0,NaN,0.0,1.0,66.0,0.0,0.0,1.0,-3.2666666666666666,3.0,0.0,1.0,0.0,1.0,0.0,0.0,0.0,0.0,0.0,0.0,1.0,0.0,0.0,NaN,1.0,0.0,NaN,NaN,NaN,NaN,NaN,NaN,NaN
42.0,NaN,2.0,0.0,100.0,NaN,0.0,0.0,36.72,NaN,0.0,3.0,126.0,NaN,2.0,0.0,68.0,NaN,0.0,0.0,46.0,NaN,1.0,0.0,22.0,NaN,1.0,0.0,NaN,NaN,NaN,24.0,NaN,NaN,NaN,24.0,22.0,NaN,0.0,2.0,1.0,NaN,0.0,2.0,NaN,NaN,NaN,24.0,NaN,NaN,NaN,24.0,NaN,NaN,NaN,24.0,29.0,NaN,0.0,2.0,31.0,NaN,0.0,2.0,105.0,NaN,0.0,2.0,NaN,NaN,NaN,24.0,100.0,NaN,0.0,2.0,0.8,NaN,0.0,2.0,NaN,NaN,NaN,24.0,123.0,NaN,0.0,2.0,NaN,NaN,NaN,24.0,NaN,NaN,NaN,24.0,NaN,NaN,NaN,24.0,4.5,NaN,0.0,2.0,0.3,NaN,0.0,2.0,0.08,NaN,0.0,2.0,40.5,NaN,0.0,2.0,13.1,NaN,0.0,2.0,23.8,NaN,0.0,2.0,23.7,NaN,0.0,2.0,NaN,NaN,NaN,24.0,361.0,NaN,0.0,2.0,66.0,0.0,0.0,1.0,-3.2666666666666666,4.0,0.0,1.0,0.0,1.0,0.0,0.0,0.0,0.0,0.0,0.0,1.0,0.0,0.0,NaN,1.0,0.0,NaN,NaN,NaN,NaN,NaN,NaN,NaN
63.0,NaN,21.0,0.0,100.0,NaN,0.0,0.0,36.72,NaN,0.0,4.0,149.0,NaN,23.0,0.0,78.0,NaN,10.0,0.0,52.0,NaN,6.0,0.0,21.5,NaN,-0.5,0.0,NaN,NaN,NaN,24.0,NaN,NaN,NaN,24.0,22.0,NaN,0.0,3.0,0.5,NaN,-0.16666666666666666,0.0,NaN,NaN,NaN,24.0,NaN,NaN,NaN,24.0,NaN,NaN,NaN,24.0,29.0,NaN,0.0,3.0,31.0,NaN,0.0,3.0,105.0,NaN,0.0,3.0,NaN,NaN,NaN,24.0,100.0,NaN,0.0,3.0,0.8,NaN,0.0,3.0,NaN,NaN,NaN,24.0,123.0,NaN,0.0,3.0,NaN,NaN,NaN,24.0,NaN,NaN,NaN,24.0,NaN,NaN,NaN,24.0,4.5,NaN,0.0,3.0,0.3,NaN,0.0,3.0,0.08,NaN,0.0,3.0,40.5,NaN,0.0,3.0,13.1,NaN,0.0,3.0,23.8,NaN,0.0,3.0,23.7,NaN,0.0,3.0,NaN,NaN,NaN,24.0,361.0,NaN,0.0,3.0,66.0,0.0,0.0,1.0,-3.2666666666666666,5.0,0.0,1.0,0.0,1.0,2.0,0.0,0.0,0.0,0.0,0.0,0.0,0.0,0.0,NaN,1.0,0.0,NaN,NaN,NaN,NaN,NaN,NaN,NaN
70.0,NaN,7.0,0.0,100.0,NaN,0.0,0.0,36.72,NaN,0.0,5.0,133.0,NaN,-16.0,0.0,73.0,NaN,-5.0,0.0,50.0,NaN,-2.0,0.0,18.0,NaN,-3.5,0.0,NaN,NaN,NaN,24.0,NaN,NaN,NaN,24.0,22.0,NaN,0.0,4.0,0.5,NaN,-0.125,1.0,NaN,NaN,NaN,24.0,NaN,NaN,NaN,24.0,NaN,NaN,NaN,24.0,29.0,NaN,0.0,4.0,31.0,NaN,0.0,4.0,105.0,NaN,0.0,4.0,NaN,NaN,NaN,24.0,100.0,NaN,0.0,4.0,0.8,NaN,0.0,4.0,NaN,NaN,NaN,24.0,123.0,NaN,0.0,4.0,NaN,NaN,NaN,24.0,NaN,NaN,NaN,24.0,NaN,NaN,NaN,24.0,4.5,NaN,0.0,4.0,0.3,NaN,0.0,4.0,0.08,NaN,0.0,4.0,40.5,NaN,0.0,4.0,13.1,NaN,0.0,4.0,23.8,NaN,0.0,4.0,23.7,NaN,0.0,4.0,NaN,NaN,NaN,24.0,361.0,NaN,0.0,4.0,66.0,0.0,0.0,1.0,-3.2666666666666666,6.0,0.0,0.0,0.0,1.0,0.0,0.0,0.0,0.0,0.0,0.0,1.0,0.0,0.0,NaN,1.0,0.0,NaN,NaN,NaN,NaN,NaN,NaN,NaN
130.0,NaN,60.0,0.0,99.0,NaN,-1.0,0.0,36.72,NaN,0.0,6.0,176.0,NaN,43.0,0.0,91.0,NaN,18.0,0.0,55.0,NaN,5.0,0.0,24.0,NaN,6.0,0.0,NaN,NaN,NaN,24.0,NaN,NaN,NaN,24.0,22.0,NaN,0.0,5.0,0.5,NaN,-0.1,2.0,NaN,NaN,NaN,24.0,NaN,NaN,NaN,24.0,NaN,NaN,NaN,24.0,29.0,NaN,0.0,5.0,31.0,NaN,0.0,5.0,105.0,NaN,0.0,5.0,NaN,NaN,NaN,24.0,100.0,NaN,0.0,5.0,0.8,NaN,0.0,5.0,NaN,NaN,NaN,24.0,123.0,NaN,0.0,5.0,NaN,NaN,NaN,24.0,NaN,NaN,NaN,24.0,NaN,NaN,NaN,24.0,4.5,NaN,0.0,5.0,0.3,NaN,0.0,5.0,0.08,NaN,0.0,5.0,40.5,NaN,0.0,5.0,13.1,NaN,0.0,5.0,23.8,NaN,0.0,5.0,23.7,NaN,0.0,5.0,NaN,NaN,NaN,24.0,361.0,NaN,0.0,5.0,66.0,0.0,0.0,1.0,-3.2666666666666666,7.0,0.0,1.0,1.0,1.0,0.0,0.0,0.0,0.0,0.0,0.0,1.0,0.0,0.0,NaN,1.0,0.0,NaN,NaN,NaN,NaN,NaN,NaN,NaN
133.0,NaN,3.0,0.0,97.0,NaN,-2.0,0.0,36.72,NaN,0.0,7.0,157.0,NaN,-19.0,0.0,98.0,NaN,7.0,0.0,80.0,NaN,25.0,0.0,17.0,NaN,-7.0,0.0,NaN,NaN,NaN,24.0,NaN,NaN,NaN,24.0,22.0,NaN,0.0,6.0,0.5,NaN,-0.08333333333333333,3.0,NaN,NaN,NaN,24.0,NaN,NaN,NaN,24.0,NaN,NaN,NaN,24.0,29.0,NaN,0.0,6.0,31.0,NaN,0.0,6.0,105.0,NaN,0.0,6.0,NaN,NaN,NaN,24.0,100.0,NaN,0.0,6.0,0.8,NaN,0.0,6.0,NaN,NaN,NaN,24.0,123.0,NaN,0.0,6.0,NaN,NaN,NaN,24.0,NaN,NaN,NaN,24.0,NaN,NaN,NaN,24.0,4.5,NaN,0.0,6.0,0.3,NaN,0.0,6.0,0.08,NaN,0.0,6.0,40.5,NaN,0.0,6.0,13.1,NaN,0.0,6.0,23.8,NaN,0.0,6.0,23.7,NaN,0.0,6.0,NaN,NaN,NaN,24.0,361.0,NaN,0.0,6.0,66.0,0.0,0.0,1.0,-3.2666666666666666,8.0,0.0,0.0,1.0,1.0,0.0,0.0,0.0,0.0,0.0,0.0,1.0,0.0,0.0,NaN,1.0,0.0,NaN,NaN,NaN,NaN,NaN,NaN,NaN
69.0,NaN,-64.0,0.0,98.0,NaN,1.0,0.0,36.72,NaN,0.0,8.0,138.0,NaN,-19.0,0.0,66.0,NaN,-32.0,0.0,38.0,NaN,-42.0,0.0,17.0,NaN,0.0,0.0,NaN,NaN,NaN,24.0,NaN,NaN,NaN,24.0,22.0,NaN,0.0,7.0,0.5,NaN,-0.07142857142857142,4.0,NaN,NaN,NaN,24.0,NaN,NaN,NaN,24.0,NaN,NaN,NaN,24.0,29.0,NaN,0.0,7.0,31.0,NaN,0.0,7.0,105.0,NaN,0.0,7.0,NaN,NaN,NaN,24.0,100.0,NaN,0.0,7.0,0.8,NaN,0.0,7.0,NaN,NaN,NaN,24.0,123.0,NaN,0.0,7.0,NaN,NaN,NaN,24.0,NaN,NaN,NaN,24.0,NaN,NaN,NaN,24.0,4.5,NaN,0.0,7.0,0.3,NaN,0.0,7.0,0.08,NaN,0.0,7.0,40.5,NaN,0.0,7.0,13.1,NaN,0.0,7.0,23.8,NaN,0.0,7.0,23.7,NaN,0.0,7.0,NaN,NaN,NaN,24.0,361.0,NaN,0.0,7.0,66.0,0.0,0.0,1.0,-3.2666666666666666,9.0,0.0,0.0,0.0,1.0,0.0,0.0,0.0,0.0,0.0,0.0,1.0,0.0,0.0,NaN,1.0,0.0,NaN,NaN,NaN,NaN,NaN,NaN,NaN
56.0,NaN,-13.0,0.0,85.0,NaN,-13.0,0.0,36.72,NaN,0.0,9.0,138.0,NaN,-9.5,1.0,66.0,NaN,-16.0,1.0,38.0,NaN,-21.0,1.0,22.0,NaN,5.0,0.0,NaN,NaN,NaN,24.0,NaN,NaN,NaN,24.0,22.0,NaN,0.0,8.0,0.5,NaN,-0.0625,5.0,NaN,NaN,NaN,24.0,NaN,NaN,NaN,24.0,NaN,NaN,NaN,24.0,29.0,NaN,0.0,8.0,31.0,NaN,0.0,8.0,105.0,NaN,0.0,8.0,NaN,NaN,NaN,24.0,100.0,NaN,0.0,8.0,0.8,NaN,0.0,8.0,NaN,NaN,NaN,24.0,123.0,NaN,0.0,8.0,NaN,NaN,NaN,24.0,NaN,NaN,NaN,24.0,NaN,NaN,NaN,24.0,4.5,NaN,0.0,8.0,0.3,NaN,0.0,8.0,0.08,NaN,0.0,8.0,40.5,NaN,0.0,8.0,13.1,NaN,0.0,8.0,23.8,NaN,0.0,8.0,23.7,NaN,0.0,8.0,NaN,NaN,NaN,24.0,361.0,NaN,0.0,8.0,66.0,0.0,0.0,1.0,-3.2666666666666666,10.0,0.0,1.0,0.0,1.0,0.0,0.0,0.0,0.0,0.0,0.0,1.0,0.0,0.0,NaN,1.0,0.0,NaN,NaN,NaN,NaN,NaN,NaN,NaN
66.0,NaN,10.0,0.0,83.0,NaN,-2.0,0.0,36.72,NaN,0.0,10.0,138.0,NaN,-6.333333333333333,2.0,66.0,NaN,-10.666666666666666,2.0,38.0,NaN,-14.0,2.0,22.0,NaN,0.0,0.0,NaN,NaN,NaN,24.0,NaN,NaN,NaN,24.0,22.0,NaN,0.0,9.0,0.5,NaN,-0.05555555555555555,6.0,NaN,NaN,NaN,24.0,NaN,NaN,NaN,24.0,NaN,NaN,NaN,24.0,29.0,NaN,0.0,9.0,31.0,NaN,0.0,9.0,105.0,NaN,0.0,9.0,NaN,NaN,NaN,24.0,100.0,NaN,0.0,9.0,0.8,NaN,0.0,9.0,NaN,NaN,NaN,24.0,123.0,NaN,0.0,9.0,NaN,NaN,NaN,24.0,NaN,NaN,NaN,24.0,NaN,NaN,NaN,24.0,4.5,NaN,0.0,9.0,0.3,NaN,0.0,9.0,0.08,NaN,0.0,9.0,40.5,NaN,0.0,9.0,13.1,NaN,0.0,9.0,23.8,NaN,0.0,9.0,23.7,NaN,0.0,9.0,NaN,NaN,NaN,24.0,361.0,NaN,0.0,9.0,66.0,0.0,0.0,1.0,-3.2666666666666666,11.0,0.0,1.0,0.0,1.0,0.0,0.0,0.0,0.0,0.0,0.0,1.0,0.0,0.0,NaN,1.0,0.0,NaN,NaN,NaN,NaN,NaN,NaN,NaN
125.0,NaN,59.0,0.0,78.0,NaN,-5.0,0.0,36.72,NaN,0.0,11.0,138.0,NaN,-4.75,3.0,66.0,NaN,-8.0,3.0,38.0,NaN,-10.5,3.0,17.0,NaN,-5.0,0.0,NaN,NaN,NaN,24.0,NaN,NaN,NaN,24.0,22.0,NaN,0.0,10.0,0.5,NaN,-0.05,7.0,NaN,NaN,NaN,24.0,NaN,NaN,NaN,24.0,NaN,NaN,NaN,24.0,29.0,NaN,0.0,10.0,31.0,NaN,0.0,10.0,105.0,NaN,0.0,10.0,NaN,NaN,NaN,24.0,100.0,NaN,0.0,10.0,0.8,NaN,0.0,10.0,NaN,NaN,NaN,24.0,123.0,NaN,0.0,10.0,NaN,NaN,NaN,24.0,NaN,NaN,NaN,24.0,NaN,NaN,NaN,24.0,4.5,NaN,0.0,10.0,0.3,NaN,0.0,10.0,0.08,NaN,0.0,10.0,40.5,NaN,0.0,10.0,13.1,NaN,0.0,10.0,23.8,NaN,0.0,10.0,23.7,NaN,0.0,10.0,NaN,NaN,NaN,24.0,361.0,NaN,0.0,10.0,66.0,0.0,0.0,1.0,-3.2666666666666666,12.0,0.0,0.0,1.0,1.0,0.0,0.0,0.0,0.0,0.0,0.0,1.0,0.0,0.0,NaN,1.0,0.0,NaN,NaN,NaN,NaN,NaN,NaN,NaN
185.0,NaN,60.0,0.0,57.0,NaN,-21.0,0.0,36.72,NaN,0.0,12.0,138.0,NaN,-3.8,4.0,66.0,NaN,-6.4,4.0,38.0,NaN,-8.4,4.0,17.0,NaN,0.0,0.0,NaN,NaN,NaN,24.0,NaN,NaN,NaN,24.0,22.0,NaN,0.0,11.0,0.5,NaN,-0.045454545454545456,8.0,NaN,NaN,NaN,24.0,NaN,NaN,NaN,24.0,NaN,NaN,NaN,24.0,29.0,NaN,0.0,11.0,31.0,NaN,0.0,11.0,105.0,NaN,0.0,11.0,NaN,NaN,NaN,24.0,100.0,NaN,0.0,11.0,0.8,NaN,0.0,11.0,NaN,NaN,NaN,24.0,123.0,NaN,0.0,11.0,NaN,NaN,NaN,24.0,NaN,NaN,NaN,24.0,NaN,NaN,NaN,24.0,4.5,NaN,0.0,11.0,0.3,NaN,0.0,11.0,0.08,NaN,0.0,11.0,40.5,NaN,0.0,11.0,13.1,NaN,0.0,11.0,23.8,NaN,0.0,11.0,23.7,NaN,0.0,11.0,NaN,NaN,NaN,24.0,361.0,NaN,0.0,11.0,66.0,0.0,0.0,1.0,-3.2666666666666666,13.0,0.0,0.0,1.0,1.0,0.0,0.0,0.0,0.0,0.0,0.0,1.0,0.0,0.0,NaN,1.0,0.0,NaN,NaN,NaN,NaN,NaN,NaN,NaN
185.0,NaN,30.0,1.0,57.0,NaN,-10.5,1.0,36.72,NaN,0.0,13.0,138.0,NaN,-3.1666666666666665,5.0,66.0,NaN,-5.333333333333333,5.0,38.0,NaN,-7.0,5.0,17.0,NaN,0.0,1.0,NaN,NaN,NaN,24.0,NaN,NaN,NaN,24.0,22.0,NaN,0.0,12.0,0.5,NaN,-0.041666666666666664,9.0,NaN,NaN,NaN,24.0,NaN,NaN,NaN,24.0,NaN,NaN,NaN,24.0,29.0,NaN,0.0,12.0,31.0,NaN,0.0,12.0,105.0,NaN,0.0,12.0,NaN,NaN,NaN,24.0,100.0,NaN,0.0,12.0,0.8,NaN,0.0,12.0,NaN,NaN,NaN,24.0,123.0,NaN,0.0,12.0,NaN,NaN,NaN,24.0,NaN,NaN,NaN,24.0,NaN,NaN,NaN,24.0,4.5,NaN,0.0,12.0,0.3,NaN,0.0,12.0,0.08,NaN,0.0,12.0,40.5,NaN,0.0,12.0,13.1,NaN,0.0,12.0,23.8,NaN,0.0,12.0,23.7,NaN,0.0,12.0,NaN,NaN,NaN,24.0,361.0,NaN,0.0,12.0,66.0,0.0,0.0,1.0,-3.2666666666666666,14.0,0.0,0.0,1.0,1.0,0.0,0.0,0.0,0.0,0.0,0.0,1.0,0.0,0.0,NaN,1.0,0.0,NaN,NaN,NaN,NaN,NaN,NaN,NaN
185.0,NaN,20.0,2.0,57.0,NaN,-7.0,2.0,36.72,NaN,0.0,14.0,138.0,NaN,-2.7142857142857144,6.0,66.0,NaN,-4.571428571428571,6.0,38.0,NaN,-6.0,6.0,17.0,NaN,0.0,2.0,NaN,NaN,NaN,24.0,NaN,NaN,NaN,24.0,22.0,NaN,0.0,13.0,0.5,NaN,-0.038461538461538464,10.0,NaN,NaN,NaN,24.0,NaN,NaN,NaN,24.0,NaN,NaN,NaN,24.0,29.0,NaN,0.0,13.0,31.0,NaN,0.0,13.0,105.0,NaN,0.0,13.0,NaN,NaN,NaN,24.0,100.0,NaN,0.0,13.0,0.8,NaN,0.0,13.0,NaN,NaN,NaN,24.0,123.0,NaN,0.0,13.0,NaN,NaN,NaN,24.0,NaN,NaN,NaN,24.0,NaN,NaN,NaN,24.0,4.5,NaN,0.0,13.0,0.3,NaN,0.0,13.0,0.08,NaN,0.0,13.0,40.5,NaN,0.0,13.0,13.1,NaN,0.0,13.0,23.8,NaN,0.0,13.0,23.7,NaN,0.0,13.0,NaN,NaN,NaN,24.0,361.0,NaN,0.0,13.0,66.0,0.0,0.0,1.0,-3.2666666666666666,15.0,0.0,0.0,1.0,1.0,0.0,0.0,0.0,0.0,0.0,0.0,1.0,0.0,0.0,NaN,1.0,0.0,NaN,NaN,NaN,NaN,NaN,NaN,NaN
