97.0,NaN,NaN,24.0,94.0,NaN,NaN,24.0,37.39,NaN,NaN,24.0,98.0,NaN,NaN,24.0,77.0,NaN,NaN,24.0,68.0,NaN,NaN,24.0,20.0,NaN,NaN,24.0,NaN,NaN,NaN,24.0,NaN,NaN,NaN,24.0,NaN,NaN,NaN,24.0,NaN,NaN,NaN,24.0,NaN,NaN,NaN,24.0,NaN,NaN,NaN,24.0,NaN,NaN,NaN,24.0,NaN,NaN,NaN,24.0,NaN,NaN,NaN,24.0,NaN,NaN,NaN,24.0,NaN,NaN,NaN,24.0,NaN,NaN,NaN,24.0,NaN,NaN,NaN,24.0,NaN,NaN,NaN,24.0,NaN,NaN,NaN,24.0,NaN,NaN,NaN,24.0,NaN,NaN,NaN,24.0,NaN,NaN,NaN,24.0,NaN,NaN,NaN,24.0,NaN,NaN,NaN,24.0,NaN,NaN,NaN,24.0,NaN,NaN,NaN,24.0,NaN,NaN,NaN,24.0,NaN,NaN,NaN,24.0,NaN,NaN,NaN,24.0,NaN,NaN,NaN,24.0,NaN,NaN,NaN,24.0,87.0,1.0,1.0,0.0,-3.25,1.0,0.0,0.0,1.0,0.0,0.0,0.0,0.0,0.0,0.0,0.0,1.0,0.0,1.0,-2.0,0.0,0.0,NaN,12.0,12.0,27.0,NaN,NaN,NaN
92.0,NaN,-5.0,0.0,95.0,NaN,1.0,0.0,37.39,NaN,0.0,1.0,104.0,NaN,6.0,0.0,79.0,NaN,2.0,0.0,66.0,NaN,-2.0,0.0,21.0,NaN,1.0,0.0,NaN,NaN,NaN,24.0,NaN,NaN,NaN,24.0,NaN,NaN,NaN,24.0,NaN,NaN,NaN,24.0,NaN,NaN,NaN,24.0,NaN,NaN,NaN,24.0,NaN,NaN,NaN,24.0,NaN,NaN,NaN,24.0,NaN,NaN,NaN,24.0,NaN,NaN,NaN,24.0,NaN,NaN,NaN,24.0,NaN,NaN,NaN,24.0,NaN,NaN,NaN,24.0,NaN,NaN,NaN,24.0,NaN,NaN,NaN,24.0,NaN,NaN,NaN,24.0,NaN,NaN,NaN,24.0,NaN,NaN,NaN,24.0,NaN,NaN,NaN,24.0,NaN,NaN,NaN,24.0,NaN,NaN,NaN,24.0,NaN,NaN,NaN,24.0,NaN,NaN,NaN,24.0,NaN,NaN,NaN,24.0,NaN,NaN,NaN,24.0,NaN,NaN,NaN,24.0,NaN,NaN,NaN,24.0,87.0,1.0,1.0,0.0,-3.25,2.0,0.0,1.0,1.0,0.0,0.0,0.0,0.0,0.0,0.0,0.0,1.0,0.0,1.0,-2.0,0.0,0.0,NaN,12.0,12.0,27.0,NaN,NaN,NaN
89.0,NaN,-3.0,0.0,96.0,NaN,1.0,0.0,37.39,NaN,0.0,2.0,132.0,NaN,28.0,0.0,90.0,NaN,11.0,0.0,74.0,NaN,8.0,0.0,25.0,NaN,4.0,0.0,NaN,NaN,NaN,24.0,NaN,NaN,NaN,24.0,NaN,NaN,NaN,24.0,NaN,NaN,NaN,24.0,NaN,NaN,NaN,24.0,NaN,NaN,NaN,24.0,NaN,NaN,NaN,24.0,NaN,NaN,NaN,24.0,NaN,NaN,NaN,24.0,NaN,NaN,NaN,24.0,NaN,NaN,NaN,24.0,NaN,NaN,NaN,24.0,NaN,NaN,NaN,24.0,NaN,NaN,NaN,24.0,NaN,NaN,NaN,24.0,NaN,NaN,NaN,24.0,NaN,NaN,NaN,24.0,NaN,NaN,NaN,24.0,NaN,NaN,NaN,24.0,NaN,NaN,NaN,24.0,NaN,NaN,NaN,24.0,NaN,NaN,NaN,24.0,NaN,NaN,NaN,24.0,NaN,NaN,NaN,24.0,NaN,NaN,NaN,24.0,NaN,NaN,NaN,24.0,NaN,NaN,NaN,24.0,87.0,1.0,1.0,0.0,-3.25,3.0,0.0,1.0,0.0,0.0,0.0,0.0,0.0,0.0,0.0,0.0,1.0,0.0,1.0,-2.0,0.0,0.0,NaN,12.0,12.0,27.0,NaN,NaN,NaN
86.0,NaN,-3.0,0.0,100.0,NaN,4.0,0.0,37.39,NaN,0.0,3.0,107.0,NaN,-25.0,0.0,83.0,NaN,-7.0,0.0,75.0,NaN,1.0,0.0,22.0,NaN,-3.0,0.0,NaN,NaN,NaN,24.0,NaN,NaN,NaN,24.0,NaN,NaN,NaN,24.0,NaN,NaN,NaN,24.0,NaN,NaN,NaN,24.0,NaN,NaN,NaN,24.0,NaN,NaN,NaN,24.0,NaN,NaN,NaN,24.0,NaN,NaN,NaN,24.0,NaN,NaN,NaN,24.0,NaN,NaN,NaN,24.0,NaN,NaN,NaN,24.0,NaN,NaN,NaN,24.0,NaN,NaN,NaN,24.0,NaN,NaN,NaN,24.0,NaN,NaN,NaN,24.0,NaN,NaN,NaN,24.0,NaN,NaN,NaN,24.0,NaN,NaN,NaN,24.0,NaN,NaN,NaN,24.0,NaN,NaN,NaN,24.0,NaN,NaN,NaN,24.0,NaN,NaN,NaN,24.0,NaN,NaN,NaN,24.0,NaN,NaN,NaN,24.0,NaN,NaN,NaN,24.0,NaN,NaN,NaN,24.0,87.0,1.0,1.0,0.0,-3.25,4.0,0.0,1.0,0.0,0.0,0.0,0.0,0.0,0.0,0.0,0.0,1.0,0.0,1.0,-2.0,0.0,0.0,NaN,12.0,12.0,27.0,NaN,NaN,NaN
86.0,NaN,0.0,0.0,100.0,NaN,0.0,0.0,36.89,NaN,-0.125,0.0,129.0,NaN,22.0,0.0,90.0,NaN,7.0,0.0,74.0,NaN,-1.0,0.0,25.0,NaN,3.0,0.0,NaN,NaN,NaN,24.0,NaN,NaN,NaN,24.0,NaN,NaN,NaN,24.0,NaN,NaN,NaN,24.0,NaN,NaN,NaN,24.0,NaN,NaN,NaN,24.0,NaN,NaN,NaN,24.0,NaN,NaN,NaN,24.0,NaN,NaN,NaN,24.0,NaN,NaN,NaN,24.0,NaN,NaN,NaN,24.0,NaN,NaN,NaN,24.0,NaN,NaN,NaN,24.0,NaN,NaN,NaN,24.0,NaN,NaN,NaN,24.0,NaN,NaN,NaN,24.0,NaN,NaN,NaN,24.0,NaN,NaN,NaN,24.0,NaN,NaN,NaN,24.0,NaN,NaN,NaN,24.0,NaN,NaN,NaN,24.0,NaN,NaN,NaN,24.0,NaN,NaN,NaN,24.0,NaN,NaN,NaN,24.0,NaN,NaN,NaN,24.0,NaN,NaN,NaN,24.0,NaN,NaN,NaN,24.0,87.0,1.0,1.0,0.0,-3.25,5.0,0.0,1.0,0.0,0.0,0.0,0.0,0.0,0.0,0.0,0.0,1.0,0.0,1.0,-2.0,0.0,0.0,NaN,12.0,12.0,27.0,NaN,NaN,NaN
83.0,NaN,-3.0,0.0,95.0,NaN,-5.0,0.0,36.89,NaN,-0.1,1.0,136.0,NaN,7.0,0.0,99.0,NaN,9.0,0.0,83.0,NaN,9.0,0.0,23.0,NaN,-2.0,0.0,NaN,NaN,NaN,24.0,NaN,NaN,NaN,24.0,NaN,NaN,NaN,24.0,NaN,NaN,NaN,24.0,NaN,NaN,NaN,24.0,NaN,NaN,NaN,24.0,NaN,NaN,NaN,24.0,NaN,NaN,NaN,24.0,NaN,NaN,NaN,24.0,NaN,NaN,NaN,24.0,NaN,NaN,NaN,24.0,NaN,NaN,NaN,24.0,NaN,NaN,NaN,24.0,NaN,NaN,NaN,24.0,NaN,NaN,NaN,24.0,NaN,NaN,NaN,24.0,NaN,NaN,NaN,24.0,NaN,NaN,NaN,24.0,NaN,NaN,NaN,24.0,NaN,NaN,NaN,24.0,NaN,NaN,NaN,24.0,NaN,NaN,NaN,24.0,NaN,NaN,NaN,24.0,NaN,NaN,NaN,24.0,NaN,NaN,NaN,24.0,NaN,NaN,NaN,24.0,NaN,NaN,NaN,24.0,87.0,1.0,1.0,0.0,-3.25,6.0,0.0,1.0,0.0,0.0,0.0,0.0,0.0,0.0,0.0,0.0,1.0,0.0,1.0,-2.0,0.0,0.0,NaN,12.0,12.0,27.0,NaN,NaN,NaN
94.0,NaN,11.0,0.0,100.0,NaN,5.0,0.0,36.89,NaN,-0.08333333333333333,2.0,146.0,NaN,10.0,0.0,125.0,NaN,26.0,0.0,117.0,NaN,34.0,0.0,18.0,NaN,-5.0,0.0,NaN,NaN,NaN,24.0,NaN,NaN,NaN,24.0,NaN,NaN,NaN,24.0,NaN,NaN,NaN,24.0,NaN,NaN,NaN,24.0,NaN,NaN,NaN,24.0,NaN,NaN,NaN,24.0,NaN,NaN,NaN,24.0,NaN,NaN,NaN,24.0,NaN,NaN,NaN,24.0,NaN,NaN,NaN,24.0,NaN,NaN,NaN,24.0,NaN,NaN,NaN,24.0,NaN,NaN,NaN,24.0,NaN,NaN,NaN,24.0,NaN,NaN,NaN,24.0,NaN,NaN,NaN,24.0,NaN,NaN,NaN,24.0,NaN,NaN,NaN,24.0,NaN,NaN,NaN,24.0,NaN,NaN,NaN,24.0,NaN,NaN,NaN,24.0,NaN,NaN,NaN,24.0,NaN,NaN,NaN,24.0,NaN,NaN,NaN,24.0,NaN,NaN,NaN,24.0,NaN,NaN,NaN,24.0,87.0,1.0,1.0,0.0,-3.25,7.0,0.0,0.0,1.0,0.0,0.0,0.0,0.0,0.0,0.0,0.0,1.0,0.0,1.0,-2.0,0.0,0.0,NaN,12.0,12.0,27.0,NaN,NaN,NaN
99.0,NaN,5.0,0.0,97.0,NaN,-3.0,0.0,36.89,NaN,-0.07142857142857142,3.0,217.0,NaN,71.0,0.0,211.0,NaN,86.0,0.0,205.0,NaN,88.0,0.0,18.0,NaN,0.0,0.0,NaN,NaN,NaN,24.0,NaN,NaN,NaN,24.0,NaN,NaN,NaN,24.0,NaN,NaN,NaN,24.0,NaN,NaN,NaN,24.0,NaN,NaN,NaN,24.0,NaN,NaN,NaN,24.0,NaN,NaN,NaN,24.0,NaN,NaN,NaN,24.0,NaN,NaN,NaN,24.0,NaN,NaN,NaN,24.0,NaN,NaN,NaN,24.0,NaN,NaN,NaN,24.0,NaN,NaN,NaN,24.0,NaN,NaN,NaN,24.0,NaN,NaN,NaN,24.0,NaN,NaN,NaN,24.0,NaN,NaN,NaN,24.0,NaN,NaN,NaN,24.0,NaN,NaN,NaN,24.0,NaN,NaN,NaN,24.0,NaN,NaN,NaN,24.0,NaN,NaN,NaN,24.0,NaN,NaN,NaN,24.0,NaN,NaN,NaN,24.0,NaN,NaN,NaN,24.0,NaN,NaN,NaN,24.0,87.0,1.0,1.0,0.0,-3.25,8.0,0.0,0.0,1.0,0.0,0.0,0.0,0.0,0.0,0.0,0.0,1.0,0.0,1.0,-2.0,0.0,0.0,NaN,12.0,12.0,27.0,NaN,NaN,NaN
100.0,NaN,1.0,0.0,96.0,NaN,-1.0,0.0,36.56,NaN,-0.08249999999999957,0.0,119.0,NaN,-98.0,0.0,84.0,NaN,-127.0,0.0,70.0,NaN,-135.0,0.0,26.0,NaN,8.0,0.0,NaN,NaN,NaN,24.0,NaN,NaN,NaN,24.0,NaN,NaN,NaN,24.0,NaN,NaN,NaN,24.0,NaN,NaN,NaN,24.0,NaN,NaN,NaN,24.0,NaN,NaN,NaN,24.0,NaN,NaN,NaN,24.0,NaN,NaN,NaN,24.0,NaN,NaN,NaN,24.0,NaN,NaN,NaN,24.0,NaN,NaN,NaN,24.0,NaN,NaN,NaN,24.0,NaN,NaN,NaN,24.0,NaN,NaN,NaN,24.0,NaN,NaN,NaN,24.0,NaN,NaN,NaN,24.0,NaN,NaN,NaN,24.0,NaN,NaN,NaN,24.0,NaN,NaN,NaN,24.0,NaN,NaN,NaN,24.0,NaN,NaN,NaN,24.0,NaN,NaN,NaN,24.0,NaN,NaN,NaN,24.0,NaN,NaN,NaN,24.0,NaN,NaN,NaN,24.0,NaN,NaN,NaN,24.0,87.0,1.0,1.0,0.0,-3.25,9.0,0.0,1.0,1.0,0.0,0.0,0.0,0.0,0.0,0.0,0.0,1.0,1.0,1.0,-2.0,0.0,0.0,NaN,12.0,12.0,27.0,NaN,NaN,NaN
97.0,NaN,-3.0,0.0,94.0,NaN,-2.0,0.0,36.56,NaN,-0.06599999999999966,1.0,120.0,NaN,1.0,0.0,90.0,NaN,6.0,0.0,75.0,NaN,5.0,0.0,23.0,NaN,-3.0,0.0,NaN,NaN,NaN,24.0,NaN,NaN,NaN,24.0,NaN,NaN,NaN,24.0,NaN,NaN,NaN,24.0,NaN,NaN,NaN,24.0,NaN,NaN,NaN,24.0,NaN,NaN,NaN,24.0,NaN,NaN,NaN,24.0,NaN,NaN,NaN,24.0,NaN,NaN,NaN,24.0,NaN,NaN,NaN,24.0,NaN,NaN,NaN,24.0,NaN,NaN,NaN,24.0,NaN,NaN,NaN,24.0,NaN,NaN,NaN,24.0,NaN,NaN,NaN,24.0,NaN,NaN,NaN,24.0,NaN,NaN,NaN,24.0,NaN,NaN,NaN,24.0,NaN,NaN,NaN,24.0,NaN,NaN,NaN,24.0,NaN,NaN,NaN,24.0,NaN,NaN,NaN,24.0,NaN,NaN,NaN,24.0,NaN,NaN,NaN,24.0,NaN,NaN,NaN,24.0,NaN,NaN,NaN,24.0,87.0,1.0,1.0,0.0,-3.25,10.0,0.0,1.0,1.0,0.0,0.0,0.0,0.0,0.0,0.0,0.0,1.0,1.0,1.0,-2.0,0.0,0.0,NaN,12.0,12.0,27.0,NaN,NaN,NaN
101.0,NaN,4.0,0.0,96.0,NaN,2.0,0.0,36.56,NaN,-0.054999999999999716,2.0,121.0,NaN,1.0,0.0,84.0,NaN,-6.0,0.0,66.0,NaN,-9.0,0.0,25.0,NaN,2.0,0.0,NaN,NaN,NaN,24.0,NaN,NaN,NaN,24.0,NaN,NaN,NaN,24.0,NaN,NaN,NaN,24.0,NaN,NaN,NaN,24.0,NaN,NaN,NaN,24.0,NaN,NaN,NaN,24.0,NaN,NaN,NaN,24.0,NaN,NaN,NaN,24.0,NaN,NaN,NaN,24.0,NaN,NaN,NaN,24.0,NaN,NaN,NaN,24.0,NaN,NaN,NaN,24.0,NaN,NaN,NaN,24.0,NaN,NaN,NaN,24.0,NaN,NaN,NaN,24.0,NaN,NaN,NaN,24.0,NaN,NaN,NaN,24.0,NaN,NaN,NaN,24.0,NaN,NaN,NaN,24.0,NaN,NaN,NaN,24.0,NaN,NaN,NaN,24.0,NaN,NaN,NaN,24.0,NaN,NaN,NaN,24.0,NaN,NaN,NaN,24.0,NaN,NaN,NaN,24.0,NaN,NaN,NaN,24.0,87.0,1.0,1.0,0.0,-3.25,11.0,0.0,1.0,1.0,0.0,0.0,0.0,0.0,0.0,0.0,0.0,1.0,1.0,1.0,-2.0,0.0,0.0,NaN,12.0,12.0,27.0,NaN,NaN,NaN
102.0,NaN,1.0,0.0,94.0,NaN,-2.0,0.0,36.56,NaN,-0.047142857142856896,3.0,120.0,NaN,-1.0,0.0,84.0,NaN,0.0,0.0,70.0,NaN,4.0,0.0,28.0,NaN,3.0,0.0,NaN,NaN,NaN,24.0,NaN,NaN,NaN,24.0,23.0,NaN,0.0,0.0,NaN,NaN,NaN,24.0,NaN,NaN,NaN,24.0,NaN,NaN,NaN,24.0,NaN,NaN,NaN,24.0,12.0,NaN,0.0,0.0,20.0,NaN,0.0,0.0,84.0,NaN,0.0,0.0,8.9,NaN,0.0,0.0,100.0,NaN,0.0,0.0,1.0,NaN,0.0,0.0,NaN,NaN,NaN,24.0,102.0,NaN,0.0,0.0,NaN,NaN,NaN,24.0,1.7,NaN,0.0,0.0,3.3,NaN,0.0,0.0,4.2,NaN,0.0,0.0,0.4,NaN,0.0,0.0,NaN,NaN,NaN,24.0,37.6,NaN,0.0,0.0,11.3,NaN,0.0,0.0,32.5,NaN,0.0,0.0,12.9,NaN,0.0,0.0,NaN,NaN,NaN,24.0,228.0,NaN,0.0,0.0,87.0,1.0,1.0,0.0,-3.25,12.0,0.0,1.0,1.0,1.0,0.0,0.0,0.0,0.0,0.0,0.0,1.0,1.0,1.0,-2.0,0.0,0.0,NaN,12.0,12.0,27.0,NaN,NaN,NaN
105.0,NaN,3.0,0.0,99.0,NaN,5.0,0.0,38.33,NaN,0.442499999999999,0.0,111.0,NaN,-9.0,0.0,85.0,NaN,1.0,0.0,74.0,NaN,4.0,0.0,29.0,NaN,1.0,0.0,NaN,NaN,NaN,24.0,NaN,NaN,NaN,24.0,23.0,NaN,0.0,1.0,NaN,NaN,NaN,24.0,NaN,NaN,NaN,24.0,NaN,NaN,NaN,24.0,NaN,NaN,NaN,24.0,12.0,NaN,0.0,1.0,20.0,NaN,0.0,1.0,84.0,NaN,0.0,1.0,8.9,NaN,0.0,1.0,100.0,NaN,0.0,1.0,1.0,NaN,0.0,1.0,NaN,NaN,NaN,24.0,102.0,NaN,0.0,1.0,NaN,NaN,NaN,24.0,1.7,NaN,0.0,1.0,3.3,NaN,0.0,1.0,4.2,NaN,0.0,1.0,0.4,NaN,0.0,1.0,NaN,NaN,NaN,24.0,37.6,NaN,0.0,1.0,11.3,NaN,0.0,1.0,32.5,NaN,0.0,1.0,12.9,NaN,0.0,1.0,NaN,NaN,NaN,24.0,228.0,NaN,0.0,1.0,87.0,1.0,1.0,0.0,-3.25,13.0,1.0,1.0,1.0,1.0,0.0,0.0,0.0,0.0,0.0,0.0,1.0,1.0,1.0,-2.0,0.0,0.0,NaN,12.0,12.0,27.0,NaN,NaN,NaN
112.0,NaN,7.0,0.0,95.0,NaN,-4.0,0.0,38.33,NaN,0.3539999999999992,1.0,108.0,NaN,-3.0,0.0,85.0,NaN,0.0,0.0,73.0,NaN,-1.0,0.0,25.0,NaN,-4.0,0.0,NaN,NaN,NaN,24.0,NaN,NaN,NaN,24.0,23.0,NaN,0.0,2.0,NaN,NaN,NaN,24.0,NaN,NaN,NaN,24.0,NaN,NaN,NaN,24.0,NaN,NaN,NaN,24.0,12.0,NaN,0.0,2.0,20.0,NaN,0.0,2.0,84.0,NaN,0.0,2.0,8.9,NaN,0.0,2.0,100.0,NaN,0.0,2.0,1.0,NaN,0.0,2.0,NaN,NaN,NaN,24.0,102.0,NaN,0.0,2.0,NaN,NaN,NaN,24.0,1.7,NaN,0.0,2.0,3.3,NaN,0.0,2.0,4.2,NaN,0.0,2.0,0.4,NaN,0.0,2.0,NaN,NaN,NaN,24.0,37.6,NaN,0.0,2.0,11.3,NaN,0.0,2.0,32.5,NaN,0.0,2.0,12.9,NaN,0.0,2.0,NaN,NaN,NaN,24.0,228.0,NaN,0.0,2.0,87.0,1.0,1.0,0.0,-3.25,14.0,1.0,1.0,1.0,1.0,0.0,0.0,0.0,0.0,0.0,0.0,1.0,1.0,1.0,-2.0,0.0,0.0,NaN,12.0,12.0,27.0,NaN,NaN,NaN
91.0,NaN,-21.0,0.0,97.0,NaN,2.0,0.0,36.72,NaN,-0.8049999999999997,0.0,91.0,NaN,-17.0,0.0,70.0,NaN,-15.0,0.0,58.0,NaN,-15.0,0.0,21.0,NaN,-4.0,0.0,NaN,NaN,NaN,24.0,NaN,NaN,NaN,24.0,23.0,NaN,0.0,3.0,NaN,NaN,NaN,24.0,NaN,NaN,NaN,24.0,NaN,NaN,NaN,24.0,NaN,NaN,NaN,24.0,12.0,NaN,0.0,3.0,20.0,NaN,0.0,3.0,84.0,NaN,0.0,3.0,8.9,NaN,0.0,3.0,100.0,NaN,0.0,3.0,1.0,NaN,0.0,3.0,NaN,NaN,NaN,24.0,102.0,NaN,0.0,3.0,NaN,NaN,NaN,24.0,1.7,NaN,0.0,3.0,3.3,NaN,0.0,3.0,4.2,NaN,0.0,3.0,0.4,NaN,0.0,3.0,NaN,NaN,NaN,24.0,37.6,NaN,0.0,3.0,11.3,NaN,0.0,3.0,32.5,NaN,0.0,3.0,12.9,NaN,0.0,3.0,NaN,NaN,NaN,24.0,228.0,NaN,0.0,3.0,87.0,1.0,1.0,0.0,-3.25,15.0,0.0,1.0,1.0,1.0,0.0,0.0,0.0,0.0,0.0,0.0,1.0,1.0,1.0,-2.0,0.0,0.0,NaN,12.0,12.0,27.0,NaN,NaN,NaN
87.0,NaN,-4.0,0.0,97.0,NaN,0.0,0.0,36.72,NaN,-0.5366666666666665,1.0,88.0,NaN,-3.0,0.0,72.0,NaN,2.0,0.0,63.0,NaN,5.0,0.0,22.0,NaN,1.0,0.0,NaN,NaN,NaN,24.0,NaN,NaN,NaN,24.0,23.0,NaN,0.0,4.0,NaN,NaN,NaN,24.0,NaN,NaN,NaN,24.0,NaN,NaN,NaN,24.0,NaN,NaN,NaN,24.0,12.0,NaN,0.0,4.0,20.0,NaN,0.0,4.0,84.0,NaN,0.0,4.0,8.9,NaN,0.0,4.0,100.0,NaN,0.0,4.0,1.0,NaN,0.0,4.0,NaN,NaN,NaN,24.0,102.0,NaN,0.0,4.0,NaN,NaN,NaN,24.0,1.7,NaN,0.0,4.0,3.3,NaN,0.0,4.0,4.2,NaN,0.0,4.0,0.4,NaN,0.0,4.0,NaN,NaN,NaN,24.0,37.6,NaN,0.0,4.0,11.3,NaN,0.0,4.0,32.5,NaN,0.0,4.0,12.9,NaN,0.0,4.0,NaN,NaN,NaN,24.0,228.0,NaN,0.0,4.0,87.0,1.0,1.0,0.0,-3.25,16.0,0.0,1.0,0.0,1.0,0.0,0.0,0.0,1.0,0.0,0.0,1.0,1.0,1.0,-2.0,0.0,0.0,NaN,12.0,12.0,27.0,NaN,NaN,NaN
