97.0,NaN,NaN,24.0,90.0,NaN,NaN,24.0,NaN,NaN,NaN,24.0,149.0,NaN,NaN,24.0,92.0,NaN,NaN,24.0,74.0,NaN,NaN,24.0,30.0,NaN,NaN,24.0,NaN,NaN,NaN,24.0,NaN,NaN,NaN,24.0,NaN,NaN,NaN,24.0,NaN,NaN,NaN,24.0,NaN,NaN,NaN,24.0,NaN,NaN,NaN,24.0,NaN,NaN,NaN,24.0,NaN,NaN,NaN,24.0,NaN,NaN,NaN,24.0,NaN,NaN,NaN,24.0,NaN,NaN,NaN,24.0,NaN,NaN,NaN,24.0,NaN,NaN,NaN,24.0,NaN,NaN,NaN,24.0,NaN,NaN,NaN,24.0,NaN,NaN,NaN,24.0,NaN,NaN,NaN,24.0,NaN,NaN,NaN,24.0,NaN,NaN,NaN,24.0,NaN,NaN,NaN,24.0,NaN,NaN,NaN,24.0,NaN,NaN,NaN,24.0,NaN,NaN,NaN,24.0,28.6,NaN,NaN,24.0,NaN,NaN,NaN,24.0,NaN,NaN,NaN,24.0,NaN,NaN,NaN,24.0,47.0,1.0,1.0,0.0,-4.816666666666666,1.0,0.0,1.0,1.0,0.0,0.0,0.0,0.0,0.0,0.0,0.0,1.0,0.0,0.0,0.0,0.0,0.0,NaN,NaN,NaN,1.0,NaN,NaN,NaN
95.0,NaN,-2.0,0.0,93.0,NaN,3.0,0.0,37.11,NaN,0.0,0.0,151.0,NaN,2.0,0.0,96.0,NaN,4.0,0.0,79.0,NaN,5.0,0.0,29.0,NaN,-1.0,0.0,NaN,NaN,NaN,24.0,NaN,NaN,NaN,24.0,NaN,NaN,NaN,24.0,NaN,NaN,NaN,24.0,NaN,NaN,NaN,24.0,NaN,NaN,NaN,24.0,NaN,NaN,NaN,24.0,NaN,NaN,NaN,24.0,NaN,NaN,NaN,24.0,NaN,NaN,NaN,24.0,NaN,NaN,NaN,24.0,NaN,NaN,NaN,24.0,NaN,NaN,NaN,24.0,NaN,NaN,NaN,24.0,NaN,NaN,NaN,24.0,NaN,NaN,NaN,24.0,NaN,NaN,NaN,24.0,NaN,NaN,NaN,24.0,NaN,NaN,NaN,24.0,NaN,NaN,NaN,24.0,NaN,NaN,NaN,24.0,NaN,NaN,NaN,24.0,NaN,NaN,NaN,24.0,28.6,NaN,0.0,1.0,NaN,NaN,NaN,24.0,NaN,NaN,NaN,24.0,NaN,NaN,NaN,24.0,47.0,1.0,1.0,0.0,-4.816666666666666,2.0,0.0,1.0,1.0,0.0,0.0,0.0,0.0,0.0,0.0,0.0,1.0,0.0,0.0,0.0,0.0,0.0,NaN,NaN,NaN,1.0,NaN,NaN,NaN
94.0,NaN,-1.0,0.0,100.0,NaN,7.0,0.0,37.11,NaN,0.0,1.0,152.0,NaN,1.0,0.0,96.0,NaN,0.0,0.0,83.0,NaN,4.0,0.0,30.0,NaN,1.0,0.0,NaN,NaN,NaN,24.0,NaN,NaN,NaN,24.0,NaN,NaN,NaN,24.0,NaN,NaN,NaN,24.0,NaN,NaN,NaN,24.0,NaN,NaN,NaN,24.0,NaN,NaN,NaN,24.0,NaN,NaN,NaN,24.0,NaN,NaN,NaN,24.0,NaN,NaN,NaN,24.0,NaN,NaN,NaN,24.0,NaN,NaN,NaN,24.0,NaN,NaN,NaN,24.0,NaN,NaN,NaN,24.0,NaN,NaN,NaN,24.0,NaN,NaN,NaN,24.0,NaN,NaN,NaN,24.0,NaN,NaN,NaN,24.0,NaN,NaN,NaN,24.0,NaN,NaN,NaN,24.0,NaN,NaN,NaN,24.0,NaN,NaN,NaN,24.0,NaN,NaN,NaN,24.0,28.6,NaN,0.0,2.0,NaN,NaN,NaN,24.0,NaN,NaN,NaN,24.0,NaN,NaN,NaN,24.0,47.0,1.0,1.0,0.0,-4.816666666666666,3.0,0.0,1.0,1.0,0.0,0.0,0.0,0.0,0.0,0.0,0.0,1.0,0.0,0.0,0.0,0.0,0.0,NaN,NaN,NaN,1.0,NaN,NaN,NaN
101.0,NaN,7.0,0.0,96.0,NaN,-4.0,0.0,37.11,NaN,0.0,2.0,164.0,NaN,12.0,0.0,103.0,NaN,7.0,0.0,85.0,NaN,2.0,0.0,29.0,NaN,-1.0,0.0,NaN,NaN,NaN,24.0,NaN,NaN,NaN,24.0,NaN,NaN,NaN,24.0,NaN,NaN,NaN,24.0,NaN,NaN,NaN,24.0,NaN,NaN,NaN,24.0,NaN,NaN,NaN,24.0,NaN,NaN,NaN,24.0,NaN,NaN,NaN,24.0,NaN,NaN,NaN,24.0,NaN,NaN,NaN,24.0,NaN,NaN,NaN,24.0,NaN,NaN,NaN,24.0,NaN,NaN,NaN,24.0,NaN,NaN,NaN,24.0,NaN,NaN,NaN,24.0,NaN,NaN,NaN,24.0,NaN,NaN,NaN,24.0,NaN,NaN,NaN,24.0,NaN,NaN,NaN,24.0,NaN,NaN,NaN,24.0,NaN,NaN,NaN,24.0,NaN,NaN,NaN,24.0,28.6,NaN,0.0,3.0,NaN,NaN,NaN,24.0,NaN,NaN,NaN,24.0,NaN,NaN,NaN,24.0,47.0,1.0,1.0,0.0,-4.816666666666666,4.0,0.0,1.0,1.0,0.0,0.0,0.0,0.0,0.0,0.0,0.0,1.0,0.0,0.0,0.0,0.0,0.0,NaN,NaN,NaN,1.0,NaN,NaN,NaN
95.0,NaN,-6.0,0.0,94.0,NaN,-2.0,0.0,37.11,NaN,0.0,3.0,157.0,NaN,-7.0,0.0,92.0,NaN,-11.0,0.0,72.0,NaN,-13.0,0.0,37.0,NaN,8.0,0.0,NaN,NaN,NaN,24.0,NaN,NaN,NaN,24.0,NaN,NaN,NaN,24.0,NaN,NaN,NaN,24.0,NaN,NaN,NaN,24.0,NaN,NaN,NaN,24.0,NaN,NaN,NaN,24.0,NaN,NaN,NaN,24.0,NaN,NaN,NaN,24.0,NaN,NaN,NaN,24.0,NaN,NaN,NaN,24.0,NaN,NaN,NaN,24.0,NaN,NaN,NaN,24.0,NaN,NaN,NaN,24.0,NaN,NaN,NaN,24.0,NaN,NaN,NaN,24.0,NaN,NaN,NaN,24.0,NaN,NaN,NaN,24.0,NaN,NaN,NaN,24.0,NaN,NaN,NaN,24.0,NaN,NaN,NaN,24.0,NaN,NaN,NaN,24.0,NaN,NaN,NaN,24.0,28.6,NaN,0.0,4.0,NaN,NaN,NaN,24.0,NaN,NaN,NaN,24.0,NaN,NaN,NaN,24.0,47.0,1.0,1.0,0.0,-4.816666666666666,5.0,0.0,1.0,1.0,0.0,0.0,0.0,0.0,0.0,0.0,0.0,1.0,0.0,0.0,0.0,0.0,0.0,NaN,NaN,NaN,1.0,NaN,NaN,NaN
94.0,NaN,-1.0,0.0,98.0,NaN,4.0,0.0,36.94,NaN,-0.042500000000000426,0.0,163.0,NaN,6.0,0.0,100.0,NaN,8.0,0.0,82.0,NaN,10.0,0.0,29.0,NaN,-8.0,0.0,NaN,NaN,NaN,24.0,NaN,NaN,NaN,24.0,25.0,NaN,0.0,0.0,NaN,NaN,NaN,24.0,NaN,NaN,NaN,24.0,NaN,NaN,NaN,24.0,NaN,NaN,NaN,24.0,57.0,NaN,0.0,0.0,55.0,NaN,0.0,0.0,54.0,NaN,0.0,0.0,8.1,NaN,0.0,0.0,102.0,NaN,0.0,0.0,9.2,NaN,0.0,0.0,NaN,NaN,NaN,24.0,136.0,NaN,0.0,0.0,NaN,NaN,NaN,24.0,2.1,NaN,0.0,0.0,6.4,NaN,0.0,0.0,5.0,NaN,0.0,0.0,0.3,NaN,0.0,0.0,0.14,NaN,0.0,0.0,29.2,NaN,0.0,0.0,9.8,NaN,0.0,0.0,28.6,NaN,0.0,5.0,4.9,NaN,0.0,0.0,NaN,NaN,NaN,24.0,199.0,NaN,0.0,0.0,47.0,1.0,1.0,0.0,-4.816666666666666,6.0,0.0,1.0,1.0,0.0,0.0,0.0,0.0,0.0,0.0,4.0,1.0,0.0,0.0,0.0,0.0,0.0,NaN,NaN,NaN,1.0,NaN,NaN,NaN
89.0,NaN,-5.0,0.0,97.0,NaN,-1.0,0.0,36.94,NaN,-0.03400000000000034,1.0,138.0,NaN,-25.0,0.0,90.0,NaN,-10.0,0.0,75.0,NaN,-7.0,0.0,31.0,NaN,2.0,0.0,NaN,NaN,NaN,24.0,NaN,NaN,NaN,24.0,25.0,NaN,0.0,1.0,NaN,NaN,NaN,24.0,NaN,NaN,NaN,24.0,NaN,NaN,NaN,24.0,NaN,NaN,NaN,24.0,57.0,NaN,0.0,1.0,55.0,NaN,0.0,1.0,54.0,NaN,0.0,1.0,8.1,NaN,0.0,1.0,102.0,NaN,0.0,1.0,9.2,NaN,0.0,1.0,NaN,NaN,NaN,24.0,136.0,NaN,0.0,1.0,NaN,NaN,NaN,24.0,2.1,NaN,0.0,1.0,6.4,NaN,0.0,1.0,5.0,NaN,0.0,1.0,0.3,NaN,0.0,1.0,0.14,NaN,0.0,1.0,29.2,NaN,0.0,1.0,9.8,NaN,0.0,1.0,28.6,NaN,0.0,6.0,4.9,NaN,0.0,1.0,NaN,NaN,NaN,24.0,199.0,NaN,0.0,1.0,47.0,1.0,1.0,0.0,-4.816666666666666,7.0,0.0,1.0,0.0,0.0,0.0,0.0,0.0,0.0,0.0,0.0,1.0,0.0,0.0,0.0,0.0,0.0,NaN,NaN,NaN,1.0,NaN,NaN,NaN
77.0,NaN,-12.0,0.0,97.0,NaN,0.0,0.0,36.94,NaN,-0.028333333333333616,2.0,140.0,NaN,2.0,0.0,91.0,NaN,1.0,0.0,76.0,NaN,1.0,0.0,31.0,NaN,0.0,0.0,NaN,NaN,NaN,24.0,NaN,NaN,NaN,24.0,25.0,NaN,0.0,2.0,NaN,NaN,NaN,24.0,NaN,NaN,NaN,24.0,NaN,NaN,NaN,24.0,NaN,NaN,NaN,24.0,57.0,NaN,0.0,2.0,55.0,NaN,0.0,2.0,54.0,NaN,0.0,2.0,8.1,NaN,0.0,2.0,102.0,NaN,0.0,2.0,9.2,NaN,0.0,2.0,NaN,NaN,NaN,24.0,136.0,NaN,0.0,2.0,NaN,NaN,NaN,24.0,2.1,NaN,0.0,2.0,6.4,NaN,0.0,2.0,5.0,NaN,0.0,2.0,0.3,NaN,0.0,2.0,0.14,NaN,0.0,2.0,29.2,NaN,0.0,2.0,9.8,NaN,0.0,2.0,28.6,NaN,0.0,7.0,4.9,NaN,0.0,2.0,NaN,NaN,NaN,24.0,199.0,NaN,0.0,2.0,47.0,1.0,1.0,0.0,-4.816666666666666,8.0,0.0,1.0,0.0,0.0,0.0,0.0,0.0,0.0,0.0,0.0,1.0,0.0,0.0,0.0,0.0,0.0,NaN,NaN,NaN,1.0,NaN,NaN,NaN
80.0,NaN,3.0,0.0,100.0,NaN,3.0,0.0,36.11,NaN,-0.2766666666666661,0.0,137.0,NaN,-3.0,0.0,91.0,NaN,0.0,0.0,75.0,NaN,-1.0,0.0,29.0,NaN,-2.0,0.0,NaN,NaN,NaN,24.0,NaN,NaN,NaN,24.0,25.0,NaN,0.0,3.0,NaN,NaN,NaN,24.0,NaN,NaN,NaN,24.0,NaN,NaN,NaN,24.0,NaN,NaN,NaN,24.0,57.0,NaN,0.0,3.0,55.0,NaN,0.0,3.0,54.0,NaN,0.0,3.0,8.1,NaN,0.0,3.0,102.0,NaN,0.0,3.0,9.2,NaN,0.0,3.0,NaN,NaN,NaN,24.0,136.0,NaN,0.0,3.0,NaN,NaN,NaN,24.0,2.1,NaN,0.0,3.0,6.4,NaN,0.0,3.0,5.0,NaN,0.0,3.0,0.3,NaN,0.0,3.0,0.14,NaN,0.0,3.0,29.2,NaN,0.0,3.0,9.8,NaN,0.0,3.0,28.6,NaN,0.0,8.0,4.9,NaN,0.0,3.0,NaN,NaN,NaN,24.0,199.0,NaN,0.0,3.0,47.0,1.0,1.0,0.0,-4.816666666666666,9.0,0.0,1.0,0.0,0.0,0.0,0.0,0.0,0.0,0.0,0.0,1.0,0.0,0.0,0.0,0.0,0.0,NaN,NaN,NaN,1.0,NaN,NaN,NaN
82.0,NaN,2.0,0.0,94.0,NaN,-6.0,0.0,36.11,NaN,-0.20749999999999957,1.0,117.0,NaN,-20.0,0.0,82.0,NaN,-9.0,0.0,71.0,NaN,-4.0,0.0,23.0,NaN,-6.0,0.0,NaN,NaN,NaN,24.0,NaN,NaN,NaN,24.0,25.0,NaN,0.0,4.0,NaN,NaN,NaN,24.0,NaN,NaN,NaN,24.0,NaN,NaN,NaN,24.0,NaN,NaN,NaN,24.0,57.0,NaN,0.0,4.0,55.0,NaN,0.0,4.0,54.0,NaN,0.0,4.0,8.1,NaN,0.0,4.0,102.0,NaN,0.0,4.0,9.2,NaN,0.0,4.0,NaN,NaN,NaN,24.0,136.0,NaN,0.0,4.0,NaN,NaN,NaN,24.0,2.1,NaN,0.0,4.0,6.4,NaN,0.0,4.0,5.0,NaN,0.0,4.0,0.3,NaN,0.0,4.0,0.14,NaN,0.0,4.0,29.2,NaN,0.0,4.0,9.8,NaN,0.0,4.0,28.6,NaN,0.0,9.0,4.9,NaN,0.0,4.0,NaN,NaN,NaN,24.0,199.0,NaN,0.0,4.0,47.0,1.0,1.0,0.0,-4.816666666666666,10.0,0.0,1.0,0.0,0.0,0.0,0.0,0.0,0.0,0.0,0.0,1.0,0.0,0.0,0.0,0.0,0.0,NaN,NaN,NaN,1.0,NaN,NaN,NaN
84.0,NaN,2.0,0.0,94.0,NaN,0.0,0.0,36.11,NaN,-0.16599999999999965,2.0,131.0,NaN,14.0,0.0,86.0,NaN,4.0,0.0,73.0,NaN,2.0,0.0,26.0,NaN,3.0,0.0,NaN,NaN,NaN,24.0,NaN,NaN,NaN,24.0,25.0,NaN,0.0,5.0,NaN,NaN,NaN,24.0,NaN,NaN,NaN,24.0,NaN,NaN,NaN,24.0,NaN,NaN,NaN,24.0,57.0,NaN,0.0,5.0,55.0,NaN,0.0,5.0,54.0,NaN,0.0,5.0,8.1,NaN,0.0,5.0,102.0,NaN,0.0,5.0,9.2,NaN,0.0,5.0,NaN,NaN,NaN,24.0,136.0,NaN,0.0,5.0,NaN,NaN,NaN,24.0,2.1,NaN,0.0,5.0,6.4,NaN,0.0,5.0,5.0,NaN,0.0,5.0,0.3,NaN,0.0,5.0,0.14,NaN,0.0,5.0,29.2,NaN,0.0,5.0,9.8,NaN,0.0,5.0,28.6,NaN,0.0,10.0,4.9,NaN,0.0,5.0,NaN,NaN,NaN,24.0,199.0,NaN,0.0,5.0,47.0,1.0,1.0,0.0,-4.816666666666666,11.0,0.0,1.0,0.0,0.0,0.0,0.0,0.0,0.0,0.0,0.0,1.0,0.0,0.0,0.0,0.0,0.0,NaN,NaN,NaN,1.0,NaN,NaN,NaN
84.0,NaN,1.0,1.0,94.0,NaN,0.0,1.0,36.11,NaN,-0.13833333333333306,3.0,131.0,NaN,7.0,1.0,86.0,NaN,2.0,1.0,73.0,NaN,1.0,1.0,26.0,NaN,1.5,1.0,NaN,NaN,NaN,24.0,NaN,NaN,NaN,24.0,25.0,NaN,0.0,6.0,NaN,NaN,NaN,24.0,NaN,NaN,NaN,24.0,NaN,NaN,NaN,24.0,NaN,NaN,NaN,24.0,57.0,NaN,0.0,6.0,55.0,NaN,0.0,6.0,54.0,NaN,0.0,6.0,8.1,NaN,0.0,6.0,102.0,NaN,0.0,6.0,9.2,NaN,0.0,6.0,NaN,NaN,NaN,24.0,136.0,NaN,0.0,6.0,NaN,NaN,NaN,24.0,2.1,NaN,0.0,6.0,6.4,NaN,0.0,6.0,5.0,NaN,0.0,6.0,0.3,NaN,0.0,6.0,0.14,NaN,0.0,6.0,29.2,NaN,0.0,6.0,9.8,NaN,0.0,6.0,28.6,NaN,0.0,11.0,4.9,NaN,0.0,6.0,NaN,NaN,NaN,24.0,199.0,NaN,0.0,6.0,47.0,1.0,1.0,0.0,-4.816666666666666,12.0,0.0,1.0,0.0,0.0,0.0,0.0,0.0,0.0,0.0,0.0,1.0,0.0,0.0,0.0,0.0,0.0,NaN,NaN,NaN,1.0,NaN,NaN,NaN
