80.6666666666667,NaN,NaN,24.0,99.3333333333333,NaN,NaN,24.0,35.5,NaN,NaN,24.0,186.0,NaN,NaN,24.0,97.0,NaN,NaN,24.0,69.0,NaN,NaN,24.0,18.0,NaN,NaN,24.0,NaN,NaN,NaN,24.0,NaN,NaN,NaN,24.0,NaN,NaN,NaN,24.0,NaN,NaN,NaN,24.0,NaN,NaN,NaN,24.0,NaN,NaN,NaN,24.0,NaN,NaN,NaN,24.0,NaN,NaN,NaN,24.0,NaN,NaN,NaN,24.0,NaN,NaN,NaN,24.0,NaN,NaN,NaN,24.0,NaN,NaN,NaN,24.0,NaN,NaN,NaN,24.0,NaN,NaN,NaN,24.0,NaN,NaN,NaN,24.0,NaN,NaN,NaN,24.0,NaN,NaN,NaN,24.0,NaN,NaN,NaN,24.0,NaN,NaN,NaN,24.0,NaN,NaN,NaN,24.0,NaN,NaN,NaN,24.0,NaN,NaN,NaN,24.0,NaN,NaN,NaN,24.0,NaN,NaN,NaN,24.0,NaN,NaN,NaN,24.0,NaN,NaN,NaN,24.0,NaN,NaN,NaN,24.0,82.0,0.0,0.0,1.0,-172.14833333333334,1.0,1.0,0.0,0.0,0.0,0.0,0.0,0.0,0.0,0.0,0.0,1.0,0.0,1.0,1.0,0.0,0.0,3.0,5.0,4.0,0.0,NaN,NaN,NaN
88.0,NaN,7.3333333333333,0.0,100.0,NaN,0.6666666666666998,0.0,35.5,NaN,0.0,1.0,132.0,NaN,-54.0,0.0,81.0,NaN,-16.0,0.0,64.0,NaN,-5.0,0.0,15.0,NaN,-3.0,0.0,NaN,NaN,NaN,24.0,NaN,NaN,NaN,24.0,NaN,NaN,NaN,24.0,NaN,NaN,NaN,24.0,NaN,NaN,NaN,24.0,NaN,NaN,NaN,24.0,NaN,NaN,NaN,24.0,NaN,NaN,NaN,24.0,NaN,NaN,NaN,24.0,NaN,NaN,NaN,24.0,NaN,NaN,NaN,24.0,NaN,NaN,NaN,24.0,NaN,NaN,NaN,24.0,NaN,NaN,NaN,24.0,NaN,NaN,NaN,24.0,NaN,NaN,NaN,24.0,NaN,NaN,NaN,24.0,NaN,NaN,NaN,24.0,NaN,NaN,NaN,24.0,NaN,NaN,NaN,24.0,NaN,NaN,NaN,24.0,NaN,NaN,NaN,24.0,NaN,NaN,NaN,24.0,NaN,NaN,NaN,24.0,NaN,NaN,NaN,24.0,NaN,NaN,NaN,24.0,NaN,NaN,NaN,24.0,82.0,0.0,0.0,1.0,-172.14833333333334,2.0,1.0,0.0,0.0,0.0,0.0,0.0,0.0,0.0,0.0,0.0,1.0,1.0,1.0,1.0,0.0,0.0,3.0,5.0,4.0,0.0,NaN,NaN,NaN
96.0,NaN,8.0,0.0,98.0,NaN,-2.0,0.0,35.5,NaN,0.0,2.0,96.6666666666667,NaN,-35.3333333333333,0.0,57.0,NaN,-24.0,0.0,44.6666666666667,NaN,-19.3333333333333,0.0,12.3333333333333,NaN,-2.6666666666667,0.0,NaN,NaN,NaN,24.0,NaN,NaN,NaN,24.0,NaN,NaN,NaN,24.0,NaN,NaN,NaN,24.0,NaN,NaN,NaN,24.0,NaN,NaN,NaN,24.0,NaN,NaN,NaN,24.0,NaN,NaN,NaN,24.0,NaN,NaN,NaN,24.0,NaN,NaN,NaN,24.0,NaN,NaN,NaN,24.0,NaN,NaN,NaN,24.0,NaN,NaN,NaN,24.0,NaN,NaN,NaN,24.0,NaN,NaN,NaN,24.0,NaN,NaN,NaN,24.0,NaN,NaN,NaN,24.0,NaN,NaN,NaN,24.0,NaN,NaN,NaN,24.0,NaN,NaN,NaN,24.0,NaN,NaN,NaN,24.0,NaN,NaN,NaN,24.0,NaN,NaN,NaN,24.0,NaN,NaN,NaN,24.0,NaN,NaN,NaN,24.0,NaN,NaN,NaN,24.0,NaN,NaN,NaN,24.0,82.0,0.0,0.0,1.0,-172.14833333333334,3.0,1.0,0.0,1.0,0.0,0.0,0.0,0.0,1.0,0.0,0.0,1.0,1.0,1.0,1.0,0.0,0.0,3.0,5.0,4.0,0.0,NaN,NaN,NaN
90.0,NaN,-6.0,0.0,100.0,NaN,2.0,0.0,35.5,NaN,0.0,3.0,119.0,NaN,22.3333333333333,0.0,69.5,NaN,12.5,0.0,50.5,NaN,5.8333333333333,0.0,12.0,NaN,-0.3333333333333002,0.0,NaN,NaN,NaN,24.0,NaN,NaN,NaN,24.0,24.0,NaN,0.0,0.0,NaN,NaN,NaN,24.0,NaN,NaN,NaN,24.0,NaN,NaN,NaN,24.0,NaN,NaN,NaN,24.0,NaN,NaN,NaN,24.0,20.0,NaN,0.0,0.0,NaN,NaN,NaN,24.0,7.9,NaN,0.0,0.0,101.0,NaN,0.0,0.0,1.1,NaN,0.0,0.0,NaN,NaN,NaN,24.0,106.0,NaN,0.0,0.0,NaN,NaN,NaN,24.0,1.3,NaN,0.0,0.0,5.1,NaN,0.0,0.0,4.2,NaN,0.0,0.0,NaN,NaN,NaN,24.0,0.01,NaN,0.0,0.0,32.3,NaN,0.0,0.0,10.2,NaN,0.0,0.0,30.7,NaN,0.0,0.0,13.0,NaN,0.0,0.0,NaN,NaN,NaN,24.0,308.0,NaN,0.0,0.0,82.0,0.0,0.0,1.0,-172.14833333333334,4.0,1.0,0.0,0.0,1.0,0.0,0.0,0.0,0.0,0.0,0.0,1.0,1.0,1.0,1.0,0.0,0.0,3.0,5.0,4.0,0.0,NaN,NaN,NaN
96.0,NaN,6.0,0.0,98.0,NaN,-2.0,0.0,35.5,NaN,0.0,4.0,108.0,NaN,-11.0,0.0,57.0,NaN,-12.5,0.0,39.0,NaN,-11.5,0.0,10.0,NaN,-2.0,0.0,NaN,NaN,NaN,24.0,-3.0,NaN,0.0,0.0,24.0,NaN,0.0,1.0,NaN,NaN,NaN,24.0,7.3,NaN,0.0,0.0,45.0,NaN,0.0,0.0,NaN,NaN,NaN,24.0,NaN,NaN,NaN,24.0,20.0,NaN,0.0,1.0,NaN,NaN,NaN,24.0,7.9,NaN,0.0,1.0,101.0,NaN,0.0,1.0,1.1,NaN,0.0,1.0,NaN,NaN,NaN,24.0,106.0,NaN,0.0,1.0,2.1,NaN,0.0,0.0,1.3,NaN,0.0,1.0,5.1,NaN,0.0,1.0,4.2,NaN,0.0,1.0,NaN,NaN,NaN,24.0,0.01,NaN,0.0,1.0,32.3,NaN,0.0,1.0,10.2,NaN,0.0,1.0,30.7,NaN,0.0,1.0,13.0,NaN,0.0,1.0,NaN,NaN,NaN,24.0,308.0,NaN,0.0,1.0,82.0,0.0,0.0,1.0,-172.14833333333334,5.0,1.0,0.0,1.0,1.0,0.0,0.0,0.0,1.0,1.0,0.0,1.0,1.0,1.0,1.0,0.0,0.0,3.0,5.0,4.0,0.0,NaN,NaN,NaN
85.0,NaN,-11.0,0.0,99.0,NaN,1.0,0.0,36.11,NaN,0.12199999999999989,0.0,117.0,NaN,9.0,0.0,66.0,NaN,9.0,0.0,45.0,NaN,6.0,0.0,11.0,NaN,1.0,0.0,NaN,NaN,NaN,24.0,-3.0,NaN,0.0,1.0,24.0,NaN,0.0,2.0,NaN,NaN,NaN,24.0,7.3,NaN,0.0,1.0,45.0,NaN,0.0,1.0,NaN,NaN,NaN,24.0,NaN,NaN,NaN,24.0,20.0,NaN,0.0,2.0,NaN,NaN,NaN,24.0,7.9,NaN,0.0,2.0,101.0,NaN,0.0,2.0,1.1,NaN,0.0,2.0,NaN,NaN,NaN,24.0,106.0,NaN,0.0,2.0,2.1,NaN,0.0,1.0,1.3,NaN,0.0,2.0,5.1,NaN,0.0,2.0,4.2,NaN,0.0,2.0,NaN,NaN,NaN,24.0,0.01,NaN,0.0,2.0,32.3,NaN,0.0,2.0,10.2,NaN,0.0,2.0,30.7,NaN,0.0,2.0,13.0,NaN,0.0,2.0,NaN,NaN,NaN,24.0,308.0,NaN,0.0,2.0,82.0,0.0,0.0,1.0,-172.14833333333334,6.0,0.0,0.0,0.0,1.0,0.0,0.0,0.0,0.0,0.0,0.0,1.0,1.0,1.0,1.0,0.0,0.0,3.0,5.0,4.0,0.0,NaN,NaN,NaN
80.0,NaN,-5.0,0.0,99.0,NaN,0.0,0.0,36.11,NaN,0.10166666666666657,1.0,144.0,NaN,27.0,0.0,81.0,NaN,15.0,0.0,55.0,NaN,10.0,0.0,10.0,NaN,-1.0,0.0,NaN,NaN,NaN,24.0,-3.0,NaN,0.0,2.0,24.0,NaN,0.0,3.0,NaN,NaN,NaN,24.0,7.3,NaN,0.0,2.0,45.0,NaN,0.0,2.0,NaN,NaN,NaN,24.0,NaN,NaN,NaN,24.0,21.0,NaN,0.3333333333333333,0.0,NaN,NaN,NaN,24.0,8.0,NaN,0.033333333333333215,0.0,100.0,NaN,-0.3333333333333333,0.0,1.3,NaN,0.06666666666666665,0.0,NaN,NaN,NaN,24.0,96.0,NaN,-3.3333333333333335,0.0,2.1,NaN,0.0,2.0,1.3,NaN,0.0,0.0,5.1,NaN,0.0,0.0,4.5,NaN,0.09999999999999994,0.0,NaN,NaN,NaN,24.0,0.01,NaN,0.0,3.0,31.7,NaN,-0.1999999999999993,0.0,10.2,NaN,0.0,3.0,30.7,NaN,0.0,3.0,13.0,NaN,0.0,3.0,NaN,NaN,NaN,24.0,308.0,NaN,0.0,3.0,82.0,0.0,0.0,1.0,-172.14833333333334,7.0,0.0,0.0,0.0,1.0,0.0,0.0,0.0,0.0,0.0,1.0,1.0,1.0,1.0,1.0,0.0,0.0,3.0,5.0,4.0,0.0,NaN,NaN,NaN
85.0,NaN,5.0,0.0,98.0,NaN,-1.0,0.0,36.11,NaN,0.0,0.0,115.0,NaN,-29.0,0.0,65.0,NaN,-16.0,0.0,43.0,NaN,-12.0,0.0,8.0,NaN,-2.0,0.0,NaN,NaN,NaN,24.0,-3.0,NaN,0.0,3.0,24.0,NaN,0.0,4.0,NaN,NaN,NaN,24.0,7.3,NaN,0.0,3.0,45.0,NaN,0.0,3.0,NaN,NaN,NaN,24.0,NaN,NaN,NaN,24.0,21.0,NaN,0.25,1.0,NaN,NaN,NaN,24.0,8.0,NaN,0.02499999999999991,1.0,100.0,NaN,-0.25,1.0,1.3,NaN,0.04999999999999999,1.0,NaN,NaN,NaN,24.0,96.0,NaN,-2.5,1.0,2.1,NaN,0.0,3.0,1.3,NaN,0.0,1.0,5.1,NaN,0.0,1.0,4.5,NaN,0.07499999999999996,1.0,NaN,NaN,NaN,24.0,0.01,NaN,0.0,4.0,31.7,NaN,-0.14999999999999947,1.0,10.2,NaN,0.0,4.0,30.7,NaN,0.0,4.0,13.0,NaN,0.0,4.0,NaN,NaN,NaN,24.0,308.0,NaN,0.0,4.0,82.0,0.0,0.0,1.0,-172.14833333333334,8.0,0.0,0.0,0.0,1.0,0.0,0.0,0.0,1.0,0.0,0.0,1.0,1.0,1.0,1.0,0.0,0.0,3.0,5.0,4.0,0.0,NaN,NaN,NaN
84.0,NaN,-1.0,0.0,96.0,NaN,-2.0,0.0,36.83,NaN,0.7199999999999989,0.0,134.0,NaN,19.0,0.0,77.0,NaN,12.0,0.0,52.0,NaN,9.0,0.0,14.0,NaN,6.0,0.0,NaN,NaN,NaN,24.0,-3.0,NaN,0.0,4.0,24.0,NaN,0.0,5.0,NaN,NaN,NaN,24.0,7.3,NaN,0.0,4.0,45.0,NaN,0.0,4.0,NaN,NaN,NaN,24.0,NaN,NaN,NaN,24.0,21.0,NaN,0.2,2.0,NaN,NaN,NaN,24.0,8.0,NaN,0.019999999999999928,2.0,100.0,NaN,-0.2,2.0,1.3,NaN,0.039999999999999994,2.0,NaN,NaN,NaN,24.0,96.0,NaN,-2.0,2.0,2.1,NaN,0.0,4.0,1.3,NaN,0.0,2.0,5.1,NaN,0.0,2.0,4.5,NaN,0.05999999999999996,2.0,NaN,NaN,NaN,24.0,0.01,NaN,0.0,5.0,31.7,NaN,-0.11999999999999958,2.0,10.2,NaN,0.0,5.0,30.7,NaN,0.0,5.0,13.0,NaN,0.0,5.0,NaN,NaN,NaN,24.0,308.0,NaN,0.0,5.0,82.0,0.0,0.0,1.0,-172.14833333333334,9.0,0.0,0.0,0.0,1.0,0.0,0.0,0.0,0.0,0.0,0.0,1.0,1.0,1.0,1.0,0.0,0.0,3.0,5.0,4.0,0.0,NaN,NaN,NaN
