NaN,NaN,NaN,24.0,NaN,NaN,NaN,24.0,NaN,NaN,NaN,24.0,NaN,NaN,NaN,24.0,NaN,NaN,NaN,24.0,NaN,NaN,NaN,24.0,NaN,NaN,NaN,24.0,NaN,NaN,NaN,24.0,-3.0,NaN,NaN,24.0,NaN,NaN,NaN,24.0,NaN,NaN,NaN,24.0,7.31,NaN,NaN,24.0,46.0,NaN,NaN,24.0,NaN,NaN,NaN,24.0,NaN,NaN,NaN,24.0,NaN,NaN,NaN,24.0,NaN,NaN,NaN,24.0,NaN,NaN,NaN,24.0,NaN,NaN,NaN,24.0,NaN,NaN,NaN,24.0,NaN,NaN,NaN,24.0,NaN,NaN,NaN,24.0,NaN,NaN,NaN,24.0,NaN,NaN,NaN,24.0,NaN,NaN,NaN,24.0,NaN,NaN,NaN,24.0,NaN,NaN,NaN,24.0,NaN,NaN,NaN,24.0,NaN,NaN,NaN,24.0,NaN,NaN,NaN,24.0,NaN,NaN,NaN,24.0,NaN,NaN,NaN,24.0,NaN,NaN,NaN,24.0,NaN,NaN,NaN,24.0,46.0,1.0,1.0,0.0,-2.4380555555555556,1.0,0.0,0.0,0.0,0.0,0.0,0.0,0.0,0.0,0.0,0.0,1.0,0.0,0.0,NaN,0.0,0.0,NaN,NaN,NaN,NaN,NaN,NaN,NaN
79.5,NaN,0.0,0.0,99.0,NaN,0.0,0.0,36.39,NaN,0.0,0.0,136.0,NaN,0.0,0.0,108.0,NaN,0.0,0.0,99.0,NaN,0.0,0.0,23.5,NaN,0.0,0.0,NaN,NaN,NaN,24.0,-3.0,NaN,0.0,1.0,NaN,NaN,NaN,24.0,NaN,NaN,NaN,24.0,7.31,NaN,0.0,1.0,46.0,NaN,0.0,1.0,NaN,NaN,NaN,24.0,NaN,NaN,NaN,24.0,NaN,NaN,NaN,24.0,NaN,NaN,NaN,24.0,NaN,NaN,NaN,24.0,NaN,NaN,NaN,24.0,NaN,NaN,NaN,24.0,NaN,NaN,NaN,24.0,NaN,NaN,NaN,24.0,NaN,NaN,NaN,24.0,NaN,NaN,NaN,24.0,NaN,NaN,NaN,24.0,NaN,NaN,NaN,24.0,NaN,NaN,NaN,24.0,NaN,NaN,NaN,24.0,NaN,NaN,NaN,24.0,NaN,NaN,NaN,24.0,NaN,NaN,NaN,24.0,NaN,NaN,NaN,24.0,NaN,NaN,NaN,24.0,NaN,NaN,NaN,24.0,46.0,1.0,1.0,0.0,-2.4380555555555556,2.0,0.0,1.0,0.0,0.0,0.0,0.0,0.0,0.0,0.0,0.0,1.0,0.0,0.0,NaN,0.0,0.0,NaN,NaN,NaN,NaN,NaN,NaN,NaN
75.0,NaN,-4.5,0.0,100.0,NaN,1.0,0.0,36.39,NaN,0.0,1.0,119.0,NaN,-17.0,0.0,89.0,NaN,-19.0,0.0,81.0,NaN,-18.0,0.0,21.5,NaN,-2.0,0.0,NaN,NaN,NaN,24.0,-3.0,NaN,0.0,2.0,NaN,NaN,NaN,24.0,0.4,NaN,0.0,0.0,7.31,NaN,0.0,2.0,46.0,NaN,0.0,2.0,NaN,NaN,NaN,24.0,NaN,NaN,NaN,24.0,NaN,NaN,NaN,24.0,NaN,NaN,NaN,24.0,NaN,NaN,NaN,24.0,NaN,NaN,NaN,24.0,NaN,NaN,NaN,24.0,NaN,NaN,NaN,24.0,NaN,NaN,NaN,24.0,NaN,NaN,NaN,24.0,NaN,NaN,NaN,24.0,NaN,NaN,NaN,24.0,NaN,NaN,NaN,24.0,NaN,NaN,NaN,24.0,NaN,NaN,NaN,24.0,NaN,NaN,NaN,24.0,NaN,NaN,NaN,24.0,NaN,NaN,NaN,24.0,NaN,NaN,NaN,24.0,NaN,NaN,NaN,24.0,NaN,NaN,NaN,24.0,46.0,1.0,1.0,0.0,-2.4380555555555556,3.0,0.0,1.0,0.0,0.0,1.0,0.0,0.0,0.0,0.0,0.0,0.0,0.0,0.0,NaN,0.0,0.0,NaN,NaN,NaN,NaN,NaN,NaN,NaN
73.0,NaN,-2.0,0.0,96.0,NaN,-4.0,0.0,36.39,NaN,0.0,2.0,121.0,NaN,2.0,0.0,93.0,NaN,4.0,0.0,85.0,NaN,4.0,0.0,20.0,NaN,-1.5,0.0,NaN,NaN,NaN,24.0,-3.0,NaN,0.0,3.0,NaN,NaN,NaN,24.0,0.4,NaN,0.0,1.0,7.31,NaN,0.0,3.0,46.0,NaN,0.0,3.0,NaN,NaN,NaN,24.0,NaN,NaN,NaN,24.0,NaN,NaN,NaN,24.0,NaN,NaN,NaN,24.0,NaN,NaN,NaN,24.0,NaN,NaN,NaN,24.0,NaN,NaN,NaN,24.0,NaN,NaN,NaN,24.0,NaN,NaN,NaN,24.0,NaN,NaN,NaN,24.0,NaN,NaN,NaN,24.0,NaN,NaN,NaN,24.0,NaN,NaN,NaN,24.0,NaN,NaN,NaN,24.0,NaN,NaN,NaN,24.0,NaN,NaN,NaN,24.0,NaN,NaN,NaN,24.0,NaN,NaN,NaN,24.0,NaN,NaN,NaN,24.0,NaN,NaN,NaN,24.0,NaN,NaN,NaN,24.0,46.0,1.0,1.0,0.0,-2.4380555555555556,4.0,0.0,0.0,0.0,0.0,0.0,0.0,0.0,0.0,0.0,0.0,1.0,0.0,0.0,NaN,0.0,0.0,NaN,NaN,NaN,NaN,NaN,NaN,NaN
74.0,NaN,1.0,0.0,100.0,NaN,4.0,0.0,36.39,NaN,0.0,3.0,118.0,NaN,-3.0,0.0,89.0,NaN,-4.0,0.0,81.0,NaN,-4.0,0.0,20.0,NaN,0.0,0.0,NaN,NaN,NaN,24.0,-3.0,NaN,0.0,4.0,NaN,NaN,NaN,24.0,0.4,NaN,0.0,2.0,7.31,NaN,0.0,4.0,46.0,NaN,0.0,4.0,NaN,NaN,NaN,24.0,NaN,NaN,NaN,24.0,NaN,NaN,NaN,24.0,NaN,NaN,NaN,24.0,NaN,NaN,NaN,24.0,NaN,NaN,NaN,24.0,NaN,NaN,NaN,24.0,NaN,NaN,NaN,24.0,NaN,NaN,NaN,24.0,NaN,NaN,NaN,24.0,NaN,NaN,NaN,24.0,NaN,NaN,NaN,24.0,NaN,NaN,NaN,24.0,NaN,NaN,NaN,24.0,NaN,NaN,NaN,24.0,NaN,NaN,NaN,24.0,NaN,NaN,NaN,24.0,NaN,NaN,NaN,24.0,NaN,NaN,NaN,24.0,NaN,NaN,NaN,24.0,NaN,NaN,NaN,24.0,46.0,1.0,1.0,0.0,-2.4380555555555556,5.0,0.0,0.0,0.0,0.0,0.0,0.0,0.0,0.0,0.0,0.0,1.0,0.0,0.0,NaN,0.0,0.0,NaN,NaN,NaN,NaN,NaN,NaN,NaN
75.0,NaN,1.0,0.0,100.0,NaN,0.0,0.0,36.28,NaN,-0.027499999999999858,0.0,115.0,NaN,-3.0,0.0,82.0,NaN,-7.0,0.0,72.0,NaN,-9.0,0.0,14.0,NaN,-6.0,0.0,NaN,NaN,NaN,24.0,-3.0,NaN,0.0,5.0,NaN,NaN,NaN,24.0,0.4,NaN,0.0,3.0,7.31,NaN,0.0,5.0,46.0,NaN,0.0,5.0,NaN,NaN,NaN,24.0,NaN,NaN,NaN,24.0,NaN,NaN,NaN,24.0,NaN,NaN,NaN,24.0,NaN,NaN,NaN,24.0,NaN,NaN,NaN,24.0,NaN,NaN,NaN,24.0,NaN,NaN,NaN,24.0,NaN,NaN,NaN,24.0,NaN,NaN,NaN,24.0,NaN,NaN,NaN,24.0,NaN,NaN,NaN,24.0,NaN,NaN,NaN,24.0,NaN,NaN,NaN,24.0,NaN,NaN,NaN,24.0,NaN,NaN,NaN,24.0,NaN,NaN,NaN,24.0,NaN,NaN,NaN,24.0,NaN,NaN,NaN,24.0,NaN,NaN,NaN,24.0,NaN,NaN,NaN,24.0,46.0,1.0,1.0,0.0,-2.4380555555555556,6.0,0.0,0.0,0.0,0.0,0.0,0.0,0.0,0.0,0.0,0.0,1.0,0.0,0.0,NaN,0.0,0.0,NaN,NaN,NaN,NaN,NaN,NaN,NaN
75.0,NaN,0.0,0.0,98.0,NaN,-2.0,0.0,36.28,NaN,-0.021999999999999888,1.0,115.0,NaN,0.0,0.0,86.0,NaN,4.0,0.0,78.0,NaN,6.0,0.0,13.0,NaN,-1.0,0.0,NaN,NaN,NaN,24.0,-3.0,NaN,0.0,6.0,25.0,NaN,0.0,0.0,0.4,NaN,0.0,4.0,7.31,NaN,0.0,6.0,46.0,NaN,0.0,6.0,NaN,NaN,NaN,24.0,190.0,NaN,0.0,0.0,6.0,NaN,0.0,0.0,118.0,NaN,0.0,0.0,NaN,NaN,NaN,24.0,110.0,NaN,0.0,0.0,0.6,NaN,0.0,0.0,NaN,NaN,NaN,24.0,103.0,NaN,0.0,0.0,NaN,NaN,NaN,24.0,NaN,NaN,NaN,24.0,NaN,NaN,NaN,24.0,3.6,NaN,0.0,0.0,0.2,NaN,0.0,0.0,NaN,NaN,NaN,24.0,39.0,NaN,0.0,0.0,13.7,NaN,0.0,0.0,28.1,NaN,0.0,0.0,4.5,NaN,0.0,0.0,NaN,NaN,NaN,24.0,227.0,NaN,0.0,0.0,46.0,1.0,1.0,0.0,-2.4380555555555556,7.0,0.0,0.0,0.0,0.0,0.0,0.0,0.0,0.0,0.0,0.0,1.0,0.0,0.0,NaN,0.0,0.0,NaN,NaN,NaN,NaN,NaN,NaN,NaN
76.0,NaN,1.0,0.0,98.0,NaN,0.0,0.0,36.28,NaN,-0.01833333333333324,2.0,119.0,NaN,4.0,0.0,87.0,NaN,1.0,0.0,77.0,NaN,-1.0,0.0,14.0,NaN,1.0,0.0,NaN,NaN,NaN,24.0,-3.0,NaN,0.0,7.0,25.0,NaN,0.0,1.0,0.4,NaN,0.0,5.0,7.31,NaN,0.0,7.0,46.0,NaN,0.0,7.0,NaN,NaN,NaN,24.0,190.0,NaN,0.0,1.0,6.0,NaN,0.0,1.0,118.0,NaN,0.0,1.0,NaN,NaN,NaN,24.0,110.0,NaN,0.0,1.0,0.6,NaN,0.0,1.0,NaN,NaN,NaN,24.0,103.0,NaN,0.0,1.0,NaN,NaN,NaN,24.0,NaN,NaN,NaN,24.0,NaN,NaN,NaN,24.0,3.6,NaN,0.0,1.0,0.2,NaN,0.0,1.0,NaN,NaN,NaN,24.0,39.0,NaN,0.0,1.0,13.7,NaN,0.0,1.0,28.1,NaN,0.0,1.0,4.5,NaN,0.0,1.0,NaN,NaN,NaN,24.0,227.0,NaN,0.0,1.0,46.0,1.0,1.0,0.0,-2.4380555555555556,8.0,0.0,0.0,0.0,0.0,0.0,0.0,0.0,0.0,0.0,0.0,1.0,0.0,0.0,NaN,0.0,0.0,NaN,NaN,NaN,NaN,NaN,NaN,NaN
73.0,NaN,-3.0,0.0,100.0,NaN,2.0,0.0,36.28,NaN,-0.015714285714285632,3.0,118.0,NaN,-1.0,0.0,85.0,NaN,-2.0,0.0,75.0,NaN,-2.0,0.0,12.0,NaN,-2.0,0.0,NaN,NaN,NaN,24.0,-3.0,NaN,0.0,8.0,25.0,NaN,0.0,2.0,0.4,NaN,0.0,6.0,7.31,NaN,0.0,8.0,46.0,NaN,0.0,8.0,NaN,NaN,NaN,24.0,190.0,NaN,0.0,2.0,6.0,NaN,0.0,2.0,118.0,NaN,0.0,2.0,NaN,NaN,NaN,24.0,110.0,NaN,0.0,2.0,0.6,NaN,0.0,2.0,NaN,NaN,NaN,24.0,103.0,NaN,0.0,2.0,NaN,NaN,NaN,24.0,NaN,NaN,NaN,24.0,NaN,NaN,NaN,24.0,3.6,NaN,0.0,2.0,0.2,NaN,0.0,2.0,NaN,NaN,NaN,24.0,39.0,NaN,0.0,2.0,13.7,NaN,0.0,2.0,28.1,NaN,0.0,2.0,4.5,NaN,0.0,2.0,NaN,NaN,NaN,24.0,227.0,NaN,0.0,2.0,46.0,1.0,1.0,0.0,-2.4380555555555556,9.0,0.0,0.0,0.0,0.0,0.0,0.0,0.0,0.0,0.0,0.0,1.0,0.0,0.0,NaN,0.0,0.0,NaN,NaN,NaN,NaN,NaN,NaN,NaN
73.0,NaN,0.0,0.0,100.0,NaN,0.0,0.0,36.28,NaN,-0.013749999999999929,4.0,117.0,NaN,-1.0,0.0,81.0,NaN,-4.0,0.0,72.0,NaN,-3.0,0.0,16.0,NaN,4.0,0.0,NaN,NaN,NaN,24.0,-3.0,NaN,0.0,9.0,25.0,NaN,0.0,3.0,0.4,NaN,0.0,7.0,7.31,NaN,0.0,9.0,46.0,NaN,0.0,9.0,NaN,NaN,NaN,24.0,190.0,NaN,0.0,3.0,6.0,NaN,0.0,3.0,118.0,NaN,0.0,3.0,NaN,NaN,NaN,24.0,110.0,NaN,0.0,3.0,0.6,NaN,0.0,3.0,NaN,NaN,NaN,24.0,103.0,NaN,0.0,3.0,NaN,NaN,NaN,24.0,NaN,NaN,NaN,24.0,NaN,NaN,NaN,24.0,3.6,NaN,0.0,3.0,0.2,NaN,0.0,3.0,NaN,NaN,NaN,24.0,39.0,NaN,0.0,3.0,13.7,NaN,0.0,3.0,28.1,NaN,0.0,3.0,4.5,NaN,0.0,3.0,NaN,NaN,NaN,24.0,227.0,NaN,0.0,3.0,46.0,1.0,1.0,0.0,-2.4380555555555556,10.0,0.0,0.0,0.0,0.0,0.0,0.0,0.0,0.0,0.0,0.0,1.0,0.0,0.0,NaN,0.0,0.0,NaN,NaN,NaN,NaN,NaN,NaN,NaN
73.0,NaN,0.0,1.0,99.0,NaN,-1.0,0.0,36.28,NaN,-0.012222222222222159,5.0,117.0,NaN,-0.5,1.0,81.0,NaN,-2.0,1.0,72.0,NaN,-1.5,1.0,16.0,NaN,2.0,1.0,NaN,NaN,NaN,24.0,-3.0,NaN,0.0,10.0,25.0,NaN,0.0,4.0,0.4,NaN,0.0,8.0,7.31,NaN,0.0,10.0,46.0,NaN,0.0,10.0,NaN,NaN,NaN,24.0,190.0,NaN,0.0,4.0,6.0,NaN,0.0,4.0,118.0,NaN,0.0,4.0,NaN,NaN,NaN,24.0,110.0,NaN,0.0,4.0,0.6,NaN,0.0,4.0,NaN,NaN,NaN,24.0,103.0,NaN,0.0,4.0,NaN,NaN,NaN,24.0,NaN,NaN,NaN,24.0,NaN,NaN,NaN,24.0,3.6,NaN,0.0,4.0,0.2,NaN,0.0,4.0,NaN,NaN,NaN,24.0,39.0,NaN,0.0,4.0,13.7,NaN,0.0,4.0,28.1,NaN,0.0,4.0,4.5,NaN,0.0,4.0,NaN,NaN,NaN,24.0,227.0,NaN,0.0,4.0,46.0,1.0,1.0,0.0,-2.4380555555555556,11.0,0.0,0.0,0.0,0.0,0.0,0.0,0.0,0.0,0.0,0.0,1.0,0.0,0.0,NaN,0.0,0.0,NaN,NaN,NaN,NaN,NaN,NaN,NaN
73.0,NaN,0.0,2.0,99.0,NaN,-0.5,1.0,36.28,NaN,-0.010999999999999944,6.0,117.0,NaN,-0.3333333333333333,2.0,81.0,NaN,-1.3333333333333333,2.0,72.0,NaN,-1.0,2.0,16.0,NaN,1.3333333333333333,2.0,NaN,NaN,NaN,24.0,-3.0,NaN,0.0,11.0,25.0,NaN,0.0,5.0,0.4,NaN,0.0,9.0,7.31,NaN,0.0,11.0,46.0,NaN,0.0,11.0,NaN,NaN,NaN,24.0,190.0,NaN,0.0,5.0,6.0,NaN,0.0,5.0,118.0,NaN,0.0,5.0,NaN,NaN,NaN,24.0,110.0,NaN,0.0,5.0,0.6,NaN,0.0,5.0,NaN,NaN,NaN,24.0,103.0,NaN,0.0,5.0,NaN,NaN,NaN,24.0,NaN,NaN,NaN,24.0,NaN,NaN,NaN,24.0,3.6,NaN,0.0,5.0,0.2,NaN,0.0,5.0,NaN,NaN,NaN,24.0,39.0,NaN,0.0,5.0,13.7,NaN,0.0,5.0,28.1,NaN,0.0,5.0,4.5,NaN,0.0,5.0,NaN,NaN,NaN,24.0,227.0,NaN,0.0,5.0,46.0,1.0,1.0,0.0,-2.4380555555555556,12.0,0.0,0.0,0.0,0.0,0.0,0.0,0.0,0.0,0.0,0.0,1.0,0.0,0.0,NaN,0.0,0.0,NaN,NaN,NaN,NaN,NaN,NaN,NaN
73.0,NaN,0.0,3.0,99.0,NaN,-0.3333333333333333,2.0,36.28,NaN,-0.009999999999999948,7.0,117.0,NaN,-0.25,3.0,81.0,NaN,-1.0,3.0,72.0,NaN,-0.75,3.0,16.0,NaN,1.0,3.0,NaN,NaN,NaN,24.0,-3.0,NaN,0.0,12.0,25.0,NaN,0.0,6.0,0.4,NaN,0.0,10.0,7.31,NaN,0.0,12.0,46.0,NaN,0.0,12.0,NaN,NaN,NaN,24.0,190.0,NaN,0.0,6.0,6.0,NaN,0.0,6.0,118.0,NaN,0.0,6.0,NaN,NaN,NaN,24.0,110.0,NaN,0.0,6.0,0.6,NaN,0.0,6.0,NaN,NaN,NaN,24.0,103.0,NaN,0.0,6.0,NaN,NaN,NaN,24.0,NaN,NaN,NaN,24.0,NaN,NaN,NaN,24.0,3.6,NaN,0.0,6.0,0.2,NaN,0.0,6.0,NaN,NaN,NaN,24.0,39.0,NaN,0.0,6.0,13.7,NaN,0.0,6.0,28.1,NaN,0.0,6.0,4.5,NaN,0.0,6.0,NaN,NaN,NaN,24.0,227.0,NaN,0.0,6.0,46.0,1.0,1.0,0.0,-2.4380555555555556,13.0,0.0,0.0,0.0,0.0,0.0,0.0,0.0,0.0,0.0,0.0,1.0,0.0,0.0,NaN,0.0,0.0,NaN,NaN,NaN,NaN,NaN,NaN,NaN
