70.5,NaN,NaN,24.0,94.0,NaN,NaN,24.0,36.67,NaN,NaN,24.0,158.0,NaN,NaN,24.0,89.0,NaN,NaN,24.0,66.0,NaN,NaN,24.0,18.5,NaN,NaN,24.0,NaN,NaN,NaN,24.0,NaN,NaN,NaN,24.0,NaN,NaN,NaN,24.0,NaN,NaN,NaN,24.0,NaN,NaN,NaN,24.0,NaN,NaN,NaN,24.0,NaN,NaN,NaN,24.0,NaN,NaN,NaN,24.0,NaN,NaN,NaN,24.0,NaN,NaN,NaN,24.0,NaN,NaN,NaN,24.0,NaN,NaN,NaN,24.0,NaN,NaN,NaN,24.0,NaN,NaN,NaN,24.0,NaN,NaN,NaN,24.0,NaN,NaN,NaN,24.0,NaN,NaN,NaN,24.0,NaN,NaN,NaN,24.0,NaN,NaN,NaN,24.0,NaN,NaN,NaN,24.0,NaN,NaN,NaN,24.0,NaN,NaN,NaN,24.0,NaN,NaN,NaN,24.0,NaN,NaN,NaN,24.0,NaN,NaN,NaN,24.0,NaN,NaN,NaN,24.0,NaN,NaN,NaN,24.0,76.0,1.0,1.0,0.0,-0.7938888888888889,1.0,0.0,0.0,0.0,0.0,0.0,0.0,0.0,0.0,0.0,0.0,1.0,0.0,0.0,NaN,0.0,0.0,NaN,NaN,NaN,NaN,NaN,NaN,NaN
70.0,NaN,-0.5,0.0,94.0,NaN,0.0,0.0,36.67,NaN,0.0,1.0,146.0,NaN,-12.0,0.0,99.0,NaN,10.0,0.0,94.0,NaN,28.0,0.0,20.0,NaN,1.5,0.0,NaN,NaN,NaN,24.0,NaN,NaN,NaN,24.0,NaN,NaN,NaN,24.0,NaN,NaN,NaN,24.0,NaN,NaN,NaN,24.0,NaN,NaN,NaN,24.0,NaN,NaN,NaN,24.0,NaN,NaN,NaN,24.0,NaN,NaN,NaN,24.0,NaN,NaN,NaN,24.0,NaN,NaN,NaN,24.0,NaN,NaN,NaN,24.0,NaN,NaN,NaN,24.0,NaN,NaN,NaN,24.0,NaN,NaN,NaN,24.0,NaN,NaN,NaN,24.0,NaN,NaN,NaN,24.0,NaN,NaN,NaN,24.0,NaN,NaN,NaN,24.0,NaN,NaN,NaN,24.0,NaN,NaN,NaN,24.0,25.7,NaN,0.0,0.0,7.8,NaN,0.0,0.0,NaN,NaN,NaN,24.0,11.4,NaN,0.0,0.0,NaN,NaN,NaN,24.0,177.0,NaN,0.0,0.0,76.0,1.0,1.0,0.0,-0.7938888888888889,2.0,0.0,0.0,0.0,0.0,0.0,0.0,0.0,0.0,0.0,0.0,1.0,0.0,0.0,NaN,0.0,0.0,NaN,NaN,NaN,NaN,NaN,NaN,NaN
70.0,NaN,0.0,0.0,93.0,NaN,-1.0,0.0,36.67,NaN,0.0,2.0,156.0,NaN,10.0,0.0,92.0,NaN,-7.0,0.0,69.0,NaN,-25.0,0.0,30.0,NaN,10.0,0.0,NaN,NaN,NaN,24.0,NaN,NaN,NaN,24.0,NaN,NaN,NaN,24.0,NaN,NaN,NaN,24.0,NaN,NaN,NaN,24.0,NaN,NaN,NaN,24.0,NaN,NaN,NaN,24.0,NaN,NaN,NaN,24.0,NaN,NaN,NaN,24.0,NaN,NaN,NaN,24.0,NaN,NaN,NaN,24.0,NaN,NaN,NaN,24.0,NaN,NaN,NaN,24.0,NaN,NaN,NaN,24.0,NaN,NaN,NaN,24.0,NaN,NaN,NaN,24.0,NaN,NaN,NaN,24.0,NaN,NaN,NaN,24.0,NaN,NaN,NaN,24.0,NaN,NaN,NaN,24.0,NaN,NaN,NaN,24.0,25.7,NaN,0.0,1.0,7.8,NaN,0.0,1.0,NaN,NaN,NaN,24.0,11.4,NaN,0.0,1.0,NaN,NaN,NaN,24.0,177.0,NaN,0.0,1.0,76.0,1.0,1.0,0.0,-0.7938888888888889,3.0,0.0,1.0,0.0,0.0,0.0,0.0,0.0,0.0,0.0,0.0,1.0,0.0,0.0,NaN,0.0,0.0,NaN,NaN,NaN,NaN,NaN,NaN,NaN
70.0,NaN,0.0,0.0,94.0,NaN,1.0,0.0,36.67,NaN,0.0,3.0,147.0,NaN,-9.0,0.0,86.0,NaN,-6.0,0.0,67.0,NaN,-2.0,0.0,20.0,NaN,-10.0,0.0,NaN,NaN,NaN,24.0,NaN,NaN,NaN,24.0,NaN,NaN,NaN,24.0,NaN,NaN,NaN,24.0,NaN,NaN,NaN,24.0,NaN,NaN,NaN,24.0,NaN,NaN,NaN,24.0,NaN,NaN,NaN,24.0,NaN,NaN,NaN,24.0,NaN,NaN,NaN,24.0,NaN,NaN,NaN,24.0,NaN,NaN,NaN,24.0,NaN,NaN,NaN,24.0,NaN,NaN,NaN,24.0,NaN,NaN,NaN,24.0,NaN,NaN,NaN,24.0,NaN,NaN,NaN,24.0,NaN,NaN,NaN,24.0,NaN,NaN,NaN,24.0,NaN,NaN,NaN,24.0,NaN,NaN,NaN,24.0,25.7,NaN,0.0,2.0,7.8,NaN,0.0,2.0,NaN,NaN,NaN,24.0,11.4,NaN,0.0,2.0,NaN,NaN,NaN,24.0,177.0,NaN,0.0,2.0,76.0,1.0,1.0,0.0,-0.7938888888888889,4.0,0.0,0.0,0.0,0.0,0.0,0.0,0.0,0.0,0.0,0.0,1.0,0.0,0.0,NaN,0.0,0.0,NaN,NaN,NaN,NaN,NaN,NaN,NaN
70.0,NaN,0.0,0.0,95.0,NaN,1.0,0.0,36.67,NaN,0.0,4.0,151.0,NaN,4.0,0.0,89.0,NaN,3.0,0.0,69.0,NaN,2.0,0.0,19.0,NaN,-1.0,0.0,NaN,NaN,NaN,24.0,NaN,NaN,NaN,24.0,NaN,NaN,NaN,24.0,NaN,NaN,NaN,24.0,NaN,NaN,NaN,24.0,NaN,NaN,NaN,24.0,NaN,NaN,NaN,24.0,NaN,NaN,NaN,24.0,NaN,NaN,NaN,24.0,NaN,NaN,NaN,24.0,NaN,NaN,NaN,24.0,NaN,NaN,NaN,24.0,NaN,NaN,NaN,24.0,NaN,NaN,NaN,24.0,NaN,NaN,NaN,24.0,NaN,NaN,NaN,24.0,NaN,NaN,NaN,24.0,NaN,NaN,NaN,24.0,NaN,NaN,NaN,24.0,NaN,NaN,NaN,24.0,NaN,NaN,NaN,24.0,24.8,NaN,-0.29999999999999954,0.0,7.7,NaN,-0.033333333333333215,0.0,NaN,NaN,NaN,24.0,9.5,NaN,-0.6333333333333334,0.0,NaN,NaN,NaN,24.0,172.0,NaN,-1.6666666666666667,0.0,76.0,1.0,1.0,0.0,-0.7938888888888889,5.0,0.0,0.0,0.0,0.0,0.0,0.0,0.0,0.0,0.0,0.0,1.0,0.0,0.0,NaN,0.0,0.0,NaN,NaN,NaN,NaN,NaN,NaN,NaN
70.0,NaN,0.0,0.0,95.0,NaN,0.0,0.0,36.67,NaN,0.0,5.0,151.0,NaN,0.0,0.0,90.0,NaN,1.0,0.0,70.0,NaN,1.0,0.0,23.0,NaN,4.0,0.0,NaN,NaN,NaN,24.0,NaN,NaN,NaN,24.0,NaN,NaN,NaN,24.0,NaN,NaN,NaN,24.0,NaN,NaN,NaN,24.0,NaN,NaN,NaN,24.0,NaN,NaN,NaN,24.0,NaN,NaN,NaN,24.0,NaN,NaN,NaN,24.0,NaN,NaN,NaN,24.0,NaN,NaN,NaN,24.0,NaN,NaN,NaN,24.0,NaN,NaN,NaN,24.0,NaN,NaN,NaN,24.0,NaN,NaN,NaN,24.0,NaN,NaN,NaN,24.0,NaN,NaN,NaN,24.0,NaN,NaN,NaN,24.0,NaN,NaN,NaN,24.0,NaN,NaN,NaN,24.0,NaN,NaN,NaN,24.0,24.8,NaN,-0.22499999999999964,1.0,7.7,NaN,-0.02499999999999991,1.0,NaN,NaN,NaN,24.0,9.5,NaN,-0.4750000000000001,1.0,NaN,NaN,NaN,24.0,172.0,NaN,-1.25,1.0,76.0,1.0,1.0,0.0,-0.7938888888888889,6.0,0.0,1.0,0.0,0.0,0.0,0.0,0.0,0.0,0.0,0.0,1.0,0.0,0.0,NaN,0.0,0.0,NaN,NaN,NaN,NaN,NaN,NaN,NaN
65.0,NaN,-5.0,0.0,95.0,NaN,0.0,0.0,36.61,NaN,-0.010000000000000378,0.0,144.0,NaN,-7.0,0.0,87.0,NaN,-3.0,0.0,67.0,NaN,-3.0,0.0,19.0,NaN,-4.0,0.0,NaN,NaN,NaN,24.0,NaN,NaN,NaN,24.0,NaN,NaN,NaN,24.0,NaN,NaN,NaN,24.0,NaN,NaN,NaN,24.0,NaN,NaN,NaN,24.0,NaN,NaN,NaN,24.0,NaN,NaN,NaN,24.0,NaN,NaN,NaN,24.0,NaN,NaN,NaN,24.0,NaN,NaN,NaN,24.0,NaN,NaN,NaN,24.0,NaN,NaN,NaN,24.0,NaN,NaN,NaN,24.0,NaN,NaN,NaN,24.0,NaN,NaN,NaN,24.0,NaN,NaN,NaN,24.0,NaN,NaN,NaN,24.0,NaN,NaN,NaN,24.0,NaN,NaN,NaN,24.0,NaN,NaN,NaN,24.0,24.8,NaN,-0.17999999999999972,2.0,7.7,NaN,-0.019999999999999928,2.0,NaN,NaN,NaN,24.0,9.5,NaN,-0.38000000000000006,2.0,NaN,NaN,NaN,24.0,172.0,NaN,-1.0,2.0,76.0,1.0,1.0,0.0,-0.7938888888888889,7.0,0.0,0.0,0.0,0.0,0.0,0.0,0.0,0.0,0.0,0.0,1.0,0.0,0.0,NaN,0.0,0.0,NaN,NaN,NaN,NaN,NaN,NaN,NaN
70.0,NaN,5.0,0.0,96.0,NaN,1.0,0.0,36.61,NaN,-0.008571428571428896,1.0,152.0,NaN,8.0,0.0,96.0,NaN,9.0,0.0,78.0,NaN,11.0,0.0,21.0,NaN,2.0,0.0,NaN,NaN,NaN,24.0,NaN,NaN,NaN,24.0,NaN,NaN,NaN,24.0,NaN,NaN,NaN,24.0,NaN,NaN,NaN,24.0,NaN,NaN,NaN,24.0,NaN,NaN,NaN,24.0,NaN,NaN,NaN,24.0,NaN,NaN,NaN,24.0,NaN,NaN,NaN,24.0,NaN,NaN,NaN,24.0,NaN,NaN,NaN,24.0,NaN,NaN,NaN,24.0,NaN,NaN,NaN,24.0,NaN,NaN,NaN,24.0,NaN,NaN,NaN,24.0,NaN,NaN,NaN,24.0,NaN,NaN,NaN,24.0,NaN,NaN,NaN,24.0,NaN,NaN,NaN,24.0,NaN,NaN,NaN,24.0,24.8,NaN,-0.14999999999999977,3.0,7.7,NaN,-0.016666666666666607,3.0,NaN,NaN,NaN,24.0,9.5,NaN,-0.3166666666666667,3.0,NaN,NaN,NaN,24.0,172.0,NaN,-0.8333333333333334,3.0,76.0,1.0,1.0,0.0,-0.7938888888888889,8.0,0.0,1.0,0.0,0.0,0.0,0.0,0.0,0.0,0.0,0.0,1.0,0.0,0.0,NaN,0.0,0.0,NaN,NaN,NaN,NaN,NaN,NaN,NaN
70.0,NaN,0.0,0.0,95.0,NaN,-1.0,0.0,36.61,NaN,-0.007500000000000284,2.0,142.0,NaN,-10.0,0.0,99.0,NaN,3.0,0.0,86.0,NaN,8.0,0.0,23.0,NaN,2.0,0.0,NaN,NaN,NaN,24.0,NaN,NaN,NaN,24.0,NaN,NaN,NaN,24.0,NaN,NaN,NaN,24.0,NaN,NaN,NaN,24.0,NaN,NaN,NaN,24.0,NaN,NaN,NaN,24.0,NaN,NaN,NaN,24.0,NaN,NaN,NaN,24.0,NaN,NaN,NaN,24.0,NaN,NaN,NaN,24.0,NaN,NaN,NaN,24.0,NaN,NaN,NaN,24.0,NaN,NaN,NaN,24.0,NaN,NaN,NaN,24.0,NaN,NaN,NaN,24.0,NaN,NaN,NaN,24.0,NaN,NaN,NaN,24.0,NaN,NaN,NaN,24.0,NaN,NaN,NaN,24.0,NaN,NaN,NaN,24.0,24.8,NaN,-0.12857142857142836,4.0,7.7,NaN,-0.014285714285714235,4.0,NaN,NaN,NaN,24.0,9.5,NaN,-0.27142857142857146,4.0,NaN,NaN,NaN,24.0,172.0,NaN,-0.7142857142857143,4.0,76.0,1.0,1.0,0.0,-0.7938888888888889,9.0,0.0,1.0,0.0,0.0,0.0,0.0,0.0,0.0,0.0,0.0,1.0,0.0,0.0,NaN,0.0,0.0,NaN,NaN,NaN,NaN,NaN,NaN,NaN
70.0,NaN,0.0,0.0,96.0,NaN,1.0,0.0,36.61,NaN,-0.0066666666666669195,3.0,148.0,NaN,6.0,0.0,94.0,NaN,-5.0,0.0,75.0,NaN,-11.0,0.0,21.0,NaN,-2.0,0.0,NaN,NaN,NaN,24.0,NaN,NaN,NaN,24.0,NaN,NaN,NaN,24.0,NaN,NaN,NaN,24.0,NaN,NaN,NaN,24.0,NaN,NaN,NaN,24.0,NaN,NaN,NaN,24.0,NaN,NaN,NaN,24.0,NaN,NaN,NaN,24.0,NaN,NaN,NaN,24.0,NaN,NaN,NaN,24.0,NaN,NaN,NaN,24.0,NaN,NaN,NaN,24.0,NaN,NaN,NaN,24.0,NaN,NaN,NaN,24.0,NaN,NaN,NaN,24.0,NaN,NaN,NaN,24.0,NaN,NaN,NaN,24.0,NaN,NaN,NaN,24.0,NaN,NaN,NaN,24.0,NaN,NaN,NaN,24.0,24.8,NaN,-0.11249999999999982,5.0,7.7,NaN,-0.012499999999999956,5.0,NaN,NaN,NaN,24.0,9.5,NaN,-0.23750000000000004,5.0,NaN,NaN,NaN,24.0,172.0,NaN,-0.625,5.0,76.0,1.0,1.0,0.0,-0.7938888888888889,10.0,0.0,1.0,0.0,0.0,0.0,0.0,0.0,0.0,0.0,0.0,1.0,0.0,0.0,NaN,0.0,0.0,NaN,NaN,NaN,NaN,NaN,NaN,NaN
70.0,NaN,0.0,0.0,97.0,NaN,1.0,0.0,36.61,NaN,0.0,0.0,115.0,NaN,-33.0,0.0,61.0,NaN,-33.0,0.0,47.0,NaN,-28.0,0.0,16.0,NaN,-5.0,0.0,NaN,NaN,NaN,24.0,NaN,NaN,NaN,24.0,NaN,NaN,NaN,24.0,NaN,NaN,NaN,24.0,NaN,NaN,NaN,24.0,NaN,NaN,NaN,24.0,NaN,NaN,NaN,24.0,NaN,NaN,NaN,24.0,NaN,NaN,NaN,24.0,NaN,NaN,NaN,24.0,NaN,NaN,NaN,24.0,NaN,NaN,NaN,24.0,NaN,NaN,NaN,24.0,NaN,NaN,NaN,24.0,NaN,NaN,NaN,24.0,NaN,NaN,NaN,24.0,NaN,NaN,NaN,24.0,NaN,NaN,NaN,24.0,NaN,NaN,NaN,24.0,NaN,NaN,NaN,24.0,NaN,NaN,NaN,24.0,24.8,NaN,-0.09999999999999984,6.0,7.7,NaN,-0.011111111111111072,6.0,NaN,NaN,NaN,24.0,9.5,NaN,-0.21111111111111114,6.0,NaN,NaN,NaN,24.0,172.0,NaN,-0.5555555555555556,6.0,76.0,1.0,1.0,0.0,-0.7938888888888889,11.0,0.0,0.0,0.0,0.0,0.0,0.0,0.0,1.0,0.0,0.0,1.0,0.0,0.0,NaN,0.0,0.0,NaN,NaN,NaN,NaN,NaN,NaN,NaN
70.0,NaN,0.0,0.0,94.0,NaN,-3.0,0.0,36.61,NaN,0.0,1.0,139.0,NaN,24.0,0.0,88.0,NaN,27.0,0.0,71.0,NaN,24.0,0.0,19.0,NaN,3.0,0.0,NaN,NaN,NaN,24.0,NaN,NaN,NaN,24.0,NaN,NaN,NaN,24.0,NaN,NaN,NaN,24.0,NaN,NaN,NaN,24.0,NaN,NaN,NaN,24.0,NaN,NaN,NaN,24.0,NaN,NaN,NaN,24.0,NaN,NaN,NaN,24.0,NaN,NaN,NaN,24.0,NaN,NaN,NaN,24.0,NaN,NaN,NaN,24.0,NaN,NaN,NaN,24.0,NaN,NaN,NaN,24.0,NaN,NaN,NaN,24.0,NaN,NaN,NaN,24.0,NaN,NaN,NaN,24.0,NaN,NaN,NaN,24.0,NaN,NaN,NaN,24.0,NaN,NaN,NaN,24.0,NaN,NaN,NaN,24.0,24.8,NaN,-0.08999999999999986,7.0,7.7,NaN,-0.009999999999999964,7.0,NaN,NaN,NaN,24.0,9.5,NaN,-0.19000000000000003,7.0,NaN,NaN,NaN,24.0,172.0,NaN,-0.5,7.0,76.0,1.0,1.0,0.0,-0.7938888888888889,12.0,0.0,0.0,0.0,0.0,0.0,0.0,0.0,0.0,0.0,0.0,1.0,0.0,0.0,NaN,0.0,0.0,NaN,NaN,NaN,NaN,NaN,NaN,NaN
70.0,NaN,0.0,0.0,95.0,NaN,1.0,0.0,36.61,NaN,0.0,2.0,130.0,NaN,-9.0,0.0,84.0,NaN,-4.0,0.0,66.0,NaN,-5.0,0.0,16.0,NaN,-3.0,0.0,NaN,NaN,NaN,24.0,NaN,NaN,NaN,24.0,NaN,NaN,NaN,24.0,NaN,NaN,NaN,24.0,NaN,NaN,NaN,24.0,NaN,NaN,NaN,24.0,NaN,NaN,NaN,24.0,NaN,NaN,NaN,24.0,NaN,NaN,NaN,24.0,NaN,NaN,NaN,24.0,NaN,NaN,NaN,24.0,NaN,NaN,NaN,24.0,NaN,NaN,NaN,24.0,NaN,NaN,NaN,24.0,NaN,NaN,NaN,24.0,NaN,NaN,NaN,24.0,NaN,NaN,NaN,24.0,NaN,NaN,NaN,24.0,NaN,NaN,NaN,24.0,NaN,NaN,NaN,24.0,NaN,NaN,NaN,24.0,25.8,NaN,0.125,0.0,7.7,NaN,0.0,0.0,NaN,NaN,NaN,24.0,9.3,NaN,-0.02499999999999991,0.0,NaN,NaN,NaN,24.0,183.0,NaN,1.375,0.0,76.0,1.0,1.0,0.0,-0.7938888888888889,13.0,0.0,0.0,0.0,0.0,0.0,0.0,0.0,0.0,0.0,0.0,1.0,0.0,0.0,NaN,0.0,0.0,NaN,NaN,NaN,NaN,NaN,NaN,NaN
70.0,NaN,0.0,0.0,95.0,NaN,0.0,0.0,36.61,NaN,0.0,3.0,127.0,NaN,-3.0,0.0,88.0,NaN,4.0,0.0,77.0,NaN,11.0,0.0,19.0,NaN,3.0,0.0,NaN,NaN,NaN,24.0,NaN,NaN,NaN,24.0,NaN,NaN,NaN,24.0,NaN,NaN,NaN,24.0,NaN,NaN,NaN,24.0,NaN,NaN,NaN,24.0,NaN,NaN,NaN,24.0,NaN,NaN,NaN,24.0,NaN,NaN,NaN,24.0,NaN,NaN,NaN,24.0,NaN,NaN,NaN,24.0,NaN,NaN,NaN,24.0,NaN,NaN,NaN,24.0,NaN,NaN,NaN,24.0,NaN,NaN,NaN,24.0,NaN,NaN,NaN,24.0,NaN,NaN,NaN,24.0,NaN,NaN,NaN,24.0,NaN,NaN,NaN,24.0,NaN,NaN,NaN,24.0,NaN,NaN,NaN,24.0,25.8,NaN,0.1111111111111111,1.0,7.7,NaN,0.0,1.0,NaN,NaN,NaN,24.0,9.3,NaN,-0.022222222222222143,1.0,NaN,NaN,NaN,24.0,183.0,NaN,1.2222222222222223,1.0,76.0,1.0,1.0,0.0,-0.7938888888888889,14.0,0.0,0.0,0.0,0.0,0.0,0.0,0.0,0.0,0.0,0.0,1.0,0.0,0.0,NaN,0.0,0.0,NaN,NaN,NaN,NaN,NaN,NaN,NaN
