115.0,NaN,NaN,24.0,98.0,NaN,NaN,24.0,NaN,NaN,NaN,24.0,141.0,NaN,NaN,24.0,96.0,NaN,NaN,24.0,85.0,NaN,NaN,24.0,13.0,NaN,NaN,24.0,NaN,NaN,NaN,24.0,NaN,NaN,NaN,24.0,NaN,NaN,NaN,24.0,NaN,NaN,NaN,24.0,NaN,NaN,NaN,24.0,NaN,NaN,NaN,24.0,NaN,NaN,NaN,24.0,NaN,NaN,NaN,24.0,NaN,NaN,NaN,24.0,NaN,NaN,NaN,24.0,NaN,NaN,NaN,24.0,NaN,NaN,NaN,24.0,NaN,NaN,NaN,24.0,NaN,NaN,NaN,24.0,NaN,NaN,NaN,24.0,NaN,NaN,NaN,24.0,NaN,NaN,NaN,24.0,NaN,NaN,NaN,24.0,NaN,NaN,NaN,24.0,NaN,NaN,NaN,24.0,NaN,NaN,NaN,24.0,NaN,NaN,NaN,24.0,NaN,NaN,NaN,24.0,NaN,NaN,NaN,24.0,NaN,NaN,NaN,24.0,NaN,NaN,NaN,24.0,NaN,NaN,NaN,24.0,65.0,0.0,0.0,1.0,-173.08333333333334,1.0,0.0,0.0,1.0,0.0,0.0,0.0,0.0,0.0,0.0,0.0,1.0,0.0,0.0,NaN,0.0,0.0,NaN,NaN,NaN,NaN,NaN,NaN,NaN
111.0,NaN,-4.0,0.0,96.0,NaN,-2.0,0.0,NaN,NaN,NaN,24.0,122.0,NaN,-19.0,0.0,88.0,NaN,-8.0,0.0,78.0,NaN,-7.0,0.0,14.0,NaN,1.0,0.0,NaN,NaN,NaN,24.0,NaN,NaN,NaN,24.0,NaN,NaN,NaN,24.0,NaN,NaN,NaN,24.0,NaN,NaN,NaN,24.0,NaN,NaN,NaN,24.0,NaN,NaN,NaN,24.0,NaN,NaN,NaN,24.0,NaN,NaN,NaN,24.0,NaN,NaN,NaN,24.0,NaN,NaN,NaN,24.0,NaN,NaN,NaN,24.0,NaN,NaN,NaN,24.0,NaN,NaN,NaN,24.0,NaN,NaN,NaN,24.0,NaN,NaN,NaN,24.0,NaN,NaN,NaN,24.0,NaN,NaN,NaN,24.0,NaN,NaN,NaN,24.0,NaN,NaN,NaN,24.0,NaN,NaN,NaN,24.0,NaN,NaN,NaN,24.0,NaN,NaN,NaN,24.0,NaN,NaN,NaN,24.0,NaN,NaN,NaN,24.0,NaN,NaN,NaN,24.0,NaN,NaN,NaN,24.0,65.0,0.0,0.0,1.0,-173.08333333333334,2.0,0.0,0.0,1.0,0.0,0.0,0.0,0.0,0.0,0.0,0.0,1.0,0.0,0.0,NaN,0.0,0.0,NaN,NaN,NaN,NaN,NaN,NaN,NaN
104.0,NaN,-7.0,0.0,95.0,NaN,-1.0,0.0,37.06,NaN,0.0,0.0,119.0,NaN,-3.0,0.0,81.0,NaN,-7.0,0.0,72.0,NaN,-6.0,0.0,13.0,NaN,-1.0,0.0,NaN,NaN,NaN,24.0,NaN,NaN,NaN,24.0,NaN,NaN,NaN,24.0,NaN,NaN,NaN,24.0,NaN,NaN,NaN,24.0,NaN,NaN,NaN,24.0,NaN,NaN,NaN,24.0,NaN,NaN,NaN,24.0,NaN,NaN,NaN,24.0,NaN,NaN,NaN,24.0,NaN,NaN,NaN,24.0,NaN,NaN,NaN,24.0,NaN,NaN,NaN,24.0,NaN,NaN,NaN,24.0,NaN,NaN,NaN,24.0,NaN,NaN,NaN,24.0,NaN,NaN,NaN,24.0,NaN,NaN,NaN,24.0,NaN,NaN,NaN,24.0,NaN,NaN,NaN,24.0,NaN,NaN,NaN,24.0,NaN,NaN,NaN,24.0,NaN,NaN,NaN,24.0,NaN,NaN,NaN,24.0,NaN,NaN,NaN,24.0,NaN,NaN,NaN,24.0,NaN,NaN,NaN,24.0,65.0,0.0,0.0,1.0,-173.08333333333334,3.0,0.0,0.0,1.0,0.0,0.0,0.0,0.0,0.0,0.0,0.0,1.0,0.0,0.0,NaN,0.0,0.0,NaN,NaN,NaN,NaN,NaN,NaN,NaN
101.0,NaN,-3.0,0.0,97.0,NaN,2.0,0.0,37.06,NaN,0.0,1.0,123.0,NaN,4.0,0.0,83.0,NaN,2.0,0.0,69.0,NaN,-3.0,0.0,11.0,NaN,-2.0,0.0,NaN,NaN,NaN,24.0,NaN,NaN,NaN,24.0,NaN,NaN,NaN,24.0,NaN,NaN,NaN,24.0,NaN,NaN,NaN,24.0,NaN,NaN,NaN,24.0,NaN,NaN,NaN,24.0,NaN,NaN,NaN,24.0,NaN,NaN,NaN,24.0,NaN,NaN,NaN,24.0,NaN,NaN,NaN,24.0,NaN,NaN,NaN,24.0,NaN,NaN,NaN,24.0,NaN,NaN,NaN,24.0,NaN,NaN,NaN,24.0,NaN,NaN,NaN,24.0,NaN,NaN,NaN,24.0,NaN,NaN,NaN,24.0,NaN,NaN,NaN,24.0,NaN,NaN,NaN,24.0,NaN,NaN,NaN,24.0,NaN,NaN,NaN,24.0,NaN,NaN,NaN,24.0,NaN,NaN,NaN,24.0,NaN,NaN,NaN,24.0,NaN,NaN,NaN,24.0,NaN,NaN,NaN,24.0,65.0,0.0,0.0,1.0,-173.08333333333334,4.0,0.0,0.0,1.0,0.0,0.0,0.0,0.0,0.0,0.0,0.0,1.0,0.0,0.0,NaN,0.0,0.0,NaN,NaN,NaN,NaN,NaN,NaN,NaN
99.0,NaN,-2.0,0.0,97.0,NaN,0.0,0.0,37.06,NaN,0.0,2.0,111.0,NaN,-12.0,0.0,76.0,NaN,-7.0,0.0,63.0,NaN,-6.0,0.0,17.0,NaN,6.0,0.0,NaN,NaN,NaN,24.0,NaN,NaN,NaN,24.0,34.0,NaN,0.0,0.0,NaN,NaN,NaN,24.0,NaN,NaN,NaN,24.0,NaN,NaN,NaN,24.0,NaN,NaN,NaN,24.0,19.0,NaN,0.0,0.0,39.0,NaN,0.0,0.0,84.0,NaN,0.0,0.0,9.3,NaN,0.0,0.0,98.0,NaN,0.0,0.0,5.9,NaN,0.0,0.0,NaN,NaN,NaN,24.0,113.0,NaN,0.0,0.0,NaN,NaN,NaN,24.0,2.1,NaN,0.0,0.0,4.7,NaN,0.0,0.0,4.0,NaN,0.0,0.0,0.4,NaN,0.0,0.0,NaN,NaN,NaN,24.0,33.4,NaN,0.0,0.0,10.2,NaN,0.0,0.0,NaN,NaN,NaN,24.0,17.9,NaN,0.0,0.0,NaN,NaN,NaN,24.0,217.0,NaN,0.0,0.0,65.0,0.0,0.0,1.0,-173.08333333333334,5.0,0.0,0.0,1.0,1.0,0.0,0.0,0.0,0.0,0.0,4.0,1.0,0.0,0.0,NaN,0.0,0.0,NaN,NaN,NaN,NaN,NaN,NaN,NaN
98.0,NaN,-1.0,0.0,96.0,NaN,-1.0,0.0,37.06,NaN,0.0,3.0,111.0,NaN,0.0,0.0,68.0,NaN,-8.0,0.0,56.0,NaN,-7.0,0.0,14.0,NaN,-3.0,0.0,NaN,NaN,NaN,24.0,NaN,NaN,NaN,24.0,34.0,NaN,0.0,1.0,NaN,NaN,NaN,24.0,NaN,NaN,NaN,24.0,NaN,NaN,NaN,24.0,NaN,NaN,NaN,24.0,19.0,NaN,0.0,1.0,39.0,NaN,0.0,1.0,84.0,NaN,0.0,1.0,9.3,NaN,0.0,1.0,98.0,NaN,0.0,1.0,5.9,NaN,0.0,1.0,NaN,NaN,NaN,24.0,113.0,NaN,0.0,1.0,NaN,NaN,NaN,24.0,2.1,NaN,0.0,1.0,4.7,NaN,0.0,1.0,4.0,NaN,0.0,1.0,0.4,NaN,0.0,1.0,NaN,NaN,NaN,24.0,33.4,NaN,0.0,1.0,10.2,NaN,0.0,1.0,24.7,NaN,0.0,0.0,17.9,NaN,0.0,1.0,NaN,NaN,NaN,24.0,217.0,NaN,0.0,1.0,65.0,0.0,0.0,1.0,-173.08333333333334,6.0,0.0,0.0,1.0,1.0,0.0,0.0,0.0,0.0,0.0,0.0,1.0,0.0,0.0,NaN,0.0,0.0,NaN,NaN,NaN,NaN,NaN,NaN,NaN
104.0,NaN,6.0,0.0,93.0,NaN,-3.0,0.0,37.22,NaN,0.03999999999999915,0.0,96.0,NaN,-15.0,0.0,67.0,NaN,-1.0,0.0,60.0,NaN,4.0,0.0,11.0,NaN,-3.0,0.0,NaN,NaN,NaN,24.0,NaN,NaN,NaN,24.0,34.0,NaN,0.0,2.0,NaN,NaN,NaN,24.0,NaN,NaN,NaN,24.0,NaN,NaN,NaN,24.0,NaN,NaN,NaN,24.0,19.0,NaN,0.0,2.0,39.0,NaN,0.0,2.0,84.0,NaN,0.0,2.0,9.3,NaN,0.0,2.0,98.0,NaN,0.0,2.0,5.9,NaN,0.0,2.0,NaN,NaN,NaN,24.0,113.0,NaN,0.0,2.0,NaN,NaN,NaN,24.0,2.1,NaN,0.0,2.0,4.7,NaN,0.0,2.0,4.0,NaN,0.0,2.0,0.4,NaN,0.0,2.0,NaN,NaN,NaN,24.0,33.4,NaN,0.0,2.0,10.2,NaN,0.0,2.0,24.7,NaN,0.0,1.0,17.9,NaN,0.0,2.0,NaN,NaN,NaN,24.0,217.0,NaN,0.0,2.0,65.0,0.0,0.0,1.0,-173.08333333333334,7.0,0.0,0.0,1.0,1.0,0.0,0.0,0.0,0.0,0.0,0.0,1.0,0.0,0.0,NaN,0.0,0.0,NaN,NaN,NaN,NaN,NaN,NaN,NaN
107.0,NaN,3.0,0.0,97.0,NaN,4.0,0.0,37.22,NaN,0.03199999999999932,1.0,102.0,NaN,6.0,0.0,70.0,NaN,3.0,0.0,61.0,NaN,1.0,0.0,17.0,NaN,6.0,0.0,NaN,NaN,NaN,24.0,NaN,NaN,NaN,24.0,34.0,NaN,0.0,3.0,NaN,NaN,NaN,24.0,NaN,NaN,NaN,24.0,NaN,NaN,NaN,24.0,NaN,NaN,NaN,24.0,19.0,NaN,0.0,3.0,39.0,NaN,0.0,3.0,84.0,NaN,0.0,3.0,9.3,NaN,0.0,3.0,98.0,NaN,0.0,3.0,5.9,NaN,0.0,3.0,NaN,NaN,NaN,24.0,113.0,NaN,0.0,3.0,NaN,NaN,NaN,24.0,2.1,NaN,0.0,3.0,4.7,NaN,0.0,3.0,4.0,NaN,0.0,3.0,0.4,NaN,0.0,3.0,NaN,NaN,NaN,24.0,33.4,NaN,0.0,3.0,10.2,NaN,0.0,3.0,24.7,NaN,0.0,2.0,17.9,NaN,0.0,3.0,NaN,NaN,NaN,24.0,217.0,NaN,0.0,3.0,65.0,0.0,0.0,1.0,-173.08333333333334,8.0,0.0,0.0,1.0,1.0,0.0,0.0,0.0,0.0,0.0,0.0,1.0,0.0,0.0,NaN,0.0,0.0,NaN,NaN,NaN,NaN,NaN,NaN,NaN
104.0,NaN,-3.0,0.0,95.0,NaN,-2.0,0.0,37.22,NaN,0.0266666666666661,2.0,99.0,NaN,-3.0,0.0,67.0,NaN,-3.0,0.0,58.0,NaN,-3.0,0.0,13.0,NaN,-4.0,0.0,NaN,NaN,NaN,24.0,NaN,NaN,NaN,24.0,34.0,NaN,0.0,4.0,NaN,NaN,NaN,24.0,NaN,NaN,NaN,24.0,NaN,NaN,NaN,24.0,NaN,NaN,NaN,24.0,19.0,NaN,0.0,4.0,39.0,NaN,0.0,4.0,84.0,NaN,0.0,4.0,9.3,NaN,0.0,4.0,98.0,NaN,0.0,4.0,5.9,NaN,0.0,4.0,NaN,NaN,NaN,24.0,113.0,NaN,0.0,4.0,NaN,NaN,NaN,24.0,2.1,NaN,0.0,4.0,4.7,NaN,0.0,4.0,4.0,NaN,0.0,4.0,0.4,NaN,0.0,4.0,NaN,NaN,NaN,24.0,33.4,NaN,0.0,4.0,10.2,NaN,0.0,4.0,24.7,NaN,0.0,3.0,17.9,NaN,0.0,4.0,NaN,NaN,NaN,24.0,217.0,NaN,0.0,4.0,65.0,0.0,0.0,1.0,-173.08333333333334,9.0,0.0,0.0,1.0,1.0,0.0,0.0,0.0,0.0,0.0,0.0,1.0,0.0,0.0,NaN,0.0,0.0,NaN,NaN,NaN,NaN,NaN,NaN,NaN
98.0,NaN,-6.0,0.0,96.0,NaN,1.0,0.0,37.22,NaN,0.02285714285714237,3.0,107.0,NaN,8.0,0.0,70.0,NaN,3.0,0.0,60.0,NaN,2.0,0.0,15.0,NaN,2.0,0.0,NaN,NaN,NaN,24.0,NaN,NaN,NaN,24.0,34.0,NaN,0.0,5.0,NaN,NaN,NaN,24.0,NaN,NaN,NaN,24.0,NaN,NaN,NaN,24.0,NaN,NaN,NaN,24.0,19.0,NaN,0.0,5.0,39.0,NaN,0.0,5.0,84.0,NaN,0.0,5.0,9.3,NaN,0.0,5.0,98.0,NaN,0.0,5.0,5.9,NaN,0.0,5.0,NaN,NaN,NaN,24.0,113.0,NaN,0.0,5.0,NaN,NaN,NaN,24.0,2.1,NaN,0.0,5.0,4.7,NaN,0.0,5.0,4.0,NaN,0.0,5.0,0.4,NaN,0.0,5.0,NaN,NaN,NaN,24.0,33.4,NaN,0.0,5.0,10.2,NaN,0.0,5.0,24.7,NaN,0.0,4.0,17.9,NaN,0.0,5.0,NaN,NaN,NaN,24.0,217.0,NaN,0.0,5.0,65.0,0.0,0.0,1.0,-173.08333333333334,10.0,0.0,0.0,1.0,1.0,0.0,0.0,0.0,0.0,0.0,0.0,1.0,0.0,0.0,NaN,0.0,0.0,NaN,NaN,NaN,NaN,NaN,NaN,NaN
104.0,NaN,6.0,0.0,98.0,NaN,2.0,0.0,35.83,NaN,-0.34750000000000014,0.0,121.0,NaN,14.0,0.0,81.0,NaN,11.0,0.0,68.0,NaN,8.0,0.0,13.0,NaN,-2.0,0.0,NaN,NaN,NaN,24.0,NaN,NaN,NaN,24.0,34.0,NaN,0.0,6.0,NaN,NaN,NaN,24.0,NaN,NaN,NaN,24.0,NaN,NaN,NaN,24.0,NaN,NaN,NaN,24.0,19.0,NaN,0.0,6.0,39.0,NaN,0.0,6.0,84.0,NaN,0.0,6.0,9.3,NaN,0.0,6.0,98.0,NaN,0.0,6.0,5.9,NaN,0.0,6.0,NaN,NaN,NaN,24.0,113.0,NaN,0.0,6.0,NaN,NaN,NaN,24.0,2.1,NaN,0.0,6.0,4.7,NaN,0.0,6.0,4.0,NaN,0.0,6.0,0.4,NaN,0.0,6.0,NaN,NaN,NaN,24.0,33.4,NaN,0.0,6.0,10.2,NaN,0.0,6.0,24.7,NaN,0.0,5.0,17.9,NaN,0.0,6.0,NaN,NaN,NaN,24.0,217.0,NaN,0.0,6.0,65.0,0.0,0.0,1.0,-173.08333333333334,11.0,1.0,0.0,1.0,1.0,0.0,0.0,0.0,0.0,0.0,0.0,1.0,0.0,0.0,NaN,0.0,0.0,NaN,NaN,NaN,NaN,NaN,NaN,NaN
113.0,NaN,9.0,0.0,97.0,NaN,-1.0,0.0,35.83,NaN,-0.27800000000000014,1.0,118.0,NaN,-3.0,0.0,88.0,NaN,7.0,0.0,78.0,NaN,10.0,0.0,11.0,NaN,-2.0,0.0,NaN,NaN,NaN,24.0,NaN,NaN,NaN,24.0,34.0,NaN,0.0,7.0,NaN,NaN,NaN,24.0,NaN,NaN,NaN,24.0,NaN,NaN,NaN,24.0,NaN,NaN,NaN,24.0,19.0,NaN,0.0,7.0,39.0,NaN,0.0,7.0,84.0,NaN,0.0,7.0,9.3,NaN,0.0,7.0,98.0,NaN,0.0,7.0,5.9,NaN,0.0,7.0,NaN,NaN,NaN,24.0,113.0,NaN,0.0,7.0,NaN,NaN,NaN,24.0,2.1,NaN,0.0,7.0,4.7,NaN,0.0,7.0,4.0,NaN,0.0,7.0,0.4,NaN,0.0,7.0,NaN,NaN,NaN,24.0,33.4,NaN,0.0,7.0,10.2,NaN,0.0,7.0,24.7,NaN,0.0,6.0,17.9,NaN,0.0,7.0,NaN,NaN,NaN,24.0,217.0,NaN,0.0,7.0,65.0,0.0,0.0,1.0,-173.08333333333334,12.0,1.0,0.0,1.0,1.0,0.0,0.0,0.0,0.0,0.0,0.0,1.0,0.0,0.0,NaN,0.0,0.0,NaN,NaN,NaN,NaN,NaN,NaN,NaN
105.0,NaN,-8.0,0.0,97.0,NaN,0.0,0.0,35.83,NaN,-0.23166666666666677,2.0,115.0,NaN,-3.0,0.0,83.0,NaN,-5.0,0.0,78.0,NaN,0.0,0.0,11.0,NaN,0.0,0.0,NaN,NaN,NaN,24.0,NaN,NaN,NaN,24.0,34.0,NaN,0.0,8.0,NaN,NaN,NaN,24.0,NaN,NaN,NaN,24.0,NaN,NaN,NaN,24.0,NaN,NaN,NaN,24.0,19.0,NaN,0.0,8.0,39.0,NaN,0.0,8.0,84.0,NaN,0.0,8.0,9.3,NaN,0.0,8.0,98.0,NaN,0.0,8.0,5.9,NaN,0.0,8.0,NaN,NaN,NaN,24.0,113.0,NaN,0.0,8.0,NaN,NaN,NaN,24.0,2.1,NaN,0.0,8.0,4.7,NaN,0.0,8.0,4.0,NaN,0.0,8.0,0.4,NaN,0.0,8.0,NaN,NaN,NaN,24.0,33.4,NaN,0.0,8.0,10.2,NaN,0.0,8.0,24.7,NaN,0.0,7.0,17.9,NaN,0.0,8.0,NaN,NaN,NaN,24.0,217.0,NaN,0.0,8.0,65.0,0.0,0.0,1.0,-173.08333333333334,13.0,1.0,0.0,1.0,1.0,0.0,0.0,0.0,0.0,0.0,0.0,1.0,0.0,0.0,NaN,0.0,0.0,NaN,NaN,NaN,NaN,NaN,NaN,NaN
113.0,NaN,8.0,0.0,97.0,NaN,0.0,0.0,35.83,NaN,-0.19857142857142865,3.0,114.0,NaN,-1.0,0.0,78.0,NaN,-5.0,0.0,69.0,NaN,-9.0,0.0,20.0,NaN,9.0,0.0,NaN,NaN,NaN,24.0,NaN,NaN,NaN,24.0,34.0,NaN,0.0,9.0,NaN,NaN,NaN,24.0,NaN,NaN,NaN,24.0,NaN,NaN,NaN,24.0,NaN,NaN,NaN,24.0,19.0,NaN,0.0,9.0,39.0,NaN,0.0,9.0,84.0,NaN,0.0,9.0,9.3,NaN,0.0,9.0,98.0,NaN,0.0,9.0,5.9,NaN,0.0,9.0,NaN,NaN,NaN,24.0,113.0,NaN,0.0,9.0,NaN,NaN,NaN,24.0,2.1,NaN,0.0,9.0,4.7,NaN,0.0,9.0,4.0,NaN,0.0,9.0,0.4,NaN,0.0,9.0,NaN,NaN,NaN,24.0,33.4,NaN,0.0,9.0,10.2,NaN,0.0,9.0,24.7,NaN,0.0,8.0,17.9,NaN,0.0,9.0,NaN,NaN,NaN,24.0,217.0,NaN,0.0,9.0,65.0,0.0,0.0,1.0,-173.08333333333334,14.0,1.0,0.0,1.0,1.0,0.0,0.0,0.0,0.0,0.0,0.0,1.0,0.0,0.0,NaN,0.0,0.0,NaN,NaN,NaN,NaN,NaN,NaN,NaN
113.0,NaN,4.0,1.0,97.0,NaN,0.0,1.0,37.61,NaN,0.4450000000000003,0.0,114.0,NaN,-0.5,1.0,78.0,NaN,-2.5,1.0,69.0,NaN,-4.5,1.0,20.0,NaN,4.5,1.0,NaN,NaN,NaN,24.0,NaN,NaN,NaN,24.0,34.0,NaN,0.0,10.0,NaN,NaN,NaN,24.0,NaN,NaN,NaN,24.0,NaN,NaN,NaN,24.0,NaN,NaN,NaN,24.0,19.0,NaN,0.0,10.0,39.0,NaN,0.0,10.0,84.0,NaN,0.0,10.0,9.3,NaN,0.0,10.0,98.0,NaN,0.0,10.0,5.9,NaN,0.0,10.0,NaN,NaN,NaN,24.0,113.0,NaN,0.0,10.0,NaN,NaN,NaN,24.0,2.1,NaN,0.0,10.0,4.7,NaN,0.0,10.0,4.0,NaN,0.0,10.0,0.4,NaN,0.0,10.0,NaN,NaN,NaN,24.0,33.4,NaN,0.0,10.0,10.2,NaN,0.0,10.0,24.7,NaN,0.0,9.0,17.9,NaN,0.0,10.0,NaN,NaN,NaN,24.0,217.0,NaN,0.0,10.0,65.0,0.0,0.0,1.0,-173.08333333333334,15.0,0.0,0.0,1.0,1.0,0.0,0.0,0.0,0.0,0.0,0.0,1.0,0.0,0.0,NaN,0.0,0.0,NaN,NaN,NaN,NaN,NaN,NaN,NaN
