96.5,NaN,NaN,24.0,96.5,NaN,NaN,24.0,36.56,NaN,NaN,24.0,153.0,NaN,NaN,24.0,109.0,NaN,NaN,24.0,98.0,NaN,NaN,24.0,22.0,NaN,NaN,24.0,NaN,NaN,NaN,24.0,NaN,NaN,NaN,24.0,NaN,NaN,NaN,24.0,1.0,NaN,NaN,24.0,NaN,NaN,NaN,24.0,NaN,NaN,NaN,24.0,NaN,NaN,NaN,24.0,NaN,NaN,NaN,24.0,NaN,NaN,NaN,24.0,NaN,NaN,NaN,24.0,NaN,NaN,NaN,24.0,NaN,NaN,NaN,24.0,NaN,NaN,NaN,24.0,NaN,NaN,NaN,24.0,NaN,NaN,NaN,24.0,NaN,NaN,NaN,24.0,NaN,NaN,NaN,24.0,NaN,NaN,NaN,24.0,NaN,NaN,NaN,24.0,NaN,NaN,NaN,24.0,NaN,NaN,NaN,24.0,NaN,NaN,NaN,24.0,NaN,NaN,NaN,24.0,NaN,NaN,NaN,24.0,NaN,NaN,NaN,24.0,NaN,NaN,NaN,24.0,NaN,NaN,NaN,24.0,51.0,0.0,1.0,0.0,-22.051111111111112,1.0,0.0,1.0,1.0,0.0,3.0,0.0,0.0,0.0,0.0,0.0,0.0,0.0,1.0,1.0,0.0,0.0,3.0,5.0,5.0,1.0,NaN,NaN,NaN
82.0,NaN,-14.5,0.0,100.0,NaN,3.5,0.0,36.56,NaN,0.0,1.0,117.0,NaN,-36.0,0.0,89.0,NaN,-20.0,0.0,85.0,NaN,-13.0,0.0,11.0,NaN,-11.0,0.0,NaN,NaN,NaN,24.0,NaN,NaN,NaN,24.0,NaN,NaN,NaN,24.0,1.0,NaN,0.0,1.0,NaN,NaN,NaN,24.0,NaN,NaN,NaN,24.0,NaN,NaN,NaN,24.0,NaN,NaN,NaN,24.0,NaN,NaN,NaN,24.0,NaN,NaN,NaN,24.0,NaN,NaN,NaN,24.0,NaN,NaN,NaN,24.0,NaN,NaN,NaN,24.0,NaN,NaN,NaN,24.0,NaN,NaN,NaN,24.0,NaN,NaN,NaN,24.0,NaN,NaN,NaN,24.0,NaN,NaN,NaN,24.0,NaN,NaN,NaN,24.0,NaN,NaN,NaN,24.0,NaN,NaN,NaN,24.0,NaN,NaN,NaN,24.0,NaN,NaN,NaN,24.0,NaN,NaN,NaN,24.0,NaN,NaN,NaN,24.0,NaN,NaN,NaN,24.0,NaN,NaN,NaN,24.0,51.0,0.0,1.0,0.0,-22.051111111111112,2.0,0.0,0.0,0.0,0.0,0.0,0.0,0.0,0.0,0.0,0.0,0.0,1.0,1.0,1.0,0.0,0.0,3.0,5.0,5.0,1.0,NaN,NaN,NaN
102.0,NaN,20.0,0.0,100.0,NaN,0.0,0.0,36.44,NaN,-0.060000000000002274,0.0,87.0,NaN,-30.0,0.0,74.0,NaN,-15.0,0.0,70.0,NaN,-15.0,0.0,19.0,NaN,8.0,0.0,NaN,NaN,NaN,24.0,-4.0,NaN,0.0,0.0,NaN,NaN,NaN,24.0,1.0,NaN,0.0,2.0,7.17,NaN,0.0,0.0,70.0,NaN,0.0,0.0,NaN,NaN,NaN,24.0,NaN,NaN,NaN,24.0,NaN,NaN,NaN,24.0,NaN,NaN,NaN,24.0,NaN,NaN,NaN,24.0,NaN,NaN,NaN,24.0,NaN,NaN,NaN,24.0,NaN,NaN,NaN,24.0,NaN,NaN,NaN,24.0,3.5,NaN,0.0,0.0,NaN,NaN,NaN,24.0,NaN,NaN,NaN,24.0,NaN,NaN,NaN,24.0,NaN,NaN,NaN,24.0,NaN,NaN,NaN,24.0,NaN,NaN,NaN,24.0,NaN,NaN,NaN,24.0,NaN,NaN,NaN,24.0,NaN,NaN,NaN,24.0,NaN,NaN,NaN,24.0,NaN,NaN,NaN,24.0,51.0,0.0,1.0,0.0,-22.051111111111112,3.0,0.0,0.0,1.0,0.0,0.0,0.0,0.0,1.0,1.0,0.0,1.0,1.0,1.0,1.0,0.0,0.0,3.0,5.0,5.0,1.0,NaN,NaN,NaN
86.0,NaN,-16.0,0.0,100.0,NaN,0.0,1.0,36.44,NaN,-0.040000000000001514,1.0,86.0,NaN,-1.0,0.0,76.0,NaN,2.0,0.0,73.0,NaN,3.0,0.0,27.0,NaN,8.0,0.0,NaN,NaN,NaN,24.0,-1.0,NaN,3.0,0.0,NaN,NaN,NaN,24.0,1.0,NaN,0.0,3.0,7.32,NaN,0.15000000000000036,0.0,49.0,NaN,-21.0,0.0,NaN,NaN,NaN,24.0,NaN,NaN,NaN,24.0,NaN,NaN,NaN,24.0,NaN,NaN,NaN,24.0,NaN,NaN,NaN,24.0,NaN,NaN,NaN,24.0,NaN,NaN,NaN,24.0,NaN,NaN,NaN,24.0,NaN,NaN,NaN,24.0,1.7,NaN,-1.8,0.0,NaN,NaN,NaN,24.0,NaN,NaN,NaN,24.0,NaN,NaN,NaN,24.0,NaN,NaN,NaN,24.0,NaN,NaN,NaN,24.0,NaN,NaN,NaN,24.0,NaN,NaN,NaN,24.0,NaN,NaN,NaN,24.0,NaN,NaN,NaN,24.0,NaN,NaN,NaN,24.0,NaN,NaN,NaN,24.0,51.0,0.0,1.0,0.0,-22.051111111111112,4.0,0.0,1.0,0.0,0.0,0.0,0.0,0.0,1.0,0.0,0.0,1.0,1.0,1.0,1.0,0.0,0.0,3.0,5.0,5.0,1.0,NaN,NaN,NaN
83.0,NaN,-3.0,0.0,98.0,NaN,-1.0,0.0,36.44,NaN,-0.030000000000001137,2.0,102.0,NaN,16.0,0.0,83.0,NaN,7.0,0.0,78.0,NaN,5.0,0.0,25.0,NaN,-2.0,0.0,NaN,NaN,NaN,24.0,-1.0,NaN,1.5,1.0,NaN,NaN,NaN,24.0,0.6,NaN,-0.1,0.0,7.32,NaN,0.07500000000000018,1.0,49.0,NaN,-10.5,1.0,NaN,NaN,NaN,24.0,NaN,NaN,NaN,24.0,NaN,NaN,NaN,24.0,NaN,NaN,NaN,24.0,NaN,NaN,NaN,24.0,NaN,NaN,NaN,24.0,NaN,NaN,NaN,24.0,NaN,NaN,NaN,24.0,NaN,NaN,NaN,24.0,1.7,NaN,-0.9,1.0,NaN,NaN,NaN,24.0,NaN,NaN,NaN,24.0,NaN,NaN,NaN,24.0,NaN,NaN,NaN,24.0,NaN,NaN,NaN,24.0,NaN,NaN,NaN,24.0,NaN,NaN,NaN,24.0,NaN,NaN,NaN,24.0,NaN,NaN,NaN,24.0,NaN,NaN,NaN,24.0,NaN,NaN,NaN,24.0,51.0,0.0,1.0,0.0,-22.051111111111112,5.0,0.0,1.0,0.0,0.0,2.0,0.0,0.0,0.0,0.0,0.0,0.0,1.0,1.0,1.0,0.0,0.0,3.0,5.0,5.0,1.0,NaN,NaN,NaN
91.0,NaN,8.0,0.0,99.0,NaN,1.0,0.0,36.44,NaN,-0.02400000000000091,3.0,84.0,NaN,-18.0,0.0,70.0,NaN,-13.0,0.0,66.0,NaN,-12.0,0.0,26.0,NaN,1.0,0.0,NaN,NaN,NaN,24.0,-1.0,NaN,1.0,2.0,NaN,NaN,NaN,24.0,0.6,NaN,-0.08,1.0,7.32,NaN,0.05000000000000012,2.0,49.0,NaN,-7.0,2.0,NaN,NaN,NaN,24.0,NaN,NaN,NaN,24.0,NaN,NaN,NaN,24.0,NaN,NaN,NaN,24.0,NaN,NaN,NaN,24.0,NaN,NaN,NaN,24.0,NaN,NaN,NaN,24.0,NaN,NaN,NaN,24.0,NaN,NaN,NaN,24.0,1.7,NaN,-0.6,2.0,NaN,NaN,NaN,24.0,NaN,NaN,NaN,24.0,NaN,NaN,NaN,24.0,NaN,NaN,NaN,24.0,NaN,NaN,NaN,24.0,NaN,NaN,NaN,24.0,NaN,NaN,NaN,24.0,NaN,NaN,NaN,24.0,NaN,NaN,NaN,24.0,NaN,NaN,NaN,24.0,NaN,NaN,NaN,24.0,51.0,0.0,1.0,0.0,-22.051111111111112,6.0,0.0,1.0,1.0,0.0,0.0,0.0,0.0,1.0,0.0,0.0,1.0,1.0,1.0,1.0,0.0,0.0,3.0,5.0,5.0,1.0,NaN,NaN,NaN
85.0,NaN,-6.0,0.0,100.0,NaN,1.0,0.0,36.44,NaN,0.0,0.0,93.0,NaN,9.0,0.0,78.0,NaN,8.0,0.0,73.0,NaN,7.0,0.0,26.0,NaN,0.0,0.0,NaN,NaN,NaN,24.0,-1.0,NaN,0.75,3.0,NaN,NaN,NaN,24.0,0.6,NaN,-0.06666666666666667,2.0,7.32,NaN,0.03750000000000009,3.0,49.0,NaN,-5.25,3.0,NaN,NaN,NaN,24.0,NaN,NaN,NaN,24.0,NaN,NaN,NaN,24.0,NaN,NaN,NaN,24.0,NaN,NaN,NaN,24.0,NaN,NaN,NaN,24.0,NaN,NaN,NaN,24.0,NaN,NaN,NaN,24.0,NaN,NaN,NaN,24.0,1.7,NaN,-0.45,3.0,NaN,NaN,NaN,24.0,NaN,NaN,NaN,24.0,NaN,NaN,NaN,24.0,NaN,NaN,NaN,24.0,NaN,NaN,NaN,24.0,NaN,NaN,NaN,24.0,NaN,NaN,NaN,24.0,NaN,NaN,NaN,24.0,NaN,NaN,NaN,24.0,NaN,NaN,NaN,24.0,NaN,NaN,NaN,24.0,51.0,0.0,1.0,0.0,-22.051111111111112,7.0,0.0,1.0,0.0,0.0,0.0,0.0,0.0,0.0,0.0,0.0,1.0,1.0,1.0,1.0,0.0,0.0,3.0,5.0,5.0,1.0,NaN,NaN,NaN
87.0,NaN,2.0,0.0,100.0,NaN,0.0,0.0,36.44,NaN,0.0,1.0,84.0,NaN,-9.0,0.0,69.0,NaN,-9.0,0.0,64.0,NaN,-9.0,0.0,26.0,NaN,0.0,0.0,NaN,NaN,NaN,24.0,-1.0,NaN,0.6,4.0,NaN,NaN,NaN,24.0,0.6,NaN,-0.05714285714285715,3.0,7.32,NaN,0.030000000000000072,4.0,49.0,NaN,-4.2,4.0,NaN,NaN,NaN,24.0,NaN,NaN,NaN,24.0,NaN,NaN,NaN,24.0,NaN,NaN,NaN,24.0,NaN,NaN,NaN,24.0,NaN,NaN,NaN,24.0,NaN,NaN,NaN,24.0,NaN,NaN,NaN,24.0,NaN,NaN,NaN,24.0,1.7,NaN,-0.36,4.0,NaN,NaN,NaN,24.0,NaN,NaN,NaN,24.0,NaN,NaN,NaN,24.0,NaN,NaN,NaN,24.0,NaN,NaN,NaN,24.0,NaN,NaN,NaN,24.0,NaN,NaN,NaN,24.0,NaN,NaN,NaN,24.0,NaN,NaN,NaN,24.0,NaN,NaN,NaN,24.0,NaN,NaN,NaN,24.0,51.0,0.0,1.0,0.0,-22.051111111111112,8.0,0.0,1.0,0.0,0.0,0.0,0.0,0.0,1.0,0.0,0.0,1.0,1.0,1.0,1.0,0.0,0.0,3.0,5.0,5.0,1.0,NaN,NaN,NaN
85.0,NaN,-2.0,0.0,100.0,NaN,0.0,0.0,36.44,NaN,0.0,2.0,80.0,NaN,-4.0,0.0,69.0,NaN,0.0,0.0,66.0,NaN,2.0,0.0,26.0,NaN,0.0,0.0,NaN,NaN,NaN,24.0,-1.0,NaN,0.5,5.0,NaN,NaN,NaN,24.0,0.6,NaN,-0.05,4.0,7.32,NaN,0.02500000000000006,5.0,49.0,NaN,-3.5,5.0,NaN,NaN,NaN,24.0,NaN,NaN,NaN,24.0,NaN,NaN,NaN,24.0,NaN,NaN,NaN,24.0,NaN,NaN,NaN,24.0,NaN,NaN,NaN,24.0,NaN,NaN,NaN,24.0,NaN,NaN,NaN,24.0,NaN,NaN,NaN,24.0,1.7,NaN,-0.3,5.0,NaN,NaN,NaN,24.0,NaN,NaN,NaN,24.0,NaN,NaN,NaN,24.0,NaN,NaN,NaN,24.0,NaN,NaN,NaN,24.0,NaN,NaN,NaN,24.0,NaN,NaN,NaN,24.0,NaN,NaN,NaN,24.0,NaN,NaN,NaN,24.0,NaN,NaN,NaN,24.0,NaN,NaN,NaN,24.0,51.0,0.0,1.0,0.0,-22.051111111111112,9.0,0.0,1.0,0.0,0.0,0.0,0.0,0.0,1.0,0.0,0.0,1.0,1.0,1.0,1.0,0.0,0.0,3.0,5.0,5.0,1.0,NaN,NaN,NaN
