103.0,NaN,NaN,24.0,93.0,NaN,NaN,24.0,NaN,NaN,NaN,24.0,95.0,NaN,NaN,24.0,57.0,NaN,NaN,24.0,46.0,NaN,NaN,24.0,40.0,NaN,NaN,24.0,NaN,NaN,NaN,24.0,NaN,NaN,NaN,24.0,NaN,NaN,NaN,24.0,NaN,NaN,NaN,24.0,NaN,NaN,NaN,24.0,NaN,NaN,NaN,24.0,NaN,NaN,NaN,24.0,NaN,NaN,NaN,24.0,NaN,NaN,NaN,24.0,NaN,NaN,NaN,24.0,NaN,NaN,NaN,24.0,NaN,NaN,NaN,24.0,NaN,NaN,NaN,24.0,NaN,NaN,NaN,24.0,NaN,NaN,NaN,24.0,NaN,NaN,NaN,24.0,NaN,NaN,NaN,24.0,NaN,NaN,NaN,24.0,NaN,NaN,NaN,24.0,NaN,NaN,NaN,24.0,NaN,NaN,NaN,24.0,NaN,NaN,NaN,24.0,NaN,NaN,NaN,24.0,NaN,NaN,NaN,24.0,NaN,NaN,NaN,24.0,NaN,NaN,NaN,24.0,NaN,NaN,NaN,24.0,69.0,0.0,1.0,0.0,-20.547777777777778,1.0,0.0,1.0,1.0,0.0,0.0,0.0,0.0,1.0,0.0,0.0,1.0,0.0,1.0,1.0,0.0,0.0,NaN,6.0,6.0,6.0,NaN,NaN,NaN
85.0,NaN,-18.0,0.0,94.0,NaN,1.0,0.0,NaN,NaN,NaN,24.0,66.0,NaN,-29.0,0.0,44.0,NaN,-13.0,0.0,37.0,NaN,-9.0,0.0,21.0,NaN,-19.0,0.0,NaN,NaN,NaN,24.0,NaN,NaN,NaN,24.0,NaN,NaN,NaN,24.0,NaN,NaN,NaN,24.0,NaN,NaN,NaN,24.0,NaN,NaN,NaN,24.0,NaN,NaN,NaN,24.0,NaN,NaN,NaN,24.0,NaN,NaN,NaN,24.0,NaN,NaN,NaN,24.0,NaN,NaN,NaN,24.0,NaN,NaN,NaN,24.0,NaN,NaN,NaN,24.0,NaN,NaN,NaN,24.0,NaN,NaN,NaN,24.0,NaN,NaN,NaN,24.0,NaN,NaN,NaN,24.0,NaN,NaN,NaN,24.0,NaN,NaN,NaN,24.0,NaN,NaN,NaN,24.0,NaN,NaN,NaN,24.0,NaN,NaN,NaN,24.0,NaN,NaN,NaN,24.0,NaN,NaN,NaN,24.0,NaN,NaN,NaN,24.0,NaN,NaN,NaN,24.0,NaN,NaN,NaN,24.0,69.0,0.0,1.0,0.0,-20.547777777777778,2.0,0.0,1.0,0.0,0.0,0.0,0.0,0.0,1.0,0.0,0.0,1.0,0.0,1.0,1.0,0.0,0.0,NaN,6.0,6.0,6.0,NaN,NaN,NaN
78.0,NaN,-7.0,0.0,93.0,NaN,-1.0,0.0,NaN,NaN,NaN,24.0,116.0,NaN,50.0,0.0,70.0,NaN,26.0,0.0,55.0,NaN,18.0,0.0,22.0,NaN,1.0,0.0,NaN,NaN,NaN,24.0,NaN,NaN,NaN,24.0,25.0,NaN,0.0,0.0,NaN,NaN,NaN,24.0,NaN,NaN,NaN,24.0,NaN,NaN,NaN,24.0,NaN,NaN,NaN,24.0,NaN,NaN,NaN,24.0,17.0,NaN,0.0,0.0,NaN,NaN,NaN,24.0,7.9,NaN,0.0,0.0,108.0,NaN,0.0,0.0,0.9,NaN,0.0,0.0,NaN,NaN,NaN,24.0,147.0,NaN,0.0,0.0,1.4,NaN,0.0,0.0,2.1,NaN,0.0,0.0,3.0,NaN,0.0,0.0,3.8,NaN,0.0,0.0,NaN,NaN,NaN,24.0,NaN,NaN,NaN,24.0,31.5,NaN,0.0,0.0,10.6,NaN,0.0,0.0,NaN,NaN,NaN,24.0,4.4,NaN,0.0,0.0,NaN,NaN,NaN,24.0,400.0,NaN,0.0,0.0,69.0,0.0,1.0,0.0,-20.547777777777778,3.0,0.0,1.0,0.0,0.0,0.0,0.0,0.0,0.0,0.0,0.0,1.0,1.0,1.0,1.0,0.0,0.0,NaN,6.0,6.0,6.0,NaN,NaN,NaN
68.0,NaN,-10.0,0.0,100.0,NaN,7.0,0.0,35.61,NaN,0.0,0.0,98.0,NaN,-18.0,0.0,64.0,NaN,-6.0,0.0,55.0,NaN,0.0,0.0,19.0,NaN,-3.0,0.0,NaN,NaN,NaN,24.0,NaN,NaN,NaN,24.0,25.0,NaN,0.0,1.0,NaN,NaN,NaN,24.0,NaN,NaN,NaN,24.0,NaN,NaN,NaN,24.0,NaN,NaN,NaN,24.0,NaN,NaN,NaN,24.0,17.0,NaN,0.0,1.0,NaN,NaN,NaN,24.0,7.9,NaN,0.0,1.0,108.0,NaN,0.0,1.0,0.9,NaN,0.0,1.0,NaN,NaN,NaN,24.0,147.0,NaN,0.0,1.0,1.4,NaN,0.0,1.0,2.1,NaN,0.0,1.0,3.0,NaN,0.0,1.0,3.8,NaN,0.0,1.0,NaN,NaN,NaN,24.0,NaN,NaN,NaN,24.0,31.5,NaN,0.0,1.0,10.6,NaN,0.0,1.0,NaN,NaN,NaN,24.0,4.4,NaN,0.0,1.0,NaN,NaN,NaN,24.0,400.0,NaN,0.0,1.0,69.0,0.0,1.0,0.0,-20.547777777777778,4.0,1.0,0.0,0.0,0.0,0.0,0.0,0.0,1.0,0.0,0.0,1.0,1.0,1.0,1.0,0.0,0.0,NaN,6.0,6.0,6.0,NaN,NaN,NaN
86.0,NaN,18.0,0.0,95.0,NaN,-5.0,0.0,35.61,NaN,0.0,1.0,135.0,NaN,37.0,0.0,83.0,NaN,19.0,0.0,65.0,NaN,10.0,0.0,31.0,NaN,12.0,0.0,NaN,NaN,NaN,24.0,NaN,NaN,NaN,24.0,25.0,NaN,0.0,2.0,NaN,NaN,NaN,24.0,NaN,NaN,NaN,24.0,NaN,NaN,NaN,24.0,NaN,NaN,NaN,24.0,NaN,NaN,NaN,24.0,17.0,NaN,0.0,2.0,NaN,NaN,NaN,24.0,7.9,NaN,0.0,2.0,108.0,NaN,0.0,2.0,0.9,NaN,0.0,2.0,NaN,NaN,NaN,24.0,147.0,NaN,0.0,2.0,1.4,NaN,0.0,2.0,2.1,NaN,0.0,2.0,3.0,NaN,0.0,2.0,3.8,NaN,0.0,2.0,NaN,NaN,NaN,24.0,NaN,NaN,NaN,24.0,31.5,NaN,0.0,2.0,10.6,NaN,0.0,2.0,NaN,NaN,NaN,24.0,4.4,NaN,0.0,2.0,NaN,NaN,NaN,24.0,400.0,NaN,0.0,2.0,69.0,0.0,1.0,0.0,-20.547777777777778,5.0,1.0,1.0,0.0,0.0,0.0,0.0,0.0,0.0,0.0,0.0,1.0,1.0,1.0,1.0,0.0,0.0,NaN,6.0,6.0,6.0,NaN,NaN,NaN
72.0,NaN,-14.0,0.0,99.0,NaN,4.0,0.0,35.61,NaN,0.0,2.0,98.0,NaN,-37.0,0.0,64.0,NaN,-19.0,0.0,53.0,NaN,-12.0,0.0,19.0,NaN,-12.0,0.0,NaN,NaN,NaN,24.0,NaN,NaN,NaN,24.0,25.0,NaN,0.0,3.0,NaN,NaN,NaN,24.0,NaN,NaN,NaN,24.0,NaN,NaN,NaN,24.0,NaN,NaN,NaN,24.0,NaN,NaN,NaN,24.0,17.0,NaN,0.0,3.0,NaN,NaN,NaN,24.0,7.9,NaN,0.0,3.0,108.0,NaN,0.0,3.0,0.9,NaN,0.0,3.0,NaN,NaN,NaN,24.0,147.0,NaN,0.0,3.0,1.4,NaN,0.0,3.0,2.1,NaN,0.0,3.0,3.0,NaN,0.0,3.0,3.8,NaN,0.0,3.0,NaN,NaN,NaN,24.0,NaN,NaN,NaN,24.0,31.5,NaN,0.0,3.0,10.6,NaN,0.0,3.0,NaN,NaN,NaN,24.0,4.4,NaN,0.0,3.0,NaN,NaN,NaN,24.0,400.0,NaN,0.0,3.0,69.0,0.0,1.0,0.0,-20.547777777777778,6.0,1.0,0.0,0.0,0.0,0.0,0.0,0.0,1.0,0.0,0.0,1.0,1.0,1.0,1.0,0.0,0.0,NaN,6.0,6.0,6.0,NaN,NaN,NaN
66.0,NaN,-6.0,0.0,99.0,NaN,0.0,0.0,35.61,NaN,0.0,3.0,101.0,NaN,3.0,0.0,61.0,NaN,-3.0,0.0,51.0,NaN,-2.0,0.0,21.0,NaN,2.0,0.0,NaN,NaN,NaN,24.0,NaN,NaN,NaN,24.0,25.0,NaN,0.0,4.0,NaN,NaN,NaN,24.0,NaN,NaN,NaN,24.0,NaN,NaN,NaN,24.0,NaN,NaN,NaN,24.0,NaN,NaN,NaN,24.0,17.0,NaN,0.0,4.0,NaN,NaN,NaN,24.0,7.9,NaN,0.0,4.0,108.0,NaN,0.0,4.0,0.9,NaN,0.0,4.0,NaN,NaN,NaN,24.0,147.0,NaN,0.0,4.0,1.4,NaN,0.0,4.0,2.1,NaN,0.0,4.0,3.0,NaN,0.0,4.0,3.8,NaN,0.0,4.0,NaN,NaN,NaN,24.0,NaN,NaN,NaN,24.0,31.5,NaN,0.0,4.0,10.6,NaN,0.0,4.0,NaN,NaN,NaN,24.0,4.4,NaN,0.0,4.0,NaN,NaN,NaN,24.0,400.0,NaN,0.0,4.0,69.0,0.0,1.0,0.0,-20.547777777777778,7.0,1.0,1.0,0.0,0.0,0.0,0.0,0.0,1.0,0.0,0.0,1.0,1.0,1.0,1.0,0.0,0.0,NaN,6.0,6.0,6.0,NaN,NaN,NaN
81.0,NaN,15.0,0.0,96.0,NaN,-3.0,0.0,36.11,NaN,0.125,0.0,127.0,NaN,26.0,0.0,78.0,NaN,17.0,0.0,62.0,NaN,11.0,0.0,29.0,NaN,8.0,0.0,NaN,NaN,NaN,24.0,NaN,NaN,NaN,24.0,25.0,NaN,0.0,5.0,NaN,NaN,NaN,24.0,NaN,NaN,NaN,24.0,NaN,NaN,NaN,24.0,NaN,NaN,NaN,24.0,NaN,NaN,NaN,24.0,17.0,NaN,0.0,5.0,NaN,NaN,NaN,24.0,7.9,NaN,0.0,5.0,108.0,NaN,0.0,5.0,0.9,NaN,0.0,5.0,NaN,NaN,NaN,24.0,147.0,NaN,0.0,5.0,1.4,NaN,0.0,5.0,2.1,NaN,0.0,5.0,3.0,NaN,0.0,5.0,3.8,NaN,0.0,5.0,NaN,NaN,NaN,24.0,NaN,NaN,NaN,24.0,31.5,NaN,0.0,5.0,10.6,NaN,0.0,5.0,NaN,NaN,NaN,24.0,4.4,NaN,0.0,5.0,NaN,NaN,NaN,24.0,400.0,NaN,0.0,5.0,69.0,0.0,1.0,0.0,-20.547777777777778,8.0,0.0,1.0,0.0,0.0,0.0,0.0,0.0,0.0,0.0,0.0,1.0,1.0,1.0,1.0,0.0,0.0,NaN,6.0,6.0,6.0,NaN,NaN,NaN
81.0,NaN,0.0,0.0,98.0,NaN,2.0,0.0,36.11,NaN,0.1,1.0,127.0,NaN,0.0,0.0,80.0,NaN,2.0,0.0,68.0,NaN,6.0,0.0,28.0,NaN,-1.0,0.0,NaN,NaN,NaN,24.0,NaN,NaN,NaN,24.0,25.0,NaN,0.0,6.0,NaN,NaN,NaN,24.0,NaN,NaN,NaN,24.0,NaN,NaN,NaN,24.0,NaN,NaN,NaN,24.0,NaN,NaN,NaN,24.0,17.0,NaN,0.0,6.0,NaN,NaN,NaN,24.0,7.9,NaN,0.0,6.0,108.0,NaN,0.0,6.0,0.9,NaN,0.0,6.0,NaN,NaN,NaN,24.0,147.0,NaN,0.0,6.0,1.4,NaN,0.0,6.0,2.1,NaN,0.0,6.0,3.0,NaN,0.0,6.0,3.8,NaN,0.0,6.0,NaN,NaN,NaN,24.0,0.01,NaN,0.0,0.0,31.5,NaN,0.0,6.0,10.6,NaN,0.0,6.0,NaN,NaN,NaN,24.0,4.4,NaN,0.0,6.0,NaN,NaN,NaN,24.0,400.0,NaN,0.0,6.0,69.0,0.0,1.0,0.0,-20.547777777777778,9.0,0.0,1.0,0.0,0.0,0.0,0.0,0.0,0.0,0.0,0.0,1.0,1.0,1.0,1.0,0.0,0.0,NaN,6.0,6.0,6.0,NaN,NaN,NaN
87.0,NaN,6.0,0.0,94.0,NaN,-4.0,0.0,36.11,NaN,0.08333333333333333,2.0,123.0,NaN,-4.0,0.0,83.0,NaN,3.0,0.0,68.0,NaN,0.0,0.0,21.0,NaN,-7.0,0.0,NaN,NaN,NaN,24.0,NaN,NaN,NaN,24.0,25.0,NaN,0.0,7.0,NaN,NaN,NaN,24.0,NaN,NaN,NaN,24.0,NaN,NaN,NaN,24.0,NaN,NaN,NaN,24.0,NaN,NaN,NaN,24.0,17.0,NaN,0.0,7.0,NaN,NaN,NaN,24.0,7.9,NaN,0.0,7.0,108.0,NaN,0.0,7.0,0.9,NaN,0.0,7.0,NaN,NaN,NaN,24.0,147.0,NaN,0.0,7.0,1.4,NaN,0.0,7.0,2.1,NaN,0.0,7.0,3.0,NaN,0.0,7.0,3.8,NaN,0.0,7.0,NaN,NaN,NaN,24.0,0.01,NaN,0.0,1.0,31.5,NaN,0.0,7.0,10.6,NaN,0.0,7.0,NaN,NaN,NaN,24.0,4.4,NaN,0.0,7.0,NaN,NaN,NaN,24.0,400.0,NaN,0.0,7.0,69.0,0.0,1.0,0.0,-20.547777777777778,10.0,0.0,1.0,0.0,0.0,0.0,0.0,0.0,0.0,0.0,0.0,1.0,1.0,1.0,1.0,0.0,0.0,NaN,6.0,6.0,6.0,NaN,NaN,NaN
