81.0,NaN,NaN,24.0,NaN,NaN,NaN,24.0,36.06,NaN,NaN,24.0,NaN,NaN,NaN,24.0,NaN,NaN,NaN,24.0,NaN,NaN,NaN,24.0,19.0,NaN,NaN,24.0,NaN,NaN,NaN,24.0,NaN,NaN,NaN,24.0,NaN,NaN,NaN,24.0,NaN,NaN,NaN,24.0,NaN,NaN,NaN,24.0,NaN,NaN,NaN,24.0,NaN,NaN,NaN,24.0,NaN,NaN,NaN,24.0,NaN,NaN,NaN,24.0,NaN,NaN,NaN,24.0,NaN,NaN,NaN,24.0,NaN,NaN,NaN,24.0,NaN,NaN,NaN,24.0,NaN,NaN,NaN,24.0,NaN,NaN,NaN,24.0,NaN,NaN,NaN,24.0,NaN,NaN,NaN,24.0,NaN,NaN,NaN,24.0,NaN,NaN,NaN,24.0,NaN,NaN,NaN,24.0,NaN,NaN,NaN,24.0,NaN,NaN,NaN,24.0,NaN,NaN,NaN,24.0,NaN,NaN,NaN,24.0,NaN,NaN,NaN,24.0,NaN,NaN,NaN,24.0,NaN,NaN,NaN,24.0,68.0,0.0,1.0,0.0,-5.933333333333334,1.0,0.0,0.0,0.0,0.0,0.0,0.0,0.0,0.0,0.0,0.0,1.0,0.0,1.0,1.0,0.0,0.0,NaN,7.0,7.0,7.0,NaN,NaN,NaN
89.0,NaN,8.0,0.0,96.0,NaN,0.0,0.0,36.06,NaN,0.0,1.0,116.0,NaN,0.0,0.0,85.0,NaN,0.0,0.0,75.0,NaN,0.0,0.0,25.0,NaN,6.0,0.0,NaN,NaN,NaN,24.0,NaN,NaN,NaN,24.0,NaN,NaN,NaN,24.0,NaN,NaN,NaN,24.0,NaN,NaN,NaN,24.0,NaN,NaN,NaN,24.0,NaN,NaN,NaN,24.0,NaN,NaN,NaN,24.0,NaN,NaN,NaN,24.0,NaN,NaN,NaN,24.0,NaN,NaN,NaN,24.0,NaN,NaN,NaN,24.0,NaN,NaN,NaN,24.0,NaN,NaN,NaN,24.0,NaN,NaN,NaN,24.0,NaN,NaN,NaN,24.0,NaN,NaN,NaN,24.0,NaN,NaN,NaN,24.0,NaN,NaN,NaN,24.0,NaN,NaN,NaN,24.0,NaN,NaN,NaN,24.0,NaN,NaN,NaN,24.0,NaN,NaN,NaN,24.0,NaN,NaN,NaN,24.0,NaN,NaN,NaN,24.0,NaN,NaN,NaN,24.0,NaN,NaN,NaN,24.0,68.0,0.0,1.0,0.0,-5.933333333333334,2.0,0.0,1.0,0.0,0.0,0.0,0.0,0.0,0.0,0.0,0.0,1.0,0.0,1.0,1.0,0.0,0.0,NaN,7.0,7.0,7.0,NaN,NaN,NaN
74.0,NaN,-15.0,0.0,100.0,NaN,4.0,0.0,36.06,NaN,0.0,2.0,116.0,NaN,0.0,0.0,68.0,NaN,-17.0,0.0,51.0,NaN,-24.0,0.0,23.0,NaN,-2.0,0.0,NaN,NaN,NaN,24.0,NaN,NaN,NaN,24.0,NaN,NaN,NaN,24.0,NaN,NaN,NaN,24.0,NaN,NaN,NaN,24.0,NaN,NaN,NaN,24.0,NaN,NaN,NaN,24.0,NaN,NaN,NaN,24.0,NaN,NaN,NaN,24.0,NaN,NaN,NaN,24.0,NaN,NaN,NaN,24.0,NaN,NaN,NaN,24.0,NaN,NaN,NaN,24.0,NaN,NaN,NaN,24.0,NaN,NaN,NaN,24.0,NaN,NaN,NaN,24.0,NaN,NaN,NaN,24.0,NaN,NaN,NaN,24.0,NaN,NaN,NaN,24.0,NaN,NaN,NaN,24.0,NaN,NaN,NaN,24.0,NaN,NaN,NaN,24.0,NaN,NaN,NaN,24.0,NaN,NaN,NaN,24.0,NaN,NaN,NaN,24.0,NaN,NaN,NaN,24.0,NaN,NaN,NaN,24.0,68.0,0.0,1.0,0.0,-5.933333333333334,3.0,0.0,1.0,0.0,0.0,0.0,0.0,0.0,0.0,0.0,0.0,1.0,0.0,1.0,1.0,0.0,0.0,NaN,7.0,7.0,7.0,NaN,NaN,NaN
91.0,NaN,17.0,0.0,91.0,NaN,-9.0,0.0,36.06,NaN,0.0,3.0,86.0,NaN,-30.0,0.0,77.0,NaN,9.0,0.0,74.0,NaN,23.0,0.0,20.0,NaN,-3.0,0.0,NaN,NaN,NaN,24.0,NaN,NaN,NaN,24.0,NaN,NaN,NaN,24.0,NaN,NaN,NaN,24.0,NaN,NaN,NaN,24.0,NaN,NaN,NaN,24.0,NaN,NaN,NaN,24.0,NaN,NaN,NaN,24.0,NaN,NaN,NaN,24.0,NaN,NaN,NaN,24.0,NaN,NaN,NaN,24.0,NaN,NaN,NaN,24.0,NaN,NaN,NaN,24.0,NaN,NaN,NaN,24.0,NaN,NaN,NaN,24.0,NaN,NaN,NaN,24.0,NaN,NaN,NaN,24.0,NaN,NaN,NaN,24.0,NaN,NaN,NaN,24.0,NaN,NaN,NaN,24.0,NaN,NaN,NaN,24.0,NaN,NaN,NaN,24.0,NaN,NaN,NaN,24.0,NaN,NaN,NaN,24.0,NaN,NaN,NaN,24.0,NaN,NaN,NaN,24.0,NaN,NaN,NaN,24.0,68.0,0.0,1.0,0.0,-5.933333333333334,4.0,0.0,0.0,1.0,0.0,0.0,0.0,0.0,1.0,0.0,0.0,1.0,1.0,1.0,1.0,0.0,0.0,NaN,7.0,7.0,7.0,NaN,NaN,NaN
78.0,NaN,-13.0,0.0,100.0,NaN,9.0,0.0,36.61,NaN,0.1374999999999993,0.0,174.0,NaN,88.0,0.0,113.0,NaN,36.0,0.0,93.0,NaN,19.0,0.0,26.0,NaN,6.0,0.0,NaN,NaN,NaN,24.0,NaN,NaN,NaN,24.0,NaN,NaN,NaN,24.0,NaN,NaN,NaN,24.0,NaN,NaN,NaN,24.0,NaN,NaN,NaN,24.0,NaN,NaN,NaN,24.0,NaN,NaN,NaN,24.0,NaN,NaN,NaN,24.0,NaN,NaN,NaN,24.0,NaN,NaN,NaN,24.0,NaN,NaN,NaN,24.0,NaN,NaN,NaN,24.0,NaN,NaN,NaN,24.0,NaN,NaN,NaN,24.0,NaN,NaN,NaN,24.0,NaN,NaN,NaN,24.0,NaN,NaN,NaN,24.0,NaN,NaN,NaN,24.0,NaN,NaN,NaN,24.0,NaN,NaN,NaN,24.0,NaN,NaN,NaN,24.0,NaN,NaN,NaN,24.0,NaN,NaN,NaN,24.0,NaN,NaN,NaN,24.0,NaN,NaN,NaN,24.0,NaN,NaN,NaN,24.0,68.0,0.0,1.0,0.0,-5.933333333333334,5.0,0.0,1.0,0.0,0.0,0.0,0.0,0.0,0.0,0.0,0.0,1.0,1.0,1.0,1.0,0.0,0.0,NaN,7.0,7.0,7.0,NaN,NaN,NaN
82.5,NaN,4.5,0.0,100.0,NaN,0.0,0.0,36.61,NaN,0.10999999999999943,1.0,136.75,NaN,-37.25,0.0,79.0,NaN,-34.0,0.0,63.0,NaN,-30.0,0.0,21.375,NaN,-4.625,0.0,NaN,NaN,NaN,24.0,NaN,NaN,NaN,24.0,23.0,NaN,0.0,0.0,0.5,NaN,0.0,0.0,NaN,NaN,NaN,24.0,NaN,NaN,NaN,24.0,NaN,NaN,NaN,24.0,NaN,NaN,NaN,24.0,121.0,NaN,0.0,0.0,NaN,NaN,NaN,24.0,8.5,NaN,0.0,0.0,107.0,NaN,0.0,0.0,1.9,NaN,0.0,0.0,NaN,NaN,NaN,24.0,196.0,NaN,0.0,0.0,NaN,NaN,NaN,24.0,2.2,NaN,0.0,0.0,3.9,NaN,0.0,0.0,4.9,NaN,0.0,0.0,NaN,NaN,NaN,24.0,0.01,NaN,0.0,0.0,29.0,NaN,0.0,0.0,9.6,NaN,0.0,0.0,25.8,NaN,0.0,0.0,21.7,NaN,0.0,0.0,NaN,NaN,NaN,24.0,254.0,NaN,0.0,0.0,68.0,0.0,1.0,0.0,-5.933333333333334,6.0,0.0,1.0,0.0,1.0,2.0,0.0,0.0,0.0,0.0,1.0,0.0,1.0,1.0,1.0,0.0,0.0,NaN,7.0,7.0,7.0,NaN,NaN,NaN
78.6666666666667,NaN,-3.8333333333333,0.0,99.6666666666667,NaN,-0.3333333333333002,0.0,36.61,NaN,0.09166666666666619,2.0,107.333333333333,NaN,-29.416666666667,0.0,65.6666666666667,NaN,-13.3333333333333,0.0,52.3333333333333,NaN,-10.6666666666667,0.0,17.3333333333333,NaN,-4.0416666666667,0.0,NaN,NaN,NaN,24.0,NaN,NaN,NaN,24.0,23.0,NaN,0.0,1.0,0.5,NaN,0.0,1.0,NaN,NaN,NaN,24.0,NaN,NaN,NaN,24.0,NaN,NaN,NaN,24.0,NaN,NaN,NaN,24.0,121.0,NaN,0.0,1.0,NaN,NaN,NaN,24.0,8.5,NaN,0.0,1.0,107.0,NaN,0.0,1.0,1.9,NaN,0.0,1.0,NaN,NaN,NaN,24.0,196.0,NaN,0.0,1.0,NaN,NaN,NaN,24.0,2.2,NaN,0.0,1.0,3.9,NaN,0.0,1.0,4.9,NaN,0.0,1.0,NaN,NaN,NaN,24.0,0.01,NaN,0.0,1.0,29.0,NaN,0.0,1.0,9.6,NaN,0.0,1.0,25.8,NaN,0.0,1.0,21.7,NaN,0.0,1.0,NaN,NaN,NaN,24.0,254.0,NaN,0.0,1.0,68.0,0.0,1.0,0.0,-5.933333333333334,7.0,0.0,0.0,0.0,1.0,0.0,0.0,0.0,0.0,0.0,0.0,1.0,1.0,1.0,1.0,0.0,0.0,NaN,7.0,7.0,7.0,NaN,NaN,NaN
80.0,NaN,1.3333333333333002,0.0,100.0,NaN,0.3333333333333002,0.0,36.61,NaN,0.07857142857142817,3.0,118.0,NaN,10.666666666666998,0.0,104.0,NaN,38.3333333333333,0.0,100.0,NaN,47.6666666666667,0.0,22.0,NaN,4.6666666666667,0.0,NaN,NaN,NaN,24.0,NaN,NaN,NaN,24.0,23.0,NaN,0.0,2.0,0.5,NaN,0.0,2.0,NaN,NaN,NaN,24.0,NaN,NaN,NaN,24.0,NaN,NaN,NaN,24.0,NaN,NaN,NaN,24.0,121.0,NaN,0.0,2.0,NaN,NaN,NaN,24.0,8.5,NaN,0.0,2.0,107.0,NaN,0.0,2.0,1.9,NaN,0.0,2.0,NaN,NaN,NaN,24.0,196.0,NaN,0.0,2.0,NaN,NaN,NaN,24.0,2.2,NaN,0.0,2.0,3.9,NaN,0.0,2.0,4.9,NaN,0.0,2.0,NaN,NaN,NaN,24.0,0.01,NaN,0.0,2.0,29.0,NaN,0.0,2.0,9.6,NaN,0.0,2.0,25.8,NaN,0.0,2.0,21.7,NaN,0.0,2.0,NaN,NaN,NaN,24.0,254.0,NaN,0.0,2.0,68.0,0.0,1.0,0.0,-5.933333333333334,8.0,0.0,1.0,0.0,1.0,0.0,0.0,0.0,0.0,0.0,0.0,1.0,1.0,1.0,1.0,0.0,0.0,NaN,7.0,7.0,7.0,NaN,NaN,NaN
73.0,NaN,-7.0,0.0,100.0,NaN,0.0,0.0,36.61,NaN,0.06874999999999964,4.0,130.0,NaN,12.0,0.0,70.0,NaN,-34.0,0.0,50.0,NaN,-50.0,0.0,18.0,NaN,-4.0,0.0,NaN,NaN,NaN,24.0,NaN,NaN,NaN,24.0,23.0,NaN,0.0,3.0,0.5,NaN,0.0,3.0,NaN,NaN,NaN,24.0,NaN,NaN,NaN,24.0,NaN,NaN,NaN,24.0,NaN,NaN,NaN,24.0,121.0,NaN,0.0,3.0,NaN,NaN,NaN,24.0,8.5,NaN,0.0,3.0,107.0,NaN,0.0,3.0,1.9,NaN,0.0,3.0,NaN,NaN,NaN,24.0,196.0,NaN,0.0,3.0,NaN,NaN,NaN,24.0,2.2,NaN,0.0,3.0,3.9,NaN,0.0,3.0,4.9,NaN,0.0,3.0,NaN,NaN,NaN,24.0,0.01,NaN,0.0,3.0,29.0,NaN,0.0,3.0,9.6,NaN,0.0,3.0,25.8,NaN,0.0,3.0,21.7,NaN,0.0,3.0,NaN,NaN,NaN,24.0,254.0,NaN,0.0,3.0,68.0,0.0,1.0,0.0,-5.933333333333334,9.0,0.0,0.0,0.0,1.0,0.0,0.0,0.0,0.0,0.0,0.0,1.0,1.0,1.0,1.0,0.0,0.0,NaN,7.0,7.0,7.0,NaN,NaN,NaN
78.0,NaN,5.0,0.0,100.0,NaN,0.0,0.0,37.33,NaN,0.14399999999999977,0.0,116.0,NaN,-14.0,0.0,66.0,NaN,-4.0,0.0,49.0,NaN,-1.0,0.0,14.0,NaN,-4.0,0.0,NaN,NaN,NaN,24.0,NaN,NaN,NaN,24.0,23.0,NaN,0.0,4.0,0.5,NaN,0.0,4.0,NaN,NaN,NaN,24.0,NaN,NaN,NaN,24.0,NaN,NaN,NaN,24.0,NaN,NaN,NaN,24.0,121.0,NaN,0.0,4.0,NaN,NaN,NaN,24.0,8.5,NaN,0.0,4.0,107.0,NaN,0.0,4.0,1.9,NaN,0.0,4.0,NaN,NaN,NaN,24.0,196.0,NaN,0.0,4.0,NaN,NaN,NaN,24.0,2.2,NaN,0.0,4.0,3.9,NaN,0.0,4.0,4.9,NaN,0.0,4.0,NaN,NaN,NaN,24.0,0.01,NaN,0.0,4.0,29.0,NaN,0.0,4.0,9.6,NaN,0.0,4.0,25.8,NaN,0.0,4.0,21.7,NaN,0.0,4.0,NaN,NaN,NaN,24.0,254.0,NaN,0.0,4.0,68.0,0.0,1.0,0.0,-5.933333333333334,10.0,0.0,0.0,0.0,1.0,0.0,0.0,0.0,0.0,0.0,0.0,1.0,1.0,1.0,1.0,0.0,0.0,NaN,7.0,7.0,7.0,NaN,NaN,NaN
77.0,NaN,-1.0,0.0,100.0,NaN,0.0,0.0,37.33,NaN,0.11999999999999982,1.0,123.0,NaN,7.0,0.0,57.0,NaN,-9.0,0.0,41.0,NaN,-8.0,0.0,16.0,NaN,2.0,0.0,NaN,NaN,NaN,24.0,NaN,NaN,NaN,24.0,23.0,NaN,0.0,5.0,0.5,NaN,0.0,0.0,NaN,NaN,NaN,24.0,NaN,NaN,NaN,24.0,NaN,NaN,NaN,24.0,NaN,NaN,NaN,24.0,121.0,NaN,0.0,5.0,NaN,NaN,NaN,24.0,8.5,NaN,0.0,5.0,107.0,NaN,0.0,5.0,1.9,NaN,0.0,5.0,NaN,NaN,NaN,24.0,196.0,NaN,0.0,5.0,NaN,NaN,NaN,24.0,2.2,NaN,0.0,5.0,3.9,NaN,0.0,5.0,4.9,NaN,0.0,5.0,NaN,NaN,NaN,24.0,0.06,NaN,0.009999999999999998,0.0,24.9,NaN,-0.8200000000000003,0.0,8.3,NaN,-0.2599999999999998,0.0,25.8,NaN,0.0,5.0,13.2,NaN,-1.7,0.0,NaN,NaN,NaN,24.0,205.0,NaN,-9.8,0.0,68.0,0.0,1.0,0.0,-5.933333333333334,11.0,0.0,0.0,0.0,1.0,2.0,0.0,0.0,1.0,0.0,0.0,1.0,1.0,1.0,1.0,0.0,0.0,NaN,7.0,7.0,7.0,NaN,NaN,NaN
