144.0,NaN,NaN,24.0,93.0,NaN,NaN,24.0,NaN,NaN,NaN,24.0,123.0,NaN,NaN,24.0,73.5,NaN,NaN,24.0,60.5,NaN,NaN,24.0,32.6666666666667,NaN,NaN,24.0,NaN,NaN,NaN,24.0,NaN,NaN,NaN,24.0,NaN,NaN,NaN,24.0,0.5,NaN,NaN,24.0,NaN,NaN,NaN,24.0,NaN,NaN,NaN,24.0,NaN,NaN,NaN,24.0,NaN,NaN,NaN,24.0,NaN,NaN,NaN,24.0,NaN,NaN,NaN,24.0,NaN,NaN,NaN,24.0,NaN,NaN,NaN,24.0,NaN,NaN,NaN,24.0,NaN,NaN,NaN,24.0,NaN,NaN,NaN,24.0,NaN,NaN,NaN,24.0,NaN,NaN,NaN,24.0,NaN,NaN,NaN,24.0,NaN,NaN,NaN,24.0,NaN,NaN,NaN,24.0,NaN,NaN,NaN,24.0,NaN,NaN,NaN,24.0,NaN,NaN,NaN,24.0,NaN,NaN,NaN,24.0,NaN,NaN,NaN,24.0,NaN,NaN,NaN,24.0,NaN,NaN,NaN,24.0,61.0,1.0,0.0,1.0,-3.183333333333333,1.0,0.0,1.0,1.0,0.0,2.0,0.0,0.0,0.0,0.0,0.0,0.0,0.0,1.0,1.0,0.0,0.0,NaN,7.0,7.0,7.0,NaN,NaN,NaN
133.0,NaN,-11.0,0.0,96.0,NaN,3.0,0.0,NaN,NaN,NaN,24.0,113.0,NaN,-10.0,0.0,73.5,NaN,0.0,0.0,64.0,NaN,3.5,0.0,20.3333333333333,NaN,-12.3333333333334,0.0,NaN,NaN,NaN,24.0,NaN,NaN,NaN,24.0,NaN,NaN,NaN,24.0,0.5,NaN,0.0,1.0,NaN,NaN,NaN,24.0,NaN,NaN,NaN,24.0,NaN,NaN,NaN,24.0,NaN,NaN,NaN,24.0,NaN,NaN,NaN,24.0,NaN,NaN,NaN,24.0,NaN,NaN,NaN,24.0,NaN,NaN,NaN,24.0,NaN,NaN,NaN,24.0,NaN,NaN,NaN,24.0,NaN,NaN,NaN,24.0,NaN,NaN,NaN,24.0,NaN,NaN,NaN,24.0,NaN,NaN,NaN,24.0,NaN,NaN,NaN,24.0,NaN,NaN,NaN,24.0,NaN,NaN,NaN,24.0,NaN,NaN,NaN,24.0,NaN,NaN,NaN,24.0,NaN,NaN,NaN,24.0,NaN,NaN,NaN,24.0,NaN,NaN,NaN,24.0,NaN,NaN,NaN,24.0,61.0,1.0,0.0,1.0,-3.183333333333333,2.0,0.0,1.0,1.0,0.0,0.0,0.0,0.0,0.0,0.0,0.0,1.0,0.0,1.0,1.0,0.0,0.0,NaN,7.0,7.0,7.0,NaN,NaN,NaN
126.0,NaN,-7.0,0.0,94.0,NaN,-2.0,0.0,NaN,NaN,NaN,24.0,113.0,NaN,-5.0,1.0,73.5,NaN,0.0,1.0,64.0,NaN,1.75,1.0,17.0,NaN,-3.3333333333333,0.0,NaN,NaN,NaN,24.0,-10.0,NaN,0.0,0.0,16.0,NaN,0.0,0.0,0.5,NaN,0.0,2.0,7.23,NaN,0.0,0.0,39.0,NaN,0.0,0.0,NaN,NaN,NaN,24.0,NaN,NaN,NaN,24.0,18.0,NaN,0.0,0.0,NaN,NaN,NaN,24.0,7.3,NaN,0.0,0.0,113.0,NaN,0.0,0.0,1.4,NaN,0.0,0.0,NaN,NaN,NaN,24.0,168.0,NaN,0.0,0.0,6.6,NaN,0.0,0.0,1.6,NaN,0.0,0.0,2.9,NaN,0.0,0.0,4.4,NaN,0.0,0.0,NaN,NaN,NaN,24.0,NaN,NaN,NaN,24.0,NaN,NaN,NaN,24.0,NaN,NaN,NaN,24.0,NaN,NaN,NaN,24.0,NaN,NaN,NaN,24.0,NaN,NaN,NaN,24.0,NaN,NaN,NaN,24.0,61.0,1.0,0.0,1.0,-3.183333333333333,3.0,0.0,0.0,1.0,0.0,0.0,0.0,0.0,0.0,1.0,1.0,1.0,0.0,1.0,1.0,0.0,0.0,NaN,7.0,7.0,7.0,NaN,NaN,NaN
127.0,NaN,1.0,0.0,92.0,NaN,-2.0,0.0,NaN,NaN,NaN,24.0,112.0,NaN,-0.5,0.0,82.0,NaN,4.25,0.0,75.0,NaN,5.5,0.0,24.0,NaN,7.0,0.0,NaN,NaN,NaN,24.0,-8.0,NaN,2.0,0.0,16.0,NaN,0.0,1.0,0.3,NaN,-0.06666666666666667,0.0,7.31,NaN,0.07999999999999918,0.0,34.0,NaN,-5.0,0.0,NaN,NaN,NaN,24.0,NaN,NaN,NaN,24.0,18.0,NaN,0.0,1.0,NaN,NaN,NaN,24.0,7.3,NaN,0.0,1.0,113.0,NaN,0.0,1.0,1.4,NaN,0.0,1.0,NaN,NaN,NaN,24.0,168.0,NaN,0.0,1.0,6.1,NaN,-0.5,0.0,1.6,NaN,0.0,1.0,2.9,NaN,0.0,1.0,4.4,NaN,0.0,1.0,NaN,NaN,NaN,24.0,NaN,NaN,NaN,24.0,NaN,NaN,NaN,24.0,NaN,NaN,NaN,24.0,NaN,NaN,NaN,24.0,NaN,NaN,NaN,24.0,NaN,NaN,NaN,24.0,NaN,NaN,NaN,24.0,61.0,1.0,0.0,1.0,-3.183333333333333,4.0,0.0,1.0,1.0,0.0,0.0,0.0,0.0,0.0,1.0,0.0,1.0,1.0,1.0,1.0,0.0,0.0,NaN,7.0,7.0,7.0,NaN,NaN,NaN
118.0,NaN,-9.0,0.0,94.0,NaN,2.0,0.0,NaN,NaN,NaN,24.0,102.0,NaN,-10.0,0.0,72.0,NaN,-10.0,0.0,61.0,NaN,-14.0,0.0,33.0,NaN,9.0,0.0,NaN,NaN,NaN,24.0,-8.0,NaN,1.0,1.0,16.0,NaN,0.0,2.0,0.3,NaN,-0.05,1.0,7.31,NaN,0.03999999999999959,1.0,34.0,NaN,-2.5,1.0,NaN,NaN,NaN,24.0,NaN,NaN,NaN,24.0,18.0,NaN,0.0,2.0,NaN,NaN,NaN,24.0,7.3,NaN,0.0,2.0,113.0,NaN,0.0,2.0,1.4,NaN,0.0,2.0,NaN,NaN,NaN,24.0,168.0,NaN,0.0,2.0,6.1,NaN,-0.25,1.0,1.6,NaN,0.0,2.0,2.9,NaN,0.0,2.0,4.4,NaN,0.0,2.0,NaN,NaN,NaN,24.0,NaN,NaN,NaN,24.0,NaN,NaN,NaN,24.0,NaN,NaN,NaN,24.0,NaN,NaN,NaN,24.0,NaN,NaN,NaN,24.0,NaN,NaN,NaN,24.0,NaN,NaN,NaN,24.0,61.0,1.0,0.0,1.0,-3.183333333333333,5.0,0.0,1.0,1.0,0.0,0.0,0.0,0.0,0.0,0.0,0.0,1.0,1.0,1.0,1.0,0.0,0.0,NaN,7.0,7.0,7.0,NaN,NaN,NaN
103.0,NaN,-15.0,0.0,95.0,NaN,1.0,0.0,NaN,NaN,NaN,24.0,88.0,NaN,-14.0,0.0,62.0,NaN,-10.0,0.0,54.0,NaN,-7.0,0.0,20.0,NaN,-13.0,0.0,NaN,NaN,NaN,24.0,-8.0,NaN,0.6666666666666666,2.0,16.0,NaN,0.0,3.0,0.3,NaN,-0.04,2.0,7.31,NaN,0.026666666666666394,2.0,34.0,NaN,-1.6666666666666667,2.0,NaN,NaN,NaN,24.0,NaN,NaN,NaN,24.0,18.0,NaN,0.0,3.0,NaN,NaN,NaN,24.0,7.3,NaN,0.0,3.0,113.0,NaN,0.0,3.0,1.4,NaN,0.0,3.0,NaN,NaN,NaN,24.0,168.0,NaN,0.0,3.0,6.1,NaN,-0.16666666666666666,2.0,1.6,NaN,0.0,3.0,2.9,NaN,0.0,3.0,4.4,NaN,0.0,3.0,NaN,NaN,NaN,24.0,NaN,NaN,NaN,24.0,NaN,NaN,NaN,24.0,NaN,NaN,NaN,24.0,NaN,NaN,NaN,24.0,NaN,NaN,NaN,24.0,NaN,NaN,NaN,24.0,NaN,NaN,NaN,24.0,61.0,1.0,0.0,1.0,-3.183333333333333,6.0,0.0,0.0,1.0,0.0,0.0,0.0,0.0,1.0,0.0,0.0,1.0,1.0,1.0,1.0,0.0,0.0,NaN,7.0,7.0,7.0,NaN,NaN,NaN
107.0,NaN,4.0,0.0,97.0,NaN,2.0,0.0,37.67,NaN,0.0,0.0,101.0,NaN,13.0,0.0,80.0,NaN,18.0,0.0,74.0,NaN,20.0,0.0,23.0,NaN,3.0,0.0,NaN,NaN,NaN,24.0,-8.0,NaN,0.5,3.0,16.0,NaN,0.0,4.0,0.3,NaN,-0.03333333333333333,3.0,7.31,NaN,0.019999999999999796,3.0,34.0,NaN,-1.25,3.0,NaN,NaN,NaN,24.0,NaN,NaN,NaN,24.0,18.0,NaN,0.0,4.0,NaN,NaN,NaN,24.0,7.3,NaN,0.0,4.0,113.0,NaN,0.0,4.0,1.4,NaN,0.0,4.0,NaN,NaN,NaN,24.0,168.0,NaN,0.0,4.0,6.1,NaN,-0.125,3.0,1.6,NaN,0.0,4.0,2.9,NaN,0.0,4.0,4.4,NaN,0.0,4.0,NaN,NaN,NaN,24.0,NaN,NaN,NaN,24.0,NaN,NaN,NaN,24.0,NaN,NaN,NaN,24.0,NaN,NaN,NaN,24.0,NaN,NaN,NaN,24.0,NaN,NaN,NaN,24.0,NaN,NaN,NaN,24.0,61.0,1.0,0.0,1.0,-3.183333333333333,7.0,0.0,1.0,1.0,0.0,0.0,0.0,0.0,0.0,0.0,0.0,1.0,1.0,1.0,1.0,0.0,0.0,NaN,7.0,7.0,7.0,NaN,NaN,NaN
99.0,NaN,-8.0,0.0,98.0,NaN,1.0,0.0,37.67,NaN,0.0,1.0,96.0,NaN,-5.0,0.0,63.0,NaN,-17.0,0.0,53.0,NaN,-21.0,0.0,18.0,NaN,-5.0,0.0,NaN,NaN,NaN,24.0,-8.0,NaN,0.4,4.0,16.0,NaN,0.0,5.0,0.3,NaN,-0.028571428571428574,4.0,7.31,NaN,0.015999999999999837,4.0,34.0,NaN,-1.0,4.0,NaN,NaN,NaN,24.0,NaN,NaN,NaN,24.0,18.0,NaN,0.0,5.0,NaN,NaN,NaN,24.0,7.3,NaN,0.0,5.0,113.0,NaN,0.0,5.0,1.4,NaN,0.0,5.0,NaN,NaN,NaN,24.0,168.0,NaN,0.0,5.0,6.1,NaN,-0.1,4.0,1.6,NaN,0.0,5.0,2.9,NaN,0.0,5.0,4.4,NaN,0.0,5.0,NaN,NaN,NaN,24.0,NaN,NaN,NaN,24.0,NaN,NaN,NaN,24.0,NaN,NaN,NaN,24.0,NaN,NaN,NaN,24.0,NaN,NaN,NaN,24.0,NaN,NaN,NaN,24.0,NaN,NaN,NaN,24.0,61.0,1.0,0.0,1.0,-3.183333333333333,8.0,0.0,0.0,1.0,0.0,0.0,0.0,0.0,1.0,0.0,0.0,1.0,1.0,1.0,1.0,0.0,0.0,NaN,7.0,7.0,7.0,NaN,NaN,NaN
102.0,NaN,3.0,0.0,97.0,NaN,-1.0,0.0,38.28,NaN,0.3049999999999997,0.0,100.0,NaN,4.0,0.0,70.0,NaN,7.0,0.0,61.0,NaN,8.0,0.0,21.0,NaN,3.0,0.0,NaN,NaN,NaN,24.0,-8.0,NaN,0.3333333333333333,5.0,16.0,NaN,0.0,6.0,0.3,NaN,-0.025,5.0,7.31,NaN,0.013333333333333197,5.0,34.0,NaN,-0.8333333333333334,5.0,NaN,NaN,NaN,24.0,NaN,NaN,NaN,24.0,18.0,NaN,0.0,6.0,NaN,NaN,NaN,24.0,7.3,NaN,0.0,6.0,113.0,NaN,0.0,6.0,1.4,NaN,0.0,6.0,NaN,NaN,NaN,24.0,168.0,NaN,0.0,6.0,6.1,NaN,-0.08333333333333333,5.0,1.6,NaN,0.0,6.0,2.9,NaN,0.0,6.0,4.4,NaN,0.0,6.0,NaN,NaN,NaN,24.0,NaN,NaN,NaN,24.0,NaN,NaN,NaN,24.0,NaN,NaN,NaN,24.0,NaN,NaN,NaN,24.0,NaN,NaN,NaN,24.0,NaN,NaN,NaN,24.0,NaN,NaN,NaN,24.0,61.0,1.0,0.0,1.0,-3.183333333333333,9.0,1.0,1.0,1.0,0.0,0.0,0.0,0.0,0.0,0.0,0.0,1.0,1.0,1.0,1.0,0.0,0.0,NaN,7.0,7.0,7.0,NaN,NaN,NaN
101.0,NaN,-1.0,0.0,99.0,NaN,2.0,0.0,38.28,NaN,0.20333333333333314,1.0,88.0,NaN,-12.0,0.0,61.0,NaN,-9.0,0.0,55.0,NaN,-6.0,0.0,20.0,NaN,-1.0,0.0,NaN,NaN,NaN,24.0,-8.0,NaN,0.2857142857142857,6.0,20.0,NaN,0.5714285714285714,0.0,0.3,NaN,-0.022222222222222223,6.0,7.31,NaN,0.011428571428571312,6.0,34.0,NaN,-0.7142857142857143,6.0,NaN,NaN,NaN,24.0,NaN,NaN,NaN,24.0,16.0,NaN,-0.2857142857142857,0.0,NaN,NaN,NaN,24.0,8.0,NaN,0.10000000000000002,0.0,113.0,NaN,0.0,0.0,1.4,NaN,0.0,0.0,NaN,NaN,NaN,24.0,108.0,NaN,-8.571428571428571,0.0,6.1,NaN,-0.07142857142857142,6.0,1.8,NaN,0.028571428571428564,0.0,3.5,NaN,0.08571428571428573,0.0,4.4,NaN,0.0,0.0,NaN,NaN,NaN,24.0,NaN,NaN,NaN,24.0,NaN,NaN,NaN,24.0,NaN,NaN,NaN,24.0,NaN,NaN,NaN,24.0,NaN,NaN,NaN,24.0,NaN,NaN,NaN,24.0,NaN,NaN,NaN,24.0,61.0,1.0,0.0,1.0,-3.183333333333333,10.0,1.0,0.0,1.0,0.0,0.0,0.0,0.0,1.0,0.0,1.0,1.0,1.0,1.0,1.0,0.0,0.0,NaN,7.0,7.0,7.0,NaN,NaN,NaN
99.0,NaN,-2.0,0.0,97.0,NaN,-2.0,0.0,38.22,NaN,-0.030000000000001137,0.0,89.0,NaN,1.0,0.0,70.0,NaN,9.0,0.0,63.0,NaN,8.0,0.0,19.0,NaN,-1.0,0.0,NaN,NaN,NaN,24.0,-8.0,NaN,0.25,7.0,20.0,NaN,0.5,1.0,0.3,NaN,-0.02,7.0,7.31,NaN,0.009999999999999898,7.0,34.0,NaN,-0.625,7.0,NaN,NaN,NaN,24.0,NaN,NaN,NaN,24.0,16.0,NaN,-0.25,1.0,NaN,NaN,NaN,24.0,8.0,NaN,0.08750000000000002,1.0,113.0,NaN,0.0,1.0,1.4,NaN,0.0,1.0,NaN,NaN,NaN,24.0,108.0,NaN,-7.5,1.0,6.1,NaN,-0.0625,7.0,1.8,NaN,0.024999999999999994,1.0,3.5,NaN,0.07500000000000001,1.0,4.4,NaN,0.0,1.0,NaN,NaN,NaN,24.0,NaN,NaN,NaN,24.0,NaN,NaN,NaN,24.0,NaN,NaN,NaN,24.0,NaN,NaN,NaN,24.0,NaN,NaN,NaN,24.0,NaN,NaN,NaN,24.0,NaN,NaN,NaN,24.0,61.0,1.0,0.0,1.0,-3.183333333333333,11.0,1.0,0.0,1.0,0.0,0.0,0.0,0.0,1.0,0.0,0.0,1.0,1.0,1.0,1.0,0.0,0.0,NaN,7.0,7.0,7.0,NaN,NaN,NaN
