64.0,NaN,NaN,24.0,100.0,NaN,NaN,24.0,35.0,NaN,NaN,24.0,110.0,NaN,NaN,24.0,78.0,NaN,NaN,24.0,62.0,NaN,NaN,24.0,20.0,NaN,NaN,24.0,NaN,NaN,NaN,24.0,NaN,NaN,NaN,24.0,NaN,NaN,NaN,24.0,NaN,NaN,NaN,24.0,NaN,NaN,NaN,24.0,NaN,NaN,NaN,24.0,NaN,NaN,NaN,24.0,NaN,NaN,NaN,24.0,NaN,NaN,NaN,24.0,NaN,NaN,NaN,24.0,NaN,NaN,NaN,24.0,NaN,NaN,NaN,24.0,NaN,NaN,NaN,24.0,NaN,NaN,NaN,24.0,NaN,NaN,NaN,24.0,NaN,NaN,NaN,24.0,NaN,NaN,NaN,24.0,NaN,NaN,NaN,24.0,NaN,NaN,NaN,24.0,NaN,NaN,NaN,24.0,NaN,NaN,NaN,24.0,NaN,NaN,NaN,24.0,NaN,NaN,NaN,24.0,NaN,NaN,NaN,24.0,NaN,NaN,NaN,24.0,NaN,NaN,NaN,24.0,NaN,NaN,NaN,24.0,62.0,1.0,1.0,0.0,0.0,1.0,1.0,0.0,0.0,0.0,0.0,0.0,0.0,0.0,0.0,0.0,1.0,0.0,1.0,1.0,0.0,0.0,3.0,5.0,4.0,3.0,NaN,NaN,NaN
61.0,NaN,-3.0,0.0,100.0,NaN,0.0,0.0,35.0,NaN,0.0,1.0,117.0,NaN,7.0,0.0,76.0,NaN,-2.0,0.0,58.0,NaN,-4.0,0.0,19.5,NaN,-0.5,0.0,NaN,NaN,NaN,24.0,NaN,NaN,NaN,24.0,25.0,NaN,0.0,0.0,0.6,NaN,0.0,0.0,NaN,NaN,NaN,24.0,NaN,NaN,NaN,24.0,NaN,NaN,NaN,24.0,25.0,NaN,0.0,0.0,39.0,NaN,0.0,0.0,93.0,NaN,0.0,0.0,8.8,NaN,0.0,0.0,106.0,NaN,0.0,0.0,1.1,NaN,0.0,0.0,NaN,NaN,NaN,24.0,94.0,NaN,0.0,0.0,NaN,NaN,NaN,24.0,2.2,NaN,0.0,0.0,3.9,NaN,0.0,0.0,4.2,NaN,0.0,0.0,1.1,NaN,0.0,0.0,NaN,NaN,NaN,24.0,34.3,NaN,0.0,0.0,12.3,NaN,0.0,0.0,25.2,NaN,0.0,0.0,9.6,NaN,0.0,0.0,NaN,NaN,NaN,24.0,217.0,NaN,0.0,0.0,62.0,1.0,1.0,0.0,0.0,2.0,1.0,0.0,0.0,0.0,2.0,0.0,0.0,0.0,0.0,0.0,0.0,1.0,1.0,1.0,0.0,0.0,3.0,5.0,4.0,3.0,NaN,NaN,NaN
62.0,NaN,1.0,0.0,100.0,NaN,0.0,0.0,35.0,NaN,0.0,2.0,104.0,NaN,-13.0,0.0,74.0,NaN,-2.0,0.0,57.0,NaN,-1.0,0.0,17.0,NaN,-2.5,0.0,NaN,NaN,NaN,24.0,1.0,NaN,0.0,0.0,25.0,NaN,0.0,1.0,0.5,NaN,-0.09999999999999998,0.0,7.39,NaN,0.0,0.0,43.0,NaN,0.0,0.0,NaN,NaN,NaN,24.0,25.0,NaN,0.0,1.0,39.0,NaN,0.0,1.0,93.0,NaN,0.0,1.0,8.8,NaN,0.0,1.0,106.0,NaN,0.0,1.0,1.1,NaN,0.0,1.0,NaN,NaN,NaN,24.0,94.0,NaN,0.0,1.0,0.8,NaN,0.0,0.0,2.2,NaN,0.0,1.0,3.9,NaN,0.0,1.0,4.2,NaN,0.0,1.0,1.1,NaN,0.0,1.0,NaN,NaN,NaN,24.0,34.3,NaN,0.0,1.0,12.3,NaN,0.0,1.0,25.2,NaN,0.0,1.0,9.6,NaN,0.0,1.0,NaN,NaN,NaN,24.0,217.0,NaN,0.0,1.0,62.0,1.0,1.0,0.0,0.0,3.0,1.0,0.0,0.0,0.0,2.0,0.0,0.0,0.0,0.0,0.0,0.0,1.0,1.0,1.0,0.0,0.0,3.0,5.0,4.0,3.0,NaN,NaN,NaN
60.0,NaN,-2.0,0.0,100.0,NaN,0.0,0.0,35.11,NaN,0.03666666666666648,0.0,93.0,NaN,-11.0,0.0,66.0,NaN,-8.0,0.0,52.0,NaN,-5.0,0.0,18.0,NaN,1.0,0.0,NaN,NaN,NaN,24.0,1.0,NaN,0.0,1.0,25.0,NaN,0.0,2.0,0.5,NaN,0.0,0.0,7.39,NaN,0.0,1.0,43.0,NaN,0.0,1.0,NaN,NaN,NaN,24.0,25.0,NaN,0.0,2.0,39.0,NaN,0.0,2.0,93.0,NaN,0.0,2.0,8.8,NaN,0.0,2.0,106.0,NaN,0.0,2.0,1.1,NaN,0.0,2.0,NaN,NaN,NaN,24.0,94.0,NaN,0.0,2.0,0.8,NaN,0.0,1.0,2.2,NaN,0.0,2.0,3.9,NaN,0.0,2.0,4.2,NaN,0.0,2.0,1.1,NaN,0.0,2.0,NaN,NaN,NaN,24.0,34.3,NaN,0.0,2.0,12.3,NaN,0.0,2.0,25.2,NaN,0.0,2.0,9.6,NaN,0.0,2.0,NaN,NaN,NaN,24.0,217.0,NaN,0.0,2.0,62.0,1.0,1.0,0.0,0.0,4.0,1.0,0.0,0.0,0.0,2.0,0.0,0.0,0.0,0.0,0.0,0.0,1.0,1.0,1.0,0.0,0.0,3.0,5.0,4.0,3.0,NaN,NaN,NaN
65.0,NaN,5.0,0.0,100.0,NaN,0.0,0.0,35.11,NaN,0.027499999999999858,1.0,111.0,NaN,18.0,0.0,76.0,NaN,10.0,0.0,60.0,NaN,8.0,0.0,16.0,NaN,-2.0,0.0,NaN,NaN,NaN,24.0,1.0,NaN,0.0,2.0,25.0,NaN,0.0,3.0,0.5,NaN,0.0,1.0,7.39,NaN,0.0,2.0,43.0,NaN,0.0,2.0,NaN,NaN,NaN,24.0,25.0,NaN,0.0,3.0,39.0,NaN,0.0,3.0,93.0,NaN,0.0,3.0,8.8,NaN,0.0,3.0,106.0,NaN,0.0,3.0,1.1,NaN,0.0,3.0,NaN,NaN,NaN,24.0,94.0,NaN,0.0,3.0,0.8,NaN,0.0,2.0,2.2,NaN,0.0,3.0,3.9,NaN,0.0,3.0,4.2,NaN,0.0,3.0,1.1,NaN,0.0,3.0,NaN,NaN,NaN,24.0,34.3,NaN,0.0,3.0,12.3,NaN,0.0,3.0,25.2,NaN,0.0,3.0,9.6,NaN,0.0,3.0,NaN,NaN,NaN,24.0,217.0,NaN,0.0,3.0,62.0,1.0,1.0,0.0,0.0,5.0,1.0,0.0,0.0,0.0,0.0,0.0,0.0,0.0,0.0,0.0,1.0,1.0,1.0,1.0,0.0,0.0,3.0,5.0,4.0,3.0,NaN,NaN,NaN
66.0,NaN,1.0,0.0,100.0,NaN,0.0,0.0,35.11,NaN,0.021999999999999888,2.0,133.0,NaN,22.0,0.0,87.0,NaN,11.0,0.0,63.0,NaN,3.0,0.0,17.0,NaN,1.0,0.0,NaN,NaN,NaN,24.0,1.0,NaN,0.0,3.0,25.0,NaN,0.0,4.0,0.5,NaN,0.0,2.0,7.39,NaN,0.0,3.0,43.0,NaN,0.0,3.0,NaN,NaN,NaN,24.0,25.0,NaN,0.0,4.0,39.0,NaN,0.0,4.0,93.0,NaN,0.0,4.0,8.8,NaN,0.0,4.0,106.0,NaN,0.0,4.0,1.1,NaN,0.0,4.0,NaN,NaN,NaN,24.0,94.0,NaN,0.0,4.0,0.8,NaN,0.0,3.0,2.2,NaN,0.0,4.0,3.9,NaN,0.0,4.0,4.2,NaN,0.0,4.0,1.1,NaN,0.0,4.0,NaN,NaN,NaN,24.0,34.3,NaN,0.0,4.0,12.3,NaN,0.0,4.0,25.2,NaN,0.0,4.0,9.6,NaN,0.0,4.0,NaN,NaN,NaN,24.0,217.0,NaN,0.0,4.0,62.0,1.0,1.0,0.0,0.0,6.0,1.0,0.0,0.0,0.0,0.0,0.0,0.0,0.0,0.0,0.0,1.0,1.0,1.0,1.0,0.0,0.0,3.0,5.0,4.0,3.0,NaN,NaN,NaN
68.0,NaN,2.0,0.0,100.0,NaN,0.0,0.0,35.11,NaN,0.01833333333333324,3.0,114.0,NaN,-19.0,0.0,72.0,NaN,-15.0,0.0,53.0,NaN,-10.0,0.0,17.0,NaN,0.0,0.0,NaN,NaN,NaN,24.0,1.0,NaN,0.0,4.0,25.0,NaN,0.0,5.0,0.5,NaN,0.0,3.0,7.39,NaN,0.0,4.0,43.0,NaN,0.0,4.0,NaN,NaN,NaN,24.0,25.0,NaN,0.0,5.0,39.0,NaN,0.0,5.0,93.0,NaN,0.0,5.0,8.8,NaN,0.0,5.0,106.0,NaN,0.0,5.0,1.1,NaN,0.0,5.0,NaN,NaN,NaN,24.0,94.0,NaN,0.0,5.0,0.8,NaN,0.0,4.0,2.2,NaN,0.0,5.0,3.9,NaN,0.0,5.0,4.2,NaN,0.0,5.0,1.1,NaN,0.0,5.0,NaN,NaN,NaN,24.0,34.3,NaN,0.0,5.0,12.3,NaN,0.0,5.0,25.2,NaN,0.0,5.0,9.6,NaN,0.0,5.0,NaN,NaN,NaN,24.0,217.0,NaN,0.0,5.0,62.0,1.0,1.0,0.0,0.0,7.0,1.0,0.0,0.0,0.0,0.0,0.0,0.0,0.0,0.0,0.0,0.0,1.0,1.0,1.0,0.0,0.0,3.0,5.0,4.0,3.0,NaN,NaN,NaN
68.0,NaN,0.0,0.0,99.0,NaN,-1.0,0.0,34.9,NaN,-0.05250000000000021,0.0,95.0,NaN,-19.0,0.0,64.0,NaN,-8.0,0.0,50.0,NaN,-3.0,0.0,17.0,NaN,0.0,0.0,NaN,NaN,NaN,24.0,1.0,NaN,0.0,5.0,26.0,NaN,0.16666666666666666,0.0,0.5,NaN,0.0,0.0,7.39,NaN,0.0,5.0,43.0,NaN,0.0,5.0,NaN,NaN,NaN,24.0,25.0,NaN,0.0,6.0,35.0,NaN,-0.6666666666666666,0.0,93.0,NaN,0.0,6.0,8.1,NaN,-0.11666666666666685,0.0,105.0,NaN,-0.16666666666666666,0.0,1.0,NaN,-0.01666666666666668,0.0,NaN,NaN,NaN,24.0,155.0,NaN,10.166666666666666,0.0,0.8,NaN,0.0,5.0,2.1,NaN,-0.01666666666666668,0.0,3.7,NaN,-0.03333333333333329,0.0,4.1,NaN,-0.016666666666666757,0.0,1.1,NaN,0.0,6.0,0.03,NaN,0.0,0.0,33.8,NaN,-0.08333333333333333,0.0,11.8,NaN,-0.08333333333333333,0.0,25.2,NaN,0.0,6.0,7.4,NaN,-0.36666666666666653,0.0,NaN,NaN,NaN,24.0,198.0,NaN,-3.1666666666666665,0.0,62.0,1.0,1.0,0.0,0.0,8.0,1.0,0.0,0.0,0.0,2.0,0.0,0.0,1.0,0.0,0.0,1.0,1.0,1.0,1.0,0.0,0.0,3.0,5.0,4.0,3.0,NaN,NaN,NaN
70.0,NaN,2.0,0.0,99.0,NaN,0.0,0.0,34.9,NaN,-0.04200000000000017,1.0,116.0,NaN,21.0,0.0,75.0,NaN,11.0,0.0,58.0,NaN,8.0,0.0,19.0,NaN,2.0,0.0,NaN,NaN,NaN,24.0,0.0,NaN,-0.16666666666666666,0.0,26.0,NaN,0.14285714285714285,1.0,0.5,NaN,0.0,1.0,7.39,NaN,0.0,0.0,42.0,NaN,-0.16666666666666666,0.0,NaN,NaN,NaN,24.0,25.0,NaN,0.0,7.0,35.0,NaN,-0.5714285714285714,1.0,93.0,NaN,0.0,7.0,8.1,NaN,-0.10000000000000016,1.0,105.0,NaN,-0.14285714285714285,1.0,1.0,NaN,-0.0142857142857143,1.0,NaN,NaN,NaN,24.0,155.0,NaN,8.714285714285714,1.0,0.8,NaN,0.0,6.0,2.1,NaN,-0.0142857142857143,1.0,3.7,NaN,-0.028571428571428532,1.0,4.1,NaN,-0.014285714285714362,1.0,1.1,NaN,0.0,7.0,0.03,NaN,0.0,1.0,33.8,NaN,-0.07142857142857142,1.0,11.8,NaN,-0.07142857142857142,1.0,25.2,NaN,0.0,7.0,7.4,NaN,-0.31428571428571417,1.0,NaN,NaN,NaN,24.0,198.0,NaN,-2.7142857142857144,1.0,62.0,1.0,1.0,0.0,0.0,9.0,1.0,0.0,0.0,0.0,0.0,0.0,0.0,0.0,0.0,0.0,1.0,1.0,1.0,1.0,0.0,0.0,3.0,5.0,4.0,3.0,NaN,NaN,NaN
