108.0,NaN,NaN,24.0,98.0,NaN,NaN,24.0,NaN,NaN,NaN,24.0,85.0,NaN,NaN,24.0,67.0,NaN,NaN,24.0,62.0,NaN,NaN,24.0,18.0,NaN,NaN,24.0,NaN,NaN,NaN,24.0,NaN,NaN,NaN,24.0,30.0,NaN,NaN,24.0,NaN,NaN,NaN,24.0,NaN,NaN,NaN,24.0,NaN,NaN,NaN,24.0,NaN,NaN,NaN,24.0,37.0,NaN,NaN,24.0,54.0,NaN,NaN,24.0,65.0,NaN,NaN,24.0,8.7,NaN,NaN,24.0,111.0,NaN,NaN,24.0,3.5,NaN,NaN,24.0,NaN,NaN,NaN,24.0,92.0,NaN,NaN,24.0,NaN,NaN,NaN,24.0,2.8,NaN,NaN,24.0,3.4,NaN,NaN,24.0,4.7,NaN,NaN,24.0,0.4,NaN,NaN,24.0,NaN,NaN,NaN,24.0,28.2,NaN,NaN,24.0,8.9,NaN,NaN,24.0,NaN,NaN,NaN,24.0,6.7,NaN,NaN,24.0,NaN,NaN,NaN,24.0,249.0,NaN,NaN,24.0,53.0,1.0,1.0,0.0,-206.00666666666666,1.0,0.0,0.0,1.0,0.0,0.0,0.0,0.0,1.0,0.0,3.0,1.0,0.0,1.0,1.0,0.0,0.0,3.0,5.0,4.0,0.0,NaN,NaN,NaN
115.0,NaN,7.0,0.0,98.0,NaN,0.0,0.0,37.28,NaN,0.0,0.0,85.0,NaN,0.0,0.0,59.0,NaN,-8.0,0.0,51.0,NaN,-11.0,0.0,24.0,NaN,6.0,0.0,NaN,NaN,NaN,24.0,NaN,NaN,NaN,24.0,30.0,NaN,0.0,1.0,NaN,NaN,NaN,24.0,NaN,NaN,NaN,24.0,NaN,NaN,NaN,24.0,NaN,NaN,NaN,24.0,37.0,NaN,0.0,1.0,54.0,NaN,0.0,1.0,65.0,NaN,0.0,1.0,8.7,NaN,0.0,1.0,111.0,NaN,0.0,1.0,3.5,NaN,0.0,1.0,NaN,NaN,NaN,24.0,92.0,NaN,0.0,1.0,NaN,NaN,NaN,24.0,2.8,NaN,0.0,1.0,3.4,NaN,0.0,1.0,4.7,NaN,0.0,1.0,0.4,NaN,0.0,1.0,NaN,NaN,NaN,24.0,28.2,NaN,0.0,1.0,8.9,NaN,0.0,1.0,NaN,NaN,NaN,24.0,6.7,NaN,0.0,1.0,NaN,NaN,NaN,24.0,249.0,NaN,0.0,1.0,53.0,1.0,1.0,0.0,-206.00666666666666,2.0,0.0,1.0,1.0,0.0,0.0,0.0,0.0,1.0,0.0,0.0,1.0,1.0,1.0,1.0,0.0,0.0,3.0,5.0,4.0,0.0,NaN,NaN,NaN
92.0,NaN,-23.0,0.0,100.0,NaN,2.0,0.0,37.28,NaN,0.0,1.0,95.0,NaN,10.0,0.0,64.0,NaN,5.0,0.0,54.0,NaN,3.0,0.0,20.0,NaN,-4.0,0.0,NaN,NaN,NaN,24.0,NaN,NaN,NaN,24.0,30.0,NaN,0.0,2.0,NaN,NaN,NaN,24.0,NaN,NaN,NaN,24.0,NaN,NaN,NaN,24.0,NaN,NaN,NaN,24.0,37.0,NaN,0.0,2.0,54.0,NaN,0.0,2.0,65.0,NaN,0.0,2.0,8.7,NaN,0.0,2.0,111.0,NaN,0.0,2.0,3.5,NaN,0.0,2.0,NaN,NaN,NaN,24.0,92.0,NaN,0.0,2.0,NaN,NaN,NaN,24.0,2.8,NaN,0.0,2.0,3.4,NaN,0.0,2.0,4.7,NaN,0.0,2.0,0.4,NaN,0.0,2.0,NaN,NaN,NaN,24.0,28.2,NaN,0.0,2.0,8.9,NaN,0.0,2.0,NaN,NaN,NaN,24.0,6.7,NaN,0.0,2.0,NaN,NaN,NaN,24.0,249.0,NaN,0.0,2.0,53.0,1.0,1.0,0.0,-206.00666666666666,3.0,0.0,0.0,1.0,0.0,0.0,0.0,0.0,1.0,0.0,0.0,1.0,1.0,1.0,1.0,0.0,0.0,3.0,5.0,4.0,0.0,NaN,NaN,NaN
93.0,NaN,1.0,0.0,100.0,NaN,0.0,0.0,37.28,NaN,0.0,2.0,92.0,NaN,-3.0,0.0,63.0,NaN,-1.0,0.0,54.0,NaN,0.0,0.0,18.0,NaN,-2.0,0.0,NaN,NaN,NaN,24.0,NaN,NaN,NaN,24.0,30.0,NaN,0.0,3.0,NaN,NaN,NaN,24.0,NaN,NaN,NaN,24.0,NaN,NaN,NaN,24.0,NaN,NaN,NaN,24.0,37.0,NaN,0.0,3.0,54.0,NaN,0.0,3.0,65.0,NaN,0.0,3.0,8.7,NaN,0.0,3.0,111.0,NaN,0.0,3.0,3.5,NaN,0.0,3.0,NaN,NaN,NaN,24.0,92.0,NaN,0.0,3.0,NaN,NaN,NaN,24.0,2.8,NaN,0.0,3.0,3.4,NaN,0.0,3.0,4.7,NaN,0.0,3.0,0.4,NaN,0.0,3.0,NaN,NaN,NaN,24.0,28.2,NaN,0.0,3.0,8.9,NaN,0.0,3.0,NaN,NaN,NaN,24.0,6.7,NaN,0.0,3.0,NaN,NaN,NaN,24.0,249.0,NaN,0.0,3.0,53.0,1.0,1.0,0.0,-206.00666666666666,4.0,0.0,0.0,1.0,0.0,0.0,0.0,0.0,1.0,0.0,0.0,1.0,1.0,1.0,1.0,0.0,0.0,3.0,5.0,4.0,0.0,NaN,NaN,NaN
89.0,NaN,-4.0,0.0,99.0,NaN,-1.0,0.0,36.67,NaN,-0.20333333333333314,0.0,93.0,NaN,1.0,0.0,68.0,NaN,5.0,0.0,62.0,NaN,8.0,0.0,17.0,NaN,-1.0,0.0,NaN,NaN,NaN,24.0,NaN,NaN,NaN,24.0,30.0,NaN,0.0,4.0,NaN,NaN,NaN,24.0,NaN,NaN,NaN,24.0,NaN,NaN,NaN,24.0,NaN,NaN,NaN,24.0,37.0,NaN,0.0,4.0,54.0,NaN,0.0,4.0,65.0,NaN,0.0,4.0,8.7,NaN,0.0,4.0,111.0,NaN,0.0,4.0,3.5,NaN,0.0,4.0,NaN,NaN,NaN,24.0,92.0,NaN,0.0,4.0,NaN,NaN,NaN,24.0,2.8,NaN,0.0,4.0,3.4,NaN,0.0,4.0,4.7,NaN,0.0,4.0,0.4,NaN,0.0,4.0,NaN,NaN,NaN,24.0,28.2,NaN,0.0,4.0,8.9,NaN,0.0,4.0,NaN,NaN,NaN,24.0,6.7,NaN,0.0,4.0,NaN,NaN,NaN,24.0,249.0,NaN,0.0,4.0,53.0,1.0,1.0,0.0,-206.00666666666666,5.0,0.0,0.0,0.0,0.0,0.0,0.0,0.0,0.0,0.0,0.0,1.0,1.0,1.0,1.0,0.0,0.0,3.0,5.0,4.0,0.0,NaN,NaN,NaN
100.0,NaN,11.0,0.0,96.0,NaN,-3.0,0.0,36.67,NaN,-0.15249999999999986,1.0,92.0,NaN,-1.0,0.0,70.0,NaN,2.0,0.0,64.0,NaN,2.0,0.0,27.0,NaN,10.0,0.0,NaN,NaN,NaN,24.0,NaN,NaN,NaN,24.0,30.0,NaN,0.0,5.0,NaN,NaN,NaN,24.0,NaN,NaN,NaN,24.0,NaN,NaN,NaN,24.0,NaN,NaN,NaN,24.0,37.0,NaN,0.0,5.0,54.0,NaN,0.0,5.0,65.0,NaN,0.0,5.0,8.7,NaN,0.0,5.0,111.0,NaN,0.0,5.0,3.5,NaN,0.0,5.0,NaN,NaN,NaN,24.0,92.0,NaN,0.0,5.0,NaN,NaN,NaN,24.0,2.8,NaN,0.0,5.0,3.4,NaN,0.0,5.0,4.7,NaN,0.0,5.0,0.4,NaN,0.0,5.0,NaN,NaN,NaN,24.0,28.2,NaN,0.0,5.0,8.9,NaN,0.0,5.0,NaN,NaN,NaN,24.0,6.7,NaN,0.0,5.0,NaN,NaN,NaN,24.0,249.0,NaN,0.0,5.0,53.0,1.0,1.0,0.0,-206.00666666666666,6.0,0.0,1.0,1.0,0.0,0.0,0.0,0.0,0.0,0.0,0.0,1.0,1.0,1.0,1.0,0.0,0.0,3.0,5.0,4.0,0.0,NaN,NaN,NaN
92.0,NaN,-8.0,0.0,100.0,NaN,4.0,0.0,36.67,NaN,-0.12199999999999989,2.0,83.0,NaN,-9.0,0.0,57.0,NaN,-13.0,0.0,48.0,NaN,-16.0,0.0,16.0,NaN,-11.0,0.0,NaN,NaN,NaN,24.0,NaN,NaN,NaN,24.0,30.0,NaN,0.0,6.0,NaN,NaN,NaN,24.0,NaN,NaN,NaN,24.0,NaN,NaN,NaN,24.0,NaN,NaN,NaN,24.0,37.0,NaN,0.0,6.0,54.0,NaN,0.0,6.0,65.0,NaN,0.0,6.0,8.7,NaN,0.0,6.0,111.0,NaN,0.0,6.0,3.5,NaN,0.0,6.0,NaN,NaN,NaN,24.0,92.0,NaN,0.0,6.0,NaN,NaN,NaN,24.0,2.8,NaN,0.0,6.0,3.4,NaN,0.0,6.0,4.7,NaN,0.0,6.0,0.4,NaN,0.0,6.0,NaN,NaN,NaN,24.0,28.2,NaN,0.0,6.0,8.9,NaN,0.0,6.0,NaN,NaN,NaN,24.0,6.7,NaN,0.0,6.0,NaN,NaN,NaN,24.0,249.0,NaN,0.0,6.0,53.0,1.0,1.0,0.0,-206.00666666666666,7.0,0.0,0.0,1.0,0.0,0.0,0.0,0.0,1.0,0.0,0.0,1.0,1.0,1.0,1.0,0.0,0.0,3.0,5.0,4.0,0.0,NaN,NaN,NaN
85.0,NaN,-7.0,0.0,100.0,NaN,0.0,0.0,36.67,NaN,-0.10166666666666657,3.0,84.0,NaN,1.0,0.0,57.0,NaN,0.0,0.0,48.0,NaN,0.0,0.0,14.0,NaN,-2.0,0.0,NaN,NaN,NaN,24.0,NaN,NaN,NaN,24.0,30.0,NaN,0.0,7.0,NaN,NaN,NaN,24.0,NaN,NaN,NaN,24.0,NaN,NaN,NaN,24.0,NaN,NaN,NaN,24.0,37.0,NaN,0.0,7.0,54.0,NaN,0.0,7.0,65.0,NaN,0.0,7.0,8.7,NaN,0.0,7.0,111.0,NaN,0.0,7.0,3.5,NaN,0.0,7.0,NaN,NaN,NaN,24.0,92.0,NaN,0.0,7.0,NaN,NaN,NaN,24.0,2.8,NaN,0.0,7.0,3.4,NaN,0.0,7.0,4.7,NaN,0.0,7.0,0.4,NaN,0.0,7.0,NaN,NaN,NaN,24.0,28.2,NaN,0.0,7.0,8.9,NaN,0.0,7.0,NaN,NaN,NaN,24.0,6.7,NaN,0.0,7.0,NaN,NaN,NaN,24.0,249.0,NaN,0.0,7.0,53.0,1.0,1.0,0.0,-206.00666666666666,8.0,0.0,0.0,0.0,0.0,0.0,0.0,0.0,1.0,0.0,0.0,1.0,1.0,1.0,1.0,0.0,0.0,3.0,5.0,4.0,0.0,NaN,NaN,NaN
110.0,NaN,25.0,0.0,100.0,NaN,0.0,0.0,36.44,NaN,-0.057500000000000995,0.0,84.0,NaN,0.5,1.0,86.0,NaN,29.0,0.0,48.0,NaN,0.0,1.0,25.0,NaN,11.0,0.0,NaN,NaN,NaN,24.0,NaN,NaN,NaN,24.0,30.0,NaN,0.0,8.0,NaN,NaN,NaN,24.0,NaN,NaN,NaN,24.0,NaN,NaN,NaN,24.0,NaN,NaN,NaN,24.0,37.0,NaN,0.0,8.0,54.0,NaN,0.0,8.0,65.0,NaN,0.0,8.0,8.7,NaN,0.0,8.0,111.0,NaN,0.0,8.0,3.5,NaN,0.0,8.0,NaN,NaN,NaN,24.0,92.0,NaN,0.0,8.0,NaN,NaN,NaN,24.0,2.8,NaN,0.0,8.0,3.4,NaN,0.0,8.0,4.7,NaN,0.0,8.0,0.4,NaN,0.0,8.0,NaN,NaN,NaN,24.0,28.2,NaN,0.0,8.0,8.9,NaN,0.0,8.0,NaN,NaN,NaN,24.0,6.7,NaN,0.0,8.0,NaN,NaN,NaN,24.0,249.0,NaN,0.0,8.0,53.0,1.0,1.0,0.0,-206.00666666666666,9.0,0.0,1.0,1.0,0.0,0.0,0.0,0.0,0.0,0.0,0.0,1.0,1.0,1.0,1.0,0.0,0.0,3.0,5.0,4.0,0.0,NaN,NaN,NaN
