120.0,NaN,NaN,24.0,100.0,NaN,NaN,24.0,NaN,NaN,NaN,24.0,150.0,NaN,NaN,24.0,92.0,NaN,NaN,24.0,73.0,NaN,NaN,24.0,16.0,NaN,NaN,24.0,NaN,NaN,NaN,24.0,NaN,NaN,NaN,24.0,NaN,NaN,NaN,24.0,NaN,NaN,NaN,24.0,NaN,NaN,NaN,24.0,NaN,NaN,NaN,24.0,NaN,NaN,NaN,24.0,NaN,NaN,NaN,24.0,NaN,NaN,NaN,24.0,NaN,NaN,NaN,24.0,NaN,NaN,NaN,24.0,NaN,NaN,NaN,24.0,NaN,NaN,NaN,24.0,NaN,NaN,NaN,24.0,NaN,NaN,NaN,24.0,NaN,NaN,NaN,24.0,NaN,NaN,NaN,24.0,NaN,NaN,NaN,24.0,NaN,NaN,NaN,24.0,NaN,NaN,NaN,24.0,NaN,NaN,NaN,24.0,NaN,NaN,NaN,24.0,NaN,NaN,NaN,24.0,NaN,NaN,NaN,24.0,NaN,NaN,NaN,24.0,NaN,NaN,NaN,24.0,NaN,NaN,NaN,24.0,78.0,1.0,1.0,0.0,-2.533333333333333,1.0,0.0,0.0,1.0,0.0,0.0,0.0,0.0,0.0,0.0,0.0,1.0,0.0,1.0,1.0,1.0,0.0,2.0,6.0,6.0,6.0,NaN,NaN,NaN
115.0,NaN,-5.0,0.0,93.0,NaN,-7.0,0.0,35.72,NaN,0.0,0.0,129.5,NaN,-20.5,0.0,82.0,NaN,-10.0,0.0,63.5,NaN,-9.5,0.0,18.5,NaN,2.5,0.0,NaN,NaN,NaN,24.0,-1.0,NaN,0.0,0.0,NaN,NaN,NaN,24.0,0.5,NaN,0.0,0.0,7.28,NaN,0.0,0.0,54.0,NaN,0.0,0.0,91.0,NaN,0.0,0.0,NaN,NaN,NaN,24.0,NaN,NaN,NaN,24.0,NaN,NaN,NaN,24.0,NaN,NaN,NaN,24.0,NaN,NaN,NaN,24.0,NaN,NaN,NaN,24.0,NaN,NaN,NaN,24.0,NaN,NaN,NaN,24.0,0.9,NaN,0.0,0.0,NaN,NaN,NaN,24.0,NaN,NaN,NaN,24.0,5.0,NaN,0.0,0.0,NaN,NaN,NaN,24.0,NaN,NaN,NaN,24.0,NaN,NaN,NaN,24.0,NaN,NaN,NaN,24.0,NaN,NaN,NaN,24.0,NaN,NaN,NaN,24.0,NaN,NaN,NaN,24.0,NaN,NaN,NaN,24.0,78.0,1.0,1.0,0.0,-2.533333333333333,2.0,1.0,0.0,1.0,0.0,2.0,0.0,0.0,0.0,0.0,0.0,0.0,0.0,1.0,1.0,1.0,0.0,2.0,6.0,6.0,6.0,NaN,NaN,NaN
106.0,NaN,-9.0,0.0,92.0,NaN,-1.0,0.0,35.72,NaN,0.0,1.0,108.0,NaN,-21.5,0.0,70.0,NaN,-12.0,0.0,56.0,NaN,-7.5,0.0,18.0,NaN,-0.5,0.0,NaN,NaN,NaN,24.0,-1.0,NaN,0.0,1.0,23.0,NaN,0.0,0.0,0.5,NaN,0.0,1.0,7.28,NaN,0.0,1.0,54.0,NaN,0.0,1.0,91.0,NaN,0.0,1.0,NaN,NaN,NaN,24.0,14.0,NaN,0.0,0.0,NaN,NaN,NaN,24.0,7.8,NaN,0.0,0.0,106.0,NaN,0.0,0.0,0.8,NaN,0.0,0.0,NaN,NaN,NaN,24.0,148.0,NaN,0.0,0.0,0.9,NaN,0.0,1.0,1.8,NaN,0.0,0.0,3.2,NaN,0.0,0.0,4.6,NaN,-0.40000000000000036,0.0,NaN,NaN,NaN,24.0,0.1,NaN,0.0,0.0,31.8,NaN,0.0,0.0,9.9,NaN,0.0,0.0,24.7,NaN,0.0,0.0,13.9,NaN,0.0,0.0,NaN,NaN,NaN,24.0,265.0,NaN,0.0,0.0,78.0,1.0,1.0,0.0,-2.533333333333333,3.0,1.0,0.0,1.0,1.0,0.0,0.0,0.0,0.0,0.0,0.0,1.0,1.0,1.0,1.0,1.0,0.0,2.0,6.0,6.0,6.0,NaN,NaN,NaN
97.0,NaN,-9.0,0.0,96.0,NaN,4.0,0.0,36.56,NaN,0.4200000000000017,0.0,118.0,NaN,10.0,0.0,77.0,NaN,7.0,0.0,61.0,NaN,5.0,0.0,19.0,NaN,1.0,0.0,NaN,NaN,NaN,24.0,-1.0,NaN,0.0,2.0,23.0,NaN,0.0,1.0,0.5,NaN,0.0,2.0,7.28,NaN,0.0,2.0,54.0,NaN,0.0,2.0,91.0,NaN,0.0,2.0,NaN,NaN,NaN,24.0,14.0,NaN,0.0,1.0,NaN,NaN,NaN,24.0,7.8,NaN,0.0,1.0,106.0,NaN,0.0,1.0,0.8,NaN,0.0,1.0,NaN,NaN,NaN,24.0,148.0,NaN,0.0,1.0,0.9,NaN,0.0,2.0,1.8,NaN,0.0,1.0,3.2,NaN,0.0,1.0,4.6,NaN,-0.20000000000000018,1.0,NaN,NaN,NaN,24.0,0.1,NaN,0.0,1.0,31.8,NaN,0.0,1.0,9.9,NaN,0.0,1.0,24.7,NaN,0.0,1.0,13.9,NaN,0.0,1.0,NaN,NaN,NaN,24.0,265.0,NaN,0.0,1.0,78.0,1.0,1.0,0.0,-2.533333333333333,4.0,0.0,0.0,1.0,1.0,0.0,0.0,0.0,0.0,0.0,0.0,1.0,1.0,1.0,1.0,1.0,0.0,2.0,6.0,6.0,6.0,NaN,NaN,NaN
97.0,NaN,0.0,0.0,97.0,NaN,1.0,0.0,36.56,NaN,0.28000000000000114,1.0,91.0,NaN,-27.0,0.0,54.0,NaN,-23.0,0.0,40.0,NaN,-21.0,0.0,20.0,NaN,1.0,0.0,NaN,NaN,NaN,24.0,-2.0,NaN,-0.3333333333333333,0.0,23.0,NaN,0.0,2.0,0.5,NaN,0.0,3.0,7.35,NaN,0.023333333333333133,0.0,42.0,NaN,-4.0,0.0,92.0,NaN,0.3333333333333333,0.0,NaN,NaN,NaN,24.0,14.0,NaN,0.0,2.0,NaN,NaN,NaN,24.0,7.8,NaN,0.0,2.0,106.0,NaN,0.0,2.0,0.8,NaN,0.0,2.0,NaN,NaN,NaN,24.0,148.0,NaN,0.0,2.0,1.0,NaN,0.033333333333333326,0.0,1.8,NaN,0.0,2.0,3.2,NaN,0.0,2.0,4.6,NaN,-0.13333333333333344,2.0,NaN,NaN,NaN,24.0,0.1,NaN,0.0,2.0,31.8,NaN,0.0,2.0,9.9,NaN,0.0,2.0,24.7,NaN,0.0,2.0,13.9,NaN,0.0,2.0,NaN,NaN,NaN,24.0,265.0,NaN,0.0,2.0,78.0,1.0,1.0,0.0,-2.533333333333333,5.0,0.0,0.0,1.0,1.0,0.0,0.0,0.0,1.0,0.0,0.0,1.0,1.0,1.0,1.0,1.0,0.0,2.0,6.0,6.0,6.0,NaN,NaN,NaN
94.0,NaN,-3.0,0.0,97.0,NaN,0.0,0.0,36.56,NaN,0.21000000000000085,2.0,113.0,NaN,22.0,0.0,66.0,NaN,12.0,0.0,49.0,NaN,9.0,0.0,21.0,NaN,1.0,0.0,NaN,NaN,NaN,24.0,-2.0,NaN,-0.25,1.0,23.0,NaN,0.0,3.0,0.5,NaN,0.0,4.0,7.35,NaN,0.01749999999999985,1.0,42.0,NaN,-3.0,1.0,92.0,NaN,0.25,1.0,NaN,NaN,NaN,24.0,14.0,NaN,0.0,3.0,NaN,NaN,NaN,24.0,7.8,NaN,0.0,3.0,106.0,NaN,0.0,3.0,0.8,NaN,0.0,3.0,NaN,NaN,NaN,24.0,148.0,NaN,0.0,3.0,1.0,NaN,0.024999999999999994,1.0,1.8,NaN,0.0,3.0,3.2,NaN,0.0,3.0,4.6,NaN,-0.10000000000000009,3.0,NaN,NaN,NaN,24.0,0.1,NaN,0.0,3.0,31.8,NaN,0.0,3.0,9.9,NaN,0.0,3.0,24.7,NaN,0.0,3.0,13.9,NaN,0.0,3.0,NaN,NaN,NaN,24.0,265.0,NaN,0.0,3.0,78.0,1.0,1.0,0.0,-2.533333333333333,6.0,0.0,1.0,1.0,1.0,0.0,0.0,0.0,0.0,0.0,0.0,1.0,1.0,1.0,1.0,1.0,0.0,2.0,6.0,6.0,6.0,NaN,NaN,NaN
97.0,NaN,3.0,0.0,98.0,NaN,1.0,0.0,37.72,NaN,0.38666666666666555,0.0,107.0,NaN,-6.0,0.0,62.0,NaN,-4.0,0.0,45.0,NaN,-4.0,0.0,23.0,NaN,2.0,0.0,NaN,NaN,NaN,24.0,-2.0,NaN,-0.2,2.0,23.0,NaN,0.0,4.0,0.5,NaN,0.0,0.0,7.35,NaN,0.013999999999999879,2.0,42.0,NaN,-2.4,2.0,92.0,NaN,0.2,2.0,NaN,NaN,NaN,24.0,14.0,NaN,0.0,4.0,NaN,NaN,NaN,24.0,7.8,NaN,0.0,4.0,106.0,NaN,0.0,4.0,0.8,NaN,0.0,4.0,NaN,NaN,NaN,24.0,148.0,NaN,0.0,4.0,1.0,NaN,0.019999999999999997,2.0,1.8,NaN,0.0,4.0,3.2,NaN,0.0,4.0,4.6,NaN,-0.08000000000000007,4.0,NaN,NaN,NaN,24.0,0.1,NaN,0.0,4.0,31.8,NaN,0.0,4.0,9.9,NaN,0.0,4.0,24.7,NaN,0.0,4.0,13.9,NaN,0.0,4.0,NaN,NaN,NaN,24.0,265.0,NaN,0.0,4.0,78.0,1.0,1.0,0.0,-2.533333333333333,7.0,0.0,1.0,1.0,1.0,2.0,0.0,0.0,1.0,0.0,0.0,1.0,1.0,1.0,1.0,1.0,0.0,2.0,6.0,6.0,6.0,NaN,NaN,NaN
97.0,NaN,0.0,0.0,98.0,NaN,0.0,0.0,37.72,NaN,0.28999999999999915,1.0,115.0,NaN,8.0,0.0,71.0,NaN,9.0,0.0,54.0,NaN,9.0,0.0,22.0,NaN,-1.0,0.0,NaN,NaN,NaN,24.0,-2.0,NaN,-0.16666666666666666,3.0,23.0,NaN,0.0,5.0,0.5,NaN,0.0,1.0,7.35,NaN,0.011666666666666567,3.0,42.0,NaN,-2.0,3.0,92.0,NaN,0.16666666666666666,3.0,NaN,NaN,NaN,24.0,14.0,NaN,0.0,5.0,NaN,NaN,NaN,24.0,7.8,NaN,0.0,5.0,106.0,NaN,0.0,5.0,0.8,NaN,0.0,5.0,NaN,NaN,NaN,24.0,148.0,NaN,0.0,5.0,1.0,NaN,0.016666666666666663,3.0,1.8,NaN,0.0,5.0,3.2,NaN,0.0,5.0,4.6,NaN,-0.06666666666666672,5.0,NaN,NaN,NaN,24.0,0.1,NaN,0.0,5.0,31.8,NaN,0.0,5.0,9.9,NaN,0.0,5.0,24.7,NaN,0.0,5.0,13.9,NaN,0.0,5.0,NaN,NaN,NaN,24.0,265.0,NaN,0.0,5.0,78.0,1.0,1.0,0.0,-2.533333333333333,8.0,0.0,1.0,1.0,1.0,0.0,0.0,0.0,0.0,0.0,0.0,0.0,1.0,1.0,1.0,1.0,0.0,2.0,6.0,6.0,6.0,NaN,NaN,NaN
96.0,NaN,-1.0,0.0,98.0,NaN,0.0,0.0,37.72,NaN,0.23199999999999932,2.0,105.0,NaN,-10.0,0.0,67.0,NaN,-4.0,0.0,52.0,NaN,-2.0,0.0,20.0,NaN,-2.0,0.0,NaN,NaN,NaN,24.0,-2.0,NaN,-0.14285714285714285,4.0,23.0,NaN,0.0,6.0,0.5,NaN,0.0,2.0,7.35,NaN,0.009999999999999913,4.0,42.0,NaN,-1.7142857142857142,4.0,92.0,NaN,0.14285714285714285,4.0,NaN,NaN,NaN,24.0,14.0,NaN,0.0,6.0,NaN,NaN,NaN,24.0,7.8,NaN,0.0,6.0,106.0,NaN,0.0,6.0,0.8,NaN,0.0,6.0,NaN,NaN,NaN,24.0,148.0,NaN,0.0,6.0,1.0,NaN,0.014285714285714282,4.0,1.8,NaN,0.0,6.0,3.2,NaN,0.0,6.0,4.6,NaN,-0.0571428571428572,6.0,NaN,NaN,NaN,24.0,0.1,NaN,0.0,0.0,28.9,NaN,-0.48333333333333367,0.0,9.9,NaN,0.0,6.0,24.7,NaN,0.0,6.0,13.9,NaN,0.0,6.0,NaN,NaN,NaN,24.0,265.0,NaN,0.0,6.0,78.0,1.0,1.0,0.0,-2.533333333333333,9.0,0.0,0.0,1.0,1.0,0.0,0.0,0.0,0.0,0.0,0.0,1.0,1.0,1.0,1.0,1.0,0.0,2.0,6.0,6.0,6.0,NaN,NaN,NaN
98.0,NaN,2.0,0.0,99.0,NaN,1.0,0.0,37.72,NaN,0.19333333333333277,3.0,111.5,NaN,6.5,0.0,73.5,NaN,6.5,0.0,58.5,NaN,6.5,0.0,25.0,NaN,5.0,0.0,NaN,NaN,NaN,24.0,-1.0,NaN,0.2,0.0,23.0,NaN,0.0,7.0,0.5,NaN,0.0,3.0,7.38,NaN,0.0060000000000000496,0.0,38.0,NaN,-0.8,0.0,92.0,NaN,0.125,5.0,NaN,NaN,NaN,24.0,14.0,NaN,0.0,7.0,NaN,NaN,NaN,24.0,7.8,NaN,0.0,7.0,106.0,NaN,0.0,7.0,0.8,NaN,0.0,7.0,NaN,NaN,NaN,24.0,148.0,NaN,0.0,7.0,1.0,NaN,0.012499999999999997,5.0,1.8,NaN,0.0,7.0,3.2,NaN,0.0,7.0,4.6,NaN,-0.050000000000000044,7.0,NaN,NaN,NaN,24.0,0.1,NaN,0.0,1.0,28.9,NaN,-0.4142857142857146,1.0,9.9,NaN,0.0,7.0,24.7,NaN,0.0,7.0,13.9,NaN,0.0,7.0,NaN,NaN,NaN,24.0,265.0,NaN,0.0,7.0,78.0,1.0,1.0,0.0,-2.533333333333333,10.0,0.0,1.0,1.0,1.0,0.0,0.0,0.0,0.0,0.0,0.0,0.0,1.0,1.0,1.0,1.0,0.0,2.0,6.0,6.0,6.0,NaN,NaN,NaN
