89.0,NaN,NaN,24.0,99.0,NaN,NaN,24.0,37.0,NaN,NaN,24.0,120.0,NaN,NaN,24.0,73.0,NaN,NaN,24.0,59.0,NaN,NaN,24.0,55.0,NaN,NaN,24.0,NaN,NaN,NaN,24.0,NaN,NaN,NaN,24.0,NaN,NaN,NaN,24.0,NaN,NaN,NaN,24.0,NaN,NaN,NaN,24.0,NaN,NaN,NaN,24.0,NaN,NaN,NaN,24.0,NaN,NaN,NaN,24.0,NaN,NaN,NaN,24.0,NaN,NaN,NaN,24.0,NaN,NaN,NaN,24.0,NaN,NaN,NaN,24.0,NaN,NaN,NaN,24.0,NaN,NaN,NaN,24.0,NaN,NaN,NaN,24.0,NaN,NaN,NaN,24.0,NaN,NaN,NaN,24.0,NaN,NaN,NaN,24.0,NaN,NaN,NaN,24.0,NaN,NaN,NaN,24.0,NaN,NaN,NaN,24.0,NaN,NaN,NaN,24.0,NaN,NaN,NaN,24.0,NaN,NaN,NaN,24.0,NaN,NaN,NaN,24.0,NaN,NaN,NaN,24.0,NaN,NaN,NaN,24.0,70.0,0.0,0.0,1.0,0.0,1.0,0.0,1.0,0.0,0.0,0.0,0.0,0.0,0.0,0.0,0.0,1.0,0.0,0.0,0.0,0.0,0.0,NaN,NaN,NaN,2.0,NaN,NaN,NaN
93.0,NaN,4.0,0.0,100.0,NaN,1.0,0.0,37.0,NaN,0.0,1.0,127.0,NaN,7.0,0.0,85.0,NaN,12.0,0.0,69.0,NaN,10.0,0.0,18.0,NaN,-37.0,0.0,NaN,NaN,NaN,24.0,NaN,NaN,NaN,24.0,NaN,NaN,NaN,24.0,NaN,NaN,NaN,24.0,NaN,NaN,NaN,24.0,NaN,NaN,NaN,24.0,NaN,NaN,NaN,24.0,NaN,NaN,NaN,24.0,NaN,NaN,NaN,24.0,NaN,NaN,NaN,24.0,NaN,NaN,NaN,24.0,NaN,NaN,NaN,24.0,NaN,NaN,NaN,24.0,NaN,NaN,NaN,24.0,NaN,NaN,NaN,24.0,NaN,NaN,NaN,24.0,NaN,NaN,NaN,24.0,NaN,NaN,NaN,24.0,NaN,NaN,NaN,24.0,NaN,NaN,NaN,24.0,NaN,NaN,NaN,24.0,NaN,NaN,NaN,24.0,NaN,NaN,NaN,24.0,NaN,NaN,NaN,24.0,NaN,NaN,NaN,24.0,NaN,NaN,NaN,24.0,NaN,NaN,NaN,24.0,70.0,0.0,0.0,1.0,0.0,2.0,0.0,0.0,1.0,0.0,0.0,0.0,0.0,0.0,0.0,0.0,1.0,0.0,0.0,0.0,0.0,0.0,NaN,NaN,NaN,2.0,NaN,NaN,NaN
91.0,NaN,-2.0,0.0,99.0,NaN,-1.0,0.0,37.0,NaN,0.0,2.0,114.0,NaN,-13.0,0.0,71.0,NaN,-14.0,0.0,59.0,NaN,-10.0,0.0,16.0,NaN,-2.0,0.0,NaN,NaN,NaN,24.0,NaN,NaN,NaN,24.0,17.0,NaN,0.0,0.0,NaN,NaN,NaN,24.0,NaN,NaN,NaN,24.0,NaN,NaN,NaN,24.0,NaN,NaN,NaN,24.0,23.0,NaN,0.0,0.0,35.0,NaN,0.0,0.0,93.0,NaN,0.0,0.0,7.1,NaN,0.0,0.0,104.0,NaN,0.0,0.0,4.0,NaN,0.0,0.0,NaN,NaN,NaN,24.0,99.0,NaN,0.0,0.0,0.8,NaN,0.0,0.0,1.9,NaN,0.0,0.0,4.5,NaN,0.0,0.0,4.2,NaN,0.0,0.0,0.2,NaN,0.0,0.0,NaN,NaN,NaN,24.0,22.4,NaN,0.0,0.0,7.4,NaN,0.0,0.0,24.2,NaN,0.0,0.0,12.3,NaN,0.0,0.0,711.0,NaN,0.0,0.0,202.0,NaN,0.0,0.0,70.0,0.0,0.0,1.0,0.0,3.0,0.0,0.0,1.0,1.0,0.0,0.0,0.0,0.0,0.0,3.0,1.0,0.0,0.0,0.0,0.0,0.0,NaN,NaN,NaN,2.0,NaN,NaN,NaN
88.0,NaN,-3.0,0.0,99.0,NaN,0.0,0.0,37.0,NaN,0.0,3.0,114.0,NaN,0.0,0.0,73.0,NaN,2.0,0.0,59.0,NaN,0.0,0.0,19.0,NaN,3.0,0.0,NaN,NaN,NaN,24.0,NaN,NaN,NaN,24.0,17.0,NaN,0.0,1.0,NaN,NaN,NaN,24.0,NaN,NaN,NaN,24.0,NaN,NaN,NaN,24.0,NaN,NaN,NaN,24.0,23.0,NaN,0.0,1.0,35.0,NaN,0.0,1.0,93.0,NaN,0.0,1.0,7.1,NaN,0.0,1.0,104.0,NaN,0.0,1.0,4.0,NaN,0.0,1.0,NaN,NaN,NaN,24.0,99.0,NaN,0.0,1.0,0.8,NaN,0.0,1.0,1.9,NaN,0.0,1.0,4.5,NaN,0.0,1.0,4.2,NaN,0.0,1.0,0.2,NaN,0.0,1.0,NaN,NaN,NaN,24.0,22.4,NaN,0.0,1.0,7.4,NaN,0.0,1.0,24.2,NaN,0.0,1.0,12.3,NaN,0.0,1.0,711.0,NaN,0.0,1.0,202.0,NaN,0.0,1.0,70.0,0.0,0.0,1.0,0.0,4.0,0.0,0.0,0.0,1.0,0.0,0.0,0.0,0.0,0.0,0.0,1.0,0.0,0.0,0.0,0.0,0.0,NaN,NaN,NaN,2.0,NaN,NaN,NaN
83.0,NaN,-5.0,0.0,97.0,NaN,-2.0,0.0,37.22,NaN,0.054999999999999716,0.0,116.0,NaN,2.0,0.0,70.0,NaN,-3.0,0.0,55.0,NaN,-4.0,0.0,18.0,NaN,-1.0,0.0,NaN,NaN,NaN,24.0,NaN,NaN,NaN,24.0,17.0,NaN,0.0,2.0,NaN,NaN,NaN,24.0,NaN,NaN,NaN,24.0,NaN,NaN,NaN,24.0,NaN,NaN,NaN,24.0,23.0,NaN,0.0,2.0,35.0,NaN,0.0,2.0,93.0,NaN,0.0,2.0,7.1,NaN,0.0,2.0,104.0,NaN,0.0,2.0,4.0,NaN,0.0,2.0,NaN,NaN,NaN,24.0,99.0,NaN,0.0,2.0,0.8,NaN,0.0,2.0,1.9,NaN,0.0,2.0,4.5,NaN,0.0,2.0,4.2,NaN,0.0,2.0,0.2,NaN,0.0,2.0,NaN,NaN,NaN,24.0,22.4,NaN,0.0,2.0,7.4,NaN,0.0,2.0,24.2,NaN,0.0,2.0,12.3,NaN,0.0,2.0,711.0,NaN,0.0,2.0,202.0,NaN,0.0,2.0,70.0,0.0,0.0,1.0,0.0,5.0,0.0,0.0,0.0,1.0,0.0,0.0,0.0,0.0,0.0,0.0,1.0,0.0,0.0,0.0,0.0,0.0,NaN,NaN,NaN,2.0,NaN,NaN,NaN
88.0,NaN,5.0,0.0,97.0,NaN,0.0,0.0,37.22,NaN,0.043999999999999775,1.0,114.0,NaN,-2.0,0.0,73.0,NaN,3.0,0.0,61.0,NaN,6.0,0.0,18.0,NaN,0.0,0.0,NaN,NaN,NaN,24.0,NaN,NaN,NaN,24.0,17.0,NaN,0.0,3.0,NaN,NaN,NaN,24.0,NaN,NaN,NaN,24.0,NaN,NaN,NaN,24.0,NaN,NaN,NaN,24.0,23.0,NaN,0.0,3.0,35.0,NaN,0.0,3.0,93.0,NaN,0.0,3.0,7.1,NaN,0.0,3.0,104.0,NaN,0.0,3.0,4.0,NaN,0.0,3.0,NaN,NaN,NaN,24.0,99.0,NaN,0.0,3.0,0.8,NaN,0.0,3.0,1.9,NaN,0.0,3.0,4.5,NaN,0.0,3.0,4.2,NaN,0.0,3.0,0.2,NaN,0.0,3.0,NaN,NaN,NaN,24.0,22.4,NaN,0.0,3.0,7.4,NaN,0.0,3.0,24.2,NaN,0.0,3.0,12.3,NaN,0.0,3.0,711.0,NaN,0.0,3.0,202.0,NaN,0.0,3.0,70.0,0.0,0.0,1.0,0.0,6.0,0.0,0.0,0.0,1.0,0.0,0.0,0.0,0.0,0.0,0.0,1.0,0.0,0.0,0.0,0.0,0.0,NaN,NaN,NaN,2.0,NaN,NaN,NaN
95.0,NaN,7.0,0.0,99.0,NaN,2.0,0.0,37.22,NaN,0.03666666666666648,2.0,136.0,NaN,22.0,0.0,91.0,NaN,18.0,0.0,77.0,NaN,16.0,0.0,26.0,NaN,8.0,0.0,NaN,NaN,NaN,24.0,NaN,NaN,NaN,24.0,17.0,NaN,0.0,4.0,NaN,NaN,NaN,24.0,NaN,NaN,NaN,24.0,NaN,NaN,NaN,24.0,NaN,NaN,NaN,24.0,23.0,NaN,0.0,4.0,35.0,NaN,0.0,4.0,93.0,NaN,0.0,4.0,7.1,NaN,0.0,4.0,104.0,NaN,0.0,4.0,4.0,NaN,0.0,4.0,NaN,NaN,NaN,24.0,99.0,NaN,0.0,4.0,0.8,NaN,0.0,4.0,1.9,NaN,0.0,4.0,4.5,NaN,0.0,4.0,4.2,NaN,0.0,4.0,0.2,NaN,0.0,4.0,NaN,NaN,NaN,24.0,22.4,NaN,0.0,4.0,7.4,NaN,0.0,4.0,24.2,NaN,0.0,4.0,12.3,NaN,0.0,4.0,711.0,NaN,0.0,4.0,202.0,NaN,0.0,4.0,70.0,0.0,0.0,1.0,0.0,7.0,0.0,1.0,1.0,1.0,0.0,0.0,0.0,0.0,0.0,0.0,1.0,0.0,0.0,0.0,0.0,0.0,NaN,NaN,NaN,2.0,NaN,NaN,NaN
86.0,NaN,-9.0,0.0,99.0,NaN,0.0,0.0,37.22,NaN,0.031428571428571264,3.0,107.0,NaN,-29.0,0.0,65.0,NaN,-26.0,0.0,50.0,NaN,-27.0,0.0,19.0,NaN,-7.0,0.0,NaN,NaN,NaN,24.0,NaN,NaN,NaN,24.0,17.0,NaN,0.0,5.0,NaN,NaN,NaN,24.0,NaN,NaN,NaN,24.0,NaN,NaN,NaN,24.0,NaN,NaN,NaN,24.0,23.0,NaN,0.0,5.0,35.0,NaN,0.0,5.0,93.0,NaN,0.0,5.0,7.1,NaN,0.0,5.0,104.0,NaN,0.0,5.0,4.0,NaN,0.0,5.0,NaN,NaN,NaN,24.0,99.0,NaN,0.0,5.0,0.8,NaN,0.0,5.0,1.9,NaN,0.0,5.0,4.5,NaN,0.0,5.0,4.2,NaN,0.0,5.0,0.2,NaN,0.0,5.0,NaN,NaN,NaN,24.0,22.4,NaN,0.0,5.0,7.4,NaN,0.0,5.0,24.2,NaN,0.0,5.0,12.3,NaN,0.0,5.0,711.0,NaN,0.0,5.0,202.0,NaN,0.0,5.0,70.0,0.0,0.0,1.0,0.0,8.0,0.0,0.0,0.0,1.0,0.0,0.0,0.0,1.0,0.0,0.0,1.0,0.0,0.0,0.0,0.0,0.0,NaN,NaN,NaN,2.0,NaN,NaN,NaN
80.0,NaN,-6.0,0.0,98.0,NaN,-1.0,0.0,37.17,NaN,-0.01249999999999929,0.0,91.0,NaN,-16.0,0.0,61.0,NaN,-4.0,0.0,50.0,NaN,0.0,0.0,19.0,NaN,0.0,0.0,NaN,NaN,NaN,24.0,NaN,NaN,NaN,24.0,17.0,NaN,0.0,0.0,NaN,NaN,NaN,24.0,NaN,NaN,NaN,24.0,NaN,NaN,NaN,24.0,NaN,NaN,NaN,24.0,23.0,NaN,0.0,6.0,34.0,NaN,-0.16666666666666666,0.0,93.0,NaN,0.0,6.0,7.1,NaN,0.0,6.0,105.0,NaN,0.16666666666666666,0.0,4.1,NaN,0.016666666666666607,0.0,NaN,NaN,NaN,24.0,99.0,NaN,0.0,0.0,0.8,NaN,0.0,6.0,1.8,NaN,-0.016666666666666646,0.0,4.6,NaN,0.016666666666666607,0.0,4.4,NaN,0.03333333333333336,0.0,0.2,NaN,0.0,6.0,NaN,NaN,NaN,24.0,22.4,NaN,0.0,0.0,7.3,NaN,-0.016666666666666757,0.0,24.2,NaN,0.0,6.0,10.7,NaN,-0.2666666666666669,0.0,711.0,NaN,0.0,6.0,216.0,NaN,2.3333333333333335,0.0,70.0,0.0,0.0,1.0,0.0,9.0,0.0,0.0,0.0,0.0,0.0,0.0,0.0,1.0,0.0,3.0,1.0,0.0,0.0,0.0,0.0,0.0,NaN,NaN,NaN,2.0,NaN,NaN,NaN
