102.5,NaN,NaN,24.0,97.0,NaN,NaN,24.0,37.0,NaN,NaN,24.0,117.0,NaN,NaN,24.0,74.0,NaN,NaN,24.0,62.0,NaN,NaN,24.0,27.0,NaN,NaN,24.0,NaN,NaN,NaN,24.0,NaN,NaN,NaN,24.0,26.0,NaN,NaN,24.0,NaN,NaN,NaN,24.0,NaN,NaN,NaN,24.0,NaN,NaN,NaN,24.0,NaN,NaN,NaN,24.0,NaN,NaN,NaN,24.0,13.0,NaN,NaN,24.0,NaN,NaN,NaN,24.0,7.9,NaN,NaN,24.0,112.0,NaN,NaN,24.0,0.7,NaN,NaN,24.0,NaN,NaN,NaN,24.0,97.0,NaN,NaN,24.0,NaN,NaN,NaN,24.0,2.2,NaN,NaN,24.0,2.8,NaN,NaN,24.0,3.8,NaN,NaN,24.0,NaN,NaN,NaN,24.0,NaN,NaN,NaN,24.0,26.6,NaN,NaN,24.0,8.8,NaN,NaN,24.0,31.1,NaN,NaN,24.0,6.4,NaN,NaN,24.0,517.0,NaN,NaN,24.0,301.0,NaN,NaN,24.0,82.0,1.0,1.0,0.0,0.0,1.0,0.0,1.0,1.0,0.0,0.0,0.0,0.0,0.0,0.0,0.0,1.0,0.0,1.0,1.0,0.0,0.0,NaN,8.0,8.0,8.0,NaN,NaN,NaN
98.5,NaN,-4.0,0.0,98.5,NaN,1.5,0.0,37.0,NaN,0.0,0.0,122.0,NaN,5.0,0.0,76.0,NaN,2.0,0.0,62.0,NaN,0.0,0.0,25.0,NaN,-2.0,0.0,NaN,NaN,NaN,24.0,NaN,NaN,NaN,24.0,26.0,NaN,0.0,1.0,NaN,NaN,NaN,24.0,NaN,NaN,NaN,24.0,NaN,NaN,NaN,24.0,NaN,NaN,NaN,24.0,NaN,NaN,NaN,24.0,13.0,NaN,0.0,1.0,NaN,NaN,NaN,24.0,7.9,NaN,0.0,1.0,112.0,NaN,0.0,1.0,0.7,NaN,0.0,1.0,NaN,NaN,NaN,24.0,97.0,NaN,0.0,1.0,NaN,NaN,NaN,24.0,2.2,NaN,0.0,1.0,2.8,NaN,0.0,1.0,3.8,NaN,0.0,1.0,NaN,NaN,NaN,24.0,NaN,NaN,NaN,24.0,26.6,NaN,0.0,1.0,8.8,NaN,0.0,1.0,31.1,NaN,0.0,1.0,6.4,NaN,0.0,1.0,517.0,NaN,0.0,1.0,301.0,NaN,0.0,1.0,82.0,1.0,1.0,0.0,0.0,2.0,0.0,1.0,1.0,0.0,0.0,0.0,0.0,0.0,0.0,0.0,1.0,0.0,1.0,1.0,0.0,0.0,NaN,8.0,8.0,8.0,NaN,NaN,NaN
102.0,NaN,3.5,0.0,98.0,NaN,-0.5,0.0,37.0,NaN,0.0,1.0,121.0,NaN,-1.0,0.0,76.0,NaN,0.0,0.0,63.0,NaN,1.0,0.0,21.0,NaN,-4.0,0.0,NaN,NaN,NaN,24.0,NaN,NaN,NaN,24.0,26.0,NaN,0.0,2.0,NaN,NaN,NaN,24.0,NaN,NaN,NaN,24.0,NaN,NaN,NaN,24.0,NaN,NaN,NaN,24.0,NaN,NaN,NaN,24.0,13.0,NaN,0.0,2.0,NaN,NaN,NaN,24.0,7.9,NaN,0.0,2.0,112.0,NaN,0.0,2.0,0.7,NaN,0.0,2.0,NaN,NaN,NaN,24.0,97.0,NaN,0.0,2.0,NaN,NaN,NaN,24.0,2.2,NaN,0.0,2.0,2.8,NaN,0.0,2.0,3.8,NaN,0.0,2.0,NaN,NaN,NaN,24.0,NaN,NaN,NaN,24.0,26.6,NaN,0.0,2.0,8.8,NaN,0.0,2.0,31.1,NaN,0.0,2.0,6.4,NaN,0.0,2.0,517.0,NaN,0.0,2.0,301.0,NaN,0.0,2.0,82.0,1.0,1.0,0.0,0.0,3.0,0.0,1.0,1.0,0.0,0.0,0.0,0.0,0.0,0.0,0.0,1.0,0.0,1.0,1.0,0.0,0.0,NaN,8.0,8.0,8.0,NaN,NaN,NaN
106.0,NaN,4.0,0.0,96.0,NaN,-2.0,0.0,37.67,NaN,0.33500000000000085,0.0,118.0,NaN,-3.0,0.0,78.0,NaN,2.0,0.0,68.0,NaN,5.0,0.0,29.0,NaN,8.0,0.0,NaN,NaN,NaN,24.0,NaN,NaN,NaN,24.0,26.0,NaN,0.0,3.0,NaN,NaN,NaN,24.0,NaN,NaN,NaN,24.0,NaN,NaN,NaN,24.0,NaN,NaN,NaN,24.0,NaN,NaN,NaN,24.0,13.0,NaN,0.0,3.0,NaN,NaN,NaN,24.0,7.9,NaN,0.0,3.0,112.0,NaN,0.0,3.0,0.7,NaN,0.0,3.0,NaN,NaN,NaN,24.0,97.0,NaN,0.0,3.0,NaN,NaN,NaN,24.0,2.2,NaN,0.0,3.0,2.8,NaN,0.0,3.0,3.8,NaN,0.0,3.0,NaN,NaN,NaN,24.0,NaN,NaN,NaN,24.0,26.6,NaN,0.0,3.0,8.8,NaN,0.0,3.0,31.1,NaN,0.0,3.0,6.4,NaN,0.0,3.0,517.0,NaN,0.0,3.0,301.0,NaN,0.0,3.0,82.0,1.0,1.0,0.0,0.0,4.0,0.0,1.0,1.0,0.0,0.0,0.0,0.0,0.0,0.0,0.0,1.0,0.0,1.0,1.0,0.0,0.0,NaN,8.0,8.0,8.0,NaN,NaN,NaN
121.0,NaN,15.0,0.0,98.0,NaN,2.0,0.0,37.67,NaN,0.2233333333333339,1.0,115.0,NaN,-3.0,0.0,87.0,NaN,9.0,0.0,79.0,NaN,11.0,0.0,28.0,NaN,-1.0,0.0,NaN,NaN,NaN,24.0,NaN,NaN,NaN,24.0,26.0,NaN,0.0,4.0,NaN,NaN,NaN,24.0,NaN,NaN,NaN,24.0,NaN,NaN,NaN,24.0,NaN,NaN,NaN,24.0,NaN,NaN,NaN,24.0,13.0,NaN,0.0,4.0,NaN,NaN,NaN,24.0,7.9,NaN,0.0,4.0,112.0,NaN,0.0,4.0,0.7,NaN,0.0,4.0,NaN,NaN,NaN,24.0,97.0,NaN,0.0,4.0,NaN,NaN,NaN,24.0,2.2,NaN,0.0,4.0,2.8,NaN,0.0,4.0,3.8,NaN,0.0,4.0,NaN,NaN,NaN,24.0,NaN,NaN,NaN,24.0,26.6,NaN,0.0,4.0,8.8,NaN,0.0,4.0,31.1,NaN,0.0,4.0,6.4,NaN,0.0,4.0,517.0,NaN,0.0,4.0,301.0,NaN,0.0,4.0,82.0,1.0,1.0,0.0,0.0,5.0,0.0,1.0,1.0,0.0,0.0,0.0,0.0,0.0,0.0,0.0,1.0,1.0,1.0,1.0,0.0,0.0,NaN,8.0,8.0,8.0,NaN,NaN,NaN
121.0,NaN,7.5,1.0,98.0,NaN,1.0,1.0,37.67,NaN,0.16750000000000043,2.0,115.0,NaN,-1.5,1.0,87.0,NaN,4.5,1.0,79.0,NaN,5.5,1.0,28.0,NaN,-0.5,1.0,NaN,NaN,NaN,24.0,NaN,NaN,NaN,24.0,26.0,NaN,0.0,5.0,NaN,NaN,NaN,24.0,NaN,NaN,NaN,24.0,NaN,NaN,NaN,24.0,NaN,NaN,NaN,24.0,NaN,NaN,NaN,24.0,13.0,NaN,0.0,5.0,NaN,NaN,NaN,24.0,7.9,NaN,0.0,5.0,112.0,NaN,0.0,5.0,0.7,NaN,0.0,5.0,NaN,NaN,NaN,24.0,97.0,NaN,0.0,5.0,NaN,NaN,NaN,24.0,2.2,NaN,0.0,5.0,2.8,NaN,0.0,5.0,3.8,NaN,0.0,5.0,NaN,NaN,NaN,24.0,NaN,NaN,NaN,24.0,26.6,NaN,0.0,5.0,8.8,NaN,0.0,5.0,31.1,NaN,0.0,5.0,6.4,NaN,0.0,5.0,517.0,NaN,0.0,5.0,301.0,NaN,0.0,5.0,82.0,1.0,1.0,0.0,0.0,6.0,0.0,1.0,1.0,0.0,0.0,0.0,0.0,0.0,0.0,0.0,1.0,1.0,1.0,1.0,0.0,0.0,NaN,8.0,8.0,8.0,NaN,NaN,NaN
121.0,NaN,5.0,2.0,98.0,NaN,0.6666666666666666,2.0,37.67,NaN,0.13400000000000034,3.0,115.0,NaN,-1.0,2.0,87.0,NaN,3.0,2.0,79.0,NaN,3.6666666666666665,2.0,28.0,NaN,-0.3333333333333333,2.0,NaN,NaN,NaN,24.0,0.0,NaN,0.0,0.0,26.0,NaN,0.0,6.0,NaN,NaN,NaN,24.0,7.38,NaN,0.0,0.0,42.0,NaN,0.0,0.0,NaN,NaN,NaN,24.0,NaN,NaN,NaN,24.0,13.0,NaN,0.0,6.0,NaN,NaN,NaN,24.0,7.9,NaN,0.0,6.0,112.0,NaN,0.0,6.0,0.7,NaN,0.0,6.0,NaN,NaN,NaN,24.0,108.0,NaN,1.8333333333333333,0.0,0.8,NaN,0.0,0.0,2.2,NaN,0.0,6.0,2.8,NaN,0.0,6.0,3.8,NaN,0.0,0.0,NaN,NaN,NaN,24.0,NaN,NaN,NaN,24.0,25.4,NaN,-0.20000000000000048,0.0,8.65,NaN,-0.02500000000000006,0.0,31.3,NaN,0.033333333333333215,0.0,9.8,NaN,0.5666666666666668,0.0,462.0,NaN,-9.166666666666666,0.0,306.0,NaN,0.8333333333333334,0.0,82.0,1.0,1.0,0.0,0.0,7.0,0.0,1.0,1.0,0.0,0.0,0.0,0.0,0.0,0.0,0.0,1.0,1.0,1.0,1.0,0.0,0.0,NaN,8.0,8.0,8.0,NaN,NaN,NaN
103.0,NaN,-6.0,0.0,98.0,NaN,0.0,0.0,35.72,NaN,-0.4875000000000007,0.0,110.0,NaN,-1.6666666666666667,0.0,79.0,NaN,-2.6666666666666665,0.0,57.0,NaN,-7.333333333333333,0.0,11.0,NaN,-5.666666666666667,0.0,NaN,NaN,NaN,24.0,0.0,NaN,0.0,1.0,23.0,NaN,-0.42857142857142855,0.0,NaN,NaN,NaN,24.0,7.38,NaN,0.0,1.0,42.0,NaN,0.0,1.0,NaN,NaN,NaN,24.0,NaN,NaN,NaN,24.0,13.0,NaN,0.0,0.0,NaN,NaN,NaN,24.0,7.7,NaN,-0.0285714285714286,0.0,114.0,NaN,0.2857142857142857,0.0,0.6,NaN,-0.014285714285714282,0.0,NaN,NaN,NaN,24.0,137.0,NaN,29.0,0.0,0.8,NaN,0.0,1.0,2.2,NaN,0.0,0.0,3.6,NaN,0.11428571428571432,0.0,4.1,NaN,0.2999999999999998,0.0,NaN,NaN,NaN,24.0,NaN,NaN,NaN,24.0,28.3,NaN,2.900000000000002,0.0,9.6,NaN,0.9499999999999993,0.0,30.2,NaN,-1.1000000000000014,0.0,7.2,NaN,-2.6000000000000005,0.0,462.0,NaN,-7.857142857142857,1.0,273.0,NaN,-33.0,0.0,82.0,1.0,1.0,0.0,0.0,8.0,1.0,0.0,1.0,0.0,0.0,0.0,0.0,0.0,0.0,0.0,1.0,1.0,1.0,1.0,0.0,0.0,NaN,8.0,8.0,8.0,NaN,NaN,NaN
91.0,NaN,-12.0,0.0,96.0,NaN,-2.0,0.0,35.72,NaN,-0.39000000000000057,1.0,107.0,NaN,-3.0,0.0,77.0,NaN,-2.0,0.0,58.0,NaN,1.0,0.0,26.0,NaN,15.0,0.0,NaN,NaN,NaN,24.0,0.0,NaN,0.0,2.0,23.0,NaN,-0.375,1.0,NaN,NaN,NaN,24.0,7.38,NaN,0.0,2.0,42.0,NaN,0.0,2.0,NaN,NaN,NaN,24.0,NaN,NaN,NaN,24.0,13.0,NaN,0.0,1.0,NaN,NaN,NaN,24.0,7.7,NaN,-0.025000000000000022,1.0,114.0,NaN,0.25,1.0,0.6,NaN,-0.012499999999999997,1.0,NaN,NaN,NaN,24.0,137.0,NaN,14.5,1.0,0.8,NaN,0.0,2.0,2.2,NaN,0.0,1.0,3.6,NaN,0.10000000000000003,1.0,4.1,NaN,0.1499999999999999,1.0,NaN,NaN,NaN,24.0,NaN,NaN,NaN,24.0,28.3,NaN,1.450000000000001,1.0,9.6,NaN,0.47499999999999964,1.0,30.2,NaN,-0.5500000000000007,1.0,7.2,NaN,-1.3000000000000003,1.0,462.0,NaN,-6.875,2.0,273.0,NaN,-16.5,1.0,82.0,1.0,1.0,0.0,0.0,9.0,1.0,1.0,1.0,0.0,0.0,0.0,0.0,0.0,0.0,0.0,1.0,1.0,1.0,1.0,0.0,0.0,NaN,8.0,8.0,8.0,NaN,NaN,NaN
101.0,NaN,10.0,0.0,98.0,NaN,2.0,0.0,35.72,NaN,-0.32500000000000046,2.0,116.0,NaN,9.0,0.0,85.0,NaN,8.0,0.0,65.0,NaN,7.0,0.0,23.0,NaN,-3.0,0.0,NaN,NaN,NaN,24.0,0.0,NaN,0.0,3.0,23.0,NaN,-0.3333333333333333,2.0,NaN,NaN,NaN,24.0,7.38,NaN,0.0,3.0,42.0,NaN,0.0,3.0,NaN,NaN,NaN,24.0,NaN,NaN,NaN,24.0,13.0,NaN,0.0,2.0,NaN,NaN,NaN,24.0,7.7,NaN,-0.02222222222222224,2.0,114.0,NaN,0.2222222222222222,2.0,0.6,NaN,-0.011111111111111108,2.0,NaN,NaN,NaN,24.0,137.0,NaN,9.666666666666666,2.0,0.8,NaN,0.0,3.0,2.2,NaN,0.0,2.0,3.6,NaN,0.08888888888888892,2.0,4.1,NaN,0.09999999999999994,2.0,NaN,NaN,NaN,24.0,NaN,NaN,NaN,24.0,28.3,NaN,0.9666666666666673,2.0,9.6,NaN,0.31666666666666643,2.0,30.2,NaN,-0.36666666666666714,2.0,7.2,NaN,-0.8666666666666668,2.0,462.0,NaN,-6.111111111111111,3.0,273.0,NaN,-11.0,2.0,82.0,1.0,1.0,0.0,0.0,10.0,1.0,1.0,1.0,0.0,0.0,0.0,0.0,0.0,0.0,0.0,1.0,1.0,1.0,1.0,0.0,0.0,NaN,8.0,8.0,8.0,NaN,NaN,NaN
80.0,NaN,-21.0,0.0,100.0,NaN,2.0,0.0,35.94,NaN,0.07333333333333296,0.0,93.0,NaN,-23.0,0.0,71.0,NaN,-14.0,0.0,55.0,NaN,-10.0,0.0,22.0,NaN,-1.0,0.0,NaN,NaN,NaN,24.0,0.0,NaN,0.0,4.0,23.0,NaN,-0.3,3.0,NaN,NaN,NaN,24.0,7.38,NaN,0.0,4.0,42.0,NaN,0.0,4.0,NaN,NaN,NaN,24.0,NaN,NaN,NaN,24.0,13.0,NaN,0.0,3.0,NaN,NaN,NaN,24.0,7.7,NaN,-0.020000000000000018,3.0,114.0,NaN,0.2,3.0,0.6,NaN,-0.009999999999999998,3.0,NaN,NaN,NaN,24.0,137.0,NaN,7.25,3.0,0.8,NaN,0.0,4.0,2.2,NaN,0.0,3.0,3.6,NaN,0.08000000000000003,3.0,4.1,NaN,0.07499999999999996,3.0,NaN,NaN,NaN,24.0,NaN,NaN,NaN,24.0,28.3,NaN,0.7250000000000005,3.0,9.6,NaN,0.23749999999999982,3.0,30.2,NaN,-0.27500000000000036,3.0,7.2,NaN,-0.6500000000000001,3.0,462.0,NaN,-5.5,4.0,273.0,NaN,-8.25,3.0,82.0,1.0,1.0,0.0,0.0,11.0,1.0,1.0,0.0,0.0,0.0,0.0,0.0,0.0,0.0,0.0,1.0,1.0,1.0,1.0,0.0,0.0,NaN,8.0,8.0,8.0,NaN,NaN,NaN
80.0,NaN,0.0,0.0,97.0,NaN,-3.0,0.0,35.94,NaN,0.054999999999999716,1.0,100.0,NaN,7.0,0.0,71.0,NaN,0.0,0.0,54.0,NaN,-1.0,0.0,22.0,NaN,0.0,0.0,NaN,NaN,NaN,24.0,0.0,NaN,0.0,5.0,23.0,NaN,-0.2727272727272727,4.0,NaN,NaN,NaN,24.0,7.38,NaN,0.0,5.0,42.0,NaN,0.0,5.0,NaN,NaN,NaN,24.0,NaN,NaN,NaN,24.0,13.0,NaN,0.0,4.0,NaN,NaN,NaN,24.0,7.7,NaN,-0.0181818181818182,4.0,114.0,NaN,0.18181818181818182,4.0,0.6,NaN,-0.009090909090909089,4.0,NaN,NaN,NaN,24.0,137.0,NaN,5.8,4.0,0.8,NaN,0.0,5.0,2.2,NaN,0.0,4.0,3.6,NaN,0.07272727272727275,4.0,4.1,NaN,0.05999999999999996,4.0,NaN,NaN,NaN,24.0,NaN,NaN,NaN,24.0,28.3,NaN,0.5800000000000004,4.0,9.6,NaN,0.18999999999999986,4.0,30.2,NaN,-0.22000000000000028,4.0,7.2,NaN,-0.5200000000000001,4.0,462.0,NaN,-5.0,5.0,273.0,NaN,-6.6,4.0,82.0,1.0,1.0,0.0,0.0,12.0,1.0,1.0,0.0,0.0,0.0,0.0,0.0,0.0,0.0,0.0,1.0,1.0,1.0,1.0,0.0,0.0,NaN,8.0,8.0,8.0,NaN,NaN,NaN
