69.0,NaN,NaN,24.0,100.0,NaN,NaN,24.0,36.5,NaN,NaN,24.0,135.0,NaN,NaN,24.0,94.5,NaN,NaN,24.0,70.0,NaN,NaN,24.0,16.5,NaN,NaN,24.0,NaN,NaN,NaN,24.0,-3.0,NaN,NaN,24.0,20.0,NaN,NaN,24.0,0.6,NaN,NaN,24.0,7.33,NaN,NaN,24.0,43.0,NaN,NaN,24.0,NaN,NaN,NaN,24.0,NaN,NaN,NaN,24.0,15.0,NaN,NaN,24.0,NaN,NaN,NaN,24.0,NaN,NaN,NaN,24.0,107.0,NaN,NaN,24.0,0.8,NaN,NaN,24.0,NaN,NaN,NaN,24.0,146.0,NaN,NaN,24.0,1.5,NaN,NaN,24.0,NaN,NaN,NaN,24.0,NaN,NaN,NaN,24.0,4.3,NaN,NaN,24.0,NaN,NaN,NaN,24.0,NaN,NaN,NaN,24.0,31.4,NaN,NaN,24.0,10.55,NaN,NaN,24.0,28.9,NaN,NaN,24.0,10.5,NaN,NaN,24.0,NaN,NaN,NaN,24.0,234.0,NaN,NaN,24.0,53.0,0.0,-1.0,-1.0,-102.98527777777778,1.0,0.0,0.0,0.0,0.0,2.0,0.0,0.0,0.0,0.0,0.0,0.0,0.0,1.0,1.0,0.0,0.0,3.0,5.0,4.0,0.0,NaN,NaN,NaN
66.0,NaN,-3.0,0.0,100.0,NaN,0.0,0.0,36.4,NaN,-0.10000000000000142,0.0,132.0,NaN,-3.0,0.0,94.0,NaN,-0.5,0.0,73.0,NaN,3.0,0.0,4.0,NaN,-12.5,0.0,NaN,NaN,NaN,24.0,-3.0,NaN,0.0,1.0,20.0,NaN,0.0,1.0,0.4,NaN,-0.19999999999999996,0.0,7.33,NaN,0.0,1.0,43.0,NaN,0.0,1.0,NaN,NaN,NaN,24.0,NaN,NaN,NaN,24.0,15.0,NaN,0.0,1.0,NaN,NaN,NaN,24.0,NaN,NaN,NaN,24.0,107.0,NaN,0.0,1.0,0.8,NaN,0.0,1.0,NaN,NaN,NaN,24.0,146.0,NaN,0.0,1.0,1.5,NaN,0.0,1.0,NaN,NaN,NaN,24.0,NaN,NaN,NaN,24.0,4.3,NaN,0.0,1.0,NaN,NaN,NaN,24.0,NaN,NaN,NaN,24.0,31.4,NaN,0.0,1.0,10.55,NaN,0.0,1.0,28.9,NaN,0.0,1.0,10.5,NaN,0.0,1.0,NaN,NaN,NaN,24.0,234.0,NaN,0.0,1.0,53.0,0.0,-1.0,-1.0,-102.98527777777778,2.0,0.0,0.0,0.0,0.0,1.0,0.0,0.0,0.0,0.0,0.0,0.0,1.0,1.0,1.0,0.0,0.0,3.0,5.0,4.0,0.0,NaN,NaN,NaN
73.0,NaN,7.0,0.0,100.0,NaN,0.0,0.0,36.8,NaN,0.3999999999999986,0.0,124.0,NaN,-8.0,0.0,91.0,NaN,-3.0,0.0,71.0,NaN,-2.0,0.0,15.0,NaN,11.0,0.0,NaN,NaN,NaN,24.0,-3.0,NaN,0.0,2.0,20.0,NaN,0.0,2.0,0.4,NaN,-0.09999999999999998,1.0,7.33,NaN,0.0,2.0,43.0,NaN,0.0,2.0,NaN,NaN,NaN,24.0,NaN,NaN,NaN,24.0,15.0,NaN,0.0,2.0,NaN,NaN,NaN,24.0,NaN,NaN,NaN,24.0,107.0,NaN,0.0,2.0,0.8,NaN,0.0,2.0,NaN,NaN,NaN,24.0,146.0,NaN,0.0,2.0,1.5,NaN,0.0,2.0,NaN,NaN,NaN,24.0,NaN,NaN,NaN,24.0,4.3,NaN,0.0,2.0,NaN,NaN,NaN,24.0,NaN,NaN,NaN,24.0,31.4,NaN,0.0,2.0,10.55,NaN,0.0,2.0,28.9,NaN,0.0,2.0,10.5,NaN,0.0,2.0,NaN,NaN,NaN,24.0,234.0,NaN,0.0,2.0,53.0,0.0,-1.0,-1.0,-102.98527777777778,3.0,0.0,0.0,0.0,0.0,0.0,0.0,0.0,0.0,0.0,0.0,1.0,1.0,1.0,1.0,0.0,0.0,3.0,5.0,4.0,0.0,NaN,NaN,NaN
73.0,NaN,0.0,0.0,100.0,NaN,0.0,0.0,36.8,NaN,0.0,0.0,126.0,NaN,2.0,0.0,93.0,NaN,2.0,0.0,75.0,NaN,4.0,0.0,14.0,NaN,-1.0,0.0,NaN,NaN,NaN,24.0,0.0,NaN,1.0,0.0,20.0,NaN,0.0,3.0,0.4,NaN,-0.06666666666666665,2.0,7.41,NaN,0.02666666666666669,0.0,36.0,NaN,-2.3333333333333335,0.0,NaN,NaN,NaN,24.0,NaN,NaN,NaN,24.0,15.0,NaN,0.0,3.0,NaN,NaN,NaN,24.0,NaN,NaN,NaN,24.0,107.0,NaN,0.0,3.0,0.8,NaN,0.0,3.0,NaN,NaN,NaN,24.0,102.0,NaN,-14.666666666666666,0.0,1.7,NaN,0.06666666666666665,0.0,NaN,NaN,NaN,24.0,NaN,NaN,NaN,24.0,3.9,NaN,-0.1333333333333333,0.0,NaN,NaN,NaN,24.0,NaN,NaN,NaN,24.0,31.4,NaN,0.0,3.0,10.55,NaN,0.0,3.0,28.9,NaN,0.0,3.0,10.5,NaN,0.0,3.0,NaN,NaN,NaN,24.0,234.0,NaN,0.0,3.0,53.0,0.0,-1.0,-1.0,-102.98527777777778,4.0,0.0,0.0,0.0,0.0,0.0,0.0,0.0,0.0,0.0,0.0,1.0,1.0,1.0,1.0,0.0,0.0,3.0,5.0,4.0,0.0,NaN,NaN,NaN
70.0,NaN,-3.0,0.0,100.0,NaN,0.0,0.0,37.1,NaN,0.30000000000000426,0.0,141.0,NaN,15.0,0.0,100.0,NaN,7.0,0.0,78.0,NaN,3.0,0.0,18.0,NaN,4.0,0.0,NaN,NaN,NaN,24.0,0.0,NaN,0.75,1.0,20.0,NaN,0.0,4.0,0.4,NaN,0.0,0.0,7.41,NaN,0.020000000000000018,1.0,36.0,NaN,-1.75,1.0,NaN,NaN,NaN,24.0,NaN,NaN,NaN,24.0,15.0,NaN,0.0,4.0,NaN,NaN,NaN,24.0,NaN,NaN,NaN,24.0,107.0,NaN,0.0,4.0,0.8,NaN,0.0,4.0,NaN,NaN,NaN,24.0,102.0,NaN,-11.0,1.0,1.7,NaN,0.04999999999999999,1.0,NaN,NaN,NaN,24.0,NaN,NaN,NaN,24.0,3.9,NaN,-0.09999999999999998,1.0,NaN,NaN,NaN,24.0,NaN,NaN,NaN,24.0,31.4,NaN,0.0,4.0,10.55,NaN,0.0,4.0,28.9,NaN,0.0,4.0,10.5,NaN,0.0,4.0,NaN,NaN,NaN,24.0,234.0,NaN,0.0,4.0,53.0,0.0,-1.0,-1.0,-102.98527777777778,5.0,0.0,0.0,0.0,0.0,1.0,0.0,0.0,0.0,0.0,0.0,0.0,1.0,1.0,1.0,0.0,0.0,3.0,5.0,4.0,0.0,NaN,NaN,NaN
84.0,NaN,14.0,0.0,100.0,NaN,0.0,0.0,37.7,NaN,0.6000000000000014,0.0,147.0,NaN,6.0,0.0,105.0,NaN,5.0,0.0,82.0,NaN,4.0,0.0,12.0,NaN,-6.0,0.0,NaN,NaN,NaN,24.0,0.0,NaN,0.6,2.0,20.0,NaN,0.0,5.0,0.4,NaN,0.0,1.0,7.41,NaN,0.016000000000000014,2.0,36.0,NaN,-1.4,2.0,NaN,NaN,NaN,24.0,NaN,NaN,NaN,24.0,15.0,NaN,0.0,5.0,NaN,NaN,NaN,24.0,NaN,NaN,NaN,24.0,107.0,NaN,0.0,5.0,0.8,NaN,0.0,5.0,NaN,NaN,NaN,24.0,102.0,NaN,-8.8,2.0,1.7,NaN,0.039999999999999994,2.0,NaN,NaN,NaN,24.0,NaN,NaN,NaN,24.0,3.9,NaN,-0.07999999999999999,2.0,NaN,NaN,NaN,24.0,NaN,NaN,NaN,24.0,31.4,NaN,0.0,5.0,10.55,NaN,0.0,5.0,28.9,NaN,0.0,5.0,10.5,NaN,0.0,5.0,NaN,NaN,NaN,24.0,234.0,NaN,0.0,5.0,53.0,0.0,-1.0,-1.0,-102.98527777777778,6.0,0.0,0.0,0.0,0.0,0.0,0.0,0.0,0.0,0.0,0.0,1.0,1.0,1.0,1.0,0.0,0.0,3.0,5.0,4.0,0.0,NaN,NaN,NaN
87.0,NaN,3.0,0.0,100.0,NaN,0.0,0.0,38.1,NaN,0.3999999999999986,0.0,151.0,NaN,4.0,0.0,106.0,NaN,1.0,0.0,82.0,NaN,0.0,0.0,17.0,NaN,5.0,0.0,NaN,NaN,NaN,24.0,0.0,NaN,0.0,0.0,22.0,NaN,0.3333333333333333,0.0,0.4,NaN,0.0,2.0,7.4,NaN,-0.0033333333333332624,0.0,39.0,NaN,1.0,0.0,NaN,NaN,NaN,24.0,NaN,NaN,NaN,24.0,14.0,NaN,-0.16666666666666666,0.0,NaN,NaN,NaN,24.0,NaN,NaN,NaN,24.0,106.0,NaN,-0.16666666666666666,0.0,0.6,NaN,-0.03333333333333335,0.0,NaN,NaN,NaN,24.0,81.5,NaN,-6.833333333333333,0.0,1.0,NaN,-0.2333333333333333,0.0,2.3,NaN,0.0,0.0,4.1,NaN,0.0,0.0,4.25,NaN,0.1166666666666667,0.0,NaN,NaN,NaN,24.0,NaN,NaN,NaN,24.0,30.8,NaN,-0.09999999999999964,0.0,10.5,NaN,-0.008333333333333451,0.0,26.5,NaN,-0.39999999999999974,0.0,11.1,NaN,0.09999999999999994,0.0,NaN,NaN,NaN,24.0,230.0,NaN,-0.6666666666666666,0.0,53.0,0.0,-1.0,-1.0,-102.98527777777778,7.0,1.0,0.0,0.0,0.0,0.0,0.0,0.0,0.0,0.0,0.0,1.0,1.0,1.0,1.0,0.0,0.0,3.0,5.0,4.0,0.0,NaN,NaN,NaN
92.0,NaN,5.0,0.0,100.0,NaN,0.0,0.0,38.5,NaN,0.3999999999999986,0.0,131.0,NaN,-20.0,0.0,116.0,NaN,10.0,0.0,106.0,NaN,24.0,0.0,19.0,NaN,2.0,0.0,NaN,NaN,NaN,24.0,0.0,NaN,0.0,1.0,22.0,NaN,0.2857142857142857,1.0,0.4,NaN,0.0,0.0,7.4,NaN,-0.0024999999999999467,1.0,39.0,NaN,0.75,1.0,NaN,NaN,NaN,24.0,NaN,NaN,NaN,24.0,14.0,NaN,-0.14285714285714285,1.0,NaN,NaN,NaN,24.0,NaN,NaN,NaN,24.0,106.0,NaN,-0.14285714285714285,1.0,0.6,NaN,-0.02857142857142858,1.0,NaN,NaN,NaN,24.0,81.5,NaN,-5.125,1.0,1.0,NaN,-0.175,1.0,2.3,NaN,0.0,1.0,4.1,NaN,0.0,1.0,4.25,NaN,0.08750000000000002,1.0,NaN,NaN,NaN,24.0,NaN,NaN,NaN,24.0,30.8,NaN,-0.08571428571428541,1.0,10.5,NaN,-0.007142857142857244,1.0,26.5,NaN,-0.34285714285714264,1.0,11.1,NaN,0.08571428571428566,1.0,NaN,NaN,NaN,24.0,230.0,NaN,-0.5714285714285714,1.0,53.0,0.0,-1.0,-1.0,-102.98527777777778,8.0,1.0,0.0,1.0,0.0,1.0,0.0,0.0,0.0,0.0,0.0,0.0,1.0,1.0,1.0,0.0,0.0,3.0,5.0,4.0,0.0,NaN,NaN,NaN
96.0,NaN,4.0,0.0,99.0,NaN,-1.0,0.0,38.4,NaN,-0.10000000000000142,0.0,150.0,NaN,19.0,0.0,119.0,NaN,3.0,0.0,101.0,NaN,-5.0,0.0,19.0,NaN,0.0,0.0,NaN,NaN,NaN,24.0,0.0,NaN,0.0,2.0,22.0,NaN,0.25,2.0,0.4,NaN,0.0,1.0,7.4,NaN,-0.0019999999999999575,2.0,39.0,NaN,0.6,2.0,NaN,NaN,NaN,24.0,NaN,NaN,NaN,24.0,14.0,NaN,-0.125,2.0,NaN,NaN,NaN,24.0,NaN,NaN,NaN,24.0,106.0,NaN,-0.125,2.0,0.6,NaN,-0.02500000000000001,2.0,NaN,NaN,NaN,24.0,100.0,NaN,9.25,0.0,1.0,NaN,-0.13999999999999999,2.0,2.3,NaN,0.0,2.0,4.1,NaN,0.0,2.0,4.25,NaN,0.07000000000000002,2.0,NaN,NaN,NaN,24.0,NaN,NaN,NaN,24.0,30.8,NaN,-0.07499999999999973,2.0,10.5,NaN,-0.006250000000000089,2.0,26.5,NaN,-0.2999999999999998,2.0,11.1,NaN,0.07499999999999996,2.0,NaN,NaN,NaN,24.0,230.0,NaN,-0.5,2.0,53.0,0.0,-1.0,-1.0,-102.98527777777778,9.0,1.0,0.0,1.0,0.0,0.0,0.0,0.0,0.0,0.0,0.0,1.0,1.0,1.0,1.0,0.0,0.0,3.0,5.0,4.0,0.0,NaN,NaN,NaN
