61.0,NaN,NaN,24.0,94.0,NaN,NaN,24.0,36.39,NaN,NaN,24.0,103.0,NaN,NaN,24.0,75.0,NaN,NaN,24.0,66.0,NaN,NaN,24.0,10.0,NaN,NaN,24.0,NaN,NaN,NaN,24.0,NaN,NaN,NaN,24.0,25.0,NaN,NaN,24.0,NaN,NaN,NaN,24.0,NaN,NaN,NaN,24.0,NaN,NaN,NaN,24.0,NaN,NaN,NaN,24.0,NaN,NaN,NaN,24.0,16.0,NaN,NaN,24.0,NaN,NaN,NaN,24.0,8.0,NaN,NaN,24.0,107.0,NaN,NaN,24.0,0.7,NaN,NaN,24.0,NaN,NaN,NaN,24.0,155.0,NaN,NaN,24.0,NaN,NaN,NaN,24.0,2.0,NaN,NaN,24.0,3.0,NaN,NaN,24.0,4.1,NaN,NaN,24.0,NaN,NaN,NaN,24.0,NaN,NaN,NaN,24.0,36.1,NaN,NaN,24.0,11.2,NaN,NaN,24.0,70.0,NaN,NaN,24.0,4.4,NaN,NaN,24.0,NaN,NaN,NaN,24.0,259.0,NaN,NaN,24.0,61.0,1.0,1.0,0.0,-11.714444444444444,1.0,0.0,0.0,0.0,0.0,0.0,0.0,0.0,0.0,0.0,0.0,1.0,0.0,0.0,NaN,0.0,0.0,NaN,NaN,NaN,NaN,NaN,NaN,NaN
62.0,NaN,1.0,0.0,94.0,NaN,0.0,0.0,36.39,NaN,0.0,1.0,96.0,NaN,-7.0,0.0,74.0,NaN,-1.0,0.0,68.0,NaN,2.0,0.0,10.0,NaN,0.0,0.0,NaN,NaN,NaN,24.0,NaN,NaN,NaN,24.0,25.0,NaN,0.0,1.0,NaN,NaN,NaN,24.0,NaN,NaN,NaN,24.0,NaN,NaN,NaN,24.0,NaN,NaN,NaN,24.0,NaN,NaN,NaN,24.0,16.0,NaN,0.0,1.0,NaN,NaN,NaN,24.0,8.0,NaN,0.0,1.0,107.0,NaN,0.0,1.0,0.7,NaN,0.0,1.0,NaN,NaN,NaN,24.0,155.0,NaN,0.0,1.0,NaN,NaN,NaN,24.0,2.0,NaN,0.0,1.0,3.0,NaN,0.0,1.0,4.1,NaN,0.0,1.0,NaN,NaN,NaN,24.0,NaN,NaN,NaN,24.0,36.1,NaN,0.0,1.0,11.2,NaN,0.0,1.0,70.0,NaN,0.0,1.0,4.4,NaN,0.0,1.0,NaN,NaN,NaN,24.0,259.0,NaN,0.0,1.0,61.0,1.0,1.0,0.0,-11.714444444444444,2.0,0.0,0.0,0.0,0.0,0.0,0.0,0.0,0.0,0.0,0.0,1.0,0.0,0.0,NaN,0.0,0.0,NaN,NaN,NaN,NaN,NaN,NaN,NaN
64.0,NaN,2.0,0.0,94.0,NaN,0.0,0.0,36.39,NaN,0.0,2.0,99.0,NaN,3.0,0.0,67.0,NaN,-7.0,0.0,57.0,NaN,-11.0,0.0,12.0,NaN,2.0,0.0,NaN,NaN,NaN,24.0,NaN,NaN,NaN,24.0,25.0,NaN,0.0,2.0,NaN,NaN,NaN,24.0,NaN,NaN,NaN,24.0,NaN,NaN,NaN,24.0,NaN,NaN,NaN,24.0,NaN,NaN,NaN,24.0,16.0,NaN,0.0,2.0,NaN,NaN,NaN,24.0,8.0,NaN,0.0,2.0,107.0,NaN,0.0,2.0,0.7,NaN,0.0,2.0,NaN,NaN,NaN,24.0,155.0,NaN,0.0,2.0,NaN,NaN,NaN,24.0,2.0,NaN,0.0,2.0,3.0,NaN,0.0,2.0,4.1,NaN,0.0,2.0,NaN,NaN,NaN,24.0,NaN,NaN,NaN,24.0,36.1,NaN,0.0,2.0,11.2,NaN,0.0,2.0,70.0,NaN,0.0,2.0,4.4,NaN,0.0,2.0,NaN,NaN,NaN,24.0,259.0,NaN,0.0,2.0,61.0,1.0,1.0,0.0,-11.714444444444444,3.0,0.0,0.0,0.0,0.0,0.0,0.0,0.0,0.0,0.0,0.0,1.0,0.0,0.0,NaN,0.0,0.0,NaN,NaN,NaN,NaN,NaN,NaN,NaN
63.0,NaN,-1.0,0.0,94.0,NaN,0.0,0.0,36.33,NaN,-0.020000000000000757,0.0,100.0,NaN,1.0,0.0,66.0,NaN,-1.0,0.0,56.0,NaN,-1.0,0.0,11.0,NaN,-1.0,0.0,NaN,NaN,NaN,24.0,NaN,NaN,NaN,24.0,25.0,NaN,0.0,3.0,NaN,NaN,NaN,24.0,NaN,NaN,NaN,24.0,NaN,NaN,NaN,24.0,NaN,NaN,NaN,24.0,NaN,NaN,NaN,24.0,16.0,NaN,0.0,3.0,NaN,NaN,NaN,24.0,8.0,NaN,0.0,3.0,107.0,NaN,0.0,3.0,0.7,NaN,0.0,3.0,NaN,NaN,NaN,24.0,155.0,NaN,0.0,3.0,NaN,NaN,NaN,24.0,2.0,NaN,0.0,3.0,3.0,NaN,0.0,3.0,4.1,NaN,0.0,3.0,NaN,NaN,NaN,24.0,NaN,NaN,NaN,24.0,36.1,NaN,0.0,3.0,11.2,NaN,0.0,3.0,70.0,NaN,0.0,3.0,4.4,NaN,0.0,3.0,NaN,NaN,NaN,24.0,259.0,NaN,0.0,3.0,61.0,1.0,1.0,0.0,-11.714444444444444,4.0,0.0,0.0,0.0,0.0,0.0,0.0,0.0,0.0,0.0,0.0,1.0,0.0,0.0,NaN,0.0,0.0,NaN,NaN,NaN,NaN,NaN,NaN,NaN
65.0,NaN,2.0,0.0,96.0,NaN,2.0,0.0,36.33,NaN,-0.015000000000000568,1.0,93.0,NaN,-7.0,0.0,67.0,NaN,1.0,0.0,59.0,NaN,3.0,0.0,10.0,NaN,-1.0,0.0,NaN,NaN,NaN,24.0,NaN,NaN,NaN,24.0,25.0,NaN,0.0,4.0,NaN,NaN,NaN,24.0,NaN,NaN,NaN,24.0,NaN,NaN,NaN,24.0,NaN,NaN,NaN,24.0,NaN,NaN,NaN,24.0,16.0,NaN,0.0,4.0,NaN,NaN,NaN,24.0,8.0,NaN,0.0,4.0,107.0,NaN,0.0,4.0,0.7,NaN,0.0,4.0,NaN,NaN,NaN,24.0,155.0,NaN,0.0,4.0,NaN,NaN,NaN,24.0,2.0,NaN,0.0,4.0,3.0,NaN,0.0,4.0,4.1,NaN,0.0,4.0,NaN,NaN,NaN,24.0,NaN,NaN,NaN,24.0,36.1,NaN,0.0,4.0,11.2,NaN,0.0,4.0,70.0,NaN,0.0,4.0,4.4,NaN,0.0,4.0,NaN,NaN,NaN,24.0,259.0,NaN,0.0,4.0,61.0,1.0,1.0,0.0,-11.714444444444444,5.0,0.0,0.0,0.0,0.0,0.0,0.0,0.0,0.0,0.0,0.0,1.0,0.0,0.0,NaN,0.0,0.0,NaN,NaN,NaN,NaN,NaN,NaN,NaN
61.0,NaN,-4.0,0.0,95.0,NaN,-1.0,0.0,36.33,NaN,-0.012000000000000455,2.0,98.0,NaN,5.0,0.0,72.0,NaN,5.0,0.0,64.0,NaN,5.0,0.0,10.0,NaN,0.0,0.0,NaN,NaN,NaN,24.0,NaN,NaN,NaN,24.0,25.0,NaN,0.0,5.0,NaN,NaN,NaN,24.0,NaN,NaN,NaN,24.0,NaN,NaN,NaN,24.0,NaN,NaN,NaN,24.0,NaN,NaN,NaN,24.0,16.0,NaN,0.0,5.0,NaN,NaN,NaN,24.0,8.0,NaN,0.0,5.0,107.0,NaN,0.0,5.0,0.7,NaN,0.0,5.0,NaN,NaN,NaN,24.0,155.0,NaN,0.0,5.0,NaN,NaN,NaN,24.0,2.0,NaN,0.0,5.0,3.0,NaN,0.0,5.0,4.1,NaN,0.0,5.0,NaN,NaN,NaN,24.0,NaN,NaN,NaN,24.0,36.1,NaN,0.0,5.0,11.2,NaN,0.0,5.0,70.0,NaN,0.0,5.0,4.4,NaN,0.0,5.0,NaN,NaN,NaN,24.0,259.0,NaN,0.0,5.0,61.0,1.0,1.0,0.0,-11.714444444444444,6.0,0.0,0.0,0.0,0.0,0.0,0.0,0.0,0.0,0.0,0.0,1.0,0.0,0.0,NaN,0.0,0.0,NaN,NaN,NaN,NaN,NaN,NaN,NaN
62.0,NaN,1.0,0.0,95.0,NaN,0.0,0.0,36.33,NaN,-0.010000000000000378,3.0,90.0,NaN,-8.0,0.0,67.0,NaN,-5.0,0.0,60.0,NaN,-4.0,0.0,19.0,NaN,9.0,0.0,NaN,NaN,NaN,24.0,NaN,NaN,NaN,24.0,25.0,NaN,0.0,6.0,NaN,NaN,NaN,24.0,NaN,NaN,NaN,24.0,NaN,NaN,NaN,24.0,NaN,NaN,NaN,24.0,NaN,NaN,NaN,24.0,16.0,NaN,0.0,6.0,NaN,NaN,NaN,24.0,8.0,NaN,0.0,6.0,107.0,NaN,0.0,6.0,0.7,NaN,0.0,6.0,NaN,NaN,NaN,24.0,155.0,NaN,0.0,6.0,NaN,NaN,NaN,24.0,2.0,NaN,0.0,6.0,3.0,NaN,0.0,6.0,4.1,NaN,0.0,6.0,NaN,NaN,NaN,24.0,NaN,NaN,NaN,24.0,36.1,NaN,0.0,6.0,11.2,NaN,0.0,6.0,150.0,NaN,13.333333333333334,0.0,4.4,NaN,0.0,6.0,NaN,NaN,NaN,24.0,259.0,NaN,0.0,6.0,61.0,1.0,1.0,0.0,-11.714444444444444,7.0,0.0,0.0,0.0,0.0,0.0,0.0,0.0,1.0,0.0,0.0,1.0,0.0,0.0,NaN,0.0,0.0,NaN,NaN,NaN,NaN,NaN,NaN,NaN
62.0,NaN,0.0,0.0,97.0,NaN,2.0,0.0,36.06,NaN,-0.067499999999999,0.0,103.0,NaN,13.0,0.0,69.0,NaN,2.0,0.0,60.0,NaN,0.0,0.0,15.0,NaN,-4.0,0.0,NaN,NaN,NaN,24.0,NaN,NaN,NaN,24.0,25.0,NaN,0.0,7.0,NaN,NaN,NaN,24.0,NaN,NaN,NaN,24.0,NaN,NaN,NaN,24.0,NaN,NaN,NaN,24.0,NaN,NaN,NaN,24.0,16.0,NaN,0.0,7.0,NaN,NaN,NaN,24.0,8.0,NaN,0.0,7.0,107.0,NaN,0.0,7.0,0.7,NaN,0.0,7.0,NaN,NaN,NaN,24.0,155.0,NaN,0.0,7.0,NaN,NaN,NaN,24.0,2.0,NaN,0.0,7.0,3.0,NaN,0.0,7.0,4.1,NaN,0.0,7.0,NaN,NaN,NaN,24.0,NaN,NaN,NaN,24.0,36.1,NaN,0.0,7.0,11.2,NaN,0.0,7.0,150.0,NaN,11.428571428571429,1.0,4.4,NaN,0.0,7.0,NaN,NaN,NaN,24.0,259.0,NaN,0.0,7.0,61.0,1.0,1.0,0.0,-11.714444444444444,8.0,0.0,0.0,0.0,0.0,0.0,0.0,0.0,0.0,0.0,0.0,1.0,0.0,0.0,NaN,0.0,0.0,NaN,NaN,NaN,NaN,NaN,NaN,NaN
60.0,NaN,-2.0,0.0,94.0,NaN,-3.0,0.0,36.06,NaN,-0.0539999999999992,1.0,98.0,NaN,-5.0,0.0,73.0,NaN,4.0,0.0,65.0,NaN,5.0,0.0,17.0,NaN,2.0,0.0,NaN,NaN,NaN,24.0,NaN,NaN,NaN,24.0,25.0,NaN,0.0,8.0,NaN,NaN,NaN,24.0,NaN,NaN,NaN,24.0,NaN,NaN,NaN,24.0,NaN,NaN,NaN,24.0,NaN,NaN,NaN,24.0,16.0,NaN,0.0,8.0,NaN,NaN,NaN,24.0,8.0,NaN,0.0,8.0,107.0,NaN,0.0,8.0,0.7,NaN,0.0,8.0,NaN,NaN,NaN,24.0,155.0,NaN,0.0,8.0,NaN,NaN,NaN,24.0,2.0,NaN,0.0,8.0,3.0,NaN,0.0,8.0,4.1,NaN,0.0,8.0,NaN,NaN,NaN,24.0,NaN,NaN,NaN,24.0,36.1,NaN,0.0,8.0,11.2,NaN,0.0,8.0,150.0,NaN,10.0,2.0,4.4,NaN,0.0,8.0,NaN,NaN,NaN,24.0,259.0,NaN,0.0,8.0,61.0,1.0,1.0,0.0,-11.714444444444444,9.0,0.0,0.0,0.0,0.0,0.0,0.0,0.0,0.0,0.0,0.0,1.0,0.0,0.0,NaN,0.0,0.0,NaN,NaN,NaN,NaN,NaN,NaN,NaN
66.0,NaN,6.0,0.0,97.0,NaN,3.0,0.0,36.06,NaN,-0.04499999999999934,2.0,97.0,NaN,-1.0,0.0,69.0,NaN,-4.0,0.0,60.0,NaN,-5.0,0.0,12.0,NaN,-5.0,0.0,NaN,NaN,NaN,24.0,NaN,NaN,NaN,24.0,25.0,NaN,0.0,9.0,NaN,NaN,NaN,24.0,NaN,NaN,NaN,24.0,NaN,NaN,NaN,24.0,NaN,NaN,NaN,24.0,NaN,NaN,NaN,24.0,16.0,NaN,0.0,9.0,NaN,NaN,NaN,24.0,8.0,NaN,0.0,9.0,107.0,NaN,0.0,9.0,0.7,NaN,0.0,9.0,NaN,NaN,NaN,24.0,155.0,NaN,0.0,9.0,NaN,NaN,NaN,24.0,2.0,NaN,0.0,9.0,3.0,NaN,0.0,9.0,4.1,NaN,0.0,9.0,NaN,NaN,NaN,24.0,NaN,NaN,NaN,24.0,36.1,NaN,0.0,9.0,11.2,NaN,0.0,9.0,150.0,NaN,8.88888888888889,3.0,4.4,NaN,0.0,9.0,NaN,NaN,NaN,24.0,259.0,NaN,0.0,9.0,61.0,1.0,1.0,0.0,-11.714444444444444,10.0,0.0,0.0,0.0,0.0,0.0,0.0,0.0,0.0,0.0,0.0,1.0,0.0,0.0,NaN,0.0,0.0,NaN,NaN,NaN,NaN,NaN,NaN,NaN
66.0,NaN,0.0,0.0,97.0,NaN,0.0,0.0,36.06,NaN,-0.038571428571428,3.0,102.0,NaN,5.0,0.0,73.0,NaN,4.0,0.0,64.0,NaN,4.0,0.0,18.0,NaN,6.0,0.0,NaN,NaN,NaN,24.0,NaN,NaN,NaN,24.0,25.0,NaN,0.0,10.0,NaN,NaN,NaN,24.0,NaN,NaN,NaN,24.0,NaN,NaN,NaN,24.0,NaN,NaN,NaN,24.0,NaN,NaN,NaN,24.0,16.0,NaN,0.0,10.0,NaN,NaN,NaN,24.0,8.0,NaN,0.0,10.0,107.0,NaN,0.0,10.0,0.7,NaN,0.0,10.0,NaN,NaN,NaN,24.0,155.0,NaN,0.0,10.0,NaN,NaN,NaN,24.0,2.0,NaN,0.0,10.0,3.0,NaN,0.0,10.0,4.1,NaN,0.0,10.0,NaN,NaN,NaN,24.0,NaN,NaN,NaN,24.0,36.1,NaN,0.0,10.0,11.2,NaN,0.0,10.0,150.0,NaN,8.0,4.0,4.4,NaN,0.0,10.0,NaN,NaN,NaN,24.0,259.0,NaN,0.0,10.0,61.0,1.0,1.0,0.0,-11.714444444444444,11.0,0.0,0.0,0.0,0.0,0.0,0.0,0.0,0.0,0.0,0.0,1.0,0.0,0.0,NaN,0.0,0.0,NaN,NaN,NaN,NaN,NaN,NaN,NaN
72.0,NaN,6.0,0.0,95.0,NaN,-2.0,0.0,36.11,NaN,0.01249999999999929,0.0,107.0,NaN,5.0,0.0,74.0,NaN,1.0,0.0,65.0,NaN,1.0,0.0,17.0,NaN,-1.0,0.0,NaN,NaN,NaN,24.0,NaN,NaN,NaN,24.0,25.0,NaN,0.0,11.0,NaN,NaN,NaN,24.0,NaN,NaN,NaN,24.0,NaN,NaN,NaN,24.0,NaN,NaN,NaN,24.0,NaN,NaN,NaN,24.0,16.0,NaN,0.0,11.0,NaN,NaN,NaN,24.0,8.0,NaN,0.0,11.0,107.0,NaN,0.0,11.0,0.7,NaN,0.0,11.0,NaN,NaN,NaN,24.0,155.0,NaN,0.0,11.0,NaN,NaN,NaN,24.0,2.0,NaN,0.0,11.0,3.0,NaN,0.0,11.0,4.1,NaN,0.0,11.0,NaN,NaN,NaN,24.0,NaN,NaN,NaN,24.0,36.1,NaN,0.0,11.0,11.2,NaN,0.0,11.0,150.0,NaN,7.2727272727272725,5.0,4.4,NaN,0.0,11.0,NaN,NaN,NaN,24.0,259.0,NaN,0.0,11.0,61.0,1.0,1.0,0.0,-11.714444444444444,12.0,0.0,0.0,0.0,0.0,0.0,0.0,0.0,0.0,0.0,0.0,1.0,0.0,0.0,NaN,0.0,0.0,NaN,NaN,NaN,NaN,NaN,NaN,NaN
69.0,NaN,-3.0,0.0,98.0,NaN,3.0,0.0,36.11,NaN,0.009999999999999431,1.0,106.0,NaN,-1.0,0.0,77.0,NaN,3.0,0.0,70.0,NaN,5.0,0.0,15.0,NaN,-2.0,0.0,NaN,NaN,NaN,24.0,NaN,NaN,NaN,24.0,25.0,NaN,0.0,12.0,NaN,NaN,NaN,24.0,NaN,NaN,NaN,24.0,NaN,NaN,NaN,24.0,NaN,NaN,NaN,24.0,NaN,NaN,NaN,24.0,16.0,NaN,0.0,12.0,NaN,NaN,NaN,24.0,8.0,NaN,0.0,12.0,107.0,NaN,0.0,12.0,0.7,NaN,0.0,12.0,NaN,NaN,NaN,24.0,155.0,NaN,0.0,12.0,NaN,NaN,NaN,24.0,2.0,NaN,0.0,12.0,3.0,NaN,0.0,12.0,4.1,NaN,0.0,12.0,NaN,NaN,NaN,24.0,NaN,NaN,NaN,24.0,36.1,NaN,0.0,12.0,11.2,NaN,0.0,12.0,150.0,NaN,6.666666666666667,6.0,4.4,NaN,0.0,12.0,NaN,NaN,NaN,24.0,259.0,NaN,0.0,12.0,61.0,1.0,1.0,0.0,-11.714444444444444,13.0,0.0,0.0,0.0,0.0,0.0,0.0,0.0,0.0,0.0,0.0,1.0,0.0,0.0,NaN,0.0,0.0,NaN,NaN,NaN,NaN,NaN,NaN,NaN
67.0,NaN,-2.0,0.0,97.0,NaN,-1.0,0.0,36.11,NaN,0.00833333333333286,2.0,111.0,NaN,5.0,0.0,82.0,NaN,5.0,0.0,72.0,NaN,2.0,0.0,18.0,NaN,3.0,0.0,NaN,NaN,NaN,24.0,NaN,NaN,NaN,24.0,25.0,NaN,0.0,13.0,NaN,NaN,NaN,24.0,NaN,NaN,NaN,24.0,NaN,NaN,NaN,24.0,NaN,NaN,NaN,24.0,NaN,NaN,NaN,24.0,16.0,NaN,0.0,13.0,NaN,NaN,NaN,24.0,8.0,NaN,0.0,13.0,107.0,NaN,0.0,13.0,0.7,NaN,0.0,13.0,NaN,NaN,NaN,24.0,155.0,NaN,0.0,13.0,NaN,NaN,NaN,24.0,2.0,NaN,0.0,13.0,3.0,NaN,0.0,13.0,4.1,NaN,0.0,13.0,NaN,NaN,NaN,24.0,NaN,NaN,NaN,24.0,36.1,NaN,0.0,13.0,11.2,NaN,0.0,13.0,150.0,NaN,6.153846153846154,7.0,4.4,NaN,0.0,13.0,NaN,NaN,NaN,24.0,259.0,NaN,0.0,13.0,61.0,1.0,1.0,0.0,-11.714444444444444,14.0,0.0,0.0,0.0,0.0,0.0,0.0,0.0,0.0,0.0,0.0,1.0,0.0,0.0,NaN,0.0,0.0,NaN,NaN,NaN,NaN,NaN,NaN,NaN
