NaN,NaN,NaN,24.0,NaN,NaN,NaN,24.0,NaN,NaN,NaN,24.0,NaN,NaN,NaN,24.0,NaN,NaN,NaN,24.0,NaN,NaN,NaN,24.0,NaN,NaN,NaN,24.0,NaN,NaN,NaN,24.0,NaN,NaN,NaN,24.0,NaN,NaN,NaN,24.0,NaN,NaN,NaN,24.0,NaN,NaN,NaN,24.0,NaN,NaN,NaN,24.0,NaN,NaN,NaN,24.0,NaN,NaN,NaN,24.0,NaN,NaN,NaN,24.0,NaN,NaN,NaN,24.0,NaN,NaN,NaN,24.0,NaN,NaN,NaN,24.0,NaN,NaN,NaN,24.0,NaN,NaN,NaN,24.0,NaN,NaN,NaN,24.0,NaN,NaN,NaN,24.0,NaN,NaN,NaN,24.0,NaN,NaN,NaN,24.0,NaN,NaN,NaN,24.0,NaN,NaN,NaN,24.0,NaN,NaN,NaN,24.0,NaN,NaN,NaN,24.0,NaN,NaN,NaN,24.0,NaN,NaN,NaN,24.0,NaN,NaN,NaN,24.0,NaN,NaN,NaN,24.0,NaN,NaN,NaN,24.0,62.0,1.0,1.0,0.0,-7.066666666666666,1.0,0.0,0.0,0.0,0.0,0.0,0.0,0.0,0.0,0.0,0.0,1.0,0.0,0.0,NaN,0.0,0.0,NaN,NaN,NaN,NaN,NaN,NaN,NaN
81.0,NaN,0.0,0.0,100.0,NaN,0.0,0.0,36.67,NaN,0.0,0.0,153.0,NaN,0.0,0.0,88.0,NaN,0.0,0.0,67.0,NaN,0.0,0.0,24.0,NaN,0.0,0.0,NaN,NaN,NaN,24.0,NaN,NaN,NaN,24.0,NaN,NaN,NaN,24.0,NaN,NaN,NaN,24.0,NaN,NaN,NaN,24.0,NaN,NaN,NaN,24.0,NaN,NaN,NaN,24.0,NaN,NaN,NaN,24.0,NaN,NaN,NaN,24.0,NaN,NaN,NaN,24.0,NaN,NaN,NaN,24.0,NaN,NaN,NaN,24.0,NaN,NaN,NaN,24.0,NaN,NaN,NaN,24.0,NaN,NaN,NaN,24.0,NaN,NaN,NaN,24.0,NaN,NaN,NaN,24.0,NaN,NaN,NaN,24.0,NaN,NaN,NaN,24.0,NaN,NaN,NaN,24.0,NaN,NaN,NaN,24.0,NaN,NaN,NaN,24.0,NaN,NaN,NaN,24.0,NaN,NaN,NaN,24.0,NaN,NaN,NaN,24.0,NaN,NaN,NaN,24.0,NaN,NaN,NaN,24.0,62.0,1.0,1.0,0.0,-7.066666666666666,2.0,0.0,1.0,0.0,0.0,0.0,0.0,0.0,0.0,0.0,0.0,1.0,0.0,0.0,NaN,0.0,0.0,NaN,NaN,NaN,NaN,NaN,NaN,NaN
77.0,NaN,-4.0,0.0,91.0,NaN,-9.0,0.0,36.67,NaN,0.0,1.0,114.0,NaN,-39.0,0.0,69.0,NaN,-19.0,0.0,54.0,NaN,-13.0,0.0,32.0,NaN,8.0,0.0,NaN,NaN,NaN,24.0,NaN,NaN,NaN,24.0,NaN,NaN,NaN,24.0,NaN,NaN,NaN,24.0,NaN,NaN,NaN,24.0,NaN,NaN,NaN,24.0,NaN,NaN,NaN,24.0,NaN,NaN,NaN,24.0,NaN,NaN,NaN,24.0,NaN,NaN,NaN,24.0,NaN,NaN,NaN,24.0,NaN,NaN,NaN,24.0,NaN,NaN,NaN,24.0,NaN,NaN,NaN,24.0,NaN,NaN,NaN,24.0,NaN,NaN,NaN,24.0,NaN,NaN,NaN,24.0,NaN,NaN,NaN,24.0,NaN,NaN,NaN,24.0,NaN,NaN,NaN,24.0,NaN,NaN,NaN,24.0,NaN,NaN,NaN,24.0,NaN,NaN,NaN,24.0,NaN,NaN,NaN,24.0,NaN,NaN,NaN,24.0,NaN,NaN,NaN,24.0,NaN,NaN,NaN,24.0,62.0,1.0,1.0,0.0,-7.066666666666666,3.0,0.0,1.0,0.0,0.0,0.0,0.0,0.0,0.0,0.0,0.0,1.0,0.0,0.0,NaN,0.0,0.0,NaN,NaN,NaN,NaN,NaN,NaN,NaN
84.0,NaN,7.0,0.0,96.0,NaN,5.0,0.0,36.67,NaN,0.0,2.0,138.0,NaN,24.0,0.0,89.0,NaN,20.0,0.0,74.0,NaN,20.0,0.0,20.0,NaN,-12.0,0.0,NaN,NaN,NaN,24.0,NaN,NaN,NaN,24.0,NaN,NaN,NaN,24.0,NaN,NaN,NaN,24.0,NaN,NaN,NaN,24.0,NaN,NaN,NaN,24.0,NaN,NaN,NaN,24.0,NaN,NaN,NaN,24.0,NaN,NaN,NaN,24.0,NaN,NaN,NaN,24.0,NaN,NaN,NaN,24.0,NaN,NaN,NaN,24.0,NaN,NaN,NaN,24.0,NaN,NaN,NaN,24.0,NaN,NaN,NaN,24.0,NaN,NaN,NaN,24.0,NaN,NaN,NaN,24.0,NaN,NaN,NaN,24.0,NaN,NaN,NaN,24.0,NaN,NaN,NaN,24.0,NaN,NaN,NaN,24.0,NaN,NaN,NaN,24.0,NaN,NaN,NaN,24.0,NaN,NaN,NaN,24.0,NaN,NaN,NaN,24.0,NaN,NaN,NaN,24.0,NaN,NaN,NaN,24.0,62.0,1.0,1.0,0.0,-7.066666666666666,4.0,0.0,0.0,0.0,0.0,0.0,0.0,0.0,0.0,0.0,0.0,1.0,0.0,0.0,NaN,0.0,0.0,NaN,NaN,NaN,NaN,NaN,NaN,NaN
81.0,NaN,-3.0,0.0,93.0,NaN,-3.0,0.0,36.67,NaN,0.0,3.0,136.0,NaN,-2.0,0.0,93.0,NaN,4.0,0.0,79.0,NaN,5.0,0.0,26.0,NaN,6.0,0.0,NaN,NaN,NaN,24.0,NaN,NaN,NaN,24.0,NaN,NaN,NaN,24.0,NaN,NaN,NaN,24.0,NaN,NaN,NaN,24.0,NaN,NaN,NaN,24.0,NaN,NaN,NaN,24.0,NaN,NaN,NaN,24.0,NaN,NaN,NaN,24.0,NaN,NaN,NaN,24.0,NaN,NaN,NaN,24.0,NaN,NaN,NaN,24.0,NaN,NaN,NaN,24.0,NaN,NaN,NaN,24.0,NaN,NaN,NaN,24.0,NaN,NaN,NaN,24.0,NaN,NaN,NaN,24.0,NaN,NaN,NaN,24.0,NaN,NaN,NaN,24.0,NaN,NaN,NaN,24.0,NaN,NaN,NaN,24.0,NaN,NaN,NaN,24.0,NaN,NaN,NaN,24.0,NaN,NaN,NaN,24.0,NaN,NaN,NaN,24.0,NaN,NaN,NaN,24.0,NaN,NaN,NaN,24.0,62.0,1.0,1.0,0.0,-7.066666666666666,5.0,0.0,1.0,0.0,0.0,0.0,0.0,0.0,0.0,0.0,0.0,1.0,0.0,0.0,NaN,0.0,0.0,NaN,NaN,NaN,NaN,NaN,NaN,NaN
71.0,NaN,-10.0,0.0,90.0,NaN,-3.0,0.0,36.67,NaN,0.0,4.0,135.0,NaN,-1.0,0.0,79.0,NaN,-14.0,0.0,62.0,NaN,-17.0,0.0,19.0,NaN,-7.0,0.0,NaN,NaN,NaN,24.0,NaN,NaN,NaN,24.0,21.0,NaN,0.0,0.0,NaN,NaN,NaN,24.0,NaN,NaN,NaN,24.0,NaN,NaN,NaN,24.0,NaN,NaN,NaN,24.0,NaN,NaN,NaN,24.0,31.0,NaN,0.0,0.0,NaN,NaN,NaN,24.0,8.0,NaN,0.0,0.0,107.0,NaN,0.0,0.0,2.7,NaN,0.0,0.0,NaN,NaN,NaN,24.0,79.0,NaN,0.0,0.0,NaN,NaN,NaN,24.0,1.8,NaN,0.0,0.0,4.8,NaN,0.0,0.0,5.1,NaN,0.0,0.0,NaN,NaN,NaN,24.0,0.04,NaN,0.0,0.0,21.1,NaN,0.0,0.0,6.8,NaN,0.0,0.0,34.6,NaN,0.0,0.0,6.7,NaN,0.0,0.0,NaN,NaN,NaN,24.0,289.0,NaN,0.0,0.0,62.0,1.0,1.0,0.0,-7.066666666666666,6.0,0.0,0.0,0.0,0.0,0.0,0.0,0.0,0.0,0.0,2.0,1.0,0.0,0.0,NaN,0.0,0.0,NaN,NaN,NaN,NaN,NaN,NaN,NaN
77.0,NaN,6.0,0.0,92.0,NaN,2.0,0.0,36.61,NaN,-0.012000000000000455,0.0,113.0,NaN,-22.0,0.0,68.0,NaN,-11.0,0.0,54.0,NaN,-8.0,0.0,24.0,NaN,5.0,0.0,NaN,NaN,NaN,24.0,NaN,NaN,NaN,24.0,21.0,NaN,0.0,1.0,NaN,NaN,NaN,24.0,NaN,NaN,NaN,24.0,NaN,NaN,NaN,24.0,NaN,NaN,NaN,24.0,NaN,NaN,NaN,24.0,31.0,NaN,0.0,1.0,NaN,NaN,NaN,24.0,8.0,NaN,0.0,1.0,107.0,NaN,0.0,1.0,2.7,NaN,0.0,1.0,NaN,NaN,NaN,24.0,79.0,NaN,0.0,1.0,NaN,NaN,NaN,24.0,1.8,NaN,0.0,1.0,4.8,NaN,0.0,1.0,5.1,NaN,0.0,1.0,NaN,NaN,NaN,24.0,0.04,NaN,0.0,1.0,21.1,NaN,0.0,1.0,6.8,NaN,0.0,1.0,34.6,NaN,0.0,1.0,6.7,NaN,0.0,1.0,NaN,NaN,NaN,24.0,289.0,NaN,0.0,1.0,62.0,1.0,1.0,0.0,-7.066666666666666,7.0,0.0,1.0,0.0,0.0,0.0,0.0,0.0,0.0,0.0,0.0,1.0,0.0,0.0,NaN,0.0,0.0,NaN,NaN,NaN,NaN,NaN,NaN,NaN
75.0,NaN,-2.0,0.0,93.0,NaN,1.0,0.0,36.61,NaN,-0.010000000000000378,1.0,136.0,NaN,23.0,0.0,83.0,NaN,15.0,0.0,66.0,NaN,12.0,0.0,19.0,NaN,-5.0,0.0,NaN,NaN,NaN,24.0,NaN,NaN,NaN,24.0,21.0,NaN,0.0,2.0,NaN,NaN,NaN,24.0,NaN,NaN,NaN,24.0,NaN,NaN,NaN,24.0,NaN,NaN,NaN,24.0,NaN,NaN,NaN,24.0,31.0,NaN,0.0,2.0,NaN,NaN,NaN,24.0,8.0,NaN,0.0,2.0,107.0,NaN,0.0,2.0,2.7,NaN,0.0,2.0,NaN,NaN,NaN,24.0,79.0,NaN,0.0,2.0,NaN,NaN,NaN,24.0,1.8,NaN,0.0,2.0,4.8,NaN,0.0,2.0,5.1,NaN,0.0,2.0,NaN,NaN,NaN,24.0,0.04,NaN,0.0,2.0,21.1,NaN,0.0,2.0,6.8,NaN,0.0,2.0,34.6,NaN,0.0,2.0,6.7,NaN,0.0,2.0,NaN,NaN,NaN,24.0,289.0,NaN,0.0,2.0,62.0,1.0,1.0,0.0,-7.066666666666666,8.0,0.0,0.0,0.0,0.0,0.0,0.0,0.0,0.0,0.0,0.0,1.0,0.0,0.0,NaN,0.0,0.0,NaN,NaN,NaN,NaN,NaN,NaN,NaN
69.0,NaN,-6.0,0.0,92.0,NaN,-1.0,0.0,36.61,NaN,-0.008571428571428896,2.0,103.0,NaN,-33.0,0.0,66.0,NaN,-17.0,0.0,55.0,NaN,-11.0,0.0,14.0,NaN,-5.0,0.0,NaN,NaN,NaN,24.0,NaN,NaN,NaN,24.0,21.0,NaN,0.0,3.0,NaN,NaN,NaN,24.0,NaN,NaN,NaN,24.0,NaN,NaN,NaN,24.0,NaN,NaN,NaN,24.0,NaN,NaN,NaN,24.0,31.0,NaN,0.0,3.0,NaN,NaN,NaN,24.0,8.0,NaN,0.0,3.0,107.0,NaN,0.0,3.0,2.7,NaN,0.0,3.0,NaN,NaN,NaN,24.0,79.0,NaN,0.0,3.0,NaN,NaN,NaN,24.0,1.8,NaN,0.0,3.0,4.8,NaN,0.0,3.0,5.1,NaN,0.0,3.0,NaN,NaN,NaN,24.0,0.04,NaN,0.0,3.0,21.1,NaN,0.0,3.0,6.8,NaN,0.0,3.0,34.6,NaN,0.0,3.0,6.7,NaN,0.0,3.0,NaN,NaN,NaN,24.0,289.0,NaN,0.0,3.0,62.0,1.0,1.0,0.0,-7.066666666666666,9.0,0.0,0.0,0.0,0.0,0.0,0.0,0.0,0.0,0.0,0.0,1.0,0.0,0.0,NaN,0.0,0.0,NaN,NaN,NaN,NaN,NaN,NaN,NaN
70.0,NaN,1.0,0.0,91.0,NaN,-1.0,0.0,36.61,NaN,-0.007500000000000284,3.0,105.0,NaN,2.0,0.0,64.0,NaN,-2.0,0.0,50.0,NaN,-5.0,0.0,21.0,NaN,7.0,0.0,NaN,NaN,NaN,24.0,NaN,NaN,NaN,24.0,21.0,NaN,0.0,4.0,NaN,NaN,NaN,24.0,NaN,NaN,NaN,24.0,NaN,NaN,NaN,24.0,NaN,NaN,NaN,24.0,NaN,NaN,NaN,24.0,31.0,NaN,0.0,4.0,NaN,NaN,NaN,24.0,8.0,NaN,0.0,4.0,107.0,NaN,0.0,4.0,2.7,NaN,0.0,4.0,NaN,NaN,NaN,24.0,79.0,NaN,0.0,4.0,NaN,NaN,NaN,24.0,1.8,NaN,0.0,4.0,4.8,NaN,0.0,4.0,5.1,NaN,0.0,4.0,NaN,NaN,NaN,24.0,0.04,NaN,0.0,4.0,21.1,NaN,0.0,4.0,6.8,NaN,0.0,4.0,34.6,NaN,0.0,4.0,6.7,NaN,0.0,4.0,NaN,NaN,NaN,24.0,289.0,NaN,0.0,4.0,62.0,1.0,1.0,0.0,-7.066666666666666,10.0,0.0,1.0,0.0,0.0,0.0,0.0,0.0,1.0,0.0,0.0,1.0,0.0,0.0,NaN,0.0,0.0,NaN,NaN,NaN,NaN,NaN,NaN,NaN
68.0,NaN,-2.0,0.0,95.0,NaN,4.0,0.0,36.61,NaN,0.0,0.0,99.0,NaN,-6.0,0.0,72.0,NaN,8.0,0.0,63.0,NaN,13.0,0.0,14.0,NaN,-7.0,0.0,NaN,NaN,NaN,24.0,NaN,NaN,NaN,24.0,21.0,NaN,0.0,5.0,NaN,NaN,NaN,24.0,NaN,NaN,NaN,24.0,NaN,NaN,NaN,24.0,NaN,NaN,NaN,24.0,NaN,NaN,NaN,24.0,31.0,NaN,0.0,5.0,NaN,NaN,NaN,24.0,8.0,NaN,0.0,5.0,107.0,NaN,0.0,5.0,2.7,NaN,0.0,5.0,NaN,NaN,NaN,24.0,79.0,NaN,0.0,5.0,NaN,NaN,NaN,24.0,1.8,NaN,0.0,5.0,4.8,NaN,0.0,5.0,5.1,NaN,0.0,5.0,NaN,NaN,NaN,24.0,0.04,NaN,0.0,5.0,21.1,NaN,0.0,5.0,6.8,NaN,0.0,5.0,34.6,NaN,0.0,5.0,6.7,NaN,0.0,5.0,NaN,NaN,NaN,24.0,289.0,NaN,0.0,5.0,62.0,1.0,1.0,0.0,-7.066666666666666,11.0,0.0,0.0,0.0,0.0,0.0,0.0,0.0,0.0,0.0,0.0,1.0,0.0,0.0,NaN,0.0,0.0,NaN,NaN,NaN,NaN,NaN,NaN,NaN
65.0,NaN,-3.0,0.0,97.0,NaN,2.0,0.0,36.61,NaN,0.0,1.0,106.0,NaN,7.0,0.0,80.0,NaN,8.0,0.0,74.0,NaN,11.0,0.0,19.0,NaN,5.0,0.0,NaN,NaN,NaN,24.0,NaN,NaN,NaN,24.0,21.0,NaN,0.0,6.0,NaN,NaN,NaN,24.0,NaN,NaN,NaN,24.0,NaN,NaN,NaN,24.0,NaN,NaN,NaN,24.0,NaN,NaN,NaN,24.0,31.0,NaN,0.0,6.0,NaN,NaN,NaN,24.0,8.0,NaN,0.0,6.0,107.0,NaN,0.0,6.0,2.7,NaN,0.0,6.0,NaN,NaN,NaN,24.0,79.0,NaN,0.0,6.0,NaN,NaN,NaN,24.0,1.8,NaN,0.0,6.0,4.8,NaN,0.0,6.0,5.1,NaN,0.0,6.0,NaN,NaN,NaN,24.0,0.04,NaN,0.0,6.0,21.1,NaN,0.0,6.0,6.8,NaN,0.0,6.0,34.6,NaN,0.0,6.0,6.7,NaN,0.0,6.0,NaN,NaN,NaN,24.0,289.0,NaN,0.0,6.0,62.0,1.0,1.0,0.0,-7.066666666666666,12.0,0.0,0.0,0.0,0.0,0.0,0.0,0.0,0.0,0.0,0.0,1.0,0.0,0.0,NaN,0.0,0.0,NaN,NaN,NaN,NaN,NaN,NaN,NaN
64.0,NaN,-1.0,0.0,95.0,NaN,-2.0,0.0,36.61,NaN,0.0,2.0,118.0,NaN,12.0,0.0,76.0,NaN,-4.0,0.0,62.0,NaN,-12.0,0.0,18.0,NaN,-1.0,0.0,NaN,NaN,NaN,24.0,NaN,NaN,NaN,24.0,21.0,NaN,0.0,7.0,NaN,NaN,NaN,24.0,NaN,NaN,NaN,24.0,NaN,NaN,NaN,24.0,NaN,NaN,NaN,24.0,NaN,NaN,NaN,24.0,31.0,NaN,0.0,7.0,NaN,NaN,NaN,24.0,8.0,NaN,0.0,7.0,107.0,NaN,0.0,7.0,2.7,NaN,0.0,7.0,NaN,NaN,NaN,24.0,79.0,NaN,0.0,7.0,NaN,NaN,NaN,24.0,1.8,NaN,0.0,7.0,4.8,NaN,0.0,7.0,5.1,NaN,0.0,7.0,NaN,NaN,NaN,24.0,0.04,NaN,0.0,7.0,21.1,NaN,0.0,7.0,6.8,NaN,0.0,7.0,34.6,NaN,0.0,7.0,6.7,NaN,0.0,7.0,NaN,NaN,NaN,24.0,289.0,NaN,0.0,7.0,62.0,1.0,1.0,0.0,-7.066666666666666,13.0,0.0,0.0,0.0,0.0,0.0,0.0,0.0,0.0,0.0,0.0,1.0,0.0,0.0,NaN,0.0,0.0,NaN,NaN,NaN,NaN,NaN,NaN,NaN
