130.0,NaN,NaN,24.0,95.0,NaN,NaN,24.0,NaN,NaN,NaN,24.0,111.0,NaN,NaN,24.0,57.0,NaN,NaN,24.0,50.0,NaN,NaN,24.0,40.0,NaN,NaN,24.0,NaN,NaN,NaN,24.0,NaN,NaN,NaN,24.0,NaN,NaN,NaN,24.0,NaN,NaN,NaN,24.0,NaN,NaN,NaN,24.0,NaN,NaN,NaN,24.0,NaN,NaN,NaN,24.0,NaN,NaN,NaN,24.0,NaN,NaN,NaN,24.0,NaN,NaN,NaN,24.0,NaN,NaN,NaN,24.0,NaN,NaN,NaN,24.0,NaN,NaN,NaN,24.0,NaN,NaN,NaN,24.0,NaN,NaN,NaN,24.0,NaN,NaN,NaN,24.0,NaN,NaN,NaN,24.0,NaN,NaN,NaN,24.0,NaN,NaN,NaN,24.0,NaN,NaN,NaN,24.0,NaN,NaN,NaN,24.0,NaN,NaN,NaN,24.0,NaN,NaN,NaN,24.0,NaN,NaN,NaN,24.0,NaN,NaN,NaN,24.0,NaN,NaN,NaN,24.0,NaN,NaN,NaN,24.0,46.0,1.0,-1.0,-1.0,-12.391111111111112,1.0,0.0,1.0,1.0,0.0,0.0,0.0,0.0,1.0,0.0,0.0,1.0,0.0,1.0,1.0,1.0,0.0,-2.0,5.0,4.0,4.0,NaN,NaN,NaN
130.0,NaN,0.0,0.0,92.5,NaN,-2.5,0.0,NaN,NaN,NaN,24.0,102.0,NaN,-9.0,0.0,64.0,NaN,7.0,0.0,55.0,NaN,5.0,0.0,35.0,NaN,-5.0,0.0,NaN,NaN,NaN,24.0,-9.0,NaN,0.0,0.0,NaN,NaN,NaN,24.0,NaN,NaN,NaN,24.0,7.33,NaN,0.0,0.0,27.0,NaN,0.0,0.0,NaN,NaN,NaN,24.0,NaN,NaN,NaN,24.0,NaN,NaN,NaN,24.0,NaN,NaN,NaN,24.0,NaN,NaN,NaN,24.0,NaN,NaN,NaN,24.0,NaN,NaN,NaN,24.0,NaN,NaN,NaN,24.0,NaN,NaN,NaN,24.0,3.4,NaN,0.0,0.0,NaN,NaN,NaN,24.0,NaN,NaN,NaN,24.0,NaN,NaN,NaN,24.0,NaN,NaN,NaN,24.0,0.31,NaN,0.0,0.0,37.6,NaN,0.0,0.0,12.4,NaN,0.0,0.0,NaN,NaN,NaN,24.0,26.7,NaN,0.0,0.0,NaN,NaN,NaN,24.0,197.0,NaN,0.0,0.0,46.0,1.0,-1.0,-1.0,-12.391111111111112,2.0,0.0,1.0,1.0,1.0,0.0,0.0,0.0,1.0,1.0,0.0,1.0,1.0,1.0,1.0,1.0,0.0,-2.0,5.0,4.0,4.0,NaN,NaN,NaN
126.0,NaN,-4.0,0.0,94.0,NaN,1.5,0.0,NaN,NaN,NaN,24.0,102.0,NaN,0.0,0.0,68.0,NaN,4.0,0.0,57.0,NaN,2.0,0.0,46.0,NaN,11.0,0.0,NaN,NaN,NaN,24.0,-9.0,NaN,0.0,1.0,NaN,NaN,NaN,24.0,NaN,NaN,NaN,24.0,7.33,NaN,0.0,1.0,27.0,NaN,0.0,1.0,NaN,NaN,NaN,24.0,NaN,NaN,NaN,24.0,NaN,NaN,NaN,24.0,NaN,NaN,NaN,24.0,NaN,NaN,NaN,24.0,NaN,NaN,NaN,24.0,NaN,NaN,NaN,24.0,NaN,NaN,NaN,24.0,NaN,NaN,NaN,24.0,3.4,NaN,0.0,1.0,NaN,NaN,NaN,24.0,NaN,NaN,NaN,24.0,NaN,NaN,NaN,24.0,NaN,NaN,NaN,24.0,0.31,NaN,0.0,1.0,37.6,NaN,0.0,1.0,12.4,NaN,0.0,1.0,NaN,NaN,NaN,24.0,26.7,NaN,0.0,1.0,NaN,NaN,NaN,24.0,197.0,NaN,0.0,1.0,46.0,1.0,-1.0,-1.0,-12.391111111111112,3.0,0.0,1.0,1.0,1.0,0.0,0.0,0.0,0.0,0.0,0.0,1.0,1.0,1.0,1.0,1.0,0.0,-2.0,5.0,4.0,4.0,NaN,NaN,NaN
125.714285714286,NaN,-0.2857142857139934,0.0,91.2857142857143,NaN,-2.714285714285694,0.0,37.22,NaN,0.0,0.0,104.857142857143,NaN,2.8571428571430033,0.0,60.1875,NaN,-7.8125,0.0,63.1428571428571,NaN,6.142857142857103,0.0,34.0625,NaN,-11.9375,0.0,NaN,NaN,NaN,24.0,-9.0,NaN,0.0,2.0,NaN,NaN,NaN,24.0,0.8,NaN,0.0,0.0,7.33,NaN,0.0,2.0,27.0,NaN,0.0,2.0,NaN,NaN,NaN,24.0,NaN,NaN,NaN,24.0,NaN,NaN,NaN,24.0,NaN,NaN,NaN,24.0,NaN,NaN,NaN,24.0,NaN,NaN,NaN,24.0,NaN,NaN,NaN,24.0,NaN,NaN,NaN,24.0,NaN,NaN,NaN,24.0,3.4,NaN,0.0,2.0,NaN,NaN,NaN,24.0,NaN,NaN,NaN,24.0,NaN,NaN,NaN,24.0,NaN,NaN,NaN,24.0,0.31,NaN,0.0,2.0,37.6,NaN,0.0,2.0,12.4,NaN,0.0,2.0,NaN,NaN,NaN,24.0,26.7,NaN,0.0,2.0,NaN,NaN,NaN,24.0,197.0,NaN,0.0,2.0,46.0,1.0,-1.0,-1.0,-12.391111111111112,4.0,0.0,1.0,1.0,1.0,3.0,0.0,0.0,1.0,0.0,0.0,1.0,1.0,1.0,1.0,1.0,0.0,-2.0,5.0,4.0,4.0,NaN,NaN,NaN
133.0,NaN,7.285714285713993,0.0,96.0,NaN,4.714285714285694,0.0,37.22,NaN,0.0,1.0,99.0,NaN,-5.857142857143003,0.0,38.5,NaN,-21.6875,0.0,57.0,NaN,-6.142857142857103,0.0,27.0,NaN,-7.0625,0.0,NaN,NaN,NaN,24.0,-10.0,NaN,-0.3333333333333333,0.0,NaN,NaN,NaN,24.0,0.8,NaN,0.0,1.0,7.34,NaN,0.0033333333333332624,0.0,24.0,NaN,-1.0,0.0,98.0,NaN,0.0,0.0,NaN,NaN,NaN,24.0,NaN,NaN,NaN,24.0,NaN,NaN,NaN,24.0,NaN,NaN,NaN,24.0,NaN,NaN,NaN,24.0,NaN,NaN,NaN,24.0,NaN,NaN,NaN,24.0,NaN,NaN,NaN,24.0,2.6,NaN,-0.2666666666666666,0.0,NaN,NaN,NaN,24.0,NaN,NaN,NaN,24.0,3.4,NaN,0.0,0.0,NaN,NaN,NaN,24.0,0.31,NaN,0.0,3.0,37.6,NaN,0.0,3.0,12.4,NaN,0.0,3.0,NaN,NaN,NaN,24.0,26.7,NaN,0.0,3.0,NaN,NaN,NaN,24.0,197.0,NaN,0.0,3.0,46.0,1.0,-1.0,-1.0,-12.391111111111112,5.0,0.0,1.0,1.0,1.0,0.0,0.0,0.0,1.0,1.0,0.0,1.0,1.0,1.0,1.0,1.0,0.0,-2.0,5.0,4.0,4.0,NaN,NaN,NaN
117.0,NaN,-16.0,0.0,100.0,NaN,4.0,0.0,37.22,NaN,0.0,2.0,80.0,NaN,-19.0,0.0,54.0,NaN,15.5,0.0,44.0,NaN,-13.0,0.0,22.0,NaN,-5.0,0.0,NaN,NaN,NaN,24.0,-10.0,NaN,-0.25,1.0,NaN,NaN,NaN,24.0,0.8,NaN,0.0,2.0,7.34,NaN,0.0024999999999999467,1.0,24.0,NaN,-0.75,1.0,98.0,NaN,0.0,1.0,NaN,NaN,NaN,24.0,NaN,NaN,NaN,24.0,NaN,NaN,NaN,24.0,NaN,NaN,NaN,24.0,NaN,NaN,NaN,24.0,NaN,NaN,NaN,24.0,NaN,NaN,NaN,24.0,NaN,NaN,NaN,24.0,2.6,NaN,-0.19999999999999996,1.0,NaN,NaN,NaN,24.0,NaN,NaN,NaN,24.0,3.4,NaN,0.0,1.0,NaN,NaN,NaN,24.0,0.31,NaN,0.0,4.0,37.6,NaN,0.0,4.0,12.4,NaN,0.0,4.0,NaN,NaN,NaN,24.0,26.7,NaN,0.0,4.0,NaN,NaN,NaN,24.0,197.0,NaN,0.0,4.0,46.0,1.0,-1.0,-1.0,-12.391111111111112,6.0,0.0,1.0,1.0,1.0,0.0,0.0,0.0,1.0,0.0,0.0,1.0,1.0,1.0,1.0,1.0,0.0,-2.0,5.0,4.0,4.0,NaN,NaN,NaN
109.0,NaN,-8.0,0.0,96.0,NaN,-4.0,0.0,37.44,NaN,0.07333333333333296,0.0,90.0,NaN,10.0,0.0,59.0,NaN,5.0,0.0,48.0,NaN,4.0,0.0,30.0,NaN,8.0,0.0,NaN,NaN,NaN,24.0,-10.0,NaN,-0.2,2.0,NaN,NaN,NaN,24.0,0.7,NaN,-0.03333333333333336,0.0,7.34,NaN,0.0019999999999999575,2.0,24.0,NaN,-0.6,2.0,98.0,NaN,0.0,2.0,NaN,NaN,NaN,24.0,NaN,NaN,NaN,24.0,NaN,NaN,NaN,24.0,NaN,NaN,NaN,24.0,NaN,NaN,NaN,24.0,NaN,NaN,NaN,24.0,NaN,NaN,NaN,24.0,NaN,NaN,NaN,24.0,2.6,NaN,-0.15999999999999998,2.0,NaN,NaN,NaN,24.0,NaN,NaN,NaN,24.0,3.4,NaN,0.0,2.0,NaN,NaN,NaN,24.0,0.31,NaN,0.0,5.0,37.6,NaN,0.0,5.0,12.4,NaN,0.0,5.0,NaN,NaN,NaN,24.0,26.7,NaN,0.0,5.0,NaN,NaN,NaN,24.0,197.0,NaN,0.0,5.0,46.0,1.0,-1.0,-1.0,-12.391111111111112,7.0,0.0,1.0,1.0,1.0,3.0,0.0,0.0,1.0,0.0,0.0,1.0,1.0,1.0,1.0,1.0,0.0,-2.0,5.0,4.0,4.0,NaN,NaN,NaN
107.0,NaN,-2.0,0.0,95.0,NaN,-1.0,0.0,37.44,NaN,0.054999999999999716,1.0,105.0,NaN,15.0,0.0,69.0,NaN,10.0,0.0,52.0,NaN,4.0,0.0,27.0,NaN,-3.0,0.0,NaN,NaN,NaN,24.0,NaN,NaN,NaN,0.0,NaN,NaN,NaN,24.0,0.7,NaN,-0.025000000000000022,1.0,7.31,NaN,-0.010000000000000083,0.0,22.0,NaN,-0.6666666666666666,0.0,92.0,NaN,-2.0,0.0,NaN,NaN,NaN,24.0,NaN,NaN,NaN,24.0,NaN,NaN,NaN,24.0,NaN,NaN,NaN,24.0,NaN,NaN,NaN,24.0,NaN,NaN,NaN,24.0,NaN,NaN,NaN,24.0,93.0,NaN,0.0,0.0,2.6,NaN,0.0,0.0,NaN,NaN,NaN,24.0,NaN,NaN,NaN,24.0,3.9,NaN,0.16666666666666666,0.0,NaN,NaN,NaN,24.0,0.31,NaN,0.0,6.0,37.6,NaN,0.0,6.0,12.4,NaN,0.0,6.0,NaN,NaN,NaN,24.0,26.7,NaN,0.0,6.0,NaN,NaN,NaN,24.0,197.0,NaN,0.0,6.0,46.0,1.0,-1.0,-1.0,-12.391111111111112,8.0,0.0,1.0,1.0,1.0,0.0,0.0,0.0,0.0,1.0,0.0,1.0,1.0,1.0,1.0,1.0,0.0,-2.0,5.0,4.0,4.0,NaN,NaN,NaN
104.0,NaN,-3.0,0.0,95.0,NaN,0.0,0.0,37.44,NaN,0.043999999999999775,2.0,91.0,NaN,-14.0,0.0,63.5,NaN,-5.5,0.0,49.5,NaN,-2.5,0.0,25.0,NaN,-2.0,0.0,NaN,NaN,NaN,24.0,NaN,NaN,NaN,1.0,NaN,NaN,NaN,24.0,0.7,NaN,-0.020000000000000018,2.0,7.31,NaN,-0.007500000000000062,1.0,22.0,NaN,-0.5,1.0,92.0,NaN,-1.5,1.0,NaN,NaN,NaN,24.0,NaN,NaN,NaN,24.0,NaN,NaN,NaN,24.0,NaN,NaN,NaN,24.0,NaN,NaN,NaN,24.0,NaN,NaN,NaN,24.0,NaN,NaN,NaN,24.0,93.0,NaN,0.0,1.0,2.6,NaN,0.0,1.0,NaN,NaN,NaN,24.0,NaN,NaN,NaN,24.0,3.9,NaN,0.125,1.0,NaN,NaN,NaN,24.0,0.31,NaN,0.0,7.0,37.6,NaN,0.0,7.0,12.4,NaN,0.0,7.0,NaN,NaN,NaN,24.0,26.7,NaN,0.0,7.0,NaN,NaN,NaN,24.0,197.0,NaN,0.0,7.0,46.0,1.0,-1.0,-1.0,-12.391111111111112,9.0,0.0,1.0,1.0,1.0,0.0,0.0,0.0,1.0,0.0,0.0,1.0,1.0,1.0,1.0,1.0,0.0,-2.0,5.0,4.0,4.0,NaN,NaN,NaN
