64.5,NaN,NaN,24.0,100.0,NaN,NaN,24.0,36.94,NaN,NaN,24.0,135.0,NaN,NaN,24.0,90.5,NaN,NaN,24.0,68.0,NaN,NaN,24.0,24.0,NaN,NaN,24.0,NaN,NaN,NaN,24.0,NaN,NaN,NaN,24.0,NaN,NaN,NaN,24.0,0.5,NaN,NaN,24.0,NaN,NaN,NaN,24.0,NaN,NaN,NaN,24.0,NaN,NaN,NaN,24.0,NaN,NaN,NaN,24.0,NaN,NaN,NaN,24.0,NaN,NaN,NaN,24.0,NaN,NaN,NaN,24.0,NaN,NaN,NaN,24.0,NaN,NaN,NaN,24.0,NaN,NaN,NaN,24.0,NaN,NaN,NaN,24.0,NaN,NaN,NaN,24.0,NaN,NaN,NaN,24.0,NaN,NaN,NaN,24.0,NaN,NaN,NaN,24.0,NaN,NaN,NaN,24.0,NaN,NaN,NaN,24.0,NaN,NaN,NaN,24.0,NaN,NaN,NaN,24.0,108.0,NaN,NaN,24.0,NaN,NaN,NaN,24.0,NaN,NaN,NaN,24.0,NaN,NaN,NaN,24.0,67.0,1.0,-1.0,-1.0,-114.10666666666667,1.0,0.0,1.0,0.0,0.0,2.0,0.0,0.0,0.0,0.0,0.0,1.0,0.0,1.0,-2.0,1.0,0.0,-14.0,5.0,4.0,21.0,NaN,NaN,NaN
73.0,NaN,8.5,0.0,97.0,NaN,-3.0,0.0,36.94,NaN,0.0,1.0,125.5,NaN,-9.5,0.0,81.5,NaN,-9.0,0.0,62.0,NaN,-6.0,0.0,23.5,NaN,-0.5,0.0,NaN,NaN,NaN,24.0,NaN,NaN,NaN,24.0,NaN,NaN,NaN,24.0,0.5,NaN,0.0,1.0,NaN,NaN,NaN,24.0,NaN,NaN,NaN,24.0,NaN,NaN,NaN,24.0,NaN,NaN,NaN,24.0,NaN,NaN,NaN,24.0,NaN,NaN,NaN,24.0,NaN,NaN,NaN,24.0,NaN,NaN,NaN,24.0,NaN,NaN,NaN,24.0,NaN,NaN,NaN,24.0,NaN,NaN,NaN,24.0,NaN,NaN,NaN,24.0,NaN,NaN,NaN,24.0,NaN,NaN,NaN,24.0,NaN,NaN,NaN,24.0,NaN,NaN,NaN,24.0,NaN,NaN,NaN,24.0,NaN,NaN,NaN,24.0,NaN,NaN,NaN,24.0,108.0,NaN,0.0,1.0,NaN,NaN,NaN,24.0,NaN,NaN,NaN,24.0,NaN,NaN,NaN,24.0,67.0,1.0,-1.0,-1.0,-114.10666666666667,2.0,0.0,1.0,0.0,0.0,0.0,0.0,0.0,0.0,0.0,0.0,1.0,1.0,1.0,-2.0,1.0,0.0,-14.0,5.0,4.0,21.0,NaN,NaN,NaN
80.0,NaN,7.0,0.0,93.0,NaN,-4.0,0.0,36.94,NaN,0.0,2.0,89.0,NaN,-36.5,0.0,59.0,NaN,-22.5,0.0,46.0,NaN,-16.0,0.0,22.0,NaN,-1.5,0.0,NaN,NaN,NaN,24.0,-5.0,NaN,0.0,0.0,NaN,NaN,NaN,24.0,0.5,NaN,0.0,2.0,7.31,NaN,0.0,0.0,40.0,NaN,0.0,0.0,90.0,NaN,0.0,0.0,NaN,NaN,NaN,24.0,NaN,NaN,NaN,24.0,NaN,NaN,NaN,24.0,NaN,NaN,NaN,24.0,NaN,NaN,NaN,24.0,NaN,NaN,NaN,24.0,NaN,NaN,NaN,24.0,73.0,NaN,0.0,0.0,0.9,NaN,0.0,0.0,NaN,NaN,NaN,24.0,NaN,NaN,NaN,24.0,3.7,NaN,0.0,0.0,NaN,NaN,NaN,24.0,NaN,NaN,NaN,24.0,NaN,NaN,NaN,24.0,NaN,NaN,NaN,24.0,108.0,NaN,0.0,2.0,NaN,NaN,NaN,24.0,NaN,NaN,NaN,24.0,NaN,NaN,NaN,24.0,67.0,1.0,-1.0,-1.0,-114.10666666666667,3.0,0.0,1.0,0.0,0.0,0.0,0.0,0.0,1.0,0.0,0.0,1.0,1.0,1.0,-2.0,1.0,0.0,-14.0,5.0,4.0,21.0,NaN,NaN,NaN
69.0,NaN,-11.0,0.0,98.0,NaN,5.0,0.0,36.94,NaN,0.0,3.0,119.0,NaN,30.0,0.0,73.0,NaN,14.0,0.0,54.0,NaN,8.0,0.0,26.0,NaN,4.0,0.0,NaN,NaN,NaN,24.0,-5.0,NaN,0.0,1.0,NaN,NaN,NaN,24.0,0.5,NaN,0.0,3.0,7.31,NaN,0.0,1.0,40.0,NaN,0.0,1.0,90.0,NaN,0.0,1.0,NaN,NaN,NaN,24.0,NaN,NaN,NaN,24.0,NaN,NaN,NaN,24.0,NaN,NaN,NaN,24.0,NaN,NaN,NaN,24.0,NaN,NaN,NaN,24.0,NaN,NaN,NaN,24.0,73.0,NaN,0.0,1.0,0.9,NaN,0.0,1.0,NaN,NaN,NaN,24.0,NaN,NaN,NaN,24.0,3.7,NaN,0.0,1.0,NaN,NaN,NaN,24.0,NaN,NaN,NaN,24.0,NaN,NaN,NaN,24.0,NaN,NaN,NaN,24.0,108.0,NaN,0.0,3.0,NaN,NaN,NaN,24.0,NaN,NaN,NaN,24.0,NaN,NaN,NaN,24.0,67.0,1.0,-1.0,-1.0,-114.10666666666667,4.0,0.0,1.0,0.0,0.0,0.0,0.0,0.0,0.0,0.0,0.0,1.0,1.0,1.0,-2.0,1.0,0.0,-14.0,5.0,4.0,21.0,NaN,NaN,NaN
73.0,NaN,4.0,0.0,95.0,NaN,-3.0,0.0,37.0,NaN,0.015000000000000568,0.0,113.0,NaN,-6.0,0.0,73.0,NaN,0.0,0.0,56.0,NaN,2.0,0.0,21.0,NaN,-5.0,0.0,NaN,NaN,NaN,24.0,-5.0,NaN,0.0,2.0,NaN,NaN,NaN,24.0,0.5,NaN,0.0,4.0,7.31,NaN,0.0,2.0,40.0,NaN,0.0,2.0,90.0,NaN,0.0,2.0,NaN,NaN,NaN,24.0,NaN,NaN,NaN,24.0,NaN,NaN,NaN,24.0,NaN,NaN,NaN,24.0,NaN,NaN,NaN,24.0,NaN,NaN,NaN,24.0,NaN,NaN,NaN,24.0,73.0,NaN,0.0,2.0,0.9,NaN,0.0,2.0,NaN,NaN,NaN,24.0,NaN,NaN,NaN,24.0,3.7,NaN,0.0,2.0,NaN,NaN,NaN,24.0,NaN,NaN,NaN,24.0,NaN,NaN,NaN,24.0,NaN,NaN,NaN,24.0,78.8,NaN,-7.300000000000001,0.0,NaN,NaN,NaN,24.0,NaN,NaN,NaN,24.0,NaN,NaN,NaN,24.0,67.0,1.0,-1.0,-1.0,-114.10666666666667,5.0,0.0,1.0,0.0,0.0,0.0,0.0,0.0,0.0,0.0,0.0,1.0,1.0,1.0,-2.0,1.0,0.0,-14.0,5.0,4.0,21.0,NaN,NaN,NaN
76.0,NaN,3.0,0.0,93.0,NaN,-2.0,0.0,37.0,NaN,0.012000000000000455,1.0,110.0,NaN,-3.0,0.0,72.0,NaN,-1.0,0.0,56.0,NaN,0.0,0.0,33.0,NaN,12.0,0.0,NaN,NaN,NaN,24.0,-5.0,NaN,0.0,3.0,NaN,NaN,NaN,24.0,0.5,NaN,0.0,0.0,7.31,NaN,0.0,3.0,40.0,NaN,0.0,3.0,90.0,NaN,0.0,3.0,NaN,NaN,NaN,24.0,NaN,NaN,NaN,24.0,NaN,NaN,NaN,24.0,NaN,NaN,NaN,24.0,NaN,NaN,NaN,24.0,NaN,NaN,NaN,24.0,NaN,NaN,NaN,24.0,73.0,NaN,0.0,3.0,0.9,NaN,0.0,3.0,NaN,NaN,NaN,24.0,NaN,NaN,NaN,24.0,3.7,NaN,0.0,3.0,NaN,NaN,NaN,24.0,NaN,NaN,NaN,24.0,NaN,NaN,NaN,24.0,NaN,NaN,NaN,24.0,78.8,NaN,-5.840000000000001,1.0,NaN,NaN,NaN,24.0,NaN,NaN,NaN,24.0,NaN,NaN,NaN,24.0,67.0,1.0,-1.0,-1.0,-114.10666666666667,6.0,0.0,1.0,0.0,0.0,2.0,0.0,0.0,0.0,0.0,0.0,0.0,1.0,1.0,-2.0,1.0,0.0,-14.0,5.0,4.0,21.0,NaN,NaN,NaN
78.0,NaN,2.0,0.0,94.0,NaN,1.0,0.0,37.0,NaN,0.010000000000000378,2.0,130.0,NaN,20.0,0.0,84.0,NaN,12.0,0.0,65.0,NaN,9.0,0.0,23.0,NaN,-10.0,0.0,NaN,NaN,NaN,24.0,-3.0,NaN,0.5,0.0,NaN,NaN,NaN,24.0,0.5,NaN,0.0,1.0,7.3,NaN,-0.0024999999999999467,0.0,45.0,NaN,1.25,0.0,92.0,NaN,0.5,0.0,NaN,NaN,NaN,24.0,NaN,NaN,NaN,24.0,NaN,NaN,NaN,24.0,NaN,NaN,NaN,24.0,NaN,NaN,NaN,24.0,NaN,NaN,NaN,24.0,NaN,NaN,NaN,24.0,84.0,NaN,2.75,0.0,0.9,NaN,0.0,4.0,NaN,NaN,NaN,24.0,NaN,NaN,NaN,24.0,4.0,NaN,0.07499999999999996,0.0,NaN,NaN,NaN,24.0,NaN,NaN,NaN,24.0,NaN,NaN,NaN,24.0,NaN,NaN,NaN,24.0,65.0,NaN,-6.899999999999999,0.0,NaN,NaN,NaN,24.0,NaN,NaN,NaN,24.0,NaN,NaN,NaN,24.0,67.0,1.0,-1.0,-1.0,-114.10666666666667,7.0,0.0,1.0,0.0,0.0,0.0,0.0,0.0,0.0,0.0,0.0,1.0,1.0,1.0,-2.0,1.0,0.0,-14.0,5.0,4.0,21.0,NaN,NaN,NaN
78.0,NaN,0.0,0.0,97.0,NaN,3.0,0.0,37.0,NaN,0.008571428571428896,3.0,98.0,NaN,-32.0,0.0,66.0,NaN,-18.0,0.0,53.0,NaN,-12.0,0.0,23.0,NaN,0.0,0.0,NaN,NaN,NaN,24.0,-3.0,NaN,0.4,1.0,NaN,NaN,NaN,24.0,0.5,NaN,0.0,2.0,7.3,NaN,-0.0019999999999999575,1.0,45.0,NaN,1.0,1.0,92.0,NaN,0.4,1.0,NaN,NaN,NaN,24.0,NaN,NaN,NaN,24.0,NaN,NaN,NaN,24.0,NaN,NaN,NaN,24.0,NaN,NaN,NaN,24.0,NaN,NaN,NaN,24.0,NaN,NaN,NaN,24.0,84.0,NaN,2.2,1.0,0.9,NaN,0.0,5.0,NaN,NaN,NaN,24.0,NaN,NaN,NaN,24.0,4.0,NaN,0.05999999999999996,1.0,NaN,NaN,NaN,24.0,NaN,NaN,NaN,24.0,NaN,NaN,NaN,24.0,NaN,NaN,NaN,24.0,65.0,NaN,-4.599999999999999,1.0,NaN,NaN,NaN,24.0,NaN,NaN,NaN,24.0,NaN,NaN,NaN,24.0,67.0,1.0,-1.0,-1.0,-114.10666666666667,8.0,0.0,1.0,0.0,0.0,0.0,0.0,0.0,0.0,0.0,0.0,1.0,1.0,1.0,-2.0,1.0,0.0,-14.0,5.0,4.0,21.0,NaN,NaN,NaN
78.0,NaN,0.0,1.0,96.0,NaN,-1.0,0.0,37.0,NaN,0.007500000000000284,4.0,110.0,NaN,12.0,0.0,74.0,NaN,8.0,0.0,58.0,NaN,5.0,0.0,23.0,NaN,0.0,0.0,NaN,NaN,NaN,24.0,-3.0,NaN,0.3333333333333333,2.0,NaN,NaN,NaN,24.0,0.5,NaN,0.0,3.0,7.3,NaN,-0.0016666666666666312,2.0,45.0,NaN,0.8333333333333334,2.0,92.0,NaN,0.3333333333333333,2.0,NaN,NaN,NaN,24.0,NaN,NaN,NaN,24.0,NaN,NaN,NaN,24.0,NaN,NaN,NaN,24.0,NaN,NaN,NaN,24.0,NaN,NaN,NaN,24.0,NaN,NaN,NaN,24.0,84.0,NaN,1.8333333333333333,2.0,0.9,NaN,0.0,6.0,NaN,NaN,NaN,24.0,NaN,NaN,NaN,24.0,4.0,NaN,0.04999999999999997,2.0,NaN,NaN,NaN,24.0,NaN,NaN,NaN,24.0,NaN,NaN,NaN,24.0,NaN,NaN,NaN,24.0,65.0,NaN,-3.4499999999999993,2.0,NaN,NaN,NaN,24.0,NaN,NaN,NaN,24.0,NaN,NaN,NaN,24.0,67.0,1.0,-1.0,-1.0,-114.10666666666667,9.0,0.0,1.0,0.0,0.0,0.0,0.0,0.0,0.0,0.0,0.0,1.0,1.0,1.0,-2.0,1.0,0.0,-14.0,5.0,4.0,21.0,NaN,NaN,NaN
