131.5,NaN,NaN,24.0,90.5,NaN,NaN,24.0,36.11,NaN,NaN,24.0,112.0,NaN,NaN,24.0,88.0,NaN,NaN,24.0,81.0,NaN,NaN,24.0,29.5,NaN,NaN,24.0,NaN,NaN,NaN,24.0,NaN,NaN,NaN,24.0,NaN,NaN,NaN,24.0,NaN,NaN,NaN,24.0,NaN,NaN,NaN,24.0,NaN,NaN,NaN,24.0,NaN,NaN,NaN,24.0,NaN,NaN,NaN,24.0,NaN,NaN,NaN,24.0,NaN,NaN,NaN,24.0,NaN,NaN,NaN,24.0,NaN,NaN,NaN,24.0,NaN,NaN,NaN,24.0,NaN,NaN,NaN,24.0,NaN,NaN,NaN,24.0,NaN,NaN,NaN,24.0,NaN,NaN,NaN,24.0,NaN,NaN,NaN,24.0,NaN,NaN,NaN,24.0,NaN,NaN,NaN,24.0,NaN,NaN,NaN,24.0,NaN,NaN,NaN,24.0,NaN,NaN,NaN,24.0,NaN,NaN,NaN,24.0,NaN,NaN,NaN,24.0,NaN,NaN,NaN,24.0,NaN,NaN,NaN,24.0,79.0,0.0,1.0,0.0,0.0,1.0,0.0,1.0,1.0,0.0,0.0,0.0,0.0,0.0,0.0,0.0,1.0,0.0,1.0,1.0,0.0,0.0,3.0,5.0,4.0,2.0,NaN,NaN,NaN
120.0,NaN,-11.5,0.0,91.0,NaN,0.5,0.0,36.11,NaN,0.0,1.0,144.0,NaN,32.0,0.0,94.0,NaN,6.0,0.0,77.0,NaN,-4.0,0.0,29.0,NaN,-0.5,0.0,NaN,NaN,NaN,24.0,-4.0,NaN,0.0,0.0,18.0,NaN,0.0,0.0,NaN,NaN,NaN,24.0,7.34,NaN,0.0,0.0,38.0,NaN,0.0,0.0,NaN,NaN,NaN,24.0,45.0,NaN,0.0,0.0,28.0,NaN,0.0,0.0,147.0,NaN,0.0,0.0,8.8,NaN,0.0,0.0,104.0,NaN,0.0,0.0,1.4,NaN,0.0,0.0,NaN,NaN,NaN,24.0,109.0,NaN,0.0,0.0,1.2,NaN,0.0,0.0,2.1,NaN,0.0,0.0,3.4,NaN,0.0,0.0,3.9,NaN,0.0,0.0,1.0,NaN,0.0,0.0,NaN,NaN,NaN,24.0,29.7,NaN,0.0,0.0,9.3,NaN,0.0,0.0,27.6,NaN,0.0,0.0,22.6,NaN,0.0,0.0,NaN,NaN,NaN,24.0,376.0,NaN,0.0,0.0,79.0,0.0,1.0,0.0,0.0,2.0,0.0,1.0,1.0,1.0,0.0,0.0,0.0,0.0,0.0,1.0,1.0,1.0,1.0,1.0,0.0,0.0,3.0,5.0,4.0,2.0,NaN,NaN,NaN
121.0,NaN,1.0,0.0,94.0,NaN,3.0,0.0,36.11,NaN,0.0,2.0,118.0,NaN,-26.0,0.0,89.0,NaN,-5.0,0.0,74.0,NaN,-3.0,0.0,34.0,NaN,5.0,0.0,NaN,NaN,NaN,24.0,-4.0,NaN,0.0,1.0,18.0,NaN,0.0,1.0,NaN,NaN,NaN,24.0,7.34,NaN,0.0,1.0,38.0,NaN,0.0,1.0,NaN,NaN,NaN,24.0,45.0,NaN,0.0,1.0,28.0,NaN,0.0,1.0,147.0,NaN,0.0,1.0,8.8,NaN,0.0,1.0,104.0,NaN,0.0,1.0,1.4,NaN,0.0,1.0,NaN,NaN,NaN,24.0,109.0,NaN,0.0,1.0,1.2,NaN,0.0,1.0,2.1,NaN,0.0,1.0,3.4,NaN,0.0,1.0,3.9,NaN,0.0,1.0,1.0,NaN,0.0,1.0,NaN,NaN,NaN,24.0,29.7,NaN,0.0,1.0,9.3,NaN,0.0,1.0,27.6,NaN,0.0,1.0,22.6,NaN,0.0,1.0,NaN,NaN,NaN,24.0,376.0,NaN,0.0,1.0,79.0,0.0,1.0,0.0,0.0,3.0,0.0,1.0,1.0,1.0,0.0,0.0,0.0,0.0,0.0,0.0,1.0,1.0,1.0,1.0,0.0,0.0,3.0,5.0,4.0,2.0,NaN,NaN,NaN
123.0,NaN,2.0,0.0,90.0,NaN,-4.0,0.0,37.11,NaN,0.3333333333333333,0.0,116.0,NaN,-2.0,0.0,100.0,NaN,11.0,0.0,90.0,NaN,16.0,0.0,28.0,NaN,-6.0,0.0,NaN,NaN,NaN,24.0,-4.0,NaN,0.0,2.0,18.0,NaN,0.0,2.0,NaN,NaN,NaN,24.0,7.34,NaN,0.0,2.0,38.0,NaN,0.0,2.0,NaN,NaN,NaN,24.0,45.0,NaN,0.0,2.0,28.0,NaN,0.0,2.0,147.0,NaN,0.0,2.0,8.8,NaN,0.0,2.0,104.0,NaN,0.0,2.0,1.4,NaN,0.0,2.0,NaN,NaN,NaN,24.0,109.0,NaN,0.0,2.0,1.2,NaN,0.0,2.0,2.1,NaN,0.0,2.0,3.4,NaN,0.0,2.0,3.9,NaN,0.0,2.0,1.0,NaN,0.0,2.0,NaN,NaN,NaN,24.0,29.7,NaN,0.0,2.0,9.3,NaN,0.0,2.0,27.6,NaN,0.0,2.0,22.6,NaN,0.0,2.0,NaN,NaN,NaN,24.0,376.0,NaN,0.0,2.0,79.0,0.0,1.0,0.0,0.0,4.0,0.0,1.0,1.0,1.0,0.0,0.0,0.0,0.0,0.0,0.0,1.0,1.0,1.0,1.0,0.0,0.0,3.0,5.0,4.0,2.0,NaN,NaN,NaN
103.0,NaN,-20.0,0.0,95.0,NaN,5.0,0.0,37.11,NaN,0.25,1.0,122.0,NaN,6.0,0.0,88.0,NaN,-12.0,0.0,76.0,NaN,-14.0,0.0,26.0,NaN,-2.0,0.0,NaN,NaN,NaN,24.0,-4.0,NaN,0.0,3.0,18.0,NaN,0.0,3.0,NaN,NaN,NaN,24.0,7.34,NaN,0.0,3.0,38.0,NaN,0.0,3.0,NaN,NaN,NaN,24.0,45.0,NaN,0.0,3.0,28.0,NaN,0.0,3.0,147.0,NaN,0.0,3.0,8.8,NaN,0.0,3.0,104.0,NaN,0.0,3.0,1.4,NaN,0.0,3.0,NaN,NaN,NaN,24.0,109.0,NaN,0.0,3.0,1.2,NaN,0.0,3.0,2.1,NaN,0.0,3.0,3.4,NaN,0.0,3.0,3.9,NaN,0.0,3.0,1.0,NaN,0.0,3.0,NaN,NaN,NaN,24.0,29.7,NaN,0.0,3.0,9.3,NaN,0.0,3.0,27.6,NaN,0.0,3.0,22.6,NaN,0.0,3.0,NaN,NaN,NaN,24.0,376.0,NaN,0.0,3.0,79.0,0.0,1.0,0.0,0.0,5.0,0.0,1.0,1.0,1.0,0.0,0.0,0.0,0.0,0.0,0.0,1.0,1.0,1.0,1.0,0.0,0.0,3.0,5.0,4.0,2.0,NaN,NaN,NaN
86.0,NaN,-17.0,0.0,92.0,NaN,-3.0,0.0,37.11,NaN,0.2,2.0,119.0,NaN,-3.0,0.0,90.0,NaN,2.0,0.0,77.0,NaN,1.0,0.0,26.0,NaN,0.0,0.0,NaN,NaN,NaN,24.0,-4.0,NaN,0.0,4.0,18.0,NaN,0.0,4.0,NaN,NaN,NaN,24.0,7.34,NaN,0.0,4.0,38.0,NaN,0.0,4.0,NaN,NaN,NaN,24.0,45.0,NaN,0.0,4.0,28.0,NaN,0.0,4.0,147.0,NaN,0.0,4.0,8.8,NaN,0.0,4.0,104.0,NaN,0.0,4.0,1.4,NaN,0.0,4.0,NaN,NaN,NaN,24.0,109.0,NaN,0.0,4.0,1.2,NaN,0.0,4.0,2.1,NaN,0.0,4.0,3.4,NaN,0.0,4.0,3.9,NaN,0.0,4.0,1.0,NaN,0.0,4.0,NaN,NaN,NaN,24.0,29.7,NaN,0.0,4.0,9.3,NaN,0.0,4.0,27.6,NaN,0.0,4.0,22.6,NaN,0.0,4.0,NaN,NaN,NaN,24.0,376.0,NaN,0.0,4.0,79.0,0.0,1.0,0.0,0.0,6.0,0.0,1.0,0.0,1.0,0.0,0.0,0.0,0.0,0.0,0.0,1.0,1.0,1.0,1.0,0.0,0.0,3.0,5.0,4.0,2.0,NaN,NaN,NaN
98.0,NaN,12.0,0.0,90.0,NaN,-2.0,0.0,37.11,NaN,0.16666666666666666,3.0,125.0,NaN,6.0,0.0,83.0,NaN,-7.0,0.0,66.0,NaN,-11.0,0.0,24.0,NaN,-2.0,0.0,NaN,NaN,NaN,24.0,-4.0,NaN,0.0,5.0,18.0,NaN,0.0,5.0,NaN,NaN,NaN,24.0,7.34,NaN,0.0,5.0,38.0,NaN,0.0,5.0,NaN,NaN,NaN,24.0,45.0,NaN,0.0,5.0,28.0,NaN,0.0,5.0,147.0,NaN,0.0,5.0,8.8,NaN,0.0,5.0,104.0,NaN,0.0,5.0,1.4,NaN,0.0,5.0,NaN,NaN,NaN,24.0,109.0,NaN,0.0,5.0,1.2,NaN,0.0,5.0,2.1,NaN,0.0,5.0,3.4,NaN,0.0,5.0,3.9,NaN,0.0,5.0,1.0,NaN,0.0,5.0,NaN,NaN,NaN,24.0,29.7,NaN,0.0,5.0,9.3,NaN,0.0,5.0,27.6,NaN,0.0,5.0,22.6,NaN,0.0,5.0,NaN,NaN,NaN,24.0,376.0,NaN,0.0,5.0,79.0,0.0,1.0,0.0,0.0,7.0,0.0,1.0,1.0,1.0,0.0,0.0,0.0,0.0,0.0,0.0,1.0,1.0,1.0,1.0,0.0,0.0,3.0,5.0,4.0,2.0,NaN,NaN,NaN
96.0,NaN,-2.0,0.0,91.0,NaN,1.0,0.0,37.11,NaN,0.14285714285714285,4.0,107.0,NaN,-18.0,0.0,67.0,NaN,-16.0,0.0,48.0,NaN,-18.0,0.0,31.0,NaN,7.0,0.0,NaN,NaN,NaN,24.0,-4.0,NaN,0.0,6.0,18.0,NaN,0.0,6.0,NaN,NaN,NaN,24.0,7.34,NaN,0.0,6.0,38.0,NaN,0.0,6.0,NaN,NaN,NaN,24.0,45.0,NaN,0.0,6.0,28.0,NaN,0.0,6.0,147.0,NaN,0.0,6.0,8.8,NaN,0.0,6.0,104.0,NaN,0.0,6.0,1.4,NaN,0.0,6.0,NaN,NaN,NaN,24.0,109.0,NaN,0.0,6.0,1.2,NaN,0.0,6.0,2.1,NaN,0.0,6.0,3.4,NaN,0.0,6.0,3.9,NaN,0.0,6.0,1.0,NaN,0.0,6.0,NaN,NaN,NaN,24.0,29.7,NaN,0.0,6.0,9.3,NaN,0.0,6.0,27.6,NaN,0.0,6.0,22.6,NaN,0.0,6.0,NaN,NaN,NaN,24.0,376.0,NaN,0.0,6.0,79.0,0.0,1.0,0.0,0.0,8.0,0.0,1.0,1.0,1.0,0.0,0.0,0.0,0.0,0.0,0.0,1.0,1.0,1.0,1.0,0.0,0.0,3.0,5.0,4.0,2.0,NaN,NaN,NaN
105.0,NaN,9.0,0.0,95.0,NaN,4.0,0.0,37.0,NaN,-0.021999999999999888,0.0,113.0,NaN,6.0,0.0,94.0,NaN,27.0,0.0,83.0,NaN,35.0,0.0,26.0,NaN,-5.0,0.0,NaN,NaN,NaN,24.0,-4.0,NaN,0.0,7.0,21.0,NaN,0.42857142857142855,0.0,NaN,NaN,NaN,24.0,7.34,NaN,0.0,7.0,38.0,NaN,0.0,7.0,NaN,NaN,NaN,24.0,38.0,NaN,-1.0,0.0,26.0,NaN,-0.2857142857142857,0.0,126.0,NaN,-3.0,0.0,8.2,NaN,-0.08571428571428592,0.0,104.0,NaN,0.0,0.0,1.4,NaN,0.0,0.0,NaN,NaN,NaN,24.0,204.0,NaN,13.571428571428571,0.0,1.2,NaN,0.0,7.0,2.0,NaN,-0.0142857142857143,0.0,2.6,NaN,-0.11428571428571425,0.0,3.4,NaN,-0.07142857142857142,0.0,0.9,NaN,-0.014285714285714282,0.0,NaN,NaN,NaN,24.0,28.4,NaN,-0.1857142857142858,0.0,8.9,NaN,-0.0571428571428572,0.0,97.0,NaN,9.914285714285715,0.0,20.8,NaN,-0.25714285714285723,0.0,NaN,NaN,NaN,24.0,374.0,NaN,-0.2857142857142857,0.0,79.0,0.0,1.0,0.0,0.0,9.0,0.0,1.0,1.0,1.0,0.0,0.0,0.0,0.0,0.0,1.0,1.0,1.0,1.0,1.0,0.0,0.0,3.0,5.0,4.0,2.0,NaN,NaN,NaN
