82.5,NaN,NaN,24.0,96.0,NaN,NaN,24.0,37.56,NaN,NaN,24.0,135.0,NaN,NaN,24.0,73.0,NaN,NaN,24.0,52.0,NaN,NaN,24.0,41.0,NaN,NaN,24.0,NaN,NaN,NaN,24.0,NaN,NaN,NaN,24.0,NaN,NaN,NaN,24.0,NaN,NaN,NaN,24.0,NaN,NaN,NaN,24.0,NaN,NaN,NaN,24.0,NaN,NaN,NaN,24.0,NaN,NaN,NaN,24.0,NaN,NaN,NaN,24.0,NaN,NaN,NaN,24.0,NaN,NaN,NaN,24.0,NaN,NaN,NaN,24.0,NaN,NaN,NaN,24.0,NaN,NaN,NaN,24.0,NaN,NaN,NaN,24.0,NaN,NaN,NaN,24.0,NaN,NaN,NaN,24.0,NaN,NaN,NaN,24.0,NaN,NaN,NaN,24.0,NaN,NaN,NaN,24.0,NaN,NaN,NaN,24.0,NaN,NaN,NaN,24.0,NaN,NaN,NaN,24.0,NaN,NaN,NaN,24.0,NaN,NaN,NaN,24.0,NaN,NaN,NaN,24.0,NaN,NaN,NaN,24.0,80.0,0.0,0.0,1.0,-9.666666666666666,1.0,0.0,1.0,0.0,0.0,0.0,0.0,0.0,0.0,0.0,0.0,1.0,0.0,0.0,0.0,0.0,0.0,NaN,NaN,NaN,3.0,NaN,NaN,NaN
80.0,NaN,-2.5,0.0,97.0,NaN,1.0,0.0,37.56,NaN,0.0,1.0,108.0,NaN,-27.0,0.0,97.0,NaN,24.0,0.0,94.0,NaN,42.0,0.0,23.0,NaN,-18.0,0.0,NaN,NaN,NaN,24.0,NaN,NaN,NaN,24.0,26.0,NaN,0.0,0.0,NaN,NaN,NaN,24.0,NaN,NaN,NaN,24.0,NaN,NaN,NaN,24.0,NaN,NaN,NaN,24.0,NaN,NaN,NaN,24.0,28.0,NaN,0.0,0.0,NaN,NaN,NaN,24.0,8.2,NaN,0.0,0.0,101.0,NaN,0.0,0.0,1.3,NaN,0.0,0.0,NaN,NaN,NaN,24.0,94.0,NaN,0.0,0.0,NaN,NaN,NaN,24.0,1.9,NaN,0.0,0.0,2.9,NaN,0.0,0.0,4.0,NaN,0.0,0.0,NaN,NaN,NaN,24.0,NaN,NaN,NaN,24.0,28.0,NaN,0.0,0.0,9.0,NaN,0.0,0.0,NaN,NaN,NaN,24.0,19.6,NaN,0.0,0.0,NaN,NaN,NaN,24.0,210.0,NaN,0.0,0.0,80.0,0.0,0.0,1.0,-9.666666666666666,2.0,0.0,1.0,0.0,1.0,0.0,0.0,0.0,0.0,0.0,1.0,1.0,0.0,0.0,0.0,0.0,0.0,NaN,NaN,NaN,3.0,NaN,NaN,NaN
79.0,NaN,-1.0,0.0,97.0,NaN,0.0,0.0,37.56,NaN,0.0,2.0,104.0,NaN,-4.0,0.0,61.0,NaN,-36.0,0.0,47.0,NaN,-47.0,0.0,21.0,NaN,-2.0,0.0,NaN,NaN,NaN,24.0,NaN,NaN,NaN,24.0,26.0,NaN,0.0,1.0,NaN,NaN,NaN,24.0,NaN,NaN,NaN,24.0,NaN,NaN,NaN,24.0,NaN,NaN,NaN,24.0,NaN,NaN,NaN,24.0,28.0,NaN,0.0,1.0,NaN,NaN,NaN,24.0,8.2,NaN,0.0,1.0,101.0,NaN,0.0,1.0,1.3,NaN,0.0,1.0,NaN,NaN,NaN,24.0,94.0,NaN,0.0,1.0,NaN,NaN,NaN,24.0,1.9,NaN,0.0,1.0,2.9,NaN,0.0,1.0,4.0,NaN,0.0,1.0,NaN,NaN,NaN,24.0,NaN,NaN,NaN,24.0,28.0,NaN,0.0,1.0,9.0,NaN,0.0,1.0,NaN,NaN,NaN,24.0,19.6,NaN,0.0,1.0,NaN,NaN,NaN,24.0,210.0,NaN,0.0,1.0,80.0,0.0,0.0,1.0,-9.666666666666666,3.0,0.0,1.0,0.0,1.0,0.0,0.0,0.0,1.0,0.0,0.0,1.0,0.0,0.0,0.0,0.0,0.0,NaN,NaN,NaN,3.0,NaN,NaN,NaN
75.0,NaN,-4.0,0.0,96.0,NaN,-1.0,0.0,38.11,NaN,0.18333333333333238,0.0,113.0,NaN,9.0,0.0,56.0,NaN,-5.0,0.0,41.0,NaN,-6.0,0.0,23.0,NaN,2.0,0.0,NaN,NaN,NaN,24.0,NaN,NaN,NaN,24.0,26.0,NaN,0.0,2.0,NaN,NaN,NaN,24.0,NaN,NaN,NaN,24.0,NaN,NaN,NaN,24.0,NaN,NaN,NaN,24.0,NaN,NaN,NaN,24.0,28.0,NaN,0.0,2.0,NaN,NaN,NaN,24.0,8.2,NaN,0.0,2.0,101.0,NaN,0.0,2.0,1.3,NaN,0.0,2.0,NaN,NaN,NaN,24.0,94.0,NaN,0.0,2.0,NaN,NaN,NaN,24.0,1.9,NaN,0.0,2.0,2.9,NaN,0.0,2.0,4.0,NaN,0.0,2.0,NaN,NaN,NaN,24.0,NaN,NaN,NaN,24.0,28.0,NaN,0.0,2.0,9.0,NaN,0.0,2.0,NaN,NaN,NaN,24.0,19.6,NaN,0.0,2.0,NaN,NaN,NaN,24.0,210.0,NaN,0.0,2.0,80.0,0.0,0.0,1.0,-9.666666666666666,4.0,1.0,1.0,0.0,1.0,0.0,0.0,0.0,1.0,0.0,0.0,1.0,0.0,0.0,0.0,0.0,0.0,NaN,NaN,NaN,3.0,NaN,NaN,NaN
78.0,NaN,3.0,0.0,96.0,NaN,0.0,0.0,38.11,NaN,0.1374999999999993,1.0,99.0,NaN,-14.0,0.0,59.0,NaN,3.0,0.0,49.0,NaN,8.0,0.0,18.0,NaN,-5.0,0.0,NaN,NaN,NaN,24.0,NaN,NaN,NaN,24.0,26.0,NaN,0.0,3.0,NaN,NaN,NaN,24.0,NaN,NaN,NaN,24.0,NaN,NaN,NaN,24.0,NaN,NaN,NaN,24.0,NaN,NaN,NaN,24.0,28.0,NaN,0.0,3.0,NaN,NaN,NaN,24.0,8.2,NaN,0.0,3.0,101.0,NaN,0.0,3.0,1.3,NaN,0.0,3.0,NaN,NaN,NaN,24.0,94.0,NaN,0.0,3.0,NaN,NaN,NaN,24.0,1.9,NaN,0.0,3.0,2.9,NaN,0.0,3.0,4.0,NaN,0.0,3.0,NaN,NaN,NaN,24.0,NaN,NaN,NaN,24.0,28.0,NaN,0.0,3.0,9.0,NaN,0.0,3.0,NaN,NaN,NaN,24.0,19.6,NaN,0.0,3.0,NaN,NaN,NaN,24.0,210.0,NaN,0.0,3.0,80.0,0.0,0.0,1.0,-9.666666666666666,5.0,1.0,0.0,0.0,1.0,0.0,0.0,0.0,1.0,0.0,0.0,1.0,0.0,0.0,0.0,0.0,0.0,NaN,NaN,NaN,3.0,NaN,NaN,NaN
75.0,NaN,-3.0,0.0,97.0,NaN,1.0,0.0,38.11,NaN,0.10999999999999943,2.0,106.0,NaN,7.0,0.0,60.0,NaN,1.0,0.0,50.0,NaN,1.0,0.0,21.0,NaN,3.0,0.0,NaN,NaN,NaN,24.0,NaN,NaN,NaN,24.0,26.0,NaN,0.0,4.0,NaN,NaN,NaN,24.0,NaN,NaN,NaN,24.0,NaN,NaN,NaN,24.0,NaN,NaN,NaN,24.0,NaN,NaN,NaN,24.0,28.0,NaN,0.0,4.0,NaN,NaN,NaN,24.0,8.2,NaN,0.0,4.0,101.0,NaN,0.0,4.0,1.3,NaN,0.0,4.0,NaN,NaN,NaN,24.0,94.0,NaN,0.0,4.0,NaN,NaN,NaN,24.0,1.9,NaN,0.0,4.0,2.9,NaN,0.0,4.0,4.0,NaN,0.0,4.0,NaN,NaN,NaN,24.0,NaN,NaN,NaN,24.0,28.0,NaN,0.0,4.0,9.0,NaN,0.0,4.0,NaN,NaN,NaN,24.0,19.6,NaN,0.0,4.0,NaN,NaN,NaN,24.0,210.0,NaN,0.0,4.0,80.0,0.0,0.0,1.0,-9.666666666666666,6.0,1.0,1.0,0.0,1.0,0.0,0.0,0.0,1.0,0.0,0.0,1.0,0.0,0.0,0.0,0.0,0.0,NaN,NaN,NaN,3.0,NaN,NaN,NaN
75.0,NaN,0.0,0.0,100.0,NaN,3.0,0.0,38.11,NaN,0.09166666666666619,3.0,101.0,NaN,-5.0,0.0,57.0,NaN,-3.0,0.0,43.0,NaN,-7.0,0.0,21.0,NaN,0.0,0.0,NaN,NaN,NaN,24.0,NaN,NaN,NaN,24.0,24.0,NaN,-0.4,0.0,NaN,NaN,NaN,24.0,NaN,NaN,NaN,24.0,NaN,NaN,NaN,24.0,NaN,NaN,NaN,24.0,NaN,NaN,NaN,24.0,25.0,NaN,-0.6,0.0,NaN,NaN,NaN,24.0,8.1,NaN,-0.019999999999999928,0.0,105.0,NaN,0.8,0.0,1.2,NaN,-0.020000000000000018,0.0,NaN,NaN,NaN,24.0,94.0,NaN,0.0,5.0,NaN,NaN,NaN,24.0,1.9,NaN,0.0,0.0,2.7,NaN,-0.039999999999999945,0.0,3.7,NaN,-0.05999999999999996,0.0,NaN,NaN,NaN,24.0,NaN,NaN,NaN,24.0,28.0,NaN,0.0,5.0,9.0,NaN,0.0,5.0,NaN,NaN,NaN,24.0,19.6,NaN,0.0,5.0,NaN,NaN,NaN,24.0,210.0,NaN,0.0,5.0,80.0,0.0,0.0,1.0,-9.666666666666666,7.0,1.0,1.0,0.0,1.0,0.0,0.0,0.0,1.0,0.0,1.0,1.0,0.0,0.0,0.0,0.0,0.0,NaN,NaN,NaN,3.0,NaN,NaN,NaN
86.0,NaN,11.0,0.0,100.0,NaN,0.0,0.0,37.0,NaN,-0.27749999999999986,0.0,85.0,NaN,-16.0,0.0,54.0,NaN,-3.0,0.0,43.0,NaN,0.0,0.0,20.0,NaN,-1.0,0.0,NaN,NaN,NaN,24.0,NaN,NaN,NaN,24.0,24.0,NaN,-0.3333333333333333,1.0,NaN,NaN,NaN,24.0,NaN,NaN,NaN,24.0,NaN,NaN,NaN,24.0,NaN,NaN,NaN,24.0,NaN,NaN,NaN,24.0,25.0,NaN,-0.5,1.0,NaN,NaN,NaN,24.0,8.1,NaN,-0.016666666666666607,1.0,105.0,NaN,0.6666666666666666,1.0,1.2,NaN,-0.01666666666666668,1.0,NaN,NaN,NaN,24.0,94.0,NaN,0.0,6.0,NaN,NaN,NaN,24.0,1.9,NaN,0.0,1.0,2.7,NaN,-0.03333333333333329,1.0,3.7,NaN,-0.04999999999999997,1.0,NaN,NaN,NaN,24.0,NaN,NaN,NaN,24.0,28.0,NaN,0.0,6.0,9.0,NaN,0.0,6.0,NaN,NaN,NaN,24.0,19.6,NaN,0.0,6.0,NaN,NaN,NaN,24.0,210.0,NaN,0.0,6.0,80.0,0.0,0.0,1.0,-9.666666666666666,8.0,0.0,0.0,0.0,1.0,0.0,0.0,0.0,1.0,0.0,0.0,1.0,0.0,0.0,0.0,0.0,0.0,NaN,NaN,NaN,3.0,NaN,NaN,NaN
74.0,NaN,-12.0,0.0,99.0,NaN,-1.0,0.0,37.0,NaN,-0.2219999999999999,1.0,106.0,NaN,21.0,0.0,51.0,NaN,-3.0,0.0,56.0,NaN,13.0,0.0,18.0,NaN,-2.0,0.0,NaN,NaN,NaN,24.0,NaN,NaN,NaN,24.0,24.0,NaN,-0.2857142857142857,2.0,NaN,NaN,NaN,24.0,NaN,NaN,NaN,24.0,NaN,NaN,NaN,24.0,NaN,NaN,NaN,24.0,NaN,NaN,NaN,24.0,25.0,NaN,-0.42857142857142855,2.0,NaN,NaN,NaN,24.0,8.1,NaN,-0.014285714285714235,2.0,105.0,NaN,0.5714285714285714,2.0,1.2,NaN,-0.0142857142857143,2.0,NaN,NaN,NaN,24.0,94.0,NaN,0.0,7.0,NaN,NaN,NaN,24.0,1.9,NaN,0.0,2.0,2.7,NaN,-0.028571428571428532,2.0,3.7,NaN,-0.04285714285714283,2.0,NaN,NaN,NaN,24.0,NaN,NaN,NaN,24.0,28.0,NaN,0.0,7.0,9.0,NaN,0.0,7.0,NaN,NaN,NaN,24.0,19.6,NaN,0.0,7.0,NaN,NaN,NaN,24.0,210.0,NaN,0.0,7.0,80.0,0.0,0.0,1.0,-9.666666666666666,9.0,0.0,0.0,0.0,1.0,0.0,0.0,0.0,1.0,0.0,0.0,1.0,0.0,0.0,0.0,0.0,0.0,NaN,NaN,NaN,3.0,NaN,NaN,NaN
70.0,NaN,-4.0,0.0,98.0,NaN,-1.0,0.0,37.0,NaN,-0.18499999999999991,2.0,108.0,NaN,2.0,0.0,69.0,NaN,18.0,0.0,55.0,NaN,-1.0,0.0,21.0,NaN,3.0,0.0,NaN,NaN,NaN,24.0,NaN,NaN,NaN,24.0,25.0,NaN,0.3333333333333333,0.0,NaN,NaN,NaN,24.0,NaN,NaN,NaN,24.0,NaN,NaN,NaN,24.0,NaN,NaN,NaN,24.0,NaN,NaN,NaN,24.0,24.0,NaN,-0.3333333333333333,0.0,NaN,NaN,NaN,24.0,8.5,NaN,0.13333333333333344,0.0,103.0,NaN,-0.6666666666666666,0.0,1.2,NaN,0.0,0.0,NaN,NaN,NaN,24.0,97.0,NaN,0.375,0.0,NaN,NaN,NaN,24.0,1.9,NaN,0.0,0.0,2.7,NaN,0.0,0.0,3.6,NaN,-0.03333333333333336,0.0,NaN,NaN,NaN,24.0,NaN,NaN,NaN,24.0,27.1,NaN,-0.11249999999999982,0.0,8.6,NaN,-0.050000000000000044,0.0,NaN,NaN,NaN,24.0,17.1,NaN,-0.3125,0.0,NaN,NaN,NaN,24.0,192.0,NaN,-2.25,0.0,80.0,0.0,0.0,1.0,-9.666666666666666,10.0,0.0,1.0,0.0,1.0,0.0,0.0,0.0,0.0,0.0,1.0,1.0,0.0,0.0,0.0,0.0,0.0,NaN,NaN,NaN,3.0,NaN,NaN,NaN
70.0,NaN,0.0,0.0,98.0,NaN,0.0,0.0,37.0,NaN,-0.1585714285714285,3.0,76.0,NaN,-32.0,0.0,51.0,NaN,-18.0,0.0,45.0,NaN,-10.0,0.0,18.0,NaN,-3.0,0.0,NaN,NaN,NaN,24.0,NaN,NaN,NaN,24.0,25.0,NaN,0.25,1.0,NaN,NaN,NaN,24.0,NaN,NaN,NaN,24.0,NaN,NaN,NaN,24.0,97.0,NaN,0.0,0.0,NaN,NaN,NaN,24.0,24.0,NaN,-0.25,1.0,NaN,NaN,NaN,24.0,8.5,NaN,0.10000000000000009,1.0,103.0,NaN,-0.5,1.0,1.2,NaN,0.0,1.0,NaN,NaN,NaN,24.0,97.0,NaN,0.3333333333333333,1.0,1.4,NaN,0.0,0.0,1.9,NaN,0.0,1.0,2.7,NaN,0.0,1.0,3.6,NaN,-0.025000000000000022,1.0,NaN,NaN,NaN,24.0,NaN,NaN,NaN,24.0,27.1,NaN,-0.09999999999999984,1.0,8.6,NaN,-0.04444444444444448,1.0,NaN,NaN,NaN,24.0,17.1,NaN,-0.2777777777777778,1.0,NaN,NaN,NaN,24.0,192.0,NaN,-2.0,1.0,80.0,0.0,0.0,1.0,-9.666666666666666,11.0,0.0,0.0,0.0,1.0,0.0,0.0,0.0,1.0,0.0,0.0,1.0,0.0,0.0,0.0,0.0,0.0,NaN,NaN,NaN,3.0,NaN,NaN,NaN
70.0,NaN,0.0,0.0,99.0,NaN,1.0,0.0,37.5,NaN,0.125,0.0,110.0,NaN,34.0,0.0,86.0,NaN,35.0,0.0,78.0,NaN,33.0,0.0,21.0,NaN,3.0,0.0,NaN,NaN,NaN,24.0,NaN,NaN,NaN,24.0,25.0,NaN,0.2,2.0,NaN,NaN,NaN,24.0,NaN,NaN,NaN,24.0,NaN,NaN,NaN,24.0,97.0,NaN,0.0,1.0,NaN,NaN,NaN,24.0,24.0,NaN,-0.2,2.0,NaN,NaN,NaN,24.0,8.5,NaN,0.08000000000000007,2.0,103.0,NaN,-0.4,2.0,1.2,NaN,0.0,2.0,NaN,NaN,NaN,24.0,97.0,NaN,0.3,2.0,1.4,NaN,0.0,1.0,1.9,NaN,0.0,2.0,2.7,NaN,0.0,2.0,3.6,NaN,-0.020000000000000018,2.0,NaN,NaN,NaN,24.0,NaN,NaN,NaN,24.0,27.1,NaN,-0.08999999999999986,2.0,8.6,NaN,-0.040000000000000036,2.0,NaN,NaN,NaN,24.0,17.1,NaN,-0.25,2.0,NaN,NaN,NaN,24.0,192.0,NaN,-1.8,2.0,80.0,0.0,0.0,1.0,-9.666666666666666,12.0,0.0,1.0,0.0,1.0,0.0,0.0,0.0,0.0,0.0,0.0,1.0,0.0,0.0,0.0,0.0,0.0,NaN,NaN,NaN,3.0,NaN,NaN,NaN
