122.0,NaN,NaN,24.0,96.0,NaN,NaN,24.0,39.28,NaN,NaN,24.0,NaN,NaN,NaN,24.0,NaN,NaN,NaN,24.0,NaN,NaN,NaN,24.0,24.0,NaN,NaN,24.0,NaN,NaN,NaN,24.0,NaN,NaN,NaN,24.0,NaN,NaN,NaN,24.0,NaN,NaN,NaN,24.0,NaN,NaN,NaN,24.0,NaN,NaN,NaN,24.0,NaN,NaN,NaN,24.0,NaN,NaN,NaN,24.0,NaN,NaN,NaN,24.0,NaN,NaN,NaN,24.0,NaN,NaN,NaN,24.0,NaN,NaN,NaN,24.0,NaN,NaN,NaN,24.0,NaN,NaN,NaN,24.0,NaN,NaN,NaN,24.0,NaN,NaN,NaN,24.0,NaN,NaN,NaN,24.0,NaN,NaN,NaN,24.0,NaN,NaN,NaN,24.0,NaN,NaN,NaN,24.0,NaN,NaN,NaN,24.0,NaN,NaN,NaN,24.0,NaN,NaN,NaN,24.0,NaN,NaN,NaN,24.0,NaN,NaN,NaN,24.0,NaN,NaN,NaN,24.0,NaN,NaN,NaN,24.0,28.0,1.0,0.0,1.0,-7.7,1.0,1.0,1.0,1.0,0.0,0.0,0.0,0.0,0.0,0.0,0.0,1.0,0.0,1.0,1.0,0.0,0.0,2.0,5.0,4.0,0.0,NaN,NaN,NaN
119.0,NaN,-3.0,0.0,95.0,NaN,-1.0,0.0,39.28,NaN,0.0,1.0,131.0,NaN,0.0,0.0,92.0,NaN,0.0,0.0,80.0,NaN,0.0,0.0,24.0,NaN,0.0,0.0,NaN,NaN,NaN,24.0,NaN,NaN,NaN,24.0,NaN,NaN,NaN,24.0,NaN,NaN,NaN,24.0,NaN,NaN,NaN,24.0,NaN,NaN,NaN,24.0,NaN,NaN,NaN,24.0,NaN,NaN,NaN,24.0,NaN,NaN,NaN,24.0,NaN,NaN,NaN,24.0,NaN,NaN,NaN,24.0,NaN,NaN,NaN,24.0,NaN,NaN,NaN,24.0,NaN,NaN,NaN,24.0,NaN,NaN,NaN,24.0,NaN,NaN,NaN,24.0,NaN,NaN,NaN,24.0,NaN,NaN,NaN,24.0,NaN,NaN,NaN,24.0,NaN,NaN,NaN,24.0,NaN,NaN,NaN,24.0,NaN,NaN,NaN,24.0,NaN,NaN,NaN,24.0,NaN,NaN,NaN,24.0,NaN,NaN,NaN,24.0,NaN,NaN,NaN,24.0,NaN,NaN,NaN,24.0,28.0,1.0,0.0,1.0,-7.7,2.0,1.0,1.0,1.0,0.0,0.0,0.0,0.0,0.0,0.0,0.0,1.0,1.0,1.0,1.0,0.0,0.0,2.0,5.0,4.0,0.0,NaN,NaN,NaN
111.0,NaN,-8.0,0.0,94.0,NaN,-1.0,0.0,39.28,NaN,0.0,2.0,120.0,NaN,-11.0,0.0,81.0,NaN,-11.0,0.0,70.0,NaN,-10.0,0.0,23.0,NaN,-1.0,0.0,NaN,NaN,NaN,24.0,NaN,NaN,NaN,24.0,21.0,NaN,0.0,0.0,NaN,NaN,NaN,24.0,NaN,NaN,NaN,24.0,NaN,NaN,NaN,24.0,NaN,NaN,NaN,24.0,22.0,NaN,0.0,0.0,8.0,NaN,0.0,0.0,44.0,NaN,0.0,0.0,7.6,NaN,0.0,0.0,102.0,NaN,0.0,0.0,0.8,NaN,0.0,0.0,NaN,NaN,NaN,24.0,114.0,NaN,0.0,0.0,1.3,NaN,0.0,0.0,1.5,NaN,0.0,0.0,2.7,NaN,0.0,0.0,3.7,NaN,0.0,0.0,0.7,NaN,0.0,0.0,NaN,NaN,NaN,24.0,34.4,NaN,0.0,0.0,11.9,NaN,0.0,0.0,NaN,NaN,NaN,24.0,26.0,NaN,0.0,0.0,NaN,NaN,NaN,24.0,140.0,NaN,0.0,0.0,28.0,1.0,0.0,1.0,-7.7,3.0,1.0,1.0,1.0,1.0,0.0,1.0,0.0,0.0,0.0,0.0,1.0,1.0,1.0,1.0,0.0,0.0,2.0,5.0,4.0,0.0,NaN,NaN,NaN
99.0,NaN,-12.0,0.0,98.0,NaN,4.0,0.0,37.0,NaN,-0.7600000000000003,0.0,109.0,NaN,-11.0,0.0,74.0,NaN,-7.0,0.0,66.0,NaN,-4.0,0.0,23.0,NaN,0.0,0.0,NaN,NaN,NaN,24.0,NaN,NaN,NaN,24.0,21.0,NaN,0.0,1.0,NaN,NaN,NaN,24.0,NaN,NaN,NaN,24.0,NaN,NaN,NaN,24.0,NaN,NaN,NaN,24.0,22.0,NaN,0.0,1.0,8.0,NaN,0.0,1.0,44.0,NaN,0.0,1.0,7.6,NaN,0.0,1.0,102.0,NaN,0.0,1.0,0.8,NaN,0.0,1.0,NaN,NaN,NaN,24.0,114.0,NaN,0.0,1.0,1.3,NaN,0.0,1.0,1.5,NaN,0.0,1.0,2.7,NaN,0.0,1.0,3.7,NaN,0.0,1.0,0.7,NaN,0.0,1.0,NaN,NaN,NaN,24.0,34.4,NaN,0.0,1.0,11.9,NaN,0.0,1.0,NaN,NaN,NaN,24.0,26.0,NaN,0.0,1.0,NaN,NaN,NaN,24.0,140.0,NaN,0.0,1.0,28.0,1.0,0.0,1.0,-7.7,4.0,0.0,1.0,1.0,1.0,0.0,0.0,0.0,0.0,0.0,0.0,1.0,1.0,1.0,1.0,0.0,0.0,2.0,5.0,4.0,0.0,NaN,NaN,NaN
84.0,NaN,-15.0,0.0,97.0,NaN,-1.0,0.0,37.0,NaN,-0.5700000000000003,1.0,112.0,NaN,3.0,0.0,79.0,NaN,5.0,0.0,69.0,NaN,3.0,0.0,16.0,NaN,-7.0,0.0,NaN,NaN,NaN,24.0,NaN,NaN,NaN,24.0,21.0,NaN,0.0,2.0,NaN,NaN,NaN,24.0,NaN,NaN,NaN,24.0,NaN,NaN,NaN,24.0,NaN,NaN,NaN,24.0,22.0,NaN,0.0,2.0,8.0,NaN,0.0,2.0,44.0,NaN,0.0,2.0,7.6,NaN,0.0,2.0,102.0,NaN,0.0,2.0,0.8,NaN,0.0,2.0,NaN,NaN,NaN,24.0,114.0,NaN,0.0,2.0,1.3,NaN,0.0,2.0,1.5,NaN,0.0,2.0,2.7,NaN,0.0,2.0,3.7,NaN,0.0,2.0,0.7,NaN,0.0,2.0,NaN,NaN,NaN,24.0,34.4,NaN,0.0,2.0,11.9,NaN,0.0,2.0,NaN,NaN,NaN,24.0,26.0,NaN,0.0,2.0,NaN,NaN,NaN,24.0,140.0,NaN,0.0,2.0,28.0,1.0,0.0,1.0,-7.7,5.0,0.0,0.0,0.0,1.0,0.0,0.0,0.0,0.0,0.0,0.0,1.0,1.0,1.0,1.0,0.0,0.0,2.0,5.0,4.0,0.0,NaN,NaN,NaN
83.0,NaN,-1.0,0.0,98.0,NaN,1.0,0.0,37.0,NaN,-0.45600000000000024,2.0,105.0,NaN,-7.0,0.0,73.0,NaN,-6.0,0.0,66.0,NaN,-3.0,0.0,18.0,NaN,2.0,0.0,NaN,NaN,NaN,24.0,NaN,NaN,NaN,24.0,21.0,NaN,0.0,3.0,NaN,NaN,NaN,24.0,NaN,NaN,NaN,24.0,NaN,NaN,NaN,24.0,NaN,NaN,NaN,24.0,22.0,NaN,0.0,3.0,8.0,NaN,0.0,3.0,44.0,NaN,0.0,3.0,7.6,NaN,0.0,3.0,102.0,NaN,0.0,3.0,0.8,NaN,0.0,3.0,NaN,NaN,NaN,24.0,114.0,NaN,0.0,3.0,1.3,NaN,0.0,3.0,1.5,NaN,0.0,3.0,2.7,NaN,0.0,3.0,3.7,NaN,0.0,3.0,0.7,NaN,0.0,3.0,NaN,NaN,NaN,24.0,34.4,NaN,0.0,3.0,11.9,NaN,0.0,3.0,NaN,NaN,NaN,24.0,26.0,NaN,0.0,3.0,NaN,NaN,NaN,24.0,140.0,NaN,0.0,3.0,28.0,1.0,0.0,1.0,-7.7,6.0,0.0,0.0,0.0,1.0,0.0,0.0,0.0,0.0,0.0,0.0,1.0,1.0,1.0,1.0,0.0,0.0,2.0,5.0,4.0,0.0,NaN,NaN,NaN
89.0,NaN,6.0,0.0,98.0,NaN,0.0,0.0,37.0,NaN,-0.38000000000000017,3.0,103.0,NaN,-2.0,0.0,73.0,NaN,0.0,0.0,63.0,NaN,-3.0,0.0,18.0,NaN,0.0,0.0,NaN,NaN,NaN,24.0,NaN,NaN,NaN,24.0,21.0,NaN,0.0,4.0,NaN,NaN,NaN,24.0,NaN,NaN,NaN,24.0,NaN,NaN,NaN,24.0,NaN,NaN,NaN,24.0,22.0,NaN,0.0,4.0,8.0,NaN,0.0,4.0,44.0,NaN,0.0,4.0,7.6,NaN,0.0,4.0,102.0,NaN,0.0,4.0,0.8,NaN,0.0,4.0,NaN,NaN,NaN,24.0,114.0,NaN,0.0,4.0,1.3,NaN,0.0,4.0,1.5,NaN,0.0,4.0,2.7,NaN,0.0,4.0,3.7,NaN,0.0,4.0,0.7,NaN,0.0,4.0,NaN,NaN,NaN,24.0,34.4,NaN,0.0,4.0,11.9,NaN,0.0,4.0,NaN,NaN,NaN,24.0,26.0,NaN,0.0,4.0,NaN,NaN,NaN,24.0,140.0,NaN,0.0,4.0,28.0,1.0,0.0,1.0,-7.7,7.0,0.0,0.0,0.0,1.0,0.0,0.0,0.0,0.0,0.0,0.0,1.0,1.0,1.0,1.0,0.0,0.0,2.0,5.0,4.0,0.0,NaN,NaN,NaN
104.0,NaN,15.0,0.0,97.0,NaN,-1.0,0.0,37.06,NaN,0.015000000000000568,0.0,108.0,NaN,5.0,0.0,78.0,NaN,5.0,0.0,68.0,NaN,5.0,0.0,24.0,NaN,6.0,0.0,NaN,NaN,NaN,24.0,NaN,NaN,NaN,24.0,21.0,NaN,0.0,5.0,NaN,NaN,NaN,24.0,NaN,NaN,NaN,24.0,NaN,NaN,NaN,24.0,NaN,NaN,NaN,24.0,22.0,NaN,0.0,5.0,8.0,NaN,0.0,5.0,44.0,NaN,0.0,5.0,7.6,NaN,0.0,5.0,102.0,NaN,0.0,5.0,0.8,NaN,0.0,5.0,NaN,NaN,NaN,24.0,114.0,NaN,0.0,5.0,1.3,NaN,0.0,5.0,1.5,NaN,0.0,5.0,2.7,NaN,0.0,5.0,3.7,NaN,0.0,5.0,0.7,NaN,0.0,5.0,NaN,NaN,NaN,24.0,34.4,NaN,0.0,5.0,11.9,NaN,0.0,5.0,NaN,NaN,NaN,24.0,26.0,NaN,0.0,5.0,NaN,NaN,NaN,24.0,140.0,NaN,0.0,5.0,28.0,1.0,0.0,1.0,-7.7,8.0,0.0,1.0,1.0,1.0,0.0,0.0,0.0,0.0,0.0,0.0,1.0,1.0,1.0,1.0,0.0,0.0,2.0,5.0,4.0,0.0,NaN,NaN,NaN
94.0,NaN,-10.0,0.0,97.0,NaN,0.0,0.0,37.06,NaN,0.012000000000000455,1.0,106.0,NaN,-2.0,0.0,74.0,NaN,-4.0,0.0,64.0,NaN,-4.0,0.0,21.0,NaN,-3.0,0.0,NaN,NaN,NaN,24.0,NaN,NaN,NaN,24.0,21.0,NaN,0.0,6.0,NaN,NaN,NaN,24.0,NaN,NaN,NaN,24.0,NaN,NaN,NaN,24.0,NaN,NaN,NaN,24.0,22.0,NaN,0.0,6.0,8.0,NaN,0.0,6.0,44.0,NaN,0.0,6.0,7.6,NaN,0.0,6.0,102.0,NaN,0.0,6.0,0.8,NaN,0.0,6.0,NaN,NaN,NaN,24.0,114.0,NaN,0.0,6.0,1.3,NaN,0.0,6.0,1.5,NaN,0.0,6.0,2.7,NaN,0.0,6.0,3.7,NaN,0.0,6.0,0.7,NaN,0.0,6.0,NaN,NaN,NaN,24.0,34.4,NaN,0.0,6.0,11.9,NaN,0.0,6.0,NaN,NaN,NaN,24.0,26.0,NaN,0.0,6.0,NaN,NaN,NaN,24.0,140.0,NaN,0.0,6.0,28.0,1.0,0.0,1.0,-7.7,9.0,0.0,1.0,1.0,1.0,0.0,0.0,0.0,0.0,0.0,0.0,1.0,1.0,1.0,1.0,0.0,0.0,2.0,5.0,4.0,0.0,NaN,NaN,NaN
