128.0,NaN,NaN,24.0,100.0,NaN,NaN,24.0,NaN,NaN,NaN,24.0,117.0,NaN,NaN,24.0,80.0,NaN,NaN,24.0,63.0,NaN,NaN,24.0,16.0,NaN,NaN,24.0,NaN,NaN,NaN,24.0,5.0,NaN,NaN,24.0,NaN,NaN,NaN,24.0,NaN,NaN,NaN,24.0,7.49,NaN,NaN,24.0,36.0,NaN,NaN,24.0,NaN,NaN,NaN,24.0,NaN,NaN,NaN,24.0,NaN,NaN,NaN,24.0,NaN,NaN,NaN,24.0,NaN,NaN,NaN,24.0,NaN,NaN,NaN,24.0,NaN,NaN,NaN,24.0,NaN,NaN,NaN,24.0,NaN,NaN,NaN,24.0,3.9,NaN,NaN,24.0,NaN,NaN,NaN,24.0,NaN,NaN,NaN,24.0,NaN,NaN,NaN,24.0,NaN,NaN,NaN,24.0,NaN,NaN,NaN,24.0,NaN,NaN,NaN,24.0,NaN,NaN,NaN,24.0,NaN,NaN,NaN,24.0,NaN,NaN,NaN,24.0,NaN,NaN,NaN,24.0,NaN,NaN,NaN,24.0,23.0,0.0,0.0,1.0,-145.28833333333333,1.0,0.0,0.0,1.0,0.0,0.0,0.0,0.0,0.0,1.0,0.0,1.0,0.0,1.0,1.0,0.0,0.0,3.0,5.0,4.0,0.0,NaN,NaN,NaN
130.0,NaN,2.0,0.0,100.0,NaN,0.0,0.0,37.585,NaN,0.0,0.0,95.3333333333333,NaN,-21.6666666666667,0.0,69.3333333333333,NaN,-10.6666666666667,0.0,57.3333333333333,NaN,-5.6666666666667,0.0,14.6666666666667,NaN,-1.3333333333333002,0.0,NaN,NaN,NaN,24.0,5.0,NaN,0.0,1.0,NaN,NaN,NaN,24.0,0.5,NaN,0.0,0.0,7.49,NaN,0.0,1.0,36.0,NaN,0.0,1.0,NaN,NaN,NaN,24.0,NaN,NaN,NaN,24.0,NaN,NaN,NaN,24.0,NaN,NaN,NaN,24.0,NaN,NaN,NaN,24.0,NaN,NaN,NaN,24.0,NaN,NaN,NaN,24.0,NaN,NaN,NaN,24.0,NaN,NaN,NaN,24.0,3.9,NaN,0.0,1.0,NaN,NaN,NaN,24.0,NaN,NaN,NaN,24.0,NaN,NaN,NaN,24.0,NaN,NaN,NaN,24.0,NaN,NaN,NaN,24.0,NaN,NaN,NaN,24.0,NaN,NaN,NaN,24.0,NaN,NaN,NaN,24.0,NaN,NaN,NaN,24.0,NaN,NaN,NaN,24.0,NaN,NaN,NaN,24.0,23.0,0.0,0.0,1.0,-145.28833333333333,2.0,0.0,0.0,1.0,0.0,2.0,0.0,0.0,0.0,0.0,0.0,0.0,1.0,1.0,1.0,0.0,0.0,3.0,5.0,4.0,0.0,NaN,NaN,NaN
131.0,NaN,1.0,0.0,100.0,NaN,0.0,0.0,37.585,NaN,0.0,1.0,97.0,NaN,1.6666666666666998,0.0,74.0,NaN,4.6666666666667,0.0,63.0,NaN,5.6666666666667,0.0,15.0,NaN,0.3333333333333002,0.0,NaN,NaN,NaN,24.0,5.0,NaN,0.0,2.0,NaN,NaN,NaN,24.0,0.5,NaN,0.0,1.0,7.49,NaN,0.0,2.0,36.0,NaN,0.0,2.0,NaN,NaN,NaN,24.0,NaN,NaN,NaN,24.0,NaN,NaN,NaN,24.0,NaN,NaN,NaN,24.0,NaN,NaN,NaN,24.0,NaN,NaN,NaN,24.0,NaN,NaN,NaN,24.0,NaN,NaN,NaN,24.0,NaN,NaN,NaN,24.0,3.9,NaN,0.0,2.0,NaN,NaN,NaN,24.0,NaN,NaN,NaN,24.0,NaN,NaN,NaN,24.0,NaN,NaN,NaN,24.0,NaN,NaN,NaN,24.0,NaN,NaN,NaN,24.0,NaN,NaN,NaN,24.0,NaN,NaN,NaN,24.0,NaN,NaN,NaN,24.0,NaN,NaN,NaN,24.0,NaN,NaN,NaN,24.0,23.0,0.0,0.0,1.0,-145.28833333333333,3.0,0.0,0.0,1.0,0.0,0.0,0.0,0.0,0.0,0.0,0.0,1.0,1.0,1.0,1.0,0.0,0.0,3.0,5.0,4.0,0.0,NaN,NaN,NaN
140.5,NaN,9.5,0.0,99.5,NaN,-0.5,0.0,38.22,NaN,0.317499999999999,0.0,95.5,NaN,-1.5,0.0,75.0,NaN,1.0,0.0,64.0,NaN,1.0,0.0,14.75,NaN,-0.25,0.0,NaN,NaN,NaN,24.0,5.0,NaN,0.0,3.0,NaN,NaN,NaN,24.0,0.5,NaN,0.0,0.0,7.49,NaN,0.0,3.0,36.0,NaN,0.0,3.0,NaN,NaN,NaN,24.0,NaN,NaN,NaN,24.0,NaN,NaN,NaN,24.0,NaN,NaN,NaN,24.0,NaN,NaN,NaN,24.0,NaN,NaN,NaN,24.0,NaN,NaN,NaN,24.0,NaN,NaN,NaN,24.0,NaN,NaN,NaN,24.0,3.9,NaN,0.0,3.0,NaN,NaN,NaN,24.0,NaN,NaN,NaN,24.0,NaN,NaN,NaN,24.0,NaN,NaN,NaN,24.0,NaN,NaN,NaN,24.0,NaN,NaN,NaN,24.0,NaN,NaN,NaN,24.0,NaN,NaN,NaN,24.0,NaN,NaN,NaN,24.0,NaN,NaN,NaN,24.0,NaN,NaN,NaN,24.0,23.0,0.0,0.0,1.0,-145.28833333333333,4.0,1.0,0.0,1.0,0.0,2.0,0.0,0.0,0.0,0.0,0.0,0.0,1.0,1.0,1.0,0.0,0.0,3.0,5.0,4.0,0.0,NaN,NaN,NaN
128.0,NaN,-12.5,0.0,100.0,NaN,0.5,0.0,38.17,NaN,-0.04999999999999716,0.0,104.0,NaN,8.5,0.0,76.0,NaN,1.0,0.0,62.0,NaN,-2.0,0.0,16.0,NaN,1.25,0.0,NaN,NaN,NaN,24.0,2.0,NaN,-0.75,0.0,24.0,NaN,0.0,0.0,0.5,NaN,0.0,1.0,7.46,NaN,-0.007500000000000062,0.0,35.0,NaN,-0.25,0.0,NaN,NaN,NaN,24.0,NaN,NaN,NaN,24.0,10.0,NaN,0.0,0.0,NaN,NaN,NaN,24.0,8.0,NaN,0.0,0.0,109.0,NaN,0.0,0.0,0.5,NaN,0.0,0.0,NaN,NaN,NaN,24.0,118.0,NaN,0.0,0.0,2.5,NaN,-0.35,0.0,1.8,NaN,0.0,0.0,5.4,NaN,0.0,0.0,4.3,NaN,0.0,0.0,NaN,NaN,NaN,24.0,NaN,NaN,NaN,24.0,38.9,NaN,0.0,0.0,NaN,NaN,NaN,24.0,52.5,NaN,0.0,0.0,NaN,NaN,NaN,24.0,189.0,NaN,0.0,0.0,108.0,NaN,0.0,0.0,23.0,0.0,0.0,1.0,-145.28833333333333,5.0,1.0,0.0,1.0,0.0,0.0,1.0,0.0,0.0,1.0,0.0,1.0,1.0,1.0,1.0,0.0,0.0,3.0,5.0,4.0,0.0,NaN,NaN,NaN
139.0,NaN,11.0,0.0,99.0,NaN,-1.0,0.0,38.17,NaN,-0.02499999999999858,1.0,85.0,NaN,-19.0,0.0,68.0,NaN,-8.0,0.0,57.0,NaN,-5.0,0.0,13.5,NaN,-2.5,0.0,NaN,NaN,NaN,24.0,2.0,NaN,-0.6,1.0,24.0,NaN,0.0,1.0,0.4,NaN,-0.04999999999999999,0.0,7.46,NaN,-0.0060000000000000496,1.0,35.0,NaN,-0.2,1.0,NaN,NaN,NaN,24.0,NaN,NaN,NaN,24.0,10.0,NaN,0.0,1.0,NaN,NaN,NaN,24.0,8.0,NaN,0.0,1.0,109.0,NaN,0.0,1.0,0.5,NaN,0.0,1.0,NaN,NaN,NaN,24.0,118.0,NaN,0.0,1.0,2.5,NaN,-0.27999999999999997,1.0,1.8,NaN,0.0,1.0,5.4,NaN,0.0,1.0,4.3,NaN,0.0,1.0,NaN,NaN,NaN,24.0,NaN,NaN,NaN,24.0,34.3,NaN,-4.600000000000001,0.0,NaN,NaN,NaN,24.0,52.5,NaN,0.0,1.0,NaN,NaN,NaN,24.0,189.0,NaN,0.0,1.0,92.0,NaN,-16.0,0.0,23.0,0.0,0.0,1.0,-145.28833333333333,6.0,1.0,0.0,1.0,0.0,1.0,2.0,0.0,1.0,0.0,0.0,1.0,1.0,1.0,1.0,0.0,0.0,3.0,5.0,4.0,0.0,NaN,NaN,NaN
120.0,NaN,-19.0,0.0,100.0,NaN,1.0,0.0,38.17,NaN,-0.01666666666666572,2.0,93.0,NaN,8.0,0.0,69.0,NaN,1.0,0.0,55.0,NaN,-2.0,0.0,15.0,NaN,1.5,0.0,NaN,NaN,NaN,24.0,2.0,NaN,-0.5,2.0,22.0,NaN,-1.0,0.0,0.4,NaN,-0.033333333333333326,1.0,7.46,NaN,-0.005000000000000042,2.0,35.0,NaN,-0.16666666666666666,2.0,NaN,NaN,NaN,24.0,593.0,NaN,0.0,0.0,10.0,NaN,0.0,0.0,38.0,NaN,0.0,0.0,7.1,NaN,-0.4500000000000002,0.0,112.0,NaN,1.5,0.0,0.4,NaN,-0.04999999999999999,0.0,5.1,NaN,0.0,0.0,117.0,NaN,-0.5,0.0,2.5,NaN,-0.2333333333333333,2.0,1.6,NaN,-0.09999999999999998,0.0,4.6,NaN,-0.40000000000000036,0.0,4.1,NaN,-0.10000000000000009,0.0,9.5,NaN,0.0,0.0,NaN,NaN,NaN,24.0,38.1,NaN,3.8000000000000043,0.0,14.0,NaN,0.0,0.0,54.2,NaN,0.8500000000000014,0.0,10.8,NaN,0.0,0.0,184.0,NaN,-2.5,0.0,96.0,NaN,4.0,0.0,23.0,0.0,0.0,1.0,-145.28833333333333,7.0,1.0,0.0,1.0,0.0,0.0,2.0,3.0,0.0,0.0,0.0,1.0,1.0,1.0,1.0,0.0,0.0,3.0,5.0,4.0,0.0,NaN,NaN,NaN
108.0,NaN,-12.0,0.0,100.0,NaN,0.0,0.0,38.17,NaN,-0.01249999999999929,3.0,130.0,NaN,37.0,0.0,90.0,NaN,21.0,0.0,69.0,NaN,14.0,0.0,17.0,NaN,2.0,0.0,NaN,NaN,NaN,24.0,2.0,NaN,-0.42857142857142855,3.0,22.0,NaN,-0.6666666666666666,1.0,0.4,NaN,-0.024999999999999994,2.0,7.46,NaN,-0.0042857142857143215,3.0,35.0,NaN,-0.14285714285714285,3.0,NaN,NaN,NaN,24.0,593.0,NaN,0.0,1.0,10.0,NaN,0.0,1.0,38.0,NaN,0.0,1.0,7.1,NaN,-0.3000000000000001,1.0,112.0,NaN,1.0,1.0,0.4,NaN,-0.033333333333333326,1.0,5.1,NaN,0.0,1.0,117.0,NaN,-0.3333333333333333,1.0,2.5,NaN,-0.19999999999999998,3.0,1.6,NaN,-0.06666666666666665,1.0,4.6,NaN,-0.2666666666666669,1.0,4.1,NaN,-0.06666666666666672,1.0,9.5,NaN,0.0,1.0,NaN,NaN,NaN,24.0,38.1,NaN,1.9000000000000021,1.0,14.0,NaN,0.0,1.0,54.2,NaN,0.5666666666666677,1.0,10.8,NaN,0.0,1.0,184.0,NaN,-1.6666666666666667,1.0,96.0,NaN,2.0,1.0,23.0,0.0,0.0,1.0,-145.28833333333333,8.0,1.0,0.0,1.0,0.0,0.0,0.0,0.0,0.0,0.0,0.0,1.0,1.0,1.0,1.0,0.0,0.0,3.0,5.0,4.0,0.0,NaN,NaN,NaN
129.0,NaN,21.0,0.0,99.0,NaN,-1.0,0.0,38.06,NaN,-0.027499999999999858,0.0,105.0,NaN,-25.0,0.0,80.0,NaN,-10.0,0.0,65.0,NaN,-4.0,0.0,18.5,NaN,1.5,0.0,NaN,NaN,NaN,24.0,0.0,NaN,-0.5,0.0,22.0,NaN,-0.5,2.0,0.4,NaN,0.0,0.0,7.44,NaN,-0.004999999999999893,0.0,32.0,NaN,-0.75,0.0,NaN,NaN,NaN,24.0,593.0,NaN,0.0,2.0,10.0,NaN,0.0,2.0,38.0,NaN,0.0,2.0,7.1,NaN,-0.2250000000000001,2.0,112.0,NaN,0.75,2.0,0.4,NaN,-0.024999999999999994,2.0,5.1,NaN,0.0,2.0,116.0,NaN,-0.5,0.0,2.7,NaN,0.050000000000000044,0.0,1.6,NaN,-0.04999999999999999,2.0,4.6,NaN,-0.20000000000000018,2.0,4.1,NaN,-0.050000000000000044,2.0,9.5,NaN,0.0,2.0,NaN,NaN,NaN,24.0,38.1,NaN,1.2666666666666682,2.0,14.0,NaN,0.0,2.0,54.2,NaN,0.4250000000000007,2.0,10.8,NaN,0.0,2.0,184.0,NaN,-1.25,2.0,96.0,NaN,1.3333333333333333,2.0,23.0,0.0,0.0,1.0,-145.28833333333333,9.0,1.0,0.0,1.0,0.0,1.0,0.0,0.0,0.0,1.0,0.0,1.0,1.0,1.0,1.0,0.0,0.0,3.0,5.0,4.0,0.0,NaN,NaN,NaN
