126.0,NaN,NaN,24.0,77.0,NaN,NaN,24.0,NaN,NaN,NaN,24.0,162.0,NaN,NaN,24.0,98.0,NaN,NaN,24.0,74.0,NaN,NaN,24.0,28.0,NaN,NaN,24.0,NaN,NaN,NaN,24.0,NaN,NaN,NaN,24.0,NaN,NaN,NaN,24.0,NaN,NaN,NaN,24.0,NaN,NaN,NaN,24.0,NaN,NaN,NaN,24.0,NaN,NaN,NaN,24.0,NaN,NaN,NaN,24.0,NaN,NaN,NaN,24.0,NaN,NaN,NaN,24.0,NaN,NaN,NaN,24.0,NaN,NaN,NaN,24.0,NaN,NaN,NaN,24.0,NaN,NaN,NaN,24.0,NaN,NaN,NaN,24.0,NaN,NaN,NaN,24.0,NaN,NaN,NaN,24.0,NaN,NaN,NaN,24.0,NaN,NaN,NaN,24.0,NaN,NaN,NaN,24.0,NaN,NaN,NaN,24.0,NaN,NaN,NaN,24.0,NaN,NaN,NaN,24.0,NaN,NaN,NaN,24.0,NaN,NaN,NaN,24.0,NaN,NaN,NaN,24.0,NaN,NaN,NaN,24.0,77.0,0.0,1.0,0.0,0.0,1.0,0.0,1.0,1.0,0.0,0.0,0.0,0.0,0.0,0.0,0.0,1.0,0.0,1.0,1.0,1.0,0.0,NaN,6.0,6.0,6.0,NaN,NaN,NaN
127.0,NaN,1.0,0.0,85.0,NaN,8.0,0.0,36.83,NaN,0.0,0.0,131.0,NaN,-31.0,0.0,70.0,NaN,-28.0,0.0,53.0,NaN,-21.0,0.0,26.0,NaN,-2.0,0.0,NaN,NaN,NaN,24.0,0.0,NaN,0.0,0.0,22.0,NaN,0.0,0.0,1.0,NaN,0.0,0.0,7.27,NaN,0.0,0.0,64.0,NaN,0.0,0.0,NaN,NaN,NaN,24.0,57.0,NaN,0.0,0.0,61.0,NaN,0.0,0.0,139.0,NaN,0.0,0.0,8.1,NaN,0.0,0.0,106.0,NaN,0.0,0.0,1.6,NaN,0.0,0.0,NaN,NaN,NaN,24.0,207.0,NaN,0.0,0.0,1.9,NaN,0.0,0.0,1.9,NaN,0.0,0.0,5.4,NaN,0.0,0.0,4.4,NaN,0.0,0.0,0.9,NaN,0.0,0.0,NaN,NaN,NaN,24.0,33.7,NaN,0.0,0.0,9.7,NaN,0.0,0.0,28.0,NaN,0.0,0.0,22.4,NaN,0.0,0.0,NaN,NaN,NaN,24.0,80.0,NaN,0.0,0.0,77.0,0.0,1.0,0.0,0.0,2.0,0.0,1.0,1.0,1.0,3.0,2.0,0.0,0.0,0.0,1.0,1.0,0.0,1.0,1.0,1.0,0.0,NaN,6.0,6.0,6.0,NaN,NaN,NaN
126.0,NaN,-1.0,0.0,92.0,NaN,7.0,0.0,36.83,NaN,0.0,1.0,85.0,NaN,-46.0,0.0,50.0,NaN,-20.0,0.0,38.0,NaN,-15.0,0.0,26.0,NaN,0.0,0.0,NaN,NaN,NaN,24.0,0.0,NaN,0.0,1.0,22.0,NaN,0.0,1.0,1.0,NaN,0.0,1.0,7.27,NaN,0.0,1.0,64.0,NaN,0.0,1.0,NaN,NaN,NaN,24.0,57.0,NaN,0.0,1.0,61.0,NaN,0.0,1.0,139.0,NaN,0.0,1.0,8.1,NaN,0.0,1.0,106.0,NaN,0.0,1.0,1.6,NaN,0.0,1.0,NaN,NaN,NaN,24.0,207.0,NaN,0.0,1.0,1.9,NaN,0.0,1.0,1.9,NaN,0.0,1.0,5.4,NaN,0.0,1.0,4.4,NaN,0.0,1.0,0.9,NaN,0.0,1.0,NaN,NaN,NaN,24.0,33.7,NaN,0.0,1.0,9.7,NaN,0.0,1.0,28.0,NaN,0.0,1.0,22.4,NaN,0.0,1.0,NaN,NaN,NaN,24.0,80.0,NaN,0.0,1.0,77.0,0.0,1.0,0.0,0.0,3.0,0.0,1.0,1.0,1.0,0.0,0.0,0.0,1.0,0.0,0.0,1.0,1.0,1.0,1.0,1.0,0.0,NaN,6.0,6.0,6.0,NaN,NaN,NaN
125.0,NaN,-1.0,0.0,95.0,NaN,3.0,0.0,37.28,NaN,0.22500000000000142,0.0,100.0,NaN,15.0,0.0,54.0,NaN,4.0,0.0,45.0,NaN,7.0,0.0,31.0,NaN,5.0,0.0,NaN,NaN,NaN,24.0,0.0,NaN,0.0,2.0,22.0,NaN,0.0,2.0,1.0,NaN,0.0,0.0,7.27,NaN,0.0,2.0,64.0,NaN,0.0,2.0,NaN,NaN,NaN,24.0,57.0,NaN,0.0,2.0,61.0,NaN,0.0,2.0,139.0,NaN,0.0,2.0,8.1,NaN,0.0,2.0,106.0,NaN,0.0,2.0,1.6,NaN,0.0,2.0,NaN,NaN,NaN,24.0,207.0,NaN,0.0,2.0,1.9,NaN,0.0,2.0,1.9,NaN,0.0,2.0,5.4,NaN,0.0,2.0,4.4,NaN,0.0,2.0,0.9,NaN,0.0,2.0,NaN,NaN,NaN,24.0,33.7,NaN,0.0,2.0,9.7,NaN,0.0,2.0,28.0,NaN,0.0,2.0,22.4,NaN,0.0,2.0,NaN,NaN,NaN,24.0,80.0,NaN,0.0,2.0,77.0,0.0,1.0,0.0,0.0,4.0,0.0,1.0,1.0,1.0,3.0,0.0,0.0,1.0,0.0,0.0,1.0,1.0,1.0,1.0,1.0,0.0,NaN,6.0,6.0,6.0,NaN,NaN,NaN
129.0,NaN,4.0,0.0,92.0,NaN,-3.0,0.0,37.28,NaN,0.15000000000000094,1.0,88.0,NaN,-12.0,0.0,52.0,NaN,-2.0,0.0,38.0,NaN,-7.0,0.0,30.0,NaN,-1.0,0.0,NaN,NaN,NaN,24.0,0.0,NaN,0.0,3.0,22.0,NaN,0.0,3.0,0.8,NaN,-0.19999999999999996,0.0,7.27,NaN,0.0,3.0,64.0,NaN,0.0,3.0,NaN,NaN,NaN,24.0,57.0,NaN,0.0,3.0,61.0,NaN,0.0,3.0,139.0,NaN,0.0,3.0,8.1,NaN,0.0,3.0,106.0,NaN,0.0,3.0,1.6,NaN,0.0,3.0,NaN,NaN,NaN,24.0,207.0,NaN,0.0,3.0,1.9,NaN,0.0,3.0,1.9,NaN,0.0,3.0,5.4,NaN,0.0,3.0,4.4,NaN,0.0,3.0,0.9,NaN,0.0,3.0,NaN,NaN,NaN,24.0,33.7,NaN,0.0,3.0,9.7,NaN,0.0,3.0,28.0,NaN,0.0,3.0,22.4,NaN,0.0,3.0,NaN,NaN,NaN,24.0,80.0,NaN,0.0,3.0,77.0,0.0,1.0,0.0,0.0,5.0,0.0,1.0,1.0,1.0,3.0,0.0,0.0,1.0,0.0,0.0,1.0,1.0,1.0,1.0,1.0,0.0,NaN,6.0,6.0,6.0,NaN,NaN,NaN
122.0,NaN,-7.0,0.0,96.0,NaN,4.0,0.0,37.28,NaN,0.11250000000000071,2.0,103.0,NaN,15.0,0.0,72.0,NaN,20.0,0.0,65.0,NaN,27.0,0.0,29.0,NaN,-1.0,0.0,NaN,NaN,NaN,24.0,0.0,NaN,0.0,4.0,22.0,NaN,0.0,4.0,0.8,NaN,-0.09999999999999998,1.0,7.27,NaN,0.0,4.0,64.0,NaN,0.0,4.0,NaN,NaN,NaN,24.0,57.0,NaN,0.0,4.0,61.0,NaN,0.0,4.0,139.0,NaN,0.0,4.0,8.1,NaN,0.0,4.0,106.0,NaN,0.0,4.0,1.6,NaN,0.0,4.0,NaN,NaN,NaN,24.0,207.0,NaN,0.0,4.0,1.9,NaN,0.0,4.0,1.9,NaN,0.0,4.0,5.4,NaN,0.0,4.0,4.4,NaN,0.0,4.0,0.9,NaN,0.0,4.0,NaN,NaN,NaN,24.0,33.7,NaN,0.0,4.0,9.7,NaN,0.0,4.0,28.0,NaN,0.0,4.0,22.4,NaN,0.0,4.0,NaN,NaN,NaN,24.0,80.0,NaN,0.0,4.0,77.0,0.0,1.0,0.0,0.0,6.0,0.0,1.0,1.0,1.0,0.0,0.0,0.0,0.0,0.0,0.0,1.0,1.0,1.0,1.0,1.0,0.0,NaN,6.0,6.0,6.0,NaN,NaN,NaN
124.0,NaN,2.0,0.0,97.0,NaN,1.0,0.0,37.28,NaN,0.09000000000000057,3.0,90.0,NaN,-13.0,0.0,55.0,NaN,-17.0,0.0,45.0,NaN,-20.0,0.0,30.0,NaN,1.0,0.0,NaN,NaN,NaN,24.0,0.0,NaN,0.0,5.0,22.0,NaN,0.0,5.0,0.8,NaN,-0.06666666666666665,2.0,7.27,NaN,0.0,5.0,64.0,NaN,0.0,5.0,NaN,NaN,NaN,24.0,57.0,NaN,0.0,5.0,61.0,NaN,0.0,5.0,139.0,NaN,0.0,5.0,8.1,NaN,0.0,5.0,106.0,NaN,0.0,5.0,1.6,NaN,0.0,5.0,NaN,NaN,NaN,24.0,207.0,NaN,0.0,5.0,1.9,NaN,0.0,5.0,1.9,NaN,0.0,5.0,5.4,NaN,0.0,5.0,4.4,NaN,0.0,5.0,0.9,NaN,0.0,5.0,NaN,NaN,NaN,24.0,33.7,NaN,0.0,5.0,9.7,NaN,0.0,5.0,28.0,NaN,0.0,5.0,22.4,NaN,0.0,5.0,NaN,NaN,NaN,24.0,80.0,NaN,0.0,5.0,77.0,0.0,1.0,0.0,0.0,7.0,0.0,1.0,1.0,1.0,0.0,0.0,0.0,1.0,0.0,0.0,1.0,1.0,1.0,1.0,1.0,0.0,NaN,6.0,6.0,6.0,NaN,NaN,NaN
120.0,NaN,-4.0,0.0,95.0,NaN,-2.0,0.0,37.22,NaN,-0.015000000000000568,0.0,101.0,NaN,11.0,0.0,66.0,NaN,11.0,0.0,57.0,NaN,12.0,0.0,29.5,NaN,-0.5,0.0,NaN,NaN,NaN,24.0,0.0,NaN,0.0,6.0,22.0,NaN,0.0,6.0,0.7,NaN,-0.03333333333333336,0.0,7.27,NaN,0.0,6.0,64.0,NaN,0.0,6.0,NaN,NaN,NaN,24.0,57.0,NaN,0.0,6.0,61.0,NaN,0.0,6.0,139.0,NaN,0.0,6.0,8.1,NaN,0.0,6.0,106.0,NaN,0.0,6.0,1.6,NaN,0.0,6.0,NaN,NaN,NaN,24.0,207.0,NaN,0.0,6.0,1.9,NaN,0.0,6.0,1.9,NaN,0.0,6.0,5.4,NaN,0.0,6.0,4.4,NaN,0.0,6.0,0.9,NaN,0.0,6.0,NaN,NaN,NaN,24.0,33.7,NaN,0.0,6.0,9.7,NaN,0.0,6.0,28.0,NaN,0.0,6.0,22.4,NaN,0.0,6.0,NaN,NaN,NaN,24.0,80.0,NaN,0.0,6.0,77.0,0.0,1.0,0.0,0.0,8.0,0.0,1.0,1.0,1.0,3.0,0.0,0.0,0.0,0.0,0.0,0.0,1.0,1.0,1.0,1.0,0.0,NaN,6.0,6.0,6.0,NaN,NaN,NaN
118.0,NaN,-2.0,0.0,95.0,NaN,0.0,0.0,37.22,NaN,-0.012000000000000455,1.0,101.0,NaN,0.0,0.0,59.3333333333333,NaN,-6.6666666666667,0.0,44.0,NaN,-13.0,0.0,30.0,NaN,0.5,0.0,NaN,NaN,NaN,24.0,0.0,NaN,0.0,7.0,22.0,NaN,0.0,7.0,0.7,NaN,-0.025000000000000022,1.0,7.27,NaN,0.0,7.0,64.0,NaN,0.0,7.0,NaN,NaN,NaN,24.0,57.0,NaN,0.0,7.0,61.0,NaN,0.0,7.0,139.0,NaN,0.0,7.0,8.1,NaN,0.0,7.0,106.0,NaN,0.0,7.0,1.6,NaN,0.0,7.0,NaN,NaN,NaN,24.0,207.0,NaN,0.0,7.0,1.9,NaN,0.0,7.0,1.9,NaN,0.0,7.0,5.4,NaN,0.0,7.0,4.4,NaN,0.0,7.0,0.9,NaN,0.0,7.0,NaN,NaN,NaN,24.0,33.7,NaN,0.0,7.0,9.7,NaN,0.0,7.0,28.0,NaN,0.0,7.0,22.4,NaN,0.0,7.0,NaN,NaN,NaN,24.0,80.0,NaN,0.0,7.0,77.0,0.0,1.0,0.0,0.0,9.0,0.0,1.0,1.0,1.0,0.0,0.0,0.0,1.0,0.0,0.0,1.0,1.0,1.0,1.0,1.0,0.0,NaN,6.0,6.0,6.0,NaN,NaN,NaN
130.0,NaN,12.0,0.0,90.0,NaN,-5.0,0.0,37.22,NaN,-0.010000000000000378,2.0,111.5,NaN,10.5,0.0,64.5,NaN,5.1666666666667,0.0,47.5,NaN,3.5,0.0,28.0,NaN,-2.0,0.0,NaN,NaN,NaN,24.0,-9.0,NaN,-1.125,0.0,17.0,NaN,-0.625,0.0,0.6,NaN,-0.04999999999999999,0.0,7.07,NaN,-0.02499999999999991,0.0,79.0,NaN,1.875,0.0,NaN,NaN,NaN,24.0,157.0,NaN,12.5,0.0,62.0,NaN,0.125,0.0,131.0,NaN,-1.0,0.0,7.1,NaN,-0.125,0.0,107.0,NaN,0.125,0.0,2.0,NaN,0.04999999999999999,0.0,NaN,NaN,NaN,24.0,326.0,NaN,14.875,0.0,3.8,NaN,0.2375,0.0,2.5,NaN,0.07500000000000001,0.0,7.6,NaN,0.2749999999999999,0.0,5.2,NaN,0.09999999999999998,0.0,0.8,NaN,-0.012499999999999997,0.0,NaN,NaN,NaN,24.0,34.8,NaN,0.1374999999999993,0.0,9.8,NaN,0.012500000000000178,0.0,28.8,NaN,0.10000000000000009,0.0,41.7,NaN,2.4125000000000005,0.0,NaN,NaN,NaN,24.0,120.0,NaN,5.0,0.0,77.0,0.0,1.0,0.0,0.0,10.0,0.0,1.0,1.0,1.0,2.0,1.0,0.0,1.0,1.0,2.0,1.0,1.0,1.0,1.0,1.0,0.0,NaN,6.0,6.0,6.0,NaN,NaN,NaN
