71.0,NaN,NaN,24.0,98.0,NaN,NaN,24.0,37.61,NaN,NaN,24.0,127.0,NaN,NaN,24.0,74.0,NaN,NaN,24.0,57.0,NaN,NaN,24.0,18.0,NaN,NaN,24.0,NaN,NaN,NaN,24.0,NaN,NaN,NaN,24.0,NaN,NaN,NaN,24.0,NaN,NaN,NaN,24.0,NaN,NaN,NaN,24.0,NaN,NaN,NaN,24.0,NaN,NaN,NaN,24.0,NaN,NaN,NaN,24.0,NaN,NaN,NaN,24.0,NaN,NaN,NaN,24.0,NaN,NaN,NaN,24.0,NaN,NaN,NaN,24.0,NaN,NaN,NaN,24.0,NaN,NaN,NaN,24.0,NaN,NaN,NaN,24.0,NaN,NaN,NaN,24.0,NaN,NaN,NaN,24.0,NaN,NaN,NaN,24.0,NaN,NaN,NaN,24.0,NaN,NaN,NaN,24.0,NaN,NaN,NaN,24.0,NaN,NaN,NaN,24.0,NaN,NaN,NaN,24.0,NaN,NaN,NaN,24.0,NaN,NaN,NaN,24.0,NaN,NaN,NaN,24.0,NaN,NaN,NaN,24.0,87.0,0.0,1.0,0.0,-44.23583333333333,1.0,0.0,0.0,0.0,0.0,0.0,0.0,0.0,0.0,0.0,0.0,1.0,0.0,0.0,0.0,0.0,0.0,NaN,NaN,NaN,2.0,NaN,NaN,NaN
71.0,NaN,0.0,0.0,96.0,NaN,-2.0,0.0,37.67,NaN,0.060000000000002274,0.0,126.0,NaN,-1.0,0.0,71.0,NaN,-3.0,0.0,53.0,NaN,-4.0,0.0,15.0,NaN,-3.0,0.0,NaN,NaN,NaN,24.0,NaN,NaN,NaN,24.0,NaN,NaN,NaN,24.0,NaN,NaN,NaN,24.0,NaN,NaN,NaN,24.0,NaN,NaN,NaN,24.0,NaN,NaN,NaN,24.0,NaN,NaN,NaN,24.0,NaN,NaN,NaN,24.0,NaN,NaN,NaN,24.0,NaN,NaN,NaN,24.0,NaN,NaN,NaN,24.0,NaN,NaN,NaN,24.0,NaN,NaN,NaN,24.0,NaN,NaN,NaN,24.0,NaN,NaN,NaN,24.0,NaN,NaN,NaN,24.0,NaN,NaN,NaN,24.0,NaN,NaN,NaN,24.0,NaN,NaN,NaN,24.0,NaN,NaN,NaN,24.0,NaN,NaN,NaN,24.0,NaN,NaN,NaN,24.0,NaN,NaN,NaN,24.0,NaN,NaN,NaN,24.0,NaN,NaN,NaN,24.0,NaN,NaN,NaN,24.0,87.0,0.0,1.0,0.0,-44.23583333333333,2.0,0.0,0.0,0.0,0.0,0.0,0.0,0.0,0.0,0.0,0.0,1.0,0.0,0.0,0.0,0.0,0.0,NaN,NaN,NaN,2.0,NaN,NaN,NaN
73.0,NaN,2.0,0.0,97.0,NaN,1.0,0.0,37.56,NaN,-0.10999999999999943,0.0,119.0,NaN,-7.0,0.0,77.0,NaN,6.0,0.0,66.0,NaN,13.0,0.0,17.0,NaN,2.0,0.0,NaN,NaN,NaN,24.0,NaN,NaN,NaN,24.0,NaN,NaN,NaN,24.0,NaN,NaN,NaN,24.0,NaN,NaN,NaN,24.0,NaN,NaN,NaN,24.0,NaN,NaN,NaN,24.0,NaN,NaN,NaN,24.0,NaN,NaN,NaN,24.0,NaN,NaN,NaN,24.0,NaN,NaN,NaN,24.0,NaN,NaN,NaN,24.0,NaN,NaN,NaN,24.0,NaN,NaN,NaN,24.0,NaN,NaN,NaN,24.0,NaN,NaN,NaN,24.0,NaN,NaN,NaN,24.0,NaN,NaN,NaN,24.0,NaN,NaN,NaN,24.0,NaN,NaN,NaN,24.0,NaN,NaN,NaN,24.0,NaN,NaN,NaN,24.0,NaN,NaN,NaN,24.0,NaN,NaN,NaN,24.0,NaN,NaN,NaN,24.0,NaN,NaN,NaN,24.0,NaN,NaN,NaN,24.0,87.0,0.0,1.0,0.0,-44.23583333333333,3.0,0.0,0.0,0.0,0.0,0.0,0.0,0.0,0.0,0.0,0.0,1.0,0.0,0.0,0.0,0.0,0.0,NaN,NaN,NaN,2.0,NaN,NaN,NaN
74.0,NaN,1.0,0.0,96.0,NaN,-1.0,0.0,37.56,NaN,-0.054999999999999716,1.0,105.0,NaN,-14.0,0.0,71.0,NaN,-6.0,0.0,64.0,NaN,-2.0,0.0,19.0,NaN,2.0,0.0,NaN,NaN,NaN,24.0,NaN,NaN,NaN,24.0,NaN,NaN,NaN,24.0,NaN,NaN,NaN,24.0,NaN,NaN,NaN,24.0,NaN,NaN,NaN,24.0,NaN,NaN,NaN,24.0,NaN,NaN,NaN,24.0,NaN,NaN,NaN,24.0,NaN,NaN,NaN,24.0,NaN,NaN,NaN,24.0,NaN,NaN,NaN,24.0,NaN,NaN,NaN,24.0,NaN,NaN,NaN,24.0,NaN,NaN,NaN,24.0,NaN,NaN,NaN,24.0,NaN,NaN,NaN,24.0,NaN,NaN,NaN,24.0,NaN,NaN,NaN,24.0,NaN,NaN,NaN,24.0,NaN,NaN,NaN,24.0,NaN,NaN,NaN,24.0,NaN,NaN,NaN,24.0,NaN,NaN,NaN,24.0,NaN,NaN,NaN,24.0,NaN,NaN,NaN,24.0,NaN,NaN,NaN,24.0,87.0,0.0,1.0,0.0,-44.23583333333333,4.0,0.0,0.0,0.0,0.0,0.0,0.0,0.0,0.0,0.0,0.0,1.0,0.0,0.0,0.0,0.0,0.0,NaN,NaN,NaN,2.0,NaN,NaN,NaN
74.0,NaN,0.0,0.0,95.0,NaN,-1.0,0.0,37.56,NaN,-0.03666666666666648,2.0,120.0,NaN,15.0,0.0,67.0,NaN,-4.0,0.0,52.0,NaN,-12.0,0.0,18.0,NaN,-1.0,0.0,NaN,NaN,NaN,24.0,NaN,NaN,NaN,24.0,NaN,NaN,NaN,24.0,NaN,NaN,NaN,24.0,NaN,NaN,NaN,24.0,NaN,NaN,NaN,24.0,NaN,NaN,NaN,24.0,NaN,NaN,NaN,24.0,NaN,NaN,NaN,24.0,NaN,NaN,NaN,24.0,NaN,NaN,NaN,24.0,NaN,NaN,NaN,24.0,NaN,NaN,NaN,24.0,NaN,NaN,NaN,24.0,NaN,NaN,NaN,24.0,NaN,NaN,NaN,24.0,NaN,NaN,NaN,24.0,NaN,NaN,NaN,24.0,NaN,NaN,NaN,24.0,NaN,NaN,NaN,24.0,NaN,NaN,NaN,24.0,28.0,NaN,0.0,0.0,NaN,NaN,NaN,24.0,35.3,NaN,0.0,0.0,NaN,NaN,NaN,24.0,NaN,NaN,NaN,24.0,NaN,NaN,NaN,24.0,87.0,0.0,1.0,0.0,-44.23583333333333,5.0,0.0,0.0,0.0,0.0,0.0,0.0,0.0,0.0,0.0,0.0,1.0,0.0,0.0,0.0,0.0,0.0,NaN,NaN,NaN,2.0,NaN,NaN,NaN
79.0,NaN,5.0,0.0,98.0,NaN,3.0,0.0,37.5,NaN,-0.020000000000000757,0.0,124.0,NaN,4.0,0.0,72.0,NaN,5.0,0.0,58.0,NaN,6.0,0.0,18.0,NaN,0.0,0.0,NaN,NaN,NaN,24.0,NaN,NaN,NaN,24.0,NaN,NaN,NaN,24.0,NaN,NaN,NaN,24.0,NaN,NaN,NaN,24.0,NaN,NaN,NaN,24.0,NaN,NaN,NaN,24.0,NaN,NaN,NaN,24.0,NaN,NaN,NaN,24.0,NaN,NaN,NaN,24.0,NaN,NaN,NaN,24.0,NaN,NaN,NaN,24.0,NaN,NaN,NaN,24.0,NaN,NaN,NaN,24.0,NaN,NaN,NaN,24.0,NaN,NaN,NaN,24.0,NaN,NaN,NaN,24.0,NaN,NaN,NaN,24.0,NaN,NaN,NaN,24.0,NaN,NaN,NaN,24.0,NaN,NaN,NaN,24.0,28.0,NaN,0.0,1.0,NaN,NaN,NaN,24.0,35.3,NaN,0.0,1.0,NaN,NaN,NaN,24.0,NaN,NaN,NaN,24.0,NaN,NaN,NaN,24.0,87.0,0.0,1.0,0.0,-44.23583333333333,6.0,0.0,0.0,0.0,0.0,0.0,0.0,0.0,0.0,0.0,0.0,1.0,0.0,0.0,0.0,0.0,0.0,NaN,NaN,NaN,2.0,NaN,NaN,NaN
82.0,NaN,3.0,0.0,96.0,NaN,-2.0,0.0,37.5,NaN,-0.015000000000000568,1.0,128.0,NaN,4.0,0.0,77.0,NaN,5.0,0.0,60.0,NaN,2.0,0.0,16.0,NaN,-2.0,0.0,NaN,NaN,NaN,24.0,NaN,NaN,NaN,24.0,NaN,NaN,NaN,24.0,NaN,NaN,NaN,24.0,NaN,NaN,NaN,24.0,NaN,NaN,NaN,24.0,NaN,NaN,NaN,24.0,NaN,NaN,NaN,24.0,NaN,NaN,NaN,24.0,NaN,NaN,NaN,24.0,NaN,NaN,NaN,24.0,NaN,NaN,NaN,24.0,NaN,NaN,NaN,24.0,NaN,NaN,NaN,24.0,NaN,NaN,NaN,24.0,NaN,NaN,NaN,24.0,NaN,NaN,NaN,24.0,NaN,NaN,NaN,24.0,NaN,NaN,NaN,24.0,NaN,NaN,NaN,24.0,NaN,NaN,NaN,24.0,28.0,NaN,0.0,2.0,NaN,NaN,NaN,24.0,35.3,NaN,0.0,2.0,NaN,NaN,NaN,24.0,NaN,NaN,NaN,24.0,NaN,NaN,NaN,24.0,87.0,0.0,1.0,0.0,-44.23583333333333,7.0,0.0,0.0,0.0,0.0,0.0,0.0,0.0,0.0,0.0,0.0,1.0,0.0,0.0,0.0,0.0,0.0,NaN,NaN,NaN,2.0,NaN,NaN,NaN
76.0,NaN,-6.0,0.0,98.0,NaN,2.0,0.0,37.5,NaN,-0.012000000000000455,2.0,119.0,NaN,-9.0,0.0,63.0,NaN,-14.0,0.0,48.0,NaN,-12.0,0.0,19.0,NaN,3.0,0.0,NaN,NaN,NaN,24.0,NaN,NaN,NaN,24.0,NaN,NaN,NaN,24.0,NaN,NaN,NaN,24.0,NaN,NaN,NaN,24.0,NaN,NaN,NaN,24.0,NaN,NaN,NaN,24.0,NaN,NaN,NaN,24.0,NaN,NaN,NaN,24.0,NaN,NaN,NaN,24.0,NaN,NaN,NaN,24.0,NaN,NaN,NaN,24.0,NaN,NaN,NaN,24.0,NaN,NaN,NaN,24.0,NaN,NaN,NaN,24.0,NaN,NaN,NaN,24.0,NaN,NaN,NaN,24.0,NaN,NaN,NaN,24.0,NaN,NaN,NaN,24.0,NaN,NaN,NaN,24.0,NaN,NaN,NaN,24.0,28.0,NaN,0.0,3.0,NaN,NaN,NaN,24.0,35.3,NaN,0.0,3.0,NaN,NaN,NaN,24.0,NaN,NaN,NaN,24.0,NaN,NaN,NaN,24.0,87.0,0.0,1.0,0.0,-44.23583333333333,8.0,0.0,0.0,0.0,0.0,0.0,0.0,0.0,1.0,0.0,0.0,1.0,0.0,0.0,0.0,0.0,0.0,NaN,NaN,NaN,2.0,NaN,NaN,NaN
77.0,NaN,1.0,0.0,96.0,NaN,-2.0,0.0,37.5,NaN,-0.010000000000000378,3.0,131.0,NaN,12.0,0.0,69.0,NaN,6.0,0.0,49.0,NaN,1.0,0.0,15.0,NaN,-4.0,0.0,NaN,NaN,NaN,24.0,NaN,NaN,NaN,24.0,23.0,NaN,0.0,0.0,NaN,NaN,NaN,24.0,NaN,NaN,NaN,24.0,NaN,NaN,NaN,24.0,NaN,NaN,NaN,24.0,22.0,NaN,0.0,0.0,27.0,NaN,0.0,0.0,100.0,NaN,0.0,0.0,8.1,NaN,0.0,0.0,106.0,NaN,0.0,0.0,1.5,NaN,0.0,0.0,NaN,NaN,NaN,24.0,111.0,NaN,0.0,0.0,NaN,NaN,NaN,24.0,1.8,NaN,0.0,0.0,3.2,NaN,0.0,0.0,3.5,NaN,0.0,0.0,2.5,NaN,0.0,0.0,NaN,NaN,NaN,24.0,31.4,NaN,0.8499999999999996,0.0,10.2,NaN,0.0,0.0,33.5,NaN,-0.4499999999999993,0.0,9.2,NaN,0.0,0.0,NaN,NaN,NaN,24.0,213.0,NaN,0.0,0.0,87.0,0.0,1.0,0.0,-44.23583333333333,9.0,0.0,0.0,0.0,0.0,0.0,0.0,2.0,0.0,0.0,1.0,1.0,0.0,0.0,0.0,0.0,0.0,NaN,NaN,NaN,2.0,NaN,NaN,NaN
68.0,NaN,-9.0,0.0,96.0,NaN,0.0,0.0,37.5,NaN,-0.008571428571428896,4.0,126.0,NaN,-5.0,0.0,74.0,NaN,5.0,0.0,58.0,NaN,9.0,0.0,19.0,NaN,4.0,0.0,NaN,NaN,NaN,24.0,NaN,NaN,NaN,24.0,23.0,NaN,0.0,1.0,NaN,NaN,NaN,24.0,NaN,NaN,NaN,24.0,NaN,NaN,NaN,24.0,NaN,NaN,NaN,24.0,22.0,NaN,0.0,1.0,27.0,NaN,0.0,1.0,100.0,NaN,0.0,1.0,8.1,NaN,0.0,1.0,106.0,NaN,0.0,1.0,1.5,NaN,0.0,1.0,NaN,NaN,NaN,24.0,111.0,NaN,0.0,1.0,NaN,NaN,NaN,24.0,1.8,NaN,0.0,1.0,3.2,NaN,0.0,1.0,3.5,NaN,0.0,1.0,2.5,NaN,0.0,1.0,NaN,NaN,NaN,24.0,31.4,NaN,0.6799999999999997,1.0,10.2,NaN,0.0,1.0,33.5,NaN,-0.35999999999999943,1.0,9.2,NaN,0.0,1.0,NaN,NaN,NaN,24.0,213.0,NaN,0.0,1.0,87.0,0.0,1.0,0.0,-44.23583333333333,10.0,0.0,0.0,0.0,0.0,0.0,0.0,0.0,0.0,0.0,0.0,1.0,0.0,0.0,0.0,0.0,0.0,NaN,NaN,NaN,2.0,NaN,NaN,NaN
67.0,NaN,-1.0,0.0,95.0,NaN,-1.0,0.0,37.22,NaN,-0.05600000000000023,0.0,120.0,NaN,-6.0,0.0,69.0,NaN,-5.0,0.0,54.0,NaN,-4.0,0.0,17.0,NaN,-2.0,0.0,NaN,NaN,NaN,24.0,NaN,NaN,NaN,24.0,23.0,NaN,0.0,2.0,NaN,NaN,NaN,24.0,NaN,NaN,NaN,24.0,NaN,NaN,NaN,24.0,NaN,NaN,NaN,24.0,22.0,NaN,0.0,2.0,27.0,NaN,0.0,2.0,100.0,NaN,0.0,2.0,8.1,NaN,0.0,2.0,106.0,NaN,0.0,2.0,1.5,NaN,0.0,2.0,NaN,NaN,NaN,24.0,111.0,NaN,0.0,2.0,NaN,NaN,NaN,24.0,1.8,NaN,0.0,2.0,3.2,NaN,0.0,2.0,3.5,NaN,0.0,2.0,2.5,NaN,0.0,2.0,NaN,NaN,NaN,24.0,31.4,NaN,0.5666666666666664,2.0,10.2,NaN,0.0,2.0,33.5,NaN,-0.29999999999999954,2.0,9.2,NaN,0.0,2.0,NaN,NaN,NaN,24.0,213.0,NaN,0.0,2.0,87.0,0.0,1.0,0.0,-44.23583333333333,11.0,0.0,0.0,0.0,0.0,0.0,0.0,0.0,0.0,0.0,0.0,1.0,0.0,0.0,0.0,0.0,0.0,NaN,NaN,NaN,2.0,NaN,NaN,NaN
75.0,NaN,8.0,0.0,93.0,NaN,-2.0,0.0,37.22,NaN,-0.046666666666666856,1.0,123.0,NaN,3.0,0.0,68.0,NaN,-1.0,0.0,52.0,NaN,-2.0,0.0,20.0,NaN,3.0,0.0,NaN,NaN,NaN,24.0,NaN,NaN,NaN,24.0,23.0,NaN,0.0,3.0,NaN,NaN,NaN,24.0,NaN,NaN,NaN,24.0,NaN,NaN,NaN,24.0,NaN,NaN,NaN,24.0,22.0,NaN,0.0,3.0,27.0,NaN,0.0,3.0,100.0,NaN,0.0,3.0,8.1,NaN,0.0,3.0,106.0,NaN,0.0,3.0,1.5,NaN,0.0,3.0,NaN,NaN,NaN,24.0,111.0,NaN,0.0,3.0,NaN,NaN,NaN,24.0,1.8,NaN,0.0,3.0,3.2,NaN,0.0,3.0,3.5,NaN,0.0,3.0,2.5,NaN,0.0,3.0,NaN,NaN,NaN,24.0,31.4,NaN,0.4857142857142855,3.0,10.2,NaN,0.0,3.0,33.5,NaN,-0.25714285714285673,3.0,9.2,NaN,0.0,3.0,NaN,NaN,NaN,24.0,213.0,NaN,0.0,3.0,87.0,0.0,1.0,0.0,-44.23583333333333,12.0,0.0,0.0,0.0,0.0,0.0,0.0,0.0,0.0,0.0,0.0,1.0,0.0,0.0,0.0,0.0,0.0,NaN,NaN,NaN,2.0,NaN,NaN,NaN
73.0,NaN,-2.0,0.0,92.0,NaN,-1.0,0.0,37.22,NaN,-0.04000000000000016,2.0,123.0,NaN,0.0,0.0,72.0,NaN,4.0,0.0,56.0,NaN,4.0,0.0,17.0,NaN,-3.0,0.0,NaN,NaN,NaN,24.0,NaN,NaN,NaN,24.0,23.0,NaN,0.0,4.0,NaN,NaN,NaN,24.0,NaN,NaN,NaN,24.0,NaN,NaN,NaN,24.0,NaN,NaN,NaN,24.0,22.0,NaN,0.0,4.0,27.0,NaN,0.0,4.0,100.0,NaN,0.0,4.0,8.1,NaN,0.0,4.0,106.0,NaN,0.0,4.0,1.5,NaN,0.0,4.0,NaN,NaN,NaN,24.0,111.0,NaN,0.0,4.0,NaN,NaN,NaN,24.0,1.8,NaN,0.0,4.0,3.2,NaN,0.0,4.0,3.5,NaN,0.0,4.0,2.5,NaN,0.0,4.0,NaN,NaN,NaN,24.0,31.4,NaN,0.4249999999999998,4.0,10.2,NaN,0.0,4.0,33.5,NaN,-0.22499999999999964,4.0,9.2,NaN,0.0,4.0,NaN,NaN,NaN,24.0,213.0,NaN,0.0,4.0,87.0,0.0,1.0,0.0,-44.23583333333333,13.0,0.0,0.0,0.0,0.0,0.0,0.0,0.0,0.0,0.0,0.0,1.0,0.0,0.0,0.0,0.0,0.0,NaN,NaN,NaN,2.0,NaN,NaN,NaN
89.0,NaN,16.0,0.0,98.0,NaN,6.0,0.0,35.56,NaN,-0.5533333333333322,0.0,135.0,NaN,12.0,0.0,85.0,NaN,13.0,0.0,63.0,NaN,7.0,0.0,17.0,NaN,0.0,0.0,NaN,NaN,NaN,24.0,NaN,NaN,NaN,24.0,23.0,NaN,0.0,5.0,NaN,NaN,NaN,24.0,NaN,NaN,NaN,24.0,NaN,NaN,NaN,24.0,NaN,NaN,NaN,24.0,22.0,NaN,0.0,5.0,27.0,NaN,0.0,5.0,100.0,NaN,0.0,5.0,8.1,NaN,0.0,5.0,106.0,NaN,0.0,5.0,1.5,NaN,0.0,5.0,NaN,NaN,NaN,24.0,111.0,NaN,0.0,5.0,NaN,NaN,NaN,24.0,1.8,NaN,0.0,5.0,3.2,NaN,0.0,5.0,3.5,NaN,0.0,5.0,2.5,NaN,0.0,5.0,NaN,NaN,NaN,24.0,31.4,NaN,0.3777777777777776,5.0,10.2,NaN,0.0,5.0,33.5,NaN,-0.19999999999999968,5.0,9.2,NaN,0.0,5.0,NaN,NaN,NaN,24.0,213.0,NaN,0.0,5.0,87.0,0.0,1.0,0.0,-44.23583333333333,14.0,1.0,0.0,0.0,0.0,0.0,0.0,0.0,0.0,0.0,0.0,1.0,0.0,0.0,0.0,0.0,0.0,NaN,NaN,NaN,2.0,NaN,NaN,NaN
71.0,NaN,-18.0,0.0,98.0,NaN,0.0,0.0,35.56,NaN,-0.41499999999999915,1.0,114.0,NaN,-21.0,0.0,87.0,NaN,2.0,0.0,78.0,NaN,15.0,0.0,21.0,NaN,4.0,0.0,NaN,NaN,NaN,24.0,NaN,NaN,NaN,24.0,23.0,NaN,0.0,6.0,NaN,NaN,NaN,24.0,NaN,NaN,NaN,24.0,NaN,NaN,NaN,24.0,NaN,NaN,NaN,24.0,22.0,NaN,0.0,6.0,27.0,NaN,0.0,6.0,100.0,NaN,0.0,6.0,8.1,NaN,0.0,6.0,106.0,NaN,0.0,6.0,1.5,NaN,0.0,6.0,NaN,NaN,NaN,24.0,111.0,NaN,0.0,6.0,NaN,NaN,NaN,24.0,1.8,NaN,0.0,6.0,3.2,NaN,0.0,6.0,3.5,NaN,0.0,6.0,2.5,NaN,0.0,6.0,NaN,NaN,NaN,24.0,31.4,NaN,0.33999999999999986,6.0,10.2,NaN,0.0,6.0,33.5,NaN,-0.17999999999999972,6.0,9.2,NaN,0.0,6.0,NaN,NaN,NaN,24.0,213.0,NaN,0.0,6.0,87.0,0.0,1.0,0.0,-44.23583333333333,15.0,1.0,1.0,0.0,0.0,0.0,0.0,0.0,0.0,0.0,0.0,1.0,0.0,0.0,0.0,0.0,0.0,NaN,NaN,NaN,2.0,NaN,NaN,NaN
71.0,NaN,0.0,0.0,81.0,NaN,-17.0,0.0,35.56,NaN,-0.3319999999999993,2.0,114.0,NaN,0.0,0.0,72.0,NaN,-15.0,0.0,62.0,NaN,-16.0,0.0,18.0,NaN,-3.0,0.0,NaN,NaN,NaN,24.0,NaN,NaN,NaN,24.0,23.0,NaN,0.0,7.0,NaN,NaN,NaN,24.0,NaN,NaN,NaN,24.0,NaN,NaN,NaN,24.0,NaN,NaN,NaN,24.0,22.0,NaN,0.0,7.0,27.0,NaN,0.0,7.0,100.0,NaN,0.0,7.0,8.1,NaN,0.0,7.0,106.0,NaN,0.0,7.0,1.5,NaN,0.0,7.0,NaN,NaN,NaN,24.0,111.0,NaN,0.0,7.0,NaN,NaN,NaN,24.0,1.8,NaN,0.0,7.0,3.2,NaN,0.0,7.0,3.5,NaN,0.0,7.0,2.5,NaN,0.0,7.0,NaN,NaN,NaN,24.0,31.4,NaN,0.30909090909090897,7.0,10.2,NaN,0.0,7.0,33.5,NaN,-0.16363636363636339,7.0,9.2,NaN,0.0,7.0,NaN,NaN,NaN,24.0,213.0,NaN,0.0,7.0,87.0,0.0,1.0,0.0,-44.23583333333333,16.0,1.0,0.0,0.0,0.0,0.0,0.0,0.0,0.0,0.0,0.0,1.0,0.0,0.0,0.0,0.0,0.0,NaN,NaN,NaN,2.0,NaN,NaN,NaN
