84.0,NaN,NaN,24.0,100.0,NaN,NaN,24.0,NaN,NaN,NaN,24.0,93.5,NaN,NaN,24.0,65.0,NaN,NaN,24.0,50.5,NaN,NaN,24.0,12.6666666666667,NaN,NaN,24.0,NaN,NaN,NaN,24.0,-1.0,NaN,NaN,24.0,23.0,NaN,NaN,24.0,1.0,NaN,NaN,24.0,7.33,NaN,NaN,24.0,47.0,NaN,NaN,24.0,79.0,NaN,NaN,24.0,NaN,NaN,NaN,24.0,14.0,NaN,NaN,24.0,NaN,NaN,NaN,24.0,NaN,NaN,NaN,24.0,110.0,NaN,NaN,24.0,0.7,NaN,NaN,24.0,NaN,NaN,NaN,24.0,140.0,NaN,NaN,24.0,NaN,NaN,NaN,24.0,NaN,NaN,NaN,24.0,NaN,NaN,NaN,24.0,4.2,NaN,NaN,24.0,NaN,NaN,NaN,24.0,NaN,NaN,NaN,24.0,30.4,NaN,NaN,24.0,10.6,NaN,NaN,24.0,32.2,NaN,NaN,24.0,19.9,NaN,NaN,24.0,NaN,NaN,NaN,24.0,163.0,NaN,NaN,24.0,56.0,1.0,-1.0,-1.0,-19.338333333333335,1.0,0.0,0.0,0.0,1.0,3.0,0.0,0.0,1.0,0.0,0.0,1.0,0.0,1.0,1.0,0.0,0.0,0.0,8.0,4.0,3.0,NaN,NaN,NaN
88.0,NaN,4.0,0.0,100.0,NaN,0.0,0.0,NaN,NaN,NaN,24.0,94.0,NaN,0.5,0.0,66.6666666666667,NaN,1.6666666666666998,0.0,52.6666666666667,NaN,2.1666666666667,0.0,15.3333333333333,NaN,2.6666666666666003,0.0,NaN,NaN,NaN,24.0,-1.0,NaN,0.0,1.0,23.0,NaN,0.0,1.0,0.5,NaN,-0.5,0.0,7.33,NaN,0.0,1.0,47.0,NaN,0.0,1.0,79.0,NaN,0.0,1.0,NaN,NaN,NaN,24.0,14.0,NaN,0.0,1.0,NaN,NaN,NaN,24.0,NaN,NaN,NaN,24.0,110.0,NaN,0.0,1.0,0.7,NaN,0.0,1.0,NaN,NaN,NaN,24.0,140.0,NaN,0.0,1.0,NaN,NaN,NaN,24.0,NaN,NaN,NaN,24.0,NaN,NaN,NaN,24.0,4.2,NaN,0.0,1.0,NaN,NaN,NaN,24.0,NaN,NaN,NaN,24.0,30.4,NaN,0.0,1.0,10.6,NaN,0.0,1.0,32.2,NaN,0.0,1.0,19.9,NaN,0.0,1.0,NaN,NaN,NaN,24.0,163.0,NaN,0.0,1.0,56.0,1.0,-1.0,-1.0,-19.338333333333335,2.0,0.0,0.0,0.0,1.0,2.0,0.0,0.0,0.0,0.0,0.0,0.0,0.0,1.0,1.0,0.0,0.0,0.0,8.0,4.0,3.0,NaN,NaN,NaN
74.0,NaN,-14.0,0.0,100.0,NaN,0.0,0.0,NaN,NaN,NaN,24.0,99.0,NaN,5.0,0.0,68.0,NaN,1.3333333333333002,0.0,52.0,NaN,-0.6666666666666998,0.0,16.0,NaN,0.6666666666666998,0.0,NaN,NaN,NaN,24.0,-1.0,NaN,0.0,2.0,23.0,NaN,0.0,2.0,0.5,NaN,-0.25,1.0,7.33,NaN,0.0,2.0,47.0,NaN,0.0,2.0,79.0,NaN,0.0,2.0,NaN,NaN,NaN,24.0,14.0,NaN,0.0,2.0,NaN,NaN,NaN,24.0,NaN,NaN,NaN,24.0,110.0,NaN,0.0,2.0,0.7,NaN,0.0,2.0,NaN,NaN,NaN,24.0,140.0,NaN,0.0,2.0,NaN,NaN,NaN,24.0,NaN,NaN,NaN,24.0,NaN,NaN,NaN,24.0,4.2,NaN,0.0,2.0,NaN,NaN,NaN,24.0,NaN,NaN,NaN,24.0,30.4,NaN,0.0,2.0,10.6,NaN,0.0,2.0,32.2,NaN,0.0,2.0,19.9,NaN,0.0,2.0,NaN,NaN,NaN,24.0,163.0,NaN,0.0,2.0,56.0,1.0,-1.0,-1.0,-19.338333333333335,3.0,0.0,0.0,0.0,1.0,0.0,0.0,0.0,0.0,0.0,0.0,1.0,0.0,1.0,1.0,0.0,0.0,0.0,8.0,4.0,3.0,NaN,NaN,NaN
81.0,NaN,7.0,0.0,100.0,NaN,0.0,0.0,NaN,NaN,NaN,24.0,105.0,NaN,6.0,0.0,68.0,NaN,0.0,0.0,51.0,NaN,-1.0,0.0,16.0,NaN,0.0,0.0,NaN,NaN,NaN,24.0,-1.0,NaN,0.0,3.0,23.0,NaN,0.0,3.0,0.5,NaN,-0.16666666666666666,2.0,7.33,NaN,0.0,3.0,47.0,NaN,0.0,3.0,79.0,NaN,0.0,3.0,NaN,NaN,NaN,24.0,14.0,NaN,0.0,3.0,NaN,NaN,NaN,24.0,NaN,NaN,NaN,24.0,110.0,NaN,0.0,3.0,0.7,NaN,0.0,3.0,NaN,NaN,NaN,24.0,140.0,NaN,0.0,3.0,NaN,NaN,NaN,24.0,NaN,NaN,NaN,24.0,NaN,NaN,NaN,24.0,4.2,NaN,0.0,3.0,NaN,NaN,NaN,24.0,NaN,NaN,NaN,24.0,30.4,NaN,0.0,3.0,10.6,NaN,0.0,3.0,32.2,NaN,0.0,3.0,19.9,NaN,0.0,3.0,NaN,NaN,NaN,24.0,163.0,NaN,0.0,3.0,56.0,1.0,-1.0,-1.0,-19.338333333333335,4.0,0.0,0.0,0.0,1.0,0.0,0.0,0.0,0.0,0.0,0.0,1.0,0.0,1.0,1.0,0.0,0.0,0.0,8.0,4.0,3.0,NaN,NaN,NaN
78.0,NaN,-3.0,0.0,100.0,NaN,0.0,0.0,NaN,NaN,NaN,24.0,91.0,NaN,-14.0,0.0,62.0,NaN,-6.0,0.0,48.0,NaN,-3.0,0.0,16.0,NaN,0.0,0.0,NaN,NaN,NaN,24.0,-1.0,NaN,0.0,4.0,23.0,NaN,0.0,4.0,0.5,NaN,0.0,0.0,7.33,NaN,0.0,4.0,47.0,NaN,0.0,4.0,79.0,NaN,0.0,4.0,NaN,NaN,NaN,24.0,14.0,NaN,0.0,4.0,NaN,NaN,NaN,24.0,NaN,NaN,NaN,24.0,110.0,NaN,0.0,4.0,0.7,NaN,0.0,4.0,NaN,NaN,NaN,24.0,140.0,NaN,0.0,4.0,NaN,NaN,NaN,24.0,NaN,NaN,NaN,24.0,NaN,NaN,NaN,24.0,4.2,NaN,0.0,4.0,NaN,NaN,NaN,24.0,NaN,NaN,NaN,24.0,30.4,NaN,0.0,4.0,10.6,NaN,0.0,4.0,32.2,NaN,0.0,4.0,19.9,NaN,0.0,4.0,NaN,NaN,NaN,24.0,163.0,NaN,0.0,4.0,56.0,1.0,-1.0,-1.0,-19.338333333333335,5.0,0.0,0.0,0.0,1.0,2.0,0.0,0.0,1.0,0.0,0.0,1.0,1.0,1.0,1.0,0.0,0.0,0.0,8.0,4.0,3.0,NaN,NaN,NaN
78.0,NaN,0.0,0.0,100.0,NaN,0.0,0.0,NaN,NaN,NaN,24.0,102.0,NaN,11.0,0.0,68.0,NaN,6.0,0.0,53.0,NaN,5.0,0.0,15.0,NaN,-1.0,0.0,NaN,NaN,NaN,24.0,-1.0,NaN,0.0,5.0,23.0,NaN,0.0,5.0,0.5,NaN,0.0,1.0,7.33,NaN,0.0,5.0,47.0,NaN,0.0,5.0,79.0,NaN,0.0,5.0,NaN,NaN,NaN,24.0,14.0,NaN,0.0,5.0,NaN,NaN,NaN,24.0,NaN,NaN,NaN,24.0,110.0,NaN,0.0,5.0,0.7,NaN,0.0,5.0,NaN,NaN,NaN,24.0,140.0,NaN,0.0,5.0,NaN,NaN,NaN,24.0,NaN,NaN,NaN,24.0,NaN,NaN,NaN,24.0,4.2,NaN,0.0,5.0,NaN,NaN,NaN,24.0,NaN,NaN,NaN,24.0,30.4,NaN,0.0,5.0,10.6,NaN,0.0,5.0,32.2,NaN,0.0,5.0,19.9,NaN,0.0,5.0,NaN,NaN,NaN,24.0,163.0,NaN,0.0,5.0,56.0,1.0,-1.0,-1.0,-19.338333333333335,6.0,0.0,0.0,0.0,1.0,0.0,0.0,0.0,0.0,0.0,0.0,1.0,1.0,1.0,1.0,0.0,0.0,0.0,8.0,4.0,3.0,NaN,NaN,NaN
78.0,NaN,0.0,0.0,100.0,NaN,0.0,0.0,NaN,NaN,NaN,24.0,121.0,NaN,19.0,0.0,80.0,NaN,12.0,0.0,60.0,NaN,7.0,0.0,17.0,NaN,2.0,0.0,NaN,NaN,NaN,24.0,0.0,NaN,0.16666666666666666,0.0,23.0,NaN,0.0,6.0,0.5,NaN,0.0,0.0,7.39,NaN,0.009999999999999934,0.0,42.0,NaN,-0.8333333333333334,0.0,97.0,NaN,3.0,0.0,NaN,NaN,NaN,24.0,14.0,NaN,0.0,6.0,NaN,NaN,NaN,24.0,NaN,NaN,NaN,24.0,110.0,NaN,0.0,6.0,0.7,NaN,0.0,6.0,NaN,NaN,NaN,24.0,103.0,NaN,-6.166666666666667,0.0,NaN,NaN,NaN,24.0,NaN,NaN,NaN,24.0,NaN,NaN,NaN,24.0,4.5,NaN,0.04999999999999997,0.0,NaN,NaN,NaN,24.0,NaN,NaN,NaN,24.0,31.7,NaN,0.21666666666666679,0.0,10.6,NaN,0.0,6.0,32.2,NaN,0.0,6.0,19.9,NaN,0.0,6.0,NaN,NaN,NaN,24.0,163.0,NaN,0.0,6.0,56.0,1.0,-1.0,-1.0,-19.338333333333335,7.0,0.0,0.0,0.0,1.0,2.0,0.0,0.0,0.0,0.0,0.0,0.0,1.0,1.0,1.0,0.0,0.0,0.0,8.0,4.0,3.0,NaN,NaN,NaN
82.0,NaN,4.0,0.0,100.0,NaN,0.0,0.0,NaN,NaN,NaN,24.0,97.0,NaN,-24.0,0.0,66.0,NaN,-14.0,0.0,50.0,NaN,-10.0,0.0,16.0,NaN,-1.0,0.0,NaN,NaN,NaN,24.0,0.0,NaN,0.14285714285714285,1.0,23.0,NaN,0.0,7.0,1.0,NaN,0.5,0.0,7.39,NaN,0.008571428571428516,1.0,42.0,NaN,-0.7142857142857143,1.0,97.0,NaN,2.5714285714285716,1.0,NaN,NaN,NaN,24.0,14.0,NaN,0.0,7.0,NaN,NaN,NaN,24.0,NaN,NaN,NaN,24.0,110.0,NaN,0.0,7.0,0.7,NaN,0.0,7.0,NaN,NaN,NaN,24.0,103.0,NaN,-5.285714285714286,1.0,NaN,NaN,NaN,24.0,NaN,NaN,NaN,24.0,NaN,NaN,NaN,24.0,4.5,NaN,0.04285714285714283,1.0,NaN,NaN,NaN,24.0,NaN,NaN,NaN,24.0,31.7,NaN,0.1857142857142858,1.0,10.6,NaN,0.0,7.0,32.2,NaN,0.0,7.0,19.9,NaN,0.0,7.0,NaN,NaN,NaN,24.0,163.0,NaN,0.0,7.0,56.0,1.0,-1.0,-1.0,-19.338333333333335,8.0,0.0,0.0,0.0,1.0,3.0,0.0,0.0,0.0,0.0,0.0,0.0,1.0,1.0,1.0,0.0,0.0,0.0,8.0,4.0,3.0,NaN,NaN,NaN
89.5,NaN,7.5,0.0,91.5,NaN,-8.5,0.0,NaN,NaN,NaN,24.0,94.0,NaN,-3.0,0.0,63.0,NaN,-3.0,0.0,45.5,NaN,-4.5,0.0,25.0,NaN,9.0,0.0,NaN,NaN,NaN,24.0,0.0,NaN,0.125,2.0,23.0,NaN,0.0,8.0,1.0,NaN,0.25,1.0,7.39,NaN,0.007499999999999951,2.0,42.0,NaN,-0.625,2.0,97.0,NaN,2.25,2.0,NaN,NaN,NaN,24.0,14.0,NaN,0.0,8.0,NaN,NaN,NaN,24.0,NaN,NaN,NaN,24.0,110.0,NaN,0.0,8.0,0.7,NaN,0.0,8.0,NaN,NaN,NaN,24.0,103.0,NaN,-4.625,2.0,NaN,NaN,NaN,24.0,NaN,NaN,NaN,24.0,NaN,NaN,NaN,24.0,4.5,NaN,0.03749999999999998,2.0,NaN,NaN,NaN,24.0,NaN,NaN,NaN,24.0,31.7,NaN,0.1625000000000001,2.0,10.6,NaN,0.0,8.0,32.2,NaN,0.0,8.0,19.9,NaN,0.0,8.0,NaN,NaN,NaN,24.0,163.0,NaN,0.0,8.0,56.0,1.0,-1.0,-1.0,-19.338333333333335,9.0,0.0,1.0,0.0,1.0,0.0,0.0,0.0,1.0,0.0,0.0,1.0,1.0,1.0,1.0,0.0,0.0,0.0,8.0,4.0,3.0,NaN,NaN,NaN
93.0,NaN,3.5,0.0,90.75,NaN,-0.75,0.0,NaN,NaN,NaN,24.0,90.0,NaN,-4.0,0.0,60.0,NaN,-3.0,0.0,47.25,NaN,1.75,0.0,25.75,NaN,0.75,0.0,NaN,NaN,NaN,24.0,0.0,NaN,0.1111111111111111,3.0,21.0,NaN,-0.2222222222222222,0.0,1.0,NaN,0.16666666666666666,2.0,7.39,NaN,0.006666666666666623,3.0,42.0,NaN,-0.5555555555555556,3.0,97.0,NaN,2.0,3.0,NaN,NaN,NaN,24.0,15.0,NaN,0.1111111111111111,0.0,NaN,NaN,NaN,24.0,NaN,NaN,NaN,24.0,102.0,NaN,-0.8888888888888888,0.0,1.0,NaN,0.03333333333333334,0.0,NaN,NaN,NaN,24.0,104.0,NaN,0.3333333333333333,0.0,NaN,NaN,NaN,24.0,NaN,NaN,NaN,24.0,NaN,NaN,NaN,24.0,4.9,NaN,0.13333333333333344,0.0,NaN,NaN,NaN,24.0,NaN,NaN,NaN,24.0,32.6,NaN,0.3000000000000007,0.0,10.9,NaN,0.03333333333333341,0.0,32.2,NaN,0.0,9.0,12.8,NaN,-0.7888888888888886,0.0,NaN,NaN,NaN,24.0,179.0,NaN,1.7777777777777777,0.0,56.0,1.0,-1.0,-1.0,-19.338333333333335,10.0,0.0,1.0,1.0,1.0,0.0,0.0,0.0,1.0,0.0,0.0,1.0,1.0,1.0,1.0,0.0,0.0,0.0,8.0,4.0,3.0,NaN,NaN,NaN
90.0,NaN,-3.0,0.0,99.0,NaN,8.25,0.0,NaN,NaN,NaN,24.0,97.0,NaN,7.0,0.0,64.0,NaN,4.0,0.0,45.0,NaN,-2.25,0.0,21.0,NaN,-4.75,0.0,NaN,NaN,NaN,24.0,0.0,NaN,0.1,4.0,21.0,NaN,-0.2,1.0,0.7,NaN,-0.10000000000000002,0.0,7.39,NaN,0.005999999999999961,4.0,42.0,NaN,-0.5,4.0,97.0,NaN,1.8,4.0,NaN,NaN,NaN,24.0,15.0,NaN,0.1,1.0,NaN,NaN,NaN,24.0,NaN,NaN,NaN,24.0,102.0,NaN,-0.8,1.0,1.0,NaN,0.030000000000000006,1.0,NaN,NaN,NaN,24.0,104.0,NaN,0.25,1.0,NaN,NaN,NaN,24.0,NaN,NaN,NaN,24.0,NaN,NaN,NaN,24.0,4.9,NaN,0.10000000000000009,1.0,NaN,NaN,NaN,24.0,NaN,NaN,NaN,24.0,32.6,NaN,0.22500000000000053,1.0,10.9,NaN,0.030000000000000072,1.0,32.2,NaN,0.0,10.0,12.8,NaN,-0.7099999999999997,1.0,NaN,NaN,NaN,24.0,179.0,NaN,1.6,1.0,56.0,1.0,-1.0,-1.0,-19.338333333333335,11.0,0.0,1.0,0.0,1.0,0.0,0.0,0.0,1.0,0.0,0.0,1.0,1.0,1.0,1.0,0.0,0.0,0.0,8.0,4.0,3.0,NaN,NaN,NaN
103.0,NaN,13.0,0.0,98.0,NaN,-1.0,0.0,NaN,NaN,NaN,24.0,72.0,NaN,-25.0,0.0,52.0,NaN,-12.0,0.0,39.0,NaN,-6.0,0.0,26.0,NaN,5.0,0.0,NaN,NaN,NaN,24.0,0.0,NaN,0.09090909090909091,5.0,21.0,NaN,-0.18181818181818182,2.0,0.7,NaN,-0.07500000000000001,1.0,7.39,NaN,0.005454545454545419,5.0,42.0,NaN,-0.45454545454545453,5.0,97.0,NaN,1.6363636363636365,5.0,NaN,NaN,NaN,24.0,15.0,NaN,0.09090909090909091,2.0,NaN,NaN,NaN,24.0,NaN,NaN,NaN,24.0,102.0,NaN,-0.7272727272727273,2.0,1.0,NaN,0.02727272727272728,2.0,NaN,NaN,NaN,24.0,104.0,NaN,0.2,2.0,NaN,NaN,NaN,24.0,NaN,NaN,NaN,24.0,NaN,NaN,NaN,24.0,4.9,NaN,0.08000000000000007,2.0,NaN,NaN,NaN,24.0,NaN,NaN,NaN,24.0,32.6,NaN,0.18000000000000044,2.0,10.9,NaN,0.027272727272727337,2.0,32.2,NaN,0.0,11.0,12.8,NaN,-0.6454545454545453,2.0,NaN,NaN,NaN,24.0,179.0,NaN,1.4545454545454546,2.0,56.0,1.0,-1.0,-1.0,-19.338333333333335,12.0,0.0,1.0,1.0,1.0,0.0,0.0,0.0,1.0,0.0,0.0,1.0,1.0,1.0,1.0,0.0,0.0,0.0,8.0,4.0,3.0,NaN,NaN,NaN
