90.0,NaN,NaN,24.0,98.0,NaN,NaN,24.0,37.0,NaN,NaN,24.0,103.0,NaN,NaN,24.0,57.0,NaN,NaN,24.0,45.0,NaN,NaN,24.0,18.0,NaN,NaN,24.0,NaN,NaN,NaN,24.0,-2.0,NaN,NaN,24.0,NaN,NaN,NaN,24.0,NaN,NaN,NaN,24.0,7.33,NaN,NaN,24.0,46.0,NaN,NaN,24.0,NaN,NaN,NaN,24.0,NaN,NaN,NaN,24.0,NaN,NaN,NaN,24.0,NaN,NaN,NaN,24.0,NaN,NaN,NaN,24.0,NaN,NaN,NaN,24.0,NaN,NaN,NaN,24.0,NaN,NaN,NaN,24.0,NaN,NaN,NaN,24.0,2.5,NaN,NaN,24.0,NaN,NaN,NaN,24.0,NaN,NaN,NaN,24.0,NaN,NaN,NaN,24.0,NaN,NaN,NaN,24.0,NaN,NaN,NaN,24.0,NaN,NaN,NaN,24.0,NaN,NaN,NaN,24.0,NaN,NaN,NaN,24.0,NaN,NaN,NaN,24.0,NaN,NaN,NaN,24.0,NaN,NaN,NaN,24.0,91.0,0.0,1.0,0.0,-23.92972222222222,1.0,0.0,0.0,0.0,0.0,0.0,0.0,0.0,1.0,1.0,0.0,1.0,0.0,1.0,1.0,0.0,0.0,3.0,6.0,6.0,6.0,NaN,NaN,NaN
92.0,NaN,2.0,0.0,100.0,NaN,2.0,0.0,37.0,NaN,0.0,1.0,105.0,NaN,2.0,0.0,72.0,NaN,15.0,0.0,62.0,NaN,17.0,0.0,16.0,NaN,-2.0,0.0,NaN,NaN,NaN,24.0,-2.0,NaN,0.0,1.0,NaN,NaN,NaN,24.0,NaN,NaN,NaN,24.0,7.33,NaN,0.0,1.0,46.0,NaN,0.0,1.0,NaN,NaN,NaN,24.0,NaN,NaN,NaN,24.0,NaN,NaN,NaN,24.0,NaN,NaN,NaN,24.0,NaN,NaN,NaN,24.0,NaN,NaN,NaN,24.0,NaN,NaN,NaN,24.0,NaN,NaN,NaN,24.0,NaN,NaN,NaN,24.0,2.5,NaN,0.0,1.0,NaN,NaN,NaN,24.0,NaN,NaN,NaN,24.0,NaN,NaN,NaN,24.0,NaN,NaN,NaN,24.0,NaN,NaN,NaN,24.0,NaN,NaN,NaN,24.0,NaN,NaN,NaN,24.0,NaN,NaN,NaN,24.0,NaN,NaN,NaN,24.0,NaN,NaN,NaN,24.0,NaN,NaN,NaN,24.0,91.0,0.0,1.0,0.0,-23.92972222222222,2.0,0.0,0.0,1.0,0.0,0.0,0.0,0.0,0.0,0.0,0.0,1.0,0.0,1.0,1.0,0.0,0.0,3.0,6.0,6.0,6.0,NaN,NaN,NaN
92.0,NaN,0.0,0.0,100.0,NaN,0.0,0.0,37.0,NaN,0.0,2.0,117.0,NaN,12.0,0.0,61.0,NaN,-11.0,0.0,40.0,NaN,-22.0,0.0,17.0,NaN,1.0,0.0,NaN,NaN,NaN,24.0,-2.0,NaN,0.0,2.0,NaN,NaN,NaN,24.0,NaN,NaN,NaN,24.0,7.33,NaN,0.0,2.0,46.0,NaN,0.0,2.0,NaN,NaN,NaN,24.0,NaN,NaN,NaN,24.0,NaN,NaN,NaN,24.0,NaN,NaN,NaN,24.0,NaN,NaN,NaN,24.0,NaN,NaN,NaN,24.0,NaN,NaN,NaN,24.0,NaN,NaN,NaN,24.0,NaN,NaN,NaN,24.0,2.5,NaN,0.0,2.0,NaN,NaN,NaN,24.0,NaN,NaN,NaN,24.0,NaN,NaN,NaN,24.0,NaN,NaN,NaN,24.0,NaN,NaN,NaN,24.0,NaN,NaN,NaN,24.0,NaN,NaN,NaN,24.0,NaN,NaN,NaN,24.0,NaN,NaN,NaN,24.0,NaN,NaN,NaN,24.0,NaN,NaN,NaN,24.0,91.0,0.0,1.0,0.0,-23.92972222222222,3.0,0.0,0.0,1.0,0.0,0.0,0.0,0.0,1.0,0.0,0.0,1.0,1.0,1.0,1.0,0.0,0.0,3.0,6.0,6.0,6.0,NaN,NaN,NaN
90.0,NaN,-2.0,0.0,100.0,NaN,0.0,0.0,36.83,NaN,-0.05666666666666723,0.0,100.0,NaN,-17.0,0.0,58.0,NaN,-3.0,0.0,39.0,NaN,-1.0,0.0,15.0,NaN,-2.0,0.0,NaN,NaN,NaN,24.0,-2.0,NaN,0.0,3.0,NaN,NaN,NaN,24.0,NaN,NaN,NaN,24.0,7.33,NaN,0.0,3.0,46.0,NaN,0.0,3.0,NaN,NaN,NaN,24.0,NaN,NaN,NaN,24.0,NaN,NaN,NaN,24.0,NaN,NaN,NaN,24.0,NaN,NaN,NaN,24.0,NaN,NaN,NaN,24.0,NaN,NaN,NaN,24.0,NaN,NaN,NaN,24.0,NaN,NaN,NaN,24.0,2.5,NaN,0.0,3.0,NaN,NaN,NaN,24.0,NaN,NaN,NaN,24.0,NaN,NaN,NaN,24.0,NaN,NaN,NaN,24.0,NaN,NaN,NaN,24.0,NaN,NaN,NaN,24.0,NaN,NaN,NaN,24.0,NaN,NaN,NaN,24.0,NaN,NaN,NaN,24.0,NaN,NaN,NaN,24.0,NaN,NaN,NaN,24.0,91.0,0.0,1.0,0.0,-23.92972222222222,4.0,0.0,0.0,0.0,0.0,0.0,0.0,0.0,1.0,0.0,0.0,1.0,1.0,1.0,1.0,0.0,0.0,3.0,6.0,6.0,6.0,NaN,NaN,NaN
93.0,NaN,3.0,0.0,98.0,NaN,-2.0,0.0,36.83,NaN,-0.042500000000000426,1.0,103.0,NaN,3.0,0.0,60.0,NaN,2.0,0.0,44.0,NaN,5.0,0.0,16.0,NaN,1.0,0.0,NaN,NaN,NaN,24.0,-2.0,NaN,0.0,4.0,NaN,NaN,NaN,24.0,NaN,NaN,NaN,24.0,7.33,NaN,0.0,4.0,46.0,NaN,0.0,4.0,NaN,NaN,NaN,24.0,NaN,NaN,NaN,24.0,NaN,NaN,NaN,24.0,NaN,NaN,NaN,24.0,NaN,NaN,NaN,24.0,NaN,NaN,NaN,24.0,NaN,NaN,NaN,24.0,NaN,NaN,NaN,24.0,NaN,NaN,NaN,24.0,2.5,NaN,0.0,4.0,NaN,NaN,NaN,24.0,NaN,NaN,NaN,24.0,NaN,NaN,NaN,24.0,NaN,NaN,NaN,24.0,NaN,NaN,NaN,24.0,NaN,NaN,NaN,24.0,NaN,NaN,NaN,24.0,NaN,NaN,NaN,24.0,NaN,NaN,NaN,24.0,NaN,NaN,NaN,24.0,NaN,NaN,NaN,24.0,91.0,0.0,1.0,0.0,-23.92972222222222,5.0,0.0,0.0,1.0,0.0,0.0,0.0,0.0,1.0,0.0,0.0,1.0,1.0,1.0,1.0,0.0,0.0,3.0,6.0,6.0,6.0,NaN,NaN,NaN
92.0,NaN,-1.0,0.0,94.0,NaN,-4.0,0.0,36.83,NaN,-0.03400000000000034,2.0,105.0,NaN,2.0,0.0,66.0,NaN,6.0,0.0,49.0,NaN,5.0,0.0,16.0,NaN,0.0,0.0,NaN,NaN,NaN,24.0,-2.0,NaN,0.0,5.0,NaN,NaN,NaN,24.0,NaN,NaN,NaN,24.0,7.33,NaN,0.0,5.0,46.0,NaN,0.0,5.0,NaN,NaN,NaN,24.0,NaN,NaN,NaN,24.0,NaN,NaN,NaN,24.0,NaN,NaN,NaN,24.0,NaN,NaN,NaN,24.0,NaN,NaN,NaN,24.0,NaN,NaN,NaN,24.0,NaN,NaN,NaN,24.0,NaN,NaN,NaN,24.0,2.5,NaN,0.0,5.0,NaN,NaN,NaN,24.0,NaN,NaN,NaN,24.0,NaN,NaN,NaN,24.0,NaN,NaN,NaN,24.0,NaN,NaN,NaN,24.0,NaN,NaN,NaN,24.0,NaN,NaN,NaN,24.0,NaN,NaN,NaN,24.0,NaN,NaN,NaN,24.0,NaN,NaN,NaN,24.0,NaN,NaN,NaN,24.0,91.0,0.0,1.0,0.0,-23.92972222222222,6.0,0.0,0.0,1.0,0.0,0.0,0.0,0.0,0.0,0.0,0.0,1.0,1.0,1.0,1.0,0.0,0.0,3.0,6.0,6.0,6.0,NaN,NaN,NaN
97.0,NaN,5.0,0.0,100.0,NaN,6.0,0.0,36.72,NaN,-0.03666666666666648,0.0,105.0,NaN,0.0,0.0,90.0,NaN,24.0,0.0,82.0,NaN,33.0,0.0,31.0,NaN,15.0,0.0,NaN,NaN,NaN,24.0,-2.0,NaN,0.0,0.0,21.0,NaN,0.0,0.0,NaN,NaN,NaN,24.0,7.31,NaN,-0.0033333333333334103,0.0,51.0,NaN,0.8333333333333334,0.0,NaN,NaN,NaN,24.0,NaN,NaN,NaN,24.0,62.0,NaN,0.0,0.0,NaN,NaN,NaN,24.0,8.1,NaN,0.0,0.0,111.0,NaN,0.0,0.0,2.4,NaN,0.0,0.0,NaN,NaN,NaN,24.0,128.0,NaN,0.0,0.0,2.7,NaN,0.03333333333333336,0.0,2.3,NaN,0.0,0.0,5.9,NaN,0.0,0.0,4.7,NaN,0.0,0.0,NaN,NaN,NaN,24.0,NaN,NaN,NaN,24.0,25.7,NaN,0.0,0.0,8.15,NaN,0.0,0.0,24.5,NaN,0.0,0.0,24.6,NaN,0.0,0.0,NaN,NaN,NaN,24.0,338.0,NaN,0.0,0.0,91.0,0.0,1.0,0.0,-23.92972222222222,7.0,0.0,1.0,1.0,1.0,0.0,0.0,0.0,0.0,1.0,2.0,1.0,1.0,1.0,1.0,0.0,0.0,3.0,6.0,6.0,6.0,NaN,NaN,NaN
89.0,NaN,-8.0,0.0,98.0,NaN,-2.0,0.0,36.72,NaN,-0.027499999999999858,1.0,95.0,NaN,-10.0,0.0,58.0,NaN,-32.0,0.0,43.0,NaN,-39.0,0.0,16.0,NaN,-15.0,0.0,NaN,NaN,NaN,24.0,-2.0,NaN,0.0,1.0,21.0,NaN,0.0,1.0,NaN,NaN,NaN,24.0,7.31,NaN,-0.002857142857142923,1.0,51.0,NaN,0.7142857142857143,1.0,NaN,NaN,NaN,24.0,NaN,NaN,NaN,24.0,62.0,NaN,0.0,1.0,NaN,NaN,NaN,24.0,8.1,NaN,0.0,1.0,111.0,NaN,0.0,1.0,2.4,NaN,0.0,1.0,NaN,NaN,NaN,24.0,128.0,NaN,0.0,1.0,2.7,NaN,0.0285714285714286,1.0,2.3,NaN,0.0,1.0,5.9,NaN,0.0,1.0,4.7,NaN,0.0,1.0,NaN,NaN,NaN,24.0,NaN,NaN,NaN,24.0,25.7,NaN,0.0,1.0,8.15,NaN,0.0,1.0,24.5,NaN,0.0,1.0,24.6,NaN,0.0,1.0,NaN,NaN,NaN,24.0,338.0,NaN,0.0,1.0,91.0,0.0,1.0,0.0,-23.92972222222222,8.0,0.0,0.0,0.0,1.0,0.0,0.0,0.0,1.0,0.0,0.0,1.0,1.0,1.0,1.0,0.0,0.0,3.0,6.0,6.0,6.0,NaN,NaN,NaN
108.0,NaN,19.0,0.0,100.0,NaN,2.0,0.0,36.72,NaN,-0.021999999999999888,2.0,112.0,NaN,17.0,0.0,98.0,NaN,40.0,0.0,88.0,NaN,45.0,0.0,18.0,NaN,2.0,0.0,NaN,NaN,NaN,24.0,-2.0,NaN,0.0,2.0,21.0,NaN,0.0,2.0,NaN,NaN,NaN,24.0,7.31,NaN,-0.0025000000000000577,2.0,51.0,NaN,0.625,2.0,NaN,NaN,NaN,24.0,NaN,NaN,NaN,24.0,62.0,NaN,0.0,2.0,NaN,NaN,NaN,24.0,8.1,NaN,0.0,2.0,111.0,NaN,0.0,2.0,2.4,NaN,0.0,2.0,NaN,NaN,NaN,24.0,128.0,NaN,0.0,2.0,2.7,NaN,0.025000000000000022,2.0,2.3,NaN,0.0,2.0,5.9,NaN,0.0,2.0,4.7,NaN,0.0,2.0,NaN,NaN,NaN,24.0,NaN,NaN,NaN,24.0,25.7,NaN,0.0,2.0,8.15,NaN,0.0,2.0,24.5,NaN,0.0,2.0,24.6,NaN,0.0,2.0,NaN,NaN,NaN,24.0,338.0,NaN,0.0,2.0,91.0,0.0,1.0,0.0,-23.92972222222222,9.0,0.0,0.0,1.0,1.0,0.0,0.0,0.0,0.0,0.0,0.0,1.0,1.0,1.0,1.0,0.0,0.0,3.0,6.0,6.0,6.0,NaN,NaN,NaN
96.0,NaN,-12.0,0.0,100.0,NaN,0.0,0.0,36.72,NaN,-0.01833333333333324,3.0,96.0,NaN,-16.0,0.0,53.0,NaN,-45.0,0.0,34.0,NaN,-54.0,0.0,14.0,NaN,-4.0,0.0,NaN,NaN,NaN,24.0,-2.0,NaN,0.0,3.0,21.0,NaN,0.0,3.0,NaN,NaN,NaN,24.0,7.31,NaN,-0.0022222222222222734,3.0,51.0,NaN,0.5555555555555556,3.0,NaN,NaN,NaN,24.0,NaN,NaN,NaN,24.0,62.0,NaN,0.0,3.0,NaN,NaN,NaN,24.0,8.1,NaN,0.0,3.0,111.0,NaN,0.0,3.0,2.4,NaN,0.0,3.0,NaN,NaN,NaN,24.0,128.0,NaN,0.0,3.0,2.7,NaN,0.02222222222222224,3.0,2.3,NaN,0.0,3.0,5.9,NaN,0.0,3.0,4.7,NaN,0.0,3.0,NaN,NaN,NaN,24.0,NaN,NaN,NaN,24.0,25.7,NaN,0.0,3.0,8.15,NaN,0.0,3.0,24.5,NaN,0.0,3.0,24.6,NaN,0.0,3.0,NaN,NaN,NaN,24.0,338.0,NaN,0.0,3.0,91.0,0.0,1.0,0.0,-23.92972222222222,10.0,0.0,0.0,1.0,1.0,0.0,0.0,0.0,1.0,0.0,0.0,1.0,1.0,1.0,1.0,0.0,0.0,3.0,6.0,6.0,6.0,NaN,NaN,NaN
