121.0,NaN,NaN,24.0,95.0,NaN,NaN,24.0,NaN,NaN,NaN,24.0,153.0,NaN,NaN,24.0,120.0,NaN,NaN,24.0,109.0,NaN,NaN,24.0,29.0,NaN,NaN,24.0,NaN,NaN,NaN,24.0,NaN,NaN,NaN,24.0,28.0,NaN,NaN,24.0,NaN,NaN,NaN,24.0,NaN,NaN,NaN,24.0,NaN,NaN,NaN,24.0,NaN,NaN,NaN,24.0,80.0,NaN,NaN,24.0,7.0,NaN,NaN,24.0,130.0,NaN,NaN,24.0,8.3,NaN,NaN,24.0,99.0,NaN,NaN,24.0,1.0,NaN,NaN,24.0,0.7,NaN,NaN,24.0,116.0,NaN,NaN,24.0,NaN,NaN,NaN,24.0,2.0,NaN,NaN,24.0,2.5,NaN,NaN,24.0,3.9,NaN,NaN,24.0,1.8,NaN,NaN,24.0,NaN,NaN,NaN,24.0,34.2,NaN,NaN,24.0,11.3,NaN,NaN,24.0,30.2,NaN,NaN,24.0,11.5,NaN,NaN,24.0,NaN,NaN,NaN,24.0,140.0,NaN,NaN,24.0,47.0,1.0,1.0,0.0,0.0,1.0,0.0,1.0,1.0,0.0,0.0,1.0,1.0,0.0,0.0,0.0,1.0,0.0,1.0,-2.0,0.0,0.0,3.0,5.0,4.0,71.0,NaN,NaN,NaN
121.0,NaN,0.0,0.0,95.5,NaN,0.5,0.0,38.17,NaN,0.0,0.0,145.0,NaN,-8.0,0.0,110.0,NaN,-10.0,0.0,98.0,NaN,-11.0,0.0,28.0,NaN,-1.0,0.0,NaN,NaN,NaN,24.0,6.0,NaN,0.0,0.0,28.0,NaN,0.0,1.0,NaN,NaN,NaN,24.0,7.49,NaN,0.0,0.0,40.0,NaN,0.0,0.0,NaN,NaN,NaN,24.0,80.0,NaN,0.0,1.0,7.0,NaN,0.0,1.0,130.0,NaN,0.0,1.0,8.3,NaN,0.0,1.0,99.0,NaN,0.0,1.0,1.0,NaN,0.0,1.0,0.7,NaN,0.0,1.0,117.0,NaN,1.0,0.0,1.4,NaN,0.0,0.0,2.0,NaN,0.0,1.0,2.5,NaN,0.0,1.0,3.7,NaN,-0.19999999999999973,0.0,1.8,NaN,0.0,1.0,NaN,NaN,NaN,24.0,34.2,NaN,0.0,1.0,11.3,NaN,0.0,1.0,30.2,NaN,0.0,1.0,11.5,NaN,0.0,1.0,NaN,NaN,NaN,24.0,140.0,NaN,0.0,1.0,47.0,1.0,1.0,0.0,0.0,2.0,1.0,1.0,1.0,0.0,0.0,0.0,0.0,0.0,0.0,0.0,1.0,1.0,1.0,-2.0,0.0,0.0,3.0,5.0,4.0,71.0,NaN,NaN,NaN
119.0,NaN,-2.0,0.0,95.0,NaN,-0.5,0.0,38.17,NaN,0.0,1.0,141.0,NaN,-4.0,0.0,97.0,NaN,-13.0,0.0,83.0,NaN,-15.0,0.0,29.0,NaN,1.0,0.0,NaN,NaN,NaN,24.0,6.0,NaN,0.0,1.0,28.0,NaN,0.0,2.0,NaN,NaN,NaN,24.0,7.49,NaN,0.0,1.0,40.0,NaN,0.0,1.0,NaN,NaN,NaN,24.0,80.0,NaN,0.0,2.0,7.0,NaN,0.0,2.0,130.0,NaN,0.0,2.0,8.3,NaN,0.0,2.0,99.0,NaN,0.0,2.0,1.0,NaN,0.0,2.0,0.7,NaN,0.0,2.0,117.0,NaN,0.5,1.0,1.4,NaN,0.0,1.0,2.0,NaN,0.0,2.0,2.5,NaN,0.0,2.0,3.7,NaN,-0.09999999999999987,1.0,1.8,NaN,0.0,2.0,NaN,NaN,NaN,24.0,34.2,NaN,0.0,2.0,11.3,NaN,0.0,2.0,30.2,NaN,0.0,2.0,11.5,NaN,0.0,2.0,NaN,NaN,NaN,24.0,140.0,NaN,0.0,2.0,47.0,1.0,1.0,0.0,0.0,3.0,1.0,1.0,1.0,0.0,0.0,0.0,0.0,0.0,0.0,0.0,1.0,1.0,1.0,-2.0,0.0,0.0,3.0,5.0,4.0,71.0,NaN,NaN,NaN
126.0,NaN,7.0,0.0,95.0,NaN,0.0,0.0,38.17,NaN,0.0,2.0,141.0,NaN,0.0,0.0,98.0,NaN,1.0,0.0,85.0,NaN,2.0,0.0,36.0,NaN,7.0,0.0,NaN,NaN,NaN,24.0,6.0,NaN,0.0,2.0,28.0,NaN,0.0,3.0,NaN,NaN,NaN,24.0,7.49,NaN,0.0,2.0,40.0,NaN,0.0,2.0,NaN,NaN,NaN,24.0,80.0,NaN,0.0,3.0,7.0,NaN,0.0,3.0,130.0,NaN,0.0,3.0,8.3,NaN,0.0,3.0,99.0,NaN,0.0,3.0,1.0,NaN,0.0,3.0,0.7,NaN,0.0,3.0,117.0,NaN,0.3333333333333333,2.0,1.4,NaN,0.0,2.0,2.0,NaN,0.0,3.0,2.5,NaN,0.0,3.0,3.7,NaN,-0.06666666666666658,2.0,1.8,NaN,0.0,3.0,NaN,NaN,NaN,24.0,34.2,NaN,0.0,3.0,11.3,NaN,0.0,3.0,30.2,NaN,0.0,3.0,11.5,NaN,0.0,3.0,NaN,NaN,NaN,24.0,140.0,NaN,0.0,3.0,47.0,1.0,1.0,0.0,0.0,4.0,1.0,1.0,1.0,0.0,0.0,0.0,0.0,0.0,0.0,0.0,1.0,1.0,1.0,-2.0,0.0,0.0,3.0,5.0,4.0,71.0,NaN,NaN,NaN
123.0,NaN,-3.0,0.0,94.0,NaN,-1.0,0.0,38.17,NaN,0.0,3.0,143.0,NaN,2.0,0.0,100.0,NaN,2.0,0.0,87.0,NaN,2.0,0.0,38.0,NaN,2.0,0.0,NaN,NaN,NaN,24.0,6.0,NaN,0.0,3.0,28.0,NaN,0.0,4.0,NaN,NaN,NaN,24.0,7.49,NaN,0.0,3.0,40.0,NaN,0.0,3.0,NaN,NaN,NaN,24.0,80.0,NaN,0.0,4.0,7.0,NaN,0.0,4.0,130.0,NaN,0.0,4.0,8.3,NaN,0.0,4.0,99.0,NaN,0.0,4.0,1.0,NaN,0.0,4.0,0.7,NaN,0.0,4.0,117.0,NaN,0.25,3.0,1.4,NaN,0.0,3.0,2.0,NaN,0.0,4.0,2.5,NaN,0.0,4.0,3.7,NaN,-0.04999999999999993,3.0,1.8,NaN,0.0,4.0,NaN,NaN,NaN,24.0,34.2,NaN,0.0,4.0,11.3,NaN,0.0,4.0,30.2,NaN,0.0,4.0,11.5,NaN,0.0,4.0,NaN,NaN,NaN,24.0,140.0,NaN,0.0,4.0,47.0,1.0,1.0,0.0,0.0,5.0,1.0,1.0,1.0,0.0,0.0,0.0,0.0,0.0,0.0,0.0,1.0,1.0,1.0,-2.0,0.0,0.0,3.0,5.0,4.0,71.0,NaN,NaN,NaN
120.0,NaN,-3.0,0.0,95.0,NaN,1.0,0.0,38.17,NaN,0.0,4.0,98.0,NaN,-45.0,0.0,65.0,NaN,-35.0,0.0,54.0,NaN,-33.0,0.0,33.0,NaN,-5.0,0.0,NaN,NaN,NaN,24.0,6.0,NaN,0.0,4.0,28.0,NaN,0.0,5.0,NaN,NaN,NaN,24.0,7.49,NaN,0.0,4.0,40.0,NaN,0.0,4.0,NaN,NaN,NaN,24.0,80.0,NaN,0.0,5.0,7.0,NaN,0.0,5.0,130.0,NaN,0.0,5.0,8.3,NaN,0.0,5.0,99.0,NaN,0.0,5.0,1.0,NaN,0.0,5.0,0.7,NaN,0.0,5.0,117.0,NaN,0.2,4.0,1.4,NaN,0.0,4.0,2.0,NaN,0.0,5.0,2.5,NaN,0.0,5.0,3.7,NaN,-0.039999999999999945,4.0,1.8,NaN,0.0,5.0,NaN,NaN,NaN,24.0,34.2,NaN,0.0,5.0,11.3,NaN,0.0,5.0,30.2,NaN,0.0,5.0,11.5,NaN,0.0,5.0,NaN,NaN,NaN,24.0,140.0,NaN,0.0,5.0,47.0,1.0,1.0,0.0,0.0,6.0,1.0,1.0,1.0,0.0,0.0,0.0,0.0,1.0,0.0,0.0,1.0,1.0,1.0,-2.0,0.0,0.0,3.0,5.0,4.0,71.0,NaN,NaN,NaN
124.0,NaN,4.0,0.0,94.0,NaN,-1.0,0.0,37.72,NaN,-0.09000000000000057,0.0,132.0,NaN,34.0,0.0,86.0,NaN,21.0,0.0,72.0,NaN,18.0,0.0,27.0,NaN,-6.0,0.0,NaN,NaN,NaN,24.0,6.0,NaN,0.0,5.0,28.0,NaN,0.0,6.0,NaN,NaN,NaN,24.0,7.49,NaN,0.0,5.0,40.0,NaN,0.0,5.0,NaN,NaN,NaN,24.0,80.0,NaN,0.0,6.0,7.0,NaN,0.0,6.0,130.0,NaN,0.0,6.0,8.3,NaN,0.0,6.0,99.0,NaN,0.0,6.0,1.0,NaN,0.0,6.0,0.7,NaN,0.0,6.0,117.0,NaN,0.16666666666666666,5.0,1.4,NaN,0.0,5.0,2.0,NaN,0.0,6.0,2.5,NaN,0.0,6.0,3.7,NaN,-0.03333333333333329,5.0,1.8,NaN,0.0,6.0,NaN,NaN,NaN,24.0,34.2,NaN,0.0,6.0,11.3,NaN,0.0,6.0,30.2,NaN,0.0,6.0,11.5,NaN,0.0,6.0,NaN,NaN,NaN,24.0,140.0,NaN,0.0,6.0,47.0,1.0,1.0,0.0,0.0,7.0,0.0,1.0,1.0,0.0,0.0,0.0,0.0,0.0,0.0,0.0,1.0,1.0,1.0,-2.0,0.0,0.0,3.0,5.0,4.0,71.0,NaN,NaN,NaN
120.0,NaN,-4.0,0.0,95.0,NaN,1.0,0.0,37.72,NaN,-0.07500000000000047,1.0,129.0,NaN,-3.0,0.0,89.0,NaN,3.0,0.0,78.0,NaN,6.0,0.0,28.0,NaN,1.0,0.0,NaN,NaN,NaN,24.0,6.0,NaN,0.0,6.0,28.0,NaN,0.0,7.0,NaN,NaN,NaN,24.0,7.49,NaN,0.0,6.0,40.0,NaN,0.0,6.0,NaN,NaN,NaN,24.0,80.0,NaN,0.0,7.0,7.0,NaN,0.0,7.0,130.0,NaN,0.0,7.0,8.3,NaN,0.0,7.0,99.0,NaN,0.0,7.0,1.0,NaN,0.0,7.0,0.7,NaN,0.0,7.0,117.0,NaN,0.14285714285714285,6.0,1.4,NaN,0.0,6.0,2.0,NaN,0.0,7.0,2.5,NaN,0.0,7.0,3.7,NaN,-0.028571428571428532,6.0,1.8,NaN,0.0,7.0,NaN,NaN,NaN,24.0,34.2,NaN,0.0,7.0,11.3,NaN,0.0,7.0,30.2,NaN,0.0,7.0,11.5,NaN,0.0,7.0,NaN,NaN,NaN,24.0,140.0,NaN,0.0,7.0,47.0,1.0,1.0,0.0,0.0,8.0,0.0,1.0,1.0,0.0,0.0,0.0,0.0,0.0,0.0,0.0,1.0,1.0,1.0,-2.0,0.0,0.0,3.0,5.0,4.0,71.0,NaN,NaN,NaN
127.0,NaN,7.0,0.0,96.0,NaN,1.0,0.0,37.72,NaN,-0.0642857142857147,2.0,139.0,NaN,10.0,0.0,98.0,NaN,9.0,0.0,85.0,NaN,7.0,0.0,18.0,NaN,-10.0,0.0,NaN,NaN,NaN,24.0,6.0,NaN,0.0,7.0,28.0,NaN,0.0,8.0,NaN,NaN,NaN,24.0,7.49,NaN,0.0,7.0,40.0,NaN,0.0,7.0,NaN,NaN,NaN,24.0,80.0,NaN,0.0,8.0,7.0,NaN,0.0,8.0,130.0,NaN,0.0,8.0,8.3,NaN,0.0,8.0,99.0,NaN,0.0,8.0,1.0,NaN,0.0,8.0,0.7,NaN,0.0,8.0,117.0,NaN,0.125,7.0,1.4,NaN,0.0,7.0,2.0,NaN,0.0,8.0,2.5,NaN,0.0,8.0,3.7,NaN,-0.024999999999999967,7.0,1.8,NaN,0.0,8.0,NaN,NaN,NaN,24.0,34.2,NaN,0.0,8.0,11.3,NaN,0.0,8.0,30.2,NaN,0.0,8.0,11.5,NaN,0.0,8.0,NaN,NaN,NaN,24.0,140.0,NaN,0.0,8.0,47.0,1.0,1.0,0.0,0.0,9.0,0.0,0.0,1.0,0.0,0.0,0.0,0.0,0.0,0.0,0.0,1.0,1.0,1.0,-2.0,0.0,0.0,3.0,5.0,4.0,71.0,NaN,NaN,NaN
