69.5,NaN,NaN,24.0,95.0,NaN,NaN,24.0,36.11,NaN,NaN,24.0,167.0,NaN,NaN,24.0,104.0,NaN,NaN,24.0,84.0,NaN,NaN,24.0,21.5,NaN,NaN,24.0,NaN,NaN,NaN,24.0,5.0,NaN,NaN,24.0,NaN,NaN,NaN,24.0,NaN,NaN,NaN,24.0,7.37,NaN,NaN,24.0,55.0,NaN,NaN,24.0,NaN,NaN,NaN,24.0,NaN,NaN,NaN,24.0,NaN,NaN,NaN,24.0,NaN,NaN,NaN,24.0,NaN,NaN,NaN,24.0,NaN,NaN,NaN,24.0,NaN,NaN,NaN,24.0,NaN,NaN,NaN,24.0,NaN,NaN,NaN,24.0,NaN,NaN,NaN,24.0,NaN,NaN,NaN,24.0,NaN,NaN,NaN,24.0,NaN,NaN,NaN,24.0,NaN,NaN,NaN,24.0,NaN,NaN,NaN,24.0,NaN,NaN,NaN,24.0,NaN,NaN,NaN,24.0,NaN,NaN,NaN,24.0,NaN,NaN,NaN,24.0,NaN,NaN,NaN,24.0,NaN,NaN,NaN,24.0,73.0,0.0,0.0,1.0,-2.7333333333333334,1.0,0.0,1.0,0.0,0.0,0.0,0.0,0.0,0.0,0.0,0.0,1.0,0.0,0.0,0.0,0.0,0.0,NaN,NaN,NaN,-230.0,NaN,NaN,NaN
68.0,NaN,-1.5,0.0,98.0,NaN,3.0,0.0,36.11,NaN,0.0,1.0,174.0,NaN,7.0,0.0,104.0,NaN,0.0,0.0,83.0,NaN,-1.0,0.0,16.0,NaN,-5.5,0.0,NaN,NaN,NaN,24.0,5.0,NaN,0.0,1.0,25.0,NaN,0.0,0.0,0.5,NaN,0.0,0.0,7.37,NaN,0.0,1.0,55.0,NaN,0.0,1.0,NaN,NaN,NaN,24.0,NaN,NaN,NaN,24.0,15.0,NaN,0.0,0.0,NaN,NaN,NaN,24.0,9.1,NaN,0.0,0.0,90.0,NaN,0.0,0.0,0.4,NaN,0.0,0.0,NaN,NaN,NaN,24.0,107.0,NaN,0.0,0.0,NaN,NaN,NaN,24.0,1.9,NaN,0.0,0.0,4.2,NaN,0.0,0.0,3.9,NaN,0.0,0.0,NaN,NaN,NaN,24.0,NaN,NaN,NaN,24.0,33.5,NaN,0.0,0.0,10.5,NaN,0.0,0.0,NaN,NaN,NaN,24.0,11.9,NaN,0.0,0.0,NaN,NaN,NaN,24.0,362.0,NaN,0.0,0.0,73.0,0.0,0.0,1.0,-2.7333333333333334,2.0,0.0,0.0,0.0,0.0,2.0,0.0,0.0,0.0,0.0,0.0,0.0,0.0,0.0,0.0,0.0,0.0,NaN,NaN,NaN,-230.0,NaN,NaN,NaN
70.0,NaN,2.0,0.0,98.0,NaN,0.0,0.0,36.11,NaN,0.0,2.0,110.0,NaN,-64.0,0.0,66.0,NaN,-38.0,0.0,51.0,NaN,-32.0,0.0,19.0,NaN,3.0,0.0,NaN,NaN,NaN,24.0,5.0,NaN,0.0,2.0,25.0,NaN,0.0,1.0,0.5,NaN,0.0,1.0,7.37,NaN,0.0,2.0,55.0,NaN,0.0,2.0,NaN,NaN,NaN,24.0,NaN,NaN,NaN,24.0,15.0,NaN,0.0,1.0,NaN,NaN,NaN,24.0,9.1,NaN,0.0,1.0,90.0,NaN,0.0,1.0,0.4,NaN,0.0,1.0,NaN,NaN,NaN,24.0,107.0,NaN,0.0,1.0,NaN,NaN,NaN,24.0,1.9,NaN,0.0,1.0,4.2,NaN,0.0,1.0,3.9,NaN,0.0,1.0,NaN,NaN,NaN,24.0,NaN,NaN,NaN,24.0,33.5,NaN,0.0,1.0,10.5,NaN,0.0,1.0,NaN,NaN,NaN,24.0,11.9,NaN,0.0,1.0,NaN,NaN,NaN,24.0,362.0,NaN,0.0,1.0,73.0,0.0,0.0,1.0,-2.7333333333333334,3.0,0.0,0.0,0.0,0.0,0.0,0.0,0.0,0.0,0.0,0.0,1.0,0.0,0.0,0.0,0.0,0.0,NaN,NaN,NaN,-230.0,NaN,NaN,NaN
65.0,NaN,-5.0,0.0,98.0,NaN,0.0,0.0,35.78,NaN,-0.10999999999999943,0.0,127.0,NaN,17.0,0.0,74.0,NaN,8.0,0.0,55.0,NaN,4.0,0.0,18.0,NaN,-1.0,0.0,NaN,NaN,NaN,24.0,5.0,NaN,0.0,3.0,25.0,NaN,0.0,2.0,0.5,NaN,0.0,0.0,7.37,NaN,0.0,3.0,55.0,NaN,0.0,3.0,NaN,NaN,NaN,24.0,NaN,NaN,NaN,24.0,15.0,NaN,0.0,2.0,NaN,NaN,NaN,24.0,9.1,NaN,0.0,2.0,90.0,NaN,0.0,2.0,0.4,NaN,0.0,2.0,NaN,NaN,NaN,24.0,107.0,NaN,0.0,2.0,NaN,NaN,NaN,24.0,1.9,NaN,0.0,2.0,4.2,NaN,0.0,2.0,3.9,NaN,0.0,2.0,NaN,NaN,NaN,24.0,NaN,NaN,NaN,24.0,33.5,NaN,0.0,2.0,10.5,NaN,0.0,2.0,NaN,NaN,NaN,24.0,11.9,NaN,0.0,2.0,NaN,NaN,NaN,24.0,362.0,NaN,0.0,2.0,73.0,0.0,0.0,1.0,-2.7333333333333334,4.0,1.0,0.0,0.0,0.0,2.0,0.0,0.0,0.0,0.0,0.0,0.0,0.0,0.0,0.0,0.0,0.0,NaN,NaN,NaN,-230.0,NaN,NaN,NaN
73.0,NaN,8.0,0.0,97.0,NaN,-1.0,0.0,35.78,NaN,-0.08249999999999957,1.0,125.0,NaN,-2.0,0.0,83.0,NaN,9.0,0.0,72.0,NaN,17.0,0.0,13.0,NaN,-5.0,0.0,NaN,NaN,NaN,24.0,5.0,NaN,0.0,4.0,25.0,NaN,0.0,3.0,0.5,NaN,0.0,1.0,7.37,NaN,0.0,4.0,55.0,NaN,0.0,4.0,NaN,NaN,NaN,24.0,NaN,NaN,NaN,24.0,15.0,NaN,0.0,3.0,NaN,NaN,NaN,24.0,9.1,NaN,0.0,3.0,90.0,NaN,0.0,3.0,0.4,NaN,0.0,3.0,NaN,NaN,NaN,24.0,107.0,NaN,0.0,3.0,NaN,NaN,NaN,24.0,1.9,NaN,0.0,3.0,4.2,NaN,0.0,3.0,3.9,NaN,0.0,3.0,NaN,NaN,NaN,24.0,NaN,NaN,NaN,24.0,33.5,NaN,0.0,3.0,10.5,NaN,0.0,3.0,NaN,NaN,NaN,24.0,11.9,NaN,0.0,3.0,NaN,NaN,NaN,24.0,362.0,NaN,0.0,3.0,73.0,0.0,0.0,1.0,-2.7333333333333334,5.0,1.0,0.0,0.0,0.0,0.0,0.0,0.0,0.0,0.0,0.0,1.0,0.0,0.0,0.0,0.0,0.0,NaN,NaN,NaN,-230.0,NaN,NaN,NaN
75.0,NaN,2.0,0.0,99.0,NaN,2.0,0.0,35.78,NaN,-0.06599999999999966,2.0,108.0,NaN,-17.0,0.0,72.0,NaN,-11.0,0.0,61.0,NaN,-11.0,0.0,10.0,NaN,-3.0,0.0,NaN,NaN,NaN,24.0,5.0,NaN,0.0,5.0,25.0,NaN,0.0,4.0,0.5,NaN,0.0,2.0,7.37,NaN,0.0,5.0,55.0,NaN,0.0,5.0,NaN,NaN,NaN,24.0,NaN,NaN,NaN,24.0,15.0,NaN,0.0,4.0,NaN,NaN,NaN,24.0,9.1,NaN,0.0,4.0,90.0,NaN,0.0,4.0,0.4,NaN,0.0,4.0,NaN,NaN,NaN,24.0,107.0,NaN,0.0,4.0,NaN,NaN,NaN,24.0,1.9,NaN,0.0,4.0,4.2,NaN,0.0,4.0,3.9,NaN,0.0,4.0,NaN,NaN,NaN,24.0,NaN,NaN,NaN,24.0,33.5,NaN,0.0,4.0,10.5,NaN,0.0,4.0,NaN,NaN,NaN,24.0,11.9,NaN,0.0,4.0,NaN,NaN,NaN,24.0,362.0,NaN,0.0,4.0,73.0,0.0,0.0,1.0,-2.7333333333333334,6.0,1.0,0.0,0.0,0.0,0.0,0.0,0.0,0.0,0.0,0.0,1.0,0.0,0.0,0.0,0.0,0.0,NaN,NaN,NaN,-230.0,NaN,NaN,NaN
68.0,NaN,-7.0,0.0,99.0,NaN,0.0,0.0,35.78,NaN,-0.054999999999999716,3.0,131.0,NaN,23.0,0.0,76.0,NaN,4.0,0.0,60.0,NaN,-1.0,0.0,17.0,NaN,7.0,0.0,NaN,NaN,NaN,24.0,5.0,NaN,0.0,6.0,25.0,NaN,0.0,5.0,0.5,NaN,0.0,3.0,7.37,NaN,0.0,6.0,55.0,NaN,0.0,6.0,NaN,NaN,NaN,24.0,NaN,NaN,NaN,24.0,15.0,NaN,0.0,5.0,NaN,NaN,NaN,24.0,9.1,NaN,0.0,5.0,90.0,NaN,0.0,5.0,0.4,NaN,0.0,5.0,NaN,NaN,NaN,24.0,107.0,NaN,0.0,5.0,NaN,NaN,NaN,24.0,1.9,NaN,0.0,5.0,4.2,NaN,0.0,5.0,3.9,NaN,0.0,5.0,NaN,NaN,NaN,24.0,NaN,NaN,NaN,24.0,33.5,NaN,0.0,5.0,10.5,NaN,0.0,5.0,NaN,NaN,NaN,24.0,11.9,NaN,0.0,5.0,NaN,NaN,NaN,24.0,362.0,NaN,0.0,5.0,73.0,0.0,0.0,1.0,-2.7333333333333334,7.0,1.0,0.0,0.0,0.0,0.0,0.0,0.0,0.0,0.0,0.0,1.0,0.0,0.0,0.0,0.0,0.0,NaN,NaN,NaN,-230.0,NaN,NaN,NaN
84.0,NaN,16.0,0.0,97.0,NaN,-2.0,0.0,36.44,NaN,0.16499999999999915,0.0,150.0,NaN,19.0,0.0,90.0,NaN,14.0,0.0,67.0,NaN,7.0,0.0,14.0,NaN,-3.0,0.0,NaN,NaN,NaN,24.0,5.0,NaN,0.0,7.0,25.0,NaN,0.0,6.0,0.5,NaN,0.0,4.0,7.37,NaN,0.0,7.0,55.0,NaN,0.0,7.0,NaN,NaN,NaN,24.0,NaN,NaN,NaN,24.0,15.0,NaN,0.0,6.0,NaN,NaN,NaN,24.0,9.1,NaN,0.0,6.0,90.0,NaN,0.0,6.0,0.4,NaN,0.0,6.0,NaN,NaN,NaN,24.0,107.0,NaN,0.0,6.0,NaN,NaN,NaN,24.0,1.9,NaN,0.0,6.0,4.2,NaN,0.0,6.0,3.9,NaN,0.0,6.0,NaN,NaN,NaN,24.0,NaN,NaN,NaN,24.0,33.5,NaN,0.0,6.0,10.5,NaN,0.0,6.0,NaN,NaN,NaN,24.0,11.9,NaN,0.0,6.0,NaN,NaN,NaN,24.0,362.0,NaN,0.0,6.0,73.0,0.0,0.0,1.0,-2.7333333333333334,8.0,0.0,0.0,0.0,0.0,0.0,0.0,0.0,0.0,0.0,0.0,1.0,0.0,0.0,0.0,0.0,0.0,NaN,NaN,NaN,-230.0,NaN,NaN,NaN
80.0,NaN,-4.0,0.0,100.0,NaN,3.0,0.0,36.44,NaN,0.1319999999999993,1.0,140.0,NaN,-10.0,0.0,82.0,NaN,-8.0,0.0,62.0,NaN,-5.0,0.0,9.0,NaN,-5.0,0.0,NaN,NaN,NaN,24.0,5.0,NaN,0.0,8.0,25.0,NaN,0.0,7.0,0.5,NaN,0.0,5.0,7.37,NaN,0.0,8.0,55.0,NaN,0.0,8.0,NaN,NaN,NaN,24.0,NaN,NaN,NaN,24.0,15.0,NaN,0.0,7.0,NaN,NaN,NaN,24.0,9.1,NaN,0.0,7.0,90.0,NaN,0.0,7.0,0.4,NaN,0.0,7.0,NaN,NaN,NaN,24.0,107.0,NaN,0.0,7.0,NaN,NaN,NaN,24.0,1.9,NaN,0.0,7.0,4.2,NaN,0.0,7.0,3.9,NaN,0.0,7.0,NaN,NaN,NaN,24.0,NaN,NaN,NaN,24.0,33.5,NaN,0.0,7.0,10.5,NaN,0.0,7.0,NaN,NaN,NaN,24.0,11.9,NaN,0.0,7.0,NaN,NaN,NaN,24.0,362.0,NaN,0.0,7.0,73.0,0.0,0.0,1.0,-2.7333333333333334,9.0,0.0,0.0,0.0,0.0,0.0,0.0,0.0,0.0,0.0,0.0,1.0,0.0,0.0,0.0,0.0,0.0,NaN,NaN,NaN,-230.0,NaN,NaN,NaN
80.0,NaN,0.0,0.0,99.0,NaN,-1.0,0.0,36.44,NaN,0.10999999999999943,2.0,132.0,NaN,-8.0,0.0,81.0,NaN,-1.0,0.0,69.0,NaN,7.0,0.0,13.0,NaN,4.0,0.0,NaN,NaN,NaN,24.0,5.0,NaN,0.0,9.0,25.0,NaN,0.0,8.0,0.5,NaN,0.0,6.0,7.37,NaN,0.0,9.0,55.0,NaN,0.0,9.0,NaN,NaN,NaN,24.0,NaN,NaN,NaN,24.0,15.0,NaN,0.0,8.0,NaN,NaN,NaN,24.0,9.1,NaN,0.0,8.0,90.0,NaN,0.0,8.0,0.4,NaN,0.0,8.0,NaN,NaN,NaN,24.0,107.0,NaN,0.0,8.0,NaN,NaN,NaN,24.0,1.9,NaN,0.0,8.0,4.2,NaN,0.0,8.0,3.9,NaN,0.0,8.0,NaN,NaN,NaN,24.0,NaN,NaN,NaN,24.0,33.5,NaN,0.0,8.0,10.5,NaN,0.0,8.0,NaN,NaN,NaN,24.0,11.9,NaN,0.0,8.0,NaN,NaN,NaN,24.0,362.0,NaN,0.0,8.0,73.0,0.0,0.0,1.0,-2.7333333333333334,10.0,0.0,0.0,0.0,0.0,0.0,0.0,0.0,0.0,0.0,0.0,1.0,0.0,0.0,0.0,0.0,0.0,NaN,NaN,NaN,-230.0,NaN,NaN,NaN
73.0,NaN,-7.0,0.0,99.0,NaN,0.0,0.0,36.44,NaN,0.09428571428571379,3.0,125.0,NaN,-7.0,0.0,68.0,NaN,-13.0,0.0,50.0,NaN,-19.0,0.0,22.0,NaN,9.0,0.0,NaN,NaN,NaN,24.0,5.0,NaN,0.0,10.0,25.0,NaN,0.0,9.0,0.5,NaN,0.0,7.0,7.37,NaN,0.0,10.0,55.0,NaN,0.0,10.0,NaN,NaN,NaN,24.0,NaN,NaN,NaN,24.0,15.0,NaN,0.0,9.0,NaN,NaN,NaN,24.0,9.1,NaN,0.0,9.0,90.0,NaN,0.0,9.0,0.4,NaN,0.0,9.0,NaN,NaN,NaN,24.0,107.0,NaN,0.0,9.0,NaN,NaN,NaN,24.0,1.9,NaN,0.0,9.0,4.2,NaN,0.0,9.0,3.9,NaN,0.0,9.0,NaN,NaN,NaN,24.0,NaN,NaN,NaN,24.0,33.5,NaN,0.0,9.0,10.5,NaN,0.0,9.0,NaN,NaN,NaN,24.0,11.9,NaN,0.0,9.0,NaN,NaN,NaN,24.0,362.0,NaN,0.0,9.0,73.0,0.0,0.0,1.0,-2.7333333333333334,11.0,0.0,1.0,0.0,0.0,0.0,0.0,0.0,0.0,0.0,0.0,1.0,0.0,0.0,0.0,0.0,0.0,NaN,NaN,NaN,-230.0,NaN,NaN,NaN
78.0,NaN,5.0,0.0,97.0,NaN,-2.0,0.0,36.44,NaN,0.08249999999999957,4.0,145.0,NaN,20.0,0.0,81.0,NaN,13.0,0.0,57.0,NaN,7.0,0.0,15.0,NaN,-7.0,0.0,NaN,NaN,NaN,24.0,5.0,NaN,0.0,11.0,25.0,NaN,0.0,10.0,0.5,NaN,0.0,8.0,7.37,NaN,0.0,11.0,55.0,NaN,0.0,11.0,NaN,NaN,NaN,24.0,NaN,NaN,NaN,24.0,15.0,NaN,0.0,10.0,NaN,NaN,NaN,24.0,9.1,NaN,0.0,10.0,90.0,NaN,0.0,10.0,0.4,NaN,0.0,10.0,NaN,NaN,NaN,24.0,107.0,NaN,0.0,10.0,NaN,NaN,NaN,24.0,1.9,NaN,0.0,10.0,4.2,NaN,0.0,10.0,3.9,NaN,0.0,10.0,NaN,NaN,NaN,24.0,NaN,NaN,NaN,24.0,33.5,NaN,0.0,10.0,10.5,NaN,0.0,10.0,NaN,NaN,NaN,24.0,11.9,NaN,0.0,10.0,NaN,NaN,NaN,24.0,362.0,NaN,0.0,10.0,73.0,0.0,0.0,1.0,-2.7333333333333334,12.0,0.0,0.0,0.0,0.0,0.0,0.0,0.0,0.0,0.0,0.0,1.0,0.0,0.0,0.0,0.0,0.0,NaN,NaN,NaN,-230.0,NaN,NaN,NaN
78.0,NaN,0.0,0.0,98.0,NaN,1.0,0.0,36.44,NaN,0.07333333333333296,5.0,143.0,NaN,-2.0,0.0,79.0,NaN,-2.0,0.0,59.0,NaN,2.0,0.0,25.0,NaN,10.0,0.0,NaN,NaN,NaN,24.0,5.0,NaN,0.0,12.0,25.0,NaN,0.0,11.0,0.5,NaN,0.0,9.0,7.37,NaN,0.0,12.0,55.0,NaN,0.0,12.0,NaN,NaN,NaN,24.0,NaN,NaN,NaN,24.0,15.0,NaN,0.0,11.0,NaN,NaN,NaN,24.0,9.1,NaN,0.0,11.0,90.0,NaN,0.0,11.0,0.4,NaN,0.0,11.0,NaN,NaN,NaN,24.0,107.0,NaN,0.0,11.0,NaN,NaN,NaN,24.0,1.9,NaN,0.0,11.0,4.2,NaN,0.0,11.0,3.9,NaN,0.0,11.0,NaN,NaN,NaN,24.0,NaN,NaN,NaN,24.0,33.5,NaN,0.0,11.0,10.5,NaN,0.0,11.0,NaN,NaN,NaN,24.0,11.9,NaN,0.0,11.0,NaN,NaN,NaN,24.0,362.0,NaN,0.0,11.0,73.0,0.0,0.0,1.0,-2.7333333333333334,13.0,0.0,1.0,0.0,0.0,0.0,0.0,0.0,0.0,0.0,0.0,1.0,0.0,0.0,0.0,0.0,0.0,NaN,NaN,NaN,-230.0,NaN,NaN,NaN
91.0,NaN,13.0,0.0,97.0,NaN,-1.0,0.0,36.44,NaN,0.06599999999999966,6.0,145.0,NaN,2.0,0.0,86.0,NaN,7.0,0.0,69.0,NaN,10.0,0.0,22.0,NaN,-3.0,0.0,NaN,NaN,NaN,24.0,5.0,NaN,0.0,13.0,25.0,NaN,0.0,12.0,0.5,NaN,0.0,10.0,7.37,NaN,0.0,13.0,55.0,NaN,0.0,13.0,NaN,NaN,NaN,24.0,NaN,NaN,NaN,24.0,15.0,NaN,0.0,12.0,NaN,NaN,NaN,24.0,9.1,NaN,0.0,12.0,90.0,NaN,0.0,12.0,0.4,NaN,0.0,12.0,NaN,NaN,NaN,24.0,107.0,NaN,0.0,12.0,NaN,NaN,NaN,24.0,1.9,NaN,0.0,12.0,4.2,NaN,0.0,12.0,3.9,NaN,0.0,12.0,NaN,NaN,NaN,24.0,NaN,NaN,NaN,24.0,33.5,NaN,0.0,12.0,10.5,NaN,0.0,12.0,NaN,NaN,NaN,24.0,11.9,NaN,0.0,12.0,NaN,NaN,NaN,24.0,362.0,NaN,0.0,12.0,73.0,0.0,0.0,1.0,-2.7333333333333334,14.0,0.0,1.0,1.0,0.0,0.0,0.0,0.0,0.0,0.0,0.0,1.0,0.0,0.0,0.0,0.0,0.0,NaN,NaN,NaN,-230.0,NaN,NaN,NaN
88.0,NaN,-3.0,0.0,98.0,NaN,1.0,0.0,36.44,NaN,0.05999999999999969,7.0,146.0,NaN,1.0,0.0,89.0,NaN,3.0,0.0,73.0,NaN,4.0,0.0,11.0,NaN,-11.0,0.0,NaN,NaN,NaN,24.0,5.0,NaN,0.0,14.0,25.0,NaN,0.0,13.0,0.5,NaN,0.0,11.0,7.37,NaN,0.0,14.0,55.0,NaN,0.0,14.0,NaN,NaN,NaN,24.0,NaN,NaN,NaN,24.0,15.0,NaN,0.0,13.0,NaN,NaN,NaN,24.0,9.1,NaN,0.0,13.0,90.0,NaN,0.0,13.0,0.4,NaN,0.0,13.0,NaN,NaN,NaN,24.0,107.0,NaN,0.0,13.0,NaN,NaN,NaN,24.0,1.9,NaN,0.0,13.0,4.2,NaN,0.0,13.0,3.9,NaN,0.0,13.0,NaN,NaN,NaN,24.0,NaN,NaN,NaN,24.0,33.5,NaN,0.0,13.0,10.5,NaN,0.0,13.0,NaN,NaN,NaN,24.0,11.9,NaN,0.0,13.0,NaN,NaN,NaN,24.0,362.0,NaN,0.0,13.0,73.0,0.0,0.0,1.0,-2.7333333333333334,15.0,0.0,0.0,0.0,0.0,0.0,0.0,0.0,0.0,0.0,0.0,1.0,0.0,0.0,0.0,0.0,0.0,NaN,NaN,NaN,-230.0,NaN,NaN,NaN
85.0,NaN,-3.0,0.0,98.0,NaN,0.0,0.0,36.44,NaN,0.054999999999999716,8.0,146.0,NaN,0.5,1.0,89.0,NaN,1.5,1.0,73.0,NaN,2.0,1.0,17.0,NaN,6.0,0.0,NaN,NaN,NaN,24.0,5.0,NaN,0.0,15.0,25.0,NaN,0.0,14.0,0.5,NaN,0.0,12.0,7.37,NaN,0.0,15.0,55.0,NaN,0.0,15.0,NaN,NaN,NaN,24.0,NaN,NaN,NaN,24.0,15.0,NaN,0.0,14.0,NaN,NaN,NaN,24.0,9.1,NaN,0.0,14.0,90.0,NaN,0.0,14.0,0.4,NaN,0.0,14.0,NaN,NaN,NaN,24.0,107.0,NaN,0.0,14.0,NaN,NaN,NaN,24.0,1.9,NaN,0.0,14.0,4.2,NaN,0.0,14.0,3.9,NaN,0.0,14.0,NaN,NaN,NaN,24.0,NaN,NaN,NaN,24.0,33.5,NaN,0.0,14.0,10.5,NaN,0.0,14.0,NaN,NaN,NaN,24.0,11.9,NaN,0.0,14.0,NaN,NaN,NaN,24.0,362.0,NaN,0.0,14.0,73.0,0.0,0.0,1.0,-2.7333333333333334,16.0,0.0,0.0,0.0,0.0,0.0,0.0,0.0,0.0,0.0,0.0,1.0,0.0,0.0,0.0,0.0,0.0,NaN,NaN,NaN,-230.0,NaN,NaN,NaN
