101.0,NaN,NaN,24.0,NaN,NaN,NaN,24.0,NaN,NaN,NaN,24.0,95.5,NaN,NaN,24.0,74.5,NaN,NaN,24.0,66.0,NaN,NaN,24.0,25.0,NaN,NaN,24.0,NaN,NaN,NaN,24.0,NaN,NaN,NaN,24.0,9.0,NaN,NaN,24.0,NaN,NaN,NaN,24.0,NaN,NaN,NaN,24.0,NaN,NaN,NaN,24.0,NaN,NaN,NaN,24.0,NaN,NaN,NaN,24.0,36.0,NaN,NaN,24.0,NaN,NaN,NaN,24.0,8.3,NaN,NaN,24.0,102.0,NaN,NaN,24.0,6.2,NaN,NaN,24.0,NaN,NaN,NaN,24.0,218.0,NaN,NaN,24.0,NaN,NaN,NaN,24.0,2.1,NaN,NaN,24.0,8.8,NaN,NaN,24.0,7.2,NaN,NaN,24.0,NaN,NaN,NaN,24.0,NaN,NaN,NaN,24.0,44.7,NaN,NaN,24.0,13.1,NaN,NaN,24.0,NaN,NaN,NaN,24.0,26.4,NaN,NaN,24.0,NaN,NaN,NaN,24.0,363.0,NaN,NaN,24.0,80.0,0.0,1.0,0.0,-3.620833333333333,1.0,0.0,1.0,1.0,1.0,0.0,0.0,0.0,0.0,0.0,4.0,1.0,0.0,0.0,0.0,1.0,0.0,NaN,NaN,NaN,-10.0,NaN,NaN,NaN
98.0,NaN,-3.0,0.0,98.0,NaN,0.0,0.0,36.44,NaN,0.0,0.0,85.5,NaN,-10.0,0.0,67.5,NaN,-7.0,0.0,60.5,NaN,-5.5,0.0,33.5,NaN,8.5,0.0,NaN,NaN,NaN,24.0,NaN,NaN,0.0,0.0,9.0,NaN,0.0,1.0,0.6,NaN,0.0,0.0,7.09,NaN,0.0,0.0,29.0,NaN,0.0,0.0,NaN,NaN,NaN,24.0,NaN,NaN,NaN,24.0,36.0,NaN,0.0,1.0,NaN,NaN,NaN,24.0,8.3,NaN,0.0,1.0,102.0,NaN,0.0,1.0,6.2,NaN,0.0,1.0,NaN,NaN,NaN,24.0,218.0,NaN,0.0,1.0,NaN,NaN,NaN,24.0,2.1,NaN,0.0,1.0,8.8,NaN,0.0,1.0,7.2,NaN,0.0,1.0,NaN,NaN,NaN,24.0,NaN,NaN,NaN,24.0,44.7,NaN,0.0,1.0,13.1,NaN,0.0,1.0,NaN,NaN,NaN,24.0,26.4,NaN,0.0,1.0,NaN,NaN,NaN,24.0,363.0,NaN,0.0,1.0,80.0,0.0,1.0,0.0,-3.620833333333333,2.0,0.0,1.0,1.0,1.0,2.0,0.0,0.0,1.0,0.0,0.0,1.0,0.0,0.0,0.0,1.0,0.0,NaN,NaN,NaN,-10.0,NaN,NaN,NaN
105.0,NaN,7.0,0.0,94.0,NaN,-4.0,0.0,36.44,NaN,0.0,1.0,112.0,NaN,26.5,0.0,83.0,NaN,15.5,0.0,74.0,NaN,13.5,0.0,30.0,NaN,-3.5,0.0,NaN,NaN,NaN,24.0,NaN,NaN,0.0,1.0,9.0,NaN,0.0,2.0,0.6,NaN,0.0,1.0,7.09,NaN,0.0,1.0,29.0,NaN,0.0,1.0,NaN,NaN,NaN,24.0,NaN,NaN,NaN,24.0,36.0,NaN,0.0,2.0,NaN,NaN,NaN,24.0,8.3,NaN,0.0,2.0,102.0,NaN,0.0,2.0,6.2,NaN,0.0,2.0,NaN,NaN,NaN,24.0,218.0,NaN,0.0,2.0,NaN,NaN,NaN,24.0,2.1,NaN,0.0,2.0,8.8,NaN,0.0,2.0,7.2,NaN,0.0,2.0,NaN,NaN,NaN,24.0,NaN,NaN,NaN,24.0,44.7,NaN,0.0,2.0,13.1,NaN,0.0,2.0,NaN,NaN,NaN,24.0,26.4,NaN,0.0,2.0,NaN,NaN,NaN,24.0,363.0,NaN,0.0,2.0,80.0,0.0,1.0,0.0,-3.620833333333333,3.0,0.0,1.0,1.0,1.0,0.0,0.0,0.0,0.0,0.0,0.0,1.0,0.0,0.0,0.0,1.0,0.0,NaN,NaN,NaN,-10.0,NaN,NaN,NaN
105.0,NaN,0.0,0.0,99.0,NaN,5.0,0.0,36.44,NaN,0.0,2.0,84.0,NaN,-28.0,0.0,69.0,NaN,-14.0,0.0,62.5,NaN,-11.5,0.0,36.5,NaN,6.5,0.0,NaN,NaN,NaN,24.0,NaN,NaN,0.0,2.0,9.0,NaN,0.0,3.0,0.6,NaN,0.0,0.0,7.09,NaN,0.0,2.0,29.0,NaN,0.0,2.0,NaN,NaN,NaN,24.0,NaN,NaN,NaN,24.0,36.0,NaN,0.0,3.0,NaN,NaN,NaN,24.0,8.3,NaN,0.0,3.0,102.0,NaN,0.0,3.0,6.2,NaN,0.0,3.0,NaN,NaN,NaN,24.0,218.0,NaN,0.0,3.0,NaN,NaN,NaN,24.0,2.1,NaN,0.0,3.0,8.8,NaN,0.0,3.0,7.2,NaN,0.0,3.0,NaN,NaN,NaN,24.0,NaN,NaN,NaN,24.0,44.7,NaN,0.0,3.0,13.1,NaN,0.0,3.0,NaN,NaN,NaN,24.0,26.4,NaN,0.0,3.0,NaN,NaN,NaN,24.0,363.0,NaN,0.0,3.0,80.0,0.0,1.0,0.0,-3.620833333333333,4.0,0.0,1.0,1.0,1.0,2.0,0.0,0.0,1.0,0.0,0.0,1.0,0.0,0.0,0.0,1.0,0.0,NaN,NaN,NaN,-10.0,NaN,NaN,NaN
111.0,NaN,6.0,0.0,99.0,NaN,0.0,0.0,36.44,NaN,0.0,3.0,91.5,NaN,7.5,0.0,72.5,NaN,3.5,0.0,66.5,NaN,4.0,0.0,37.0,NaN,0.5,0.0,NaN,NaN,NaN,24.0,NaN,NaN,0.0,3.0,9.0,NaN,0.0,4.0,0.6,NaN,0.0,1.0,7.09,NaN,0.0,3.0,29.0,NaN,0.0,3.0,NaN,NaN,NaN,24.0,NaN,NaN,NaN,24.0,36.0,NaN,0.0,4.0,NaN,NaN,NaN,24.0,8.3,NaN,0.0,4.0,102.0,NaN,0.0,4.0,6.2,NaN,0.0,4.0,NaN,NaN,NaN,24.0,218.0,NaN,0.0,4.0,NaN,NaN,NaN,24.0,2.1,NaN,0.0,4.0,8.8,NaN,0.0,4.0,7.2,NaN,0.0,4.0,NaN,NaN,NaN,24.0,NaN,NaN,NaN,24.0,44.7,NaN,0.0,4.0,13.1,NaN,0.0,4.0,NaN,NaN,NaN,24.0,26.4,NaN,0.0,4.0,NaN,NaN,NaN,24.0,363.0,NaN,0.0,4.0,80.0,0.0,1.0,0.0,-3.620833333333333,5.0,0.0,1.0,1.0,1.0,0.0,0.0,0.0,0.0,0.0,0.0,1.0,0.0,0.0,0.0,1.0,0.0,NaN,NaN,NaN,-10.0,NaN,NaN,NaN
108.0,NaN,-3.0,0.0,91.0,NaN,-8.0,0.0,36.44,NaN,0.0,4.0,82.5,NaN,-9.0,0.0,63.0,NaN,-9.5,0.0,54.5,NaN,-12.0,0.0,38.0,NaN,1.0,0.0,NaN,NaN,NaN,24.0,NaN,NaN,0.0,4.0,9.0,NaN,0.0,5.0,0.6,NaN,0.0,0.0,7.09,NaN,0.0,4.0,29.0,NaN,0.0,4.0,NaN,NaN,NaN,24.0,NaN,NaN,NaN,24.0,36.0,NaN,0.0,5.0,NaN,NaN,NaN,24.0,8.3,NaN,0.0,5.0,102.0,NaN,0.0,5.0,6.2,NaN,0.0,5.0,NaN,NaN,NaN,24.0,218.0,NaN,0.0,5.0,NaN,NaN,NaN,24.0,2.1,NaN,0.0,5.0,8.8,NaN,0.0,5.0,7.2,NaN,0.0,5.0,NaN,NaN,NaN,24.0,NaN,NaN,NaN,24.0,44.7,NaN,0.0,5.0,13.1,NaN,0.0,5.0,NaN,NaN,NaN,24.0,26.4,NaN,0.0,5.0,NaN,NaN,NaN,24.0,363.0,NaN,0.0,5.0,80.0,0.0,1.0,0.0,-3.620833333333333,6.0,0.0,1.0,1.0,1.0,2.0,0.0,0.0,1.0,0.0,0.0,1.0,0.0,0.0,0.0,1.0,0.0,NaN,NaN,NaN,-10.0,NaN,NaN,NaN
112.0,NaN,4.0,0.0,100.0,NaN,9.0,0.0,36.44,NaN,0.0,5.0,84.5,NaN,2.0,0.0,66.0,NaN,3.0,0.0,58.0,NaN,3.5,0.0,36.0,NaN,-2.0,0.0,NaN,NaN,NaN,24.0,NaN,NaN,0.0,5.0,9.0,NaN,0.0,6.0,0.6,NaN,0.0,1.0,7.09,NaN,0.0,5.0,29.0,NaN,0.0,5.0,NaN,NaN,NaN,24.0,NaN,NaN,NaN,24.0,36.0,NaN,0.0,6.0,NaN,NaN,NaN,24.0,8.3,NaN,0.0,6.0,102.0,NaN,0.0,6.0,6.2,NaN,0.0,6.0,NaN,NaN,NaN,24.0,218.0,NaN,0.0,6.0,NaN,NaN,NaN,24.0,2.1,NaN,0.0,6.0,8.8,NaN,0.0,6.0,7.2,NaN,0.0,6.0,NaN,NaN,NaN,24.0,NaN,NaN,NaN,24.0,44.7,NaN,0.0,6.0,13.1,NaN,0.0,6.0,NaN,NaN,NaN,24.0,26.4,NaN,0.0,6.0,NaN,NaN,NaN,24.0,363.0,NaN,0.0,6.0,80.0,0.0,1.0,0.0,-3.620833333333333,7.0,0.0,1.0,1.0,1.0,0.0,0.0,0.0,1.0,0.0,0.0,1.0,0.0,0.0,0.0,1.0,0.0,NaN,NaN,NaN,-10.0,NaN,NaN,NaN
114.0,NaN,2.0,0.0,100.0,NaN,0.0,0.0,36.44,NaN,0.0,6.0,89.5,NaN,5.0,0.0,61.0,NaN,-5.0,0.0,53.5,NaN,-4.5,0.0,38.0,NaN,2.0,0.0,NaN,NaN,NaN,24.0,NaN,NaN,0.0,6.0,9.0,NaN,0.0,7.0,0.6,NaN,0.0,2.0,7.09,NaN,0.0,6.0,29.0,NaN,0.0,6.0,NaN,NaN,NaN,24.0,NaN,NaN,NaN,24.0,36.0,NaN,0.0,7.0,NaN,NaN,NaN,24.0,8.3,NaN,0.0,7.0,102.0,NaN,0.0,7.0,6.2,NaN,0.0,7.0,NaN,NaN,NaN,24.0,218.0,NaN,0.0,7.0,NaN,NaN,NaN,24.0,2.1,NaN,0.0,7.0,8.8,NaN,0.0,7.0,7.2,NaN,0.0,7.0,NaN,NaN,NaN,24.0,NaN,NaN,NaN,24.0,44.7,NaN,0.0,7.0,13.1,NaN,0.0,7.0,NaN,NaN,NaN,24.0,26.4,NaN,0.0,7.0,NaN,NaN,NaN,24.0,363.0,NaN,0.0,7.0,80.0,0.0,1.0,0.0,-3.620833333333333,8.0,0.0,1.0,1.0,1.0,0.0,0.0,0.0,1.0,0.0,0.0,1.0,0.0,0.0,0.0,1.0,0.0,NaN,NaN,NaN,-10.0,NaN,NaN,NaN
95.5,NaN,-18.5,0.0,97.0,NaN,-3.0,0.0,36.44,NaN,0.0,7.0,40.5,NaN,-49.0,0.0,17.0,NaN,-44.0,0.0,27.0,NaN,-26.5,0.0,28.3333333333333,NaN,-9.6666666666667,0.0,NaN,NaN,NaN,24.0,NaN,NaN,0.0,7.0,9.0,NaN,0.0,8.0,0.6,NaN,0.0,3.0,7.09,NaN,0.0,7.0,29.0,NaN,0.0,7.0,NaN,NaN,NaN,24.0,NaN,NaN,NaN,24.0,36.0,NaN,0.0,8.0,NaN,NaN,NaN,24.0,8.3,NaN,0.0,8.0,102.0,NaN,0.0,8.0,6.2,NaN,0.0,8.0,NaN,NaN,NaN,24.0,218.0,NaN,0.0,8.0,NaN,NaN,NaN,24.0,2.1,NaN,0.0,8.0,8.8,NaN,0.0,8.0,7.2,NaN,0.0,8.0,NaN,NaN,NaN,24.0,NaN,NaN,NaN,24.0,44.7,NaN,0.0,8.0,13.1,NaN,0.0,8.0,NaN,NaN,NaN,24.0,26.4,NaN,0.0,8.0,NaN,NaN,NaN,24.0,363.0,NaN,0.0,8.0,80.0,0.0,1.0,0.0,-3.620833333333333,9.0,0.0,1.0,1.0,1.0,0.0,0.0,0.0,1.0,0.0,0.0,1.0,0.0,0.0,0.0,1.0,0.0,NaN,NaN,NaN,-10.0,NaN,NaN,NaN
95.5,NaN,-9.25,1.0,97.0,NaN,-1.5,1.0,36.44,NaN,0.0,8.0,40.5,NaN,-24.5,1.0,17.0,NaN,-22.0,1.0,27.0,NaN,-13.25,1.0,28.3333333333333,NaN,-4.83333333333335,1.0,NaN,NaN,NaN,24.0,NaN,NaN,0.0,8.0,9.0,NaN,0.0,9.0,0.6,NaN,0.0,4.0,7.09,NaN,0.0,8.0,29.0,NaN,0.0,8.0,NaN,NaN,NaN,24.0,NaN,NaN,NaN,24.0,36.0,NaN,0.0,9.0,NaN,NaN,NaN,24.0,8.3,NaN,0.0,9.0,102.0,NaN,0.0,9.0,6.2,NaN,0.0,9.0,NaN,NaN,NaN,24.0,218.0,NaN,0.0,9.0,NaN,NaN,NaN,24.0,2.1,NaN,0.0,9.0,8.8,NaN,0.0,9.0,7.2,NaN,0.0,9.0,NaN,NaN,NaN,24.0,NaN,NaN,NaN,24.0,44.7,NaN,0.0,9.0,13.1,NaN,0.0,9.0,NaN,NaN,NaN,24.0,26.4,NaN,0.0,9.0,NaN,NaN,NaN,24.0,363.0,NaN,0.0,9.0,80.0,0.0,1.0,0.0,-3.620833333333333,10.0,0.0,1.0,1.0,1.0,0.0,0.0,0.0,0.0,0.0,0.0,1.0,0.0,0.0,0.0,1.0,0.0,NaN,NaN,NaN,-10.0,NaN,NaN,NaN
95.5,NaN,-6.166666666666667,2.0,97.0,NaN,-1.0,2.0,36.44,NaN,0.0,9.0,40.5,NaN,-16.333333333333332,2.0,17.0,NaN,-14.666666666666666,2.0,27.0,NaN,-8.833333333333334,2.0,28.3333333333333,NaN,-3.2222222222222334,2.0,NaN,NaN,NaN,24.0,NaN,NaN,0.0,9.0,9.0,NaN,0.0,10.0,0.6,NaN,0.0,5.0,7.09,NaN,0.0,9.0,29.0,NaN,0.0,9.0,NaN,NaN,NaN,24.0,NaN,NaN,NaN,24.0,36.0,NaN,0.0,10.0,NaN,NaN,NaN,24.0,8.3,NaN,0.0,10.0,102.0,NaN,0.0,10.0,6.2,NaN,0.0,10.0,NaN,NaN,NaN,24.0,218.0,NaN,0.0,10.0,NaN,NaN,NaN,24.0,2.1,NaN,0.0,10.0,8.8,NaN,0.0,10.0,7.2,NaN,0.0,10.0,NaN,NaN,NaN,24.0,NaN,NaN,NaN,24.0,44.7,NaN,0.0,10.0,13.1,NaN,0.0,10.0,NaN,NaN,NaN,24.0,26.4,NaN,0.0,10.0,NaN,NaN,NaN,24.0,363.0,NaN,0.0,10.0,80.0,0.0,1.0,0.0,-3.620833333333333,11.0,0.0,1.0,1.0,1.0,0.0,0.0,0.0,0.0,0.0,0.0,1.0,0.0,0.0,0.0,1.0,0.0,NaN,NaN,NaN,-10.0,NaN,NaN,NaN
