101.0,NaN,NaN,24.0,100.0,NaN,NaN,24.0,NaN,NaN,NaN,24.0,119.0,NaN,NaN,24.0,76.0,NaN,NaN,24.0,63.0,NaN,NaN,24.0,16.0,NaN,NaN,24.0,NaN,NaN,NaN,24.0,NaN,NaN,NaN,24.0,23.0,NaN,NaN,24.0,NaN,NaN,NaN,24.0,NaN,NaN,NaN,24.0,NaN,NaN,NaN,24.0,NaN,NaN,NaN,24.0,NaN,NaN,NaN,24.0,21.0,NaN,NaN,24.0,NaN,NaN,NaN,24.0,8.0,NaN,NaN,24.0,121.0,NaN,NaN,24.0,1.3,NaN,NaN,24.0,NaN,NaN,NaN,24.0,187.0,NaN,NaN,24.0,NaN,NaN,NaN,24.0,1.9,NaN,NaN,24.0,2.7,NaN,NaN,24.0,3.8,NaN,NaN,24.0,NaN,NaN,NaN,24.0,NaN,NaN,NaN,24.0,NaN,NaN,NaN,24.0,NaN,NaN,NaN,24.0,NaN,NaN,NaN,24.0,NaN,NaN,NaN,24.0,NaN,NaN,NaN,24.0,NaN,NaN,NaN,24.0,31.0,0.0,1.0,0.0,-35.44833333333333,1.0,0.0,0.0,1.0,0.0,0.0,0.0,0.0,0.0,0.0,1.0,1.0,0.0,1.0,1.0,0.0,0.0,-2.0,5.0,5.0,5.0,NaN,NaN,NaN
101.0,NaN,0.0,0.0,99.0,NaN,-1.0,0.0,NaN,NaN,NaN,24.0,119.0,NaN,0.0,0.0,71.0,NaN,-5.0,0.0,59.0,NaN,-4.0,0.0,19.0,NaN,3.0,0.0,NaN,NaN,NaN,24.0,NaN,NaN,NaN,24.0,23.0,NaN,0.0,1.0,NaN,NaN,NaN,24.0,NaN,NaN,NaN,24.0,NaN,NaN,NaN,24.0,NaN,NaN,NaN,24.0,NaN,NaN,NaN,24.0,21.0,NaN,0.0,1.0,NaN,NaN,NaN,24.0,8.0,NaN,0.0,1.0,121.0,NaN,0.0,1.0,1.3,NaN,0.0,1.0,NaN,NaN,NaN,24.0,187.0,NaN,0.0,1.0,NaN,NaN,NaN,24.0,1.9,NaN,0.0,1.0,2.7,NaN,0.0,1.0,3.8,NaN,0.0,1.0,NaN,NaN,NaN,24.0,NaN,NaN,NaN,24.0,NaN,NaN,NaN,24.0,NaN,NaN,NaN,24.0,NaN,NaN,NaN,24.0,NaN,NaN,NaN,24.0,NaN,NaN,NaN,24.0,NaN,NaN,NaN,24.0,31.0,0.0,1.0,0.0,-35.44833333333333,2.0,0.0,0.0,1.0,0.0,0.0,0.0,0.0,0.0,0.0,0.0,1.0,1.0,1.0,1.0,0.0,0.0,-2.0,5.0,5.0,5.0,NaN,NaN,NaN
108.0,NaN,7.0,0.0,100.0,NaN,1.0,0.0,NaN,NaN,NaN,24.0,137.0,NaN,18.0,0.0,92.0,NaN,21.0,0.0,78.0,NaN,19.0,0.0,12.0,NaN,-7.0,0.0,NaN,NaN,NaN,24.0,NaN,NaN,NaN,24.0,23.0,NaN,0.0,2.0,NaN,NaN,NaN,24.0,NaN,NaN,NaN,24.0,NaN,NaN,NaN,24.0,NaN,NaN,NaN,24.0,NaN,NaN,NaN,24.0,21.0,NaN,0.0,2.0,NaN,NaN,NaN,24.0,8.0,NaN,0.0,2.0,121.0,NaN,0.0,2.0,1.3,NaN,0.0,2.0,NaN,NaN,NaN,24.0,187.0,NaN,0.0,2.0,NaN,NaN,NaN,24.0,1.9,NaN,0.0,2.0,2.7,NaN,0.0,2.0,3.8,NaN,0.0,2.0,NaN,NaN,NaN,24.0,NaN,NaN,NaN,24.0,NaN,NaN,NaN,24.0,NaN,NaN,NaN,24.0,NaN,NaN,NaN,24.0,NaN,NaN,NaN,24.0,NaN,NaN,NaN,24.0,NaN,NaN,NaN,24.0,31.0,0.0,1.0,0.0,-35.44833333333333,3.0,0.0,0.0,1.0,0.0,0.0,0.0,0.0,0.0,0.0,0.0,1.0,1.0,1.0,1.0,0.0,0.0,-2.0,5.0,5.0,5.0,NaN,NaN,NaN
115.0,NaN,7.0,0.0,96.0,NaN,-4.0,0.0,NaN,NaN,NaN,24.0,151.0,NaN,14.0,0.0,101.0,NaN,9.0,0.0,85.0,NaN,7.0,0.0,8.0,NaN,-4.0,0.0,NaN,NaN,NaN,24.0,NaN,NaN,NaN,24.0,21.0,NaN,-0.6666666666666666,0.0,NaN,NaN,NaN,24.0,NaN,NaN,NaN,24.0,NaN,NaN,NaN,24.0,NaN,NaN,NaN,24.0,NaN,NaN,NaN,24.0,18.0,NaN,-1.0,0.0,NaN,NaN,NaN,24.0,8.7,NaN,0.2333333333333331,0.0,119.0,NaN,-0.6666666666666666,0.0,1.2,NaN,-0.03333333333333336,0.0,NaN,NaN,NaN,24.0,149.0,NaN,-12.666666666666666,0.0,NaN,NaN,NaN,24.0,2.0,NaN,0.03333333333333336,0.0,2.6,NaN,-0.03333333333333336,0.0,3.8,NaN,0.0,0.0,NaN,NaN,NaN,24.0,NaN,NaN,NaN,24.0,28.7,NaN,0.0,0.0,NaN,NaN,NaN,24.0,NaN,NaN,NaN,24.0,NaN,NaN,NaN,24.0,NaN,NaN,NaN,24.0,NaN,NaN,NaN,24.0,31.0,0.0,1.0,0.0,-35.44833333333333,4.0,0.0,0.0,1.0,0.0,0.0,0.0,0.0,0.0,0.0,1.0,1.0,1.0,1.0,1.0,0.0,0.0,-2.0,5.0,5.0,5.0,NaN,NaN,NaN
115.0,NaN,0.0,0.0,98.0,NaN,2.0,0.0,NaN,NaN,NaN,24.0,146.0,NaN,-5.0,0.0,97.0,NaN,-4.0,0.0,82.0,NaN,-3.0,0.0,16.0,NaN,8.0,0.0,NaN,NaN,NaN,24.0,NaN,NaN,NaN,24.0,21.0,NaN,-0.5,1.0,NaN,NaN,NaN,24.0,NaN,NaN,NaN,24.0,NaN,NaN,NaN,24.0,NaN,NaN,NaN,24.0,NaN,NaN,NaN,24.0,18.0,NaN,-0.75,1.0,NaN,NaN,NaN,24.0,8.7,NaN,0.17499999999999982,1.0,119.0,NaN,-0.5,1.0,1.2,NaN,-0.025000000000000022,1.0,NaN,NaN,NaN,24.0,149.0,NaN,-9.5,1.0,NaN,NaN,NaN,24.0,2.0,NaN,0.025000000000000022,1.0,2.6,NaN,-0.025000000000000022,1.0,3.8,NaN,0.0,1.0,NaN,NaN,NaN,24.0,NaN,NaN,NaN,24.0,28.7,NaN,0.0,1.0,NaN,NaN,NaN,24.0,NaN,NaN,NaN,24.0,NaN,NaN,NaN,24.0,NaN,NaN,NaN,24.0,NaN,NaN,NaN,24.0,31.0,0.0,1.0,0.0,-35.44833333333333,5.0,0.0,0.0,1.0,0.0,0.0,0.0,0.0,0.0,0.0,0.0,1.0,1.0,1.0,1.0,0.0,0.0,-2.0,5.0,5.0,5.0,NaN,NaN,NaN
122.0,NaN,7.0,0.0,100.0,NaN,2.0,0.0,37.28,NaN,0.0,0.0,153.0,NaN,7.0,0.0,99.0,NaN,2.0,0.0,82.0,NaN,0.0,0.0,13.0,NaN,-3.0,0.0,NaN,NaN,NaN,24.0,NaN,NaN,NaN,24.0,21.0,NaN,-0.4,2.0,NaN,NaN,NaN,24.0,NaN,NaN,NaN,24.0,NaN,NaN,NaN,24.0,NaN,NaN,NaN,24.0,NaN,NaN,NaN,24.0,18.0,NaN,-0.6,2.0,NaN,NaN,NaN,24.0,8.7,NaN,0.13999999999999985,2.0,119.0,NaN,-0.4,2.0,1.2,NaN,-0.020000000000000018,2.0,NaN,NaN,NaN,24.0,149.0,NaN,-7.6,2.0,NaN,NaN,NaN,24.0,2.0,NaN,0.020000000000000018,2.0,2.6,NaN,-0.020000000000000018,2.0,3.8,NaN,0.0,2.0,NaN,NaN,NaN,24.0,NaN,NaN,NaN,24.0,28.7,NaN,0.0,2.0,NaN,NaN,NaN,24.0,NaN,NaN,NaN,24.0,NaN,NaN,NaN,24.0,NaN,NaN,NaN,24.0,NaN,NaN,NaN,24.0,31.0,0.0,1.0,0.0,-35.44833333333333,6.0,0.0,0.0,1.0,0.0,0.0,0.0,0.0,0.0,0.0,0.0,1.0,1.0,1.0,1.0,0.0,0.0,-2.0,5.0,5.0,5.0,NaN,NaN,NaN
120.0,NaN,-2.0,0.0,100.0,NaN,0.0,0.0,37.28,NaN,0.0,1.0,169.0,NaN,16.0,0.0,115.0,NaN,16.0,0.0,97.0,NaN,15.0,0.0,14.0,NaN,1.0,0.0,NaN,NaN,NaN,24.0,NaN,NaN,NaN,24.0,21.0,NaN,-0.3333333333333333,3.0,NaN,NaN,NaN,24.0,NaN,NaN,NaN,24.0,NaN,NaN,NaN,24.0,NaN,NaN,NaN,24.0,NaN,NaN,NaN,24.0,18.0,NaN,-0.5,3.0,NaN,NaN,NaN,24.0,8.7,NaN,0.11666666666666654,3.0,119.0,NaN,-0.3333333333333333,3.0,1.2,NaN,-0.01666666666666668,3.0,NaN,NaN,NaN,24.0,149.0,NaN,-6.333333333333333,3.0,NaN,NaN,NaN,24.0,2.0,NaN,0.01666666666666668,3.0,2.6,NaN,-0.01666666666666668,3.0,3.8,NaN,0.0,3.0,NaN,NaN,NaN,24.0,NaN,NaN,NaN,24.0,28.7,NaN,0.0,3.0,NaN,NaN,NaN,24.0,NaN,NaN,NaN,24.0,NaN,NaN,NaN,24.0,NaN,NaN,NaN,24.0,NaN,NaN,NaN,24.0,31.0,0.0,1.0,0.0,-35.44833333333333,7.0,0.0,0.0,1.0,0.0,0.0,0.0,0.0,0.0,0.0,0.0,1.0,1.0,1.0,1.0,0.0,0.0,-2.0,5.0,5.0,5.0,NaN,NaN,NaN
124.0,NaN,4.0,0.0,100.0,NaN,0.0,0.0,37.28,NaN,0.0,2.0,178.0,NaN,9.0,0.0,112.0,NaN,-3.0,0.0,90.0,NaN,-7.0,0.0,25.0,NaN,11.0,0.0,NaN,NaN,NaN,24.0,NaN,NaN,NaN,24.0,21.0,NaN,-0.2857142857142857,4.0,NaN,NaN,NaN,24.0,NaN,NaN,NaN,24.0,NaN,NaN,NaN,24.0,NaN,NaN,NaN,24.0,NaN,NaN,NaN,24.0,18.0,NaN,-0.42857142857142855,4.0,NaN,NaN,NaN,24.0,8.7,NaN,0.0999999999999999,4.0,119.0,NaN,-0.2857142857142857,4.0,1.2,NaN,-0.0142857142857143,4.0,NaN,NaN,NaN,24.0,149.0,NaN,-5.428571428571429,4.0,NaN,NaN,NaN,24.0,2.0,NaN,0.0142857142857143,4.0,2.6,NaN,-0.0142857142857143,4.0,3.8,NaN,0.0,4.0,NaN,NaN,NaN,24.0,NaN,NaN,NaN,24.0,28.7,NaN,0.0,4.0,NaN,NaN,NaN,24.0,NaN,NaN,NaN,24.0,NaN,NaN,NaN,24.0,NaN,NaN,NaN,24.0,NaN,NaN,NaN,24.0,31.0,0.0,1.0,0.0,-35.44833333333333,8.0,0.0,1.0,1.0,0.0,0.0,0.0,0.0,0.0,0.0,0.0,1.0,1.0,1.0,1.0,0.0,0.0,-2.0,5.0,5.0,5.0,NaN,NaN,NaN
113.0,NaN,-11.0,0.0,97.0,NaN,-3.0,0.0,37.28,NaN,0.0,3.0,148.0,NaN,-30.0,0.0,108.0,NaN,-4.0,0.0,96.0,NaN,6.0,0.0,16.0,NaN,-9.0,0.0,NaN,NaN,NaN,24.0,NaN,NaN,NaN,24.0,21.0,NaN,-0.25,5.0,NaN,NaN,NaN,24.0,NaN,NaN,NaN,24.0,NaN,NaN,NaN,24.0,NaN,NaN,NaN,24.0,NaN,NaN,NaN,24.0,18.0,NaN,-0.375,5.0,NaN,NaN,NaN,24.0,8.7,NaN,0.08749999999999991,5.0,119.0,NaN,-0.25,5.0,1.2,NaN,-0.012500000000000011,5.0,NaN,NaN,NaN,24.0,149.0,NaN,-4.75,5.0,NaN,NaN,NaN,24.0,2.0,NaN,0.012500000000000011,5.0,2.6,NaN,-0.012500000000000011,5.0,3.8,NaN,0.0,5.0,NaN,NaN,NaN,24.0,NaN,NaN,NaN,24.0,28.7,NaN,0.0,5.0,NaN,NaN,NaN,24.0,NaN,NaN,NaN,24.0,NaN,NaN,NaN,24.0,NaN,NaN,NaN,24.0,NaN,NaN,NaN,24.0,31.0,0.0,1.0,0.0,-35.44833333333333,9.0,0.0,0.0,1.0,0.0,0.0,0.0,0.0,0.0,0.0,0.0,1.0,1.0,1.0,1.0,0.0,0.0,-2.0,5.0,5.0,5.0,NaN,NaN,NaN
