NaN,NaN,NaN,24.0,NaN,NaN,NaN,24.0,NaN,NaN,NaN,24.0,NaN,NaN,NaN,24.0,NaN,NaN,NaN,24.0,NaN,NaN,NaN,24.0,NaN,NaN,NaN,24.0,NaN,NaN,NaN,24.0,0.0,NaN,NaN,24.0,NaN,NaN,NaN,24.0,NaN,NaN,NaN,24.0,7.38,NaN,NaN,24.0,41.0,NaN,NaN,24.0,NaN,NaN,NaN,24.0,NaN,NaN,NaN,24.0,NaN,NaN,NaN,24.0,NaN,NaN,NaN,24.0,NaN,NaN,NaN,24.0,NaN,NaN,NaN,24.0,NaN,NaN,NaN,24.0,NaN,NaN,NaN,24.0,107.0,NaN,NaN,24.0,1.4,NaN,NaN,24.0,NaN,NaN,NaN,24.0,NaN,NaN,NaN,24.0,3.0,NaN,NaN,24.0,NaN,NaN,NaN,24.0,NaN,NaN,NaN,24.0,29.0,NaN,NaN,24.0,9.5,NaN,NaN,24.0,NaN,NaN,NaN,24.0,NaN,NaN,NaN,24.0,NaN,NaN,NaN,24.0,NaN,NaN,NaN,24.0,82.0,1.0,1.0,0.0,-13.735,1.0,0.0,0.0,0.0,0.0,0.0,0.0,0.0,0.0,0.0,0.0,1.0,0.0,1.0,1.0,1.0,0.0,NaN,10.0,10.0,3.0,NaN,NaN,NaN
67.75,NaN,0.0,0.0,99.75,NaN,0.0,0.0,36.39,NaN,0.0,0.0,75.5,NaN,0.0,0.0,53.1666666666667,NaN,0.0,0.0,43.0,NaN,0.0,0.0,19.75,NaN,0.0,0.0,NaN,NaN,NaN,24.0,1.0,NaN,1.0,0.0,24.0,NaN,0.0,0.0,0.5,NaN,0.0,0.0,7.4,NaN,0.020000000000000462,0.0,43.0,NaN,2.0,0.0,NaN,NaN,NaN,24.0,18.0,NaN,0.0,0.0,11.0,NaN,0.0,0.0,106.0,NaN,0.0,0.0,7.7,NaN,0.0,0.0,99.0,NaN,0.0,0.0,0.5,NaN,0.0,0.0,NaN,NaN,NaN,24.0,139.0,NaN,32.0,0.0,1.4,NaN,0.0,1.0,1.6,NaN,0.0,0.0,3.7,NaN,0.0,0.0,3.3,NaN,0.2999999999999998,0.0,0.8,NaN,0.0,0.0,0.01,NaN,0.0,0.0,26.2,NaN,-2.8000000000000007,0.0,8.2,NaN,-1.3000000000000007,0.0,44.3,NaN,0.0,0.0,5.1,NaN,0.0,0.0,232.0,NaN,0.0,0.0,252.0,NaN,0.0,0.0,82.0,1.0,1.0,0.0,-13.735,2.0,0.0,0.0,0.0,0.0,2.0,0.0,0.0,1.0,0.0,0.0,1.0,0.0,1.0,1.0,1.0,0.0,NaN,10.0,10.0,3.0,NaN,NaN,NaN
66.0,NaN,-1.75,0.0,100.0,NaN,0.25,0.0,36.39,NaN,0.0,1.0,84.0,NaN,8.5,0.0,48.0,NaN,-5.1666666666667,0.0,46.0,NaN,3.0,0.0,18.0,NaN,-1.75,0.0,NaN,NaN,NaN,24.0,1.0,NaN,0.5,1.0,24.0,NaN,0.0,1.0,0.5,NaN,0.0,1.0,7.4,NaN,0.010000000000000231,1.0,43.0,NaN,1.0,1.0,NaN,NaN,NaN,24.0,18.0,NaN,0.0,1.0,11.0,NaN,0.0,1.0,106.0,NaN,0.0,1.0,7.7,NaN,0.0,1.0,99.0,NaN,0.0,1.0,0.5,NaN,0.0,1.0,NaN,NaN,NaN,24.0,139.0,NaN,16.0,1.0,1.4,NaN,0.0,2.0,1.6,NaN,0.0,1.0,3.7,NaN,0.0,1.0,3.3,NaN,0.1499999999999999,1.0,0.8,NaN,0.0,1.0,0.01,NaN,0.0,1.0,26.2,NaN,-1.4000000000000004,1.0,8.2,NaN,-0.6500000000000004,1.0,44.3,NaN,0.0,1.0,5.1,NaN,0.0,1.0,232.0,NaN,0.0,1.0,252.0,NaN,0.0,1.0,82.0,1.0,1.0,0.0,-13.735,3.0,0.0,0.0,0.0,0.0,0.0,0.0,0.0,1.0,0.0,0.0,1.0,0.0,1.0,1.0,1.0,0.0,NaN,10.0,10.0,3.0,NaN,NaN,NaN
82.0,NaN,16.0,0.0,100.0,NaN,0.0,0.0,36.39,NaN,0.0,2.0,84.0,NaN,4.25,1.0,51.0,NaN,3.0,0.0,46.0,NaN,1.5,1.0,19.5,NaN,1.5,0.0,NaN,NaN,NaN,24.0,1.0,NaN,0.3333333333333333,2.0,24.0,NaN,0.0,2.0,0.5,NaN,0.0,0.0,7.4,NaN,0.006666666666666821,2.0,43.0,NaN,0.6666666666666666,2.0,NaN,NaN,NaN,24.0,18.0,NaN,0.0,2.0,11.0,NaN,0.0,2.0,106.0,NaN,0.0,2.0,7.7,NaN,0.0,2.0,99.0,NaN,0.0,2.0,0.5,NaN,0.0,2.0,NaN,NaN,NaN,24.0,139.0,NaN,10.666666666666666,2.0,1.4,NaN,0.0,3.0,1.6,NaN,0.0,2.0,3.7,NaN,0.0,2.0,3.3,NaN,0.09999999999999994,2.0,0.8,NaN,0.0,2.0,0.01,NaN,0.0,2.0,26.2,NaN,-0.9333333333333336,2.0,8.2,NaN,-0.43333333333333357,2.0,44.3,NaN,0.0,2.0,5.1,NaN,0.0,2.0,232.0,NaN,0.0,2.0,252.0,NaN,0.0,2.0,82.0,1.0,1.0,0.0,-13.735,4.0,0.0,0.0,0.0,0.0,2.0,0.0,0.0,1.0,0.0,0.0,1.0,0.0,1.0,1.0,1.0,0.0,NaN,10.0,10.0,3.0,NaN,NaN,NaN
86.0,NaN,4.0,0.0,96.0,NaN,-4.0,0.0,36.39,NaN,0.0,3.0,84.0,NaN,2.8333333333333335,2.0,60.0,NaN,9.0,0.0,46.0,NaN,1.0,2.0,22.0,NaN,2.5,0.0,NaN,NaN,NaN,24.0,1.0,NaN,0.25,3.0,24.0,NaN,0.0,3.0,0.5,NaN,0.0,1.0,7.4,NaN,0.0050000000000001155,3.0,43.0,NaN,0.5,3.0,NaN,NaN,NaN,24.0,18.0,NaN,0.0,3.0,11.0,NaN,0.0,3.0,106.0,NaN,0.0,3.0,7.7,NaN,0.0,3.0,99.0,NaN,0.0,3.0,0.5,NaN,0.0,3.0,NaN,NaN,NaN,24.0,139.0,NaN,8.0,3.0,1.4,NaN,0.0,4.0,1.6,NaN,0.0,3.0,3.7,NaN,0.0,3.0,3.3,NaN,0.07499999999999996,3.0,0.8,NaN,0.0,3.0,0.01,NaN,0.0,3.0,26.2,NaN,-0.7000000000000002,3.0,8.2,NaN,-0.3250000000000002,3.0,44.3,NaN,0.0,3.0,5.1,NaN,0.0,3.0,232.0,NaN,0.0,3.0,252.0,NaN,0.0,3.0,82.0,1.0,1.0,0.0,-13.735,5.0,0.0,1.0,0.0,0.0,0.0,0.0,0.0,1.0,0.0,0.0,1.0,0.0,1.0,1.0,1.0,0.0,NaN,10.0,10.0,3.0,NaN,NaN,NaN
102.0,NaN,16.0,0.0,100.0,NaN,4.0,0.0,36.39,NaN,0.0,4.0,84.0,NaN,2.125,3.0,63.0,NaN,3.0,0.0,46.0,NaN,0.75,3.0,22.0,NaN,0.0,0.0,NaN,NaN,NaN,24.0,1.0,NaN,0.2,4.0,24.0,NaN,0.0,4.0,0.5,NaN,0.0,2.0,7.4,NaN,0.004000000000000092,4.0,43.0,NaN,0.4,4.0,NaN,NaN,NaN,24.0,18.0,NaN,0.0,4.0,11.0,NaN,0.0,4.0,106.0,NaN,0.0,4.0,7.7,NaN,0.0,4.0,99.0,NaN,0.0,4.0,0.5,NaN,0.0,4.0,NaN,NaN,NaN,24.0,139.0,NaN,6.4,4.0,1.4,NaN,0.0,5.0,1.6,NaN,0.0,4.0,3.7,NaN,0.0,4.0,3.3,NaN,0.05999999999999996,4.0,0.8,NaN,0.0,4.0,0.01,NaN,0.0,4.0,28.6,NaN,0.6000000000000005,0.0,8.9,NaN,0.17500000000000027,0.0,44.3,NaN,0.0,4.0,11.1,NaN,1.5,0.0,232.0,NaN,0.0,4.0,286.0,NaN,8.5,0.0,82.0,1.0,1.0,0.0,-13.735,6.0,0.0,1.0,1.0,0.0,0.0,0.0,0.0,1.0,0.0,0.0,1.0,0.0,1.0,1.0,1.0,0.0,NaN,10.0,10.0,3.0,NaN,NaN,NaN
90.0,NaN,-12.0,0.0,100.0,NaN,0.0,0.0,36.39,NaN,0.0,5.0,84.0,NaN,1.7,4.0,54.0,NaN,-9.0,0.0,46.0,NaN,0.6,4.0,22.0,NaN,0.0,0.0,NaN,NaN,NaN,24.0,1.0,NaN,0.16666666666666666,5.0,24.0,NaN,0.0,5.0,0.5,NaN,0.0,0.0,7.4,NaN,0.0033333333333334103,5.0,43.0,NaN,0.3333333333333333,5.0,NaN,NaN,NaN,24.0,18.0,NaN,0.0,5.0,11.0,NaN,0.0,5.0,106.0,NaN,0.0,5.0,7.7,NaN,0.0,5.0,99.0,NaN,0.0,5.0,0.5,NaN,0.0,5.0,NaN,NaN,NaN,24.0,139.0,NaN,5.333333333333333,5.0,1.4,NaN,0.0,6.0,1.6,NaN,0.0,5.0,3.7,NaN,0.0,5.0,3.3,NaN,0.04999999999999997,5.0,0.8,NaN,0.0,5.0,0.01,NaN,0.0,5.0,28.6,NaN,0.4800000000000004,1.0,8.9,NaN,0.1400000000000002,1.0,44.3,NaN,0.0,5.0,11.1,NaN,1.2,1.0,232.0,NaN,0.0,5.0,286.0,NaN,6.8,1.0,82.0,1.0,1.0,0.0,-13.735,7.0,0.0,1.0,0.0,0.0,2.0,0.0,0.0,1.0,0.0,0.0,1.0,1.0,1.0,1.0,1.0,0.0,NaN,10.0,10.0,3.0,NaN,NaN,NaN
104.0,NaN,14.0,0.0,100.0,NaN,0.0,0.0,36.67,NaN,0.046666666666666856,0.0,84.0,NaN,1.4166666666666667,5.0,62.0,NaN,8.0,0.0,46.0,NaN,0.5,5.0,15.0,NaN,-7.0,0.0,NaN,NaN,NaN,24.0,2.0,NaN,0.16666666666666666,0.0,24.0,NaN,0.0,6.0,0.5,NaN,0.0,1.0,7.46,NaN,0.009999999999999934,0.0,36.0,NaN,-1.1666666666666667,0.0,NaN,NaN,NaN,24.0,18.0,NaN,0.0,6.0,11.0,NaN,0.0,6.0,106.0,NaN,0.0,6.0,7.7,NaN,0.0,6.0,99.0,NaN,0.0,6.0,0.5,NaN,0.0,6.0,NaN,NaN,NaN,24.0,139.0,NaN,4.571428571428571,6.0,2.4,NaN,0.14285714285714285,0.0,1.6,NaN,0.0,6.0,3.7,NaN,0.0,6.0,3.3,NaN,0.04285714285714283,6.0,0.8,NaN,0.0,6.0,0.01,NaN,0.0,6.0,28.6,NaN,0.40000000000000036,2.0,8.9,NaN,0.11666666666666685,2.0,44.3,NaN,0.0,6.0,11.1,NaN,1.0,2.0,232.0,NaN,0.0,6.0,286.0,NaN,5.666666666666667,2.0,82.0,1.0,1.0,0.0,-13.735,8.0,0.0,0.0,1.0,0.0,0.0,0.0,0.0,1.0,1.0,0.0,1.0,1.0,1.0,1.0,1.0,0.0,NaN,10.0,10.0,3.0,NaN,NaN,NaN
108.0,NaN,4.0,0.0,99.0,NaN,-1.0,0.0,36.67,NaN,0.04000000000000016,1.0,84.0,NaN,1.2142857142857142,6.0,69.0,NaN,7.0,0.0,46.0,NaN,0.42857142857142855,6.0,22.0,NaN,7.0,0.0,NaN,NaN,NaN,24.0,2.0,NaN,0.14285714285714285,1.0,24.0,NaN,0.0,7.0,0.5,NaN,0.0,2.0,7.46,NaN,0.008571428571428516,1.0,36.0,NaN,-1.0,1.0,NaN,NaN,NaN,24.0,18.0,NaN,0.0,7.0,11.0,NaN,0.0,7.0,106.0,NaN,0.0,7.0,7.7,NaN,0.0,7.0,99.0,NaN,0.0,7.0,0.5,NaN,0.0,7.0,NaN,NaN,NaN,24.0,139.0,NaN,4.0,7.0,2.4,NaN,0.125,1.0,1.6,NaN,0.0,7.0,3.7,NaN,0.0,7.0,3.3,NaN,0.03749999999999998,7.0,0.8,NaN,0.0,7.0,0.01,NaN,0.0,7.0,28.6,NaN,0.34285714285714314,3.0,8.9,NaN,0.10000000000000016,3.0,44.3,NaN,0.0,7.0,11.1,NaN,0.8571428571428571,3.0,232.0,NaN,0.0,7.0,286.0,NaN,4.857142857142857,3.0,82.0,1.0,1.0,0.0,-13.735,9.0,0.0,1.0,1.0,0.0,0.0,0.0,0.0,0.0,0.0,0.0,1.0,1.0,1.0,1.0,1.0,0.0,NaN,10.0,10.0,3.0,NaN,NaN,NaN
126.0,NaN,18.0,0.0,100.0,NaN,1.0,0.0,36.67,NaN,0.03500000000000014,2.0,79.0,NaN,-0.7142857142857143,0.0,67.0,NaN,-2.0,0.0,54.0,NaN,1.1428571428571428,0.0,17.0,NaN,-5.0,0.0,NaN,NaN,NaN,24.0,2.0,NaN,0.125,2.0,24.0,NaN,0.0,8.0,0.5,NaN,0.0,3.0,7.46,NaN,0.007499999999999951,2.0,36.0,NaN,-0.875,2.0,NaN,NaN,NaN,24.0,18.0,NaN,0.0,8.0,11.0,NaN,0.0,8.0,106.0,NaN,0.0,8.0,7.7,NaN,0.0,8.0,99.0,NaN,0.0,8.0,0.5,NaN,0.0,8.0,NaN,NaN,NaN,24.0,139.0,NaN,3.5555555555555554,8.0,2.4,NaN,0.1111111111111111,2.0,1.6,NaN,0.0,8.0,3.7,NaN,0.0,8.0,3.3,NaN,0.03333333333333331,8.0,0.8,NaN,0.0,8.0,0.01,NaN,0.0,8.0,28.6,NaN,0.30000000000000027,4.0,8.9,NaN,0.08750000000000013,4.0,44.3,NaN,0.0,8.0,11.1,NaN,0.75,4.0,232.0,NaN,0.0,8.0,286.0,NaN,4.25,4.0,82.0,1.0,1.0,0.0,-13.735,10.0,0.0,0.0,1.0,0.0,0.0,0.0,0.0,1.0,0.0,0.0,1.0,1.0,1.0,1.0,1.0,0.0,NaN,10.0,10.0,3.0,NaN,NaN,NaN
121.0,NaN,-5.0,0.0,100.0,NaN,0.0,0.0,36.67,NaN,0.03111111111111124,3.0,87.0,NaN,8.0,0.0,70.0,NaN,3.0,0.0,57.0,NaN,3.0,0.0,18.0,NaN,1.0,0.0,NaN,NaN,NaN,24.0,2.0,NaN,0.1111111111111111,3.0,24.0,NaN,0.0,9.0,0.5,NaN,0.0,0.0,7.46,NaN,0.006666666666666623,3.0,36.0,NaN,-0.7777777777777778,3.0,NaN,NaN,NaN,24.0,18.0,NaN,0.0,9.0,11.0,NaN,0.0,9.0,106.0,NaN,0.0,9.0,7.7,NaN,0.0,9.0,99.0,NaN,0.0,9.0,0.5,NaN,0.0,9.0,NaN,NaN,NaN,24.0,139.0,NaN,3.2,9.0,2.4,NaN,0.1,3.0,1.6,NaN,0.0,9.0,3.7,NaN,0.0,9.0,3.3,NaN,0.02999999999999998,9.0,0.8,NaN,0.0,9.0,0.01,NaN,0.0,9.0,28.6,NaN,0.2666666666666669,5.0,8.9,NaN,0.07777777777777789,5.0,44.3,NaN,0.0,9.0,11.1,NaN,0.6666666666666666,5.0,232.0,NaN,0.0,9.0,286.0,NaN,3.7777777777777777,5.0,82.0,1.0,1.0,0.0,-13.735,11.0,0.0,0.0,1.0,0.0,2.0,0.0,0.0,1.0,0.0,0.0,1.0,1.0,1.0,1.0,1.0,0.0,NaN,10.0,10.0,3.0,NaN,NaN,NaN
117.0,NaN,-4.0,0.0,100.0,NaN,0.0,0.0,37.22,NaN,0.1374999999999993,0.0,78.0,NaN,-9.0,0.0,64.0,NaN,-6.0,0.0,52.0,NaN,-5.0,0.0,14.0,NaN,-4.0,0.0,NaN,NaN,NaN,24.0,2.0,NaN,0.1,4.0,24.0,NaN,0.0,10.0,0.5,NaN,0.0,1.0,7.46,NaN,0.005999999999999961,4.0,36.0,NaN,-0.7,4.0,NaN,NaN,NaN,24.0,18.0,NaN,0.0,10.0,11.0,NaN,0.0,10.0,106.0,NaN,0.0,10.0,7.7,NaN,0.0,10.0,99.0,NaN,0.0,10.0,0.5,NaN,0.0,10.0,NaN,NaN,NaN,24.0,139.0,NaN,2.909090909090909,10.0,2.4,NaN,0.09090909090909091,4.0,1.6,NaN,0.0,10.0,3.7,NaN,0.0,10.0,3.3,NaN,0.027272727272727258,10.0,0.8,NaN,0.0,10.0,0.01,NaN,0.0,10.0,28.6,NaN,0.2400000000000002,6.0,8.9,NaN,0.0700000000000001,6.0,44.3,NaN,0.0,10.0,11.1,NaN,0.6,6.0,232.0,NaN,0.0,10.0,286.0,NaN,3.4,6.0,82.0,1.0,1.0,0.0,-13.735,12.0,0.0,0.0,1.0,0.0,0.0,0.0,0.0,1.0,0.0,0.0,1.0,1.0,1.0,1.0,1.0,0.0,NaN,10.0,10.0,3.0,NaN,NaN,NaN
95.0,NaN,-22.0,0.0,100.0,NaN,0.0,0.0,37.22,NaN,0.10999999999999943,1.0,83.0,NaN,5.0,0.0,65.0,NaN,1.0,0.0,52.0,NaN,0.0,0.0,17.0,NaN,3.0,0.0,NaN,NaN,NaN,24.0,2.0,NaN,0.09090909090909091,5.0,24.0,NaN,0.0,11.0,0.5,NaN,0.0,2.0,7.46,NaN,0.005454545454545419,5.0,36.0,NaN,-0.6363636363636364,5.0,61.0,NaN,0.0,0.0,18.0,NaN,0.0,11.0,11.0,NaN,0.0,11.0,106.0,NaN,0.0,11.0,7.7,NaN,0.0,11.0,99.0,NaN,0.0,11.0,0.5,NaN,0.0,11.0,NaN,NaN,NaN,24.0,139.0,NaN,2.6666666666666665,11.0,3.1,NaN,0.14000000000000004,0.0,1.6,NaN,0.0,11.0,3.7,NaN,0.0,11.0,3.3,NaN,0.024999999999999984,11.0,0.8,NaN,0.0,11.0,0.01,NaN,0.0,11.0,28.6,NaN,0.21818181818181837,7.0,8.9,NaN,0.06363636363636373,7.0,44.3,NaN,0.0,11.0,11.1,NaN,0.5454545454545454,7.0,232.0,NaN,0.0,11.0,286.0,NaN,3.090909090909091,7.0,82.0,1.0,1.0,0.0,-13.735,13.0,0.0,0.0,1.0,0.0,0.0,0.0,0.0,1.0,1.0,0.0,1.0,1.0,1.0,1.0,1.0,0.0,NaN,10.0,10.0,3.0,NaN,NaN,NaN
105.0,NaN,10.0,0.0,100.0,NaN,0.0,0.0,37.22,NaN,0.09166666666666619,2.0,84.0,NaN,1.0,0.0,67.0,NaN,2.0,0.0,54.0,NaN,2.0,0.0,19.0,NaN,2.0,0.0,NaN,NaN,NaN,24.0,2.0,NaN,0.08333333333333333,6.0,24.0,NaN,0.0,12.0,0.5,NaN,0.0,3.0,7.46,NaN,0.004999999999999967,6.0,36.0,NaN,-0.5833333333333334,6.0,61.0,NaN,0.0,1.0,18.0,NaN,0.0,12.0,11.0,NaN,0.0,12.0,106.0,NaN,0.0,12.0,7.7,NaN,0.0,12.0,99.0,NaN,0.0,12.0,0.5,NaN,0.0,12.0,NaN,NaN,NaN,24.0,139.0,NaN,2.4615384615384617,12.0,3.1,NaN,0.1166666666666667,1.0,1.6,NaN,0.0,12.0,3.7,NaN,0.0,12.0,3.3,NaN,0.023076923076923064,12.0,0.8,NaN,0.0,12.0,0.01,NaN,0.0,12.0,28.6,NaN,0.20000000000000018,8.0,8.9,NaN,0.058333333333333424,8.0,44.3,NaN,0.0,12.0,11.1,NaN,0.5,8.0,232.0,NaN,0.0,12.0,286.0,NaN,2.8333333333333335,8.0,82.0,1.0,1.0,0.0,-13.735,14.0,0.0,0.0,1.0,0.0,0.0,0.0,0.0,1.0,0.0,0.0,1.0,1.0,1.0,1.0,1.0,0.0,NaN,10.0,10.0,3.0,NaN,NaN,NaN
