NaN,NaN,NaN,24.0,NaN,NaN,NaN,24.0,NaN,NaN,NaN,24.0,NaN,NaN,NaN,24.0,NaN,NaN,NaN,24.0,NaN,NaN,NaN,24.0,NaN,NaN,NaN,24.0,NaN,NaN,NaN,24.0,-4.0,NaN,NaN,24.0,NaN,NaN,NaN,24.0,NaN,NaN,NaN,24.0,7.31,NaN,NaN,24.0,43.0,NaN,NaN,24.0,NaN,NaN,NaN,24.0,NaN,NaN,NaN,24.0,NaN,NaN,NaN,24.0,NaN,NaN,NaN,24.0,NaN,NaN,NaN,24.0,NaN,NaN,NaN,24.0,NaN,NaN,NaN,24.0,NaN,NaN,NaN,24.0,NaN,NaN,NaN,24.0,NaN,NaN,NaN,24.0,NaN,NaN,NaN,24.0,NaN,NaN,NaN,24.0,NaN,NaN,NaN,24.0,NaN,NaN,NaN,24.0,NaN,NaN,NaN,24.0,NaN,NaN,NaN,24.0,NaN,NaN,NaN,24.0,NaN,NaN,NaN,24.0,NaN,NaN,NaN,24.0,NaN,NaN,NaN,24.0,NaN,NaN,NaN,24.0,28.0,1.0,0.0,1.0,-3.9191666666666665,1.0,0.0,0.0,0.0,0.0,0.0,0.0,0.0,0.0,0.0,0.0,1.0,0.0,0.0,NaN,0.0,0.0,NaN,NaN,NaN,NaN,NaN,NaN,NaN
80.0,NaN,0.0,0.0,99.0,NaN,0.0,0.0,36.67,NaN,0.0,0.0,138.0,NaN,0.0,0.0,107.0,NaN,0.0,0.0,98.0,NaN,0.0,0.0,20.0,NaN,0.0,0.0,NaN,NaN,NaN,24.0,-4.0,NaN,0.0,1.0,NaN,NaN,NaN,24.0,NaN,NaN,NaN,24.0,7.31,NaN,0.0,1.0,43.0,NaN,0.0,1.0,NaN,NaN,NaN,24.0,NaN,NaN,NaN,24.0,NaN,NaN,NaN,24.0,NaN,NaN,NaN,24.0,NaN,NaN,NaN,24.0,NaN,NaN,NaN,24.0,NaN,NaN,NaN,24.0,NaN,NaN,NaN,24.0,NaN,NaN,NaN,24.0,NaN,NaN,NaN,24.0,NaN,NaN,NaN,24.0,NaN,NaN,NaN,24.0,NaN,NaN,NaN,24.0,NaN,NaN,NaN,24.0,NaN,NaN,NaN,24.0,NaN,NaN,NaN,24.0,NaN,NaN,NaN,24.0,NaN,NaN,NaN,24.0,NaN,NaN,NaN,24.0,NaN,NaN,NaN,24.0,NaN,NaN,NaN,24.0,28.0,1.0,0.0,1.0,-3.9191666666666665,2.0,0.0,0.0,0.0,0.0,0.0,0.0,0.0,0.0,0.0,0.0,1.0,0.0,0.0,NaN,0.0,0.0,NaN,NaN,NaN,NaN,NaN,NaN,NaN
73.0,NaN,-7.0,0.0,99.0,NaN,0.0,0.0,36.67,NaN,0.0,1.0,137.0,NaN,-1.0,0.0,103.0,NaN,-4.0,0.0,97.0,NaN,-1.0,0.0,22.0,NaN,2.0,0.0,NaN,NaN,NaN,24.0,-4.0,NaN,0.0,2.0,NaN,NaN,NaN,24.0,NaN,NaN,NaN,24.0,7.31,NaN,0.0,2.0,43.0,NaN,0.0,2.0,NaN,NaN,NaN,24.0,NaN,NaN,NaN,24.0,NaN,NaN,NaN,24.0,NaN,NaN,NaN,24.0,NaN,NaN,NaN,24.0,NaN,NaN,NaN,24.0,NaN,NaN,NaN,24.0,NaN,NaN,NaN,24.0,NaN,NaN,NaN,24.0,NaN,NaN,NaN,24.0,NaN,NaN,NaN,24.0,NaN,NaN,NaN,24.0,NaN,NaN,NaN,24.0,NaN,NaN,NaN,24.0,NaN,NaN,NaN,24.0,NaN,NaN,NaN,24.0,NaN,NaN,NaN,24.0,NaN,NaN,NaN,24.0,NaN,NaN,NaN,24.0,NaN,NaN,NaN,24.0,NaN,NaN,NaN,24.0,28.0,1.0,0.0,1.0,-3.9191666666666665,3.0,0.0,1.0,0.0,0.0,0.0,0.0,0.0,0.0,0.0,0.0,1.0,0.0,0.0,NaN,0.0,0.0,NaN,NaN,NaN,NaN,NaN,NaN,NaN
80.5,NaN,7.5,0.0,94.0,NaN,-5.0,0.0,36.67,NaN,0.0,2.0,116.0,NaN,-21.0,0.0,72.0,NaN,-31.0,0.0,58.0,NaN,-39.0,0.0,22.0,NaN,0.0,0.0,NaN,NaN,NaN,24.0,-4.0,NaN,0.0,3.0,NaN,NaN,NaN,24.0,NaN,NaN,NaN,24.0,7.31,NaN,0.0,3.0,43.0,NaN,0.0,3.0,NaN,NaN,NaN,24.0,NaN,NaN,NaN,24.0,NaN,NaN,NaN,24.0,NaN,NaN,NaN,24.0,NaN,NaN,NaN,24.0,NaN,NaN,NaN,24.0,NaN,NaN,NaN,24.0,NaN,NaN,NaN,24.0,NaN,NaN,NaN,24.0,NaN,NaN,NaN,24.0,NaN,NaN,NaN,24.0,NaN,NaN,NaN,24.0,NaN,NaN,NaN,24.0,NaN,NaN,NaN,24.0,NaN,NaN,NaN,24.0,NaN,NaN,NaN,24.0,NaN,NaN,NaN,24.0,NaN,NaN,NaN,24.0,NaN,NaN,NaN,24.0,NaN,NaN,NaN,24.0,NaN,NaN,NaN,24.0,28.0,1.0,0.0,1.0,-3.9191666666666665,4.0,0.0,1.0,0.0,0.0,0.0,0.0,0.0,0.0,0.0,0.0,1.0,0.0,0.0,NaN,0.0,0.0,NaN,NaN,NaN,NaN,NaN,NaN,NaN
82.0,NaN,1.5,0.0,93.0,NaN,-1.0,0.0,36.67,NaN,0.0,3.0,116.0,NaN,-10.5,1.0,72.0,NaN,-15.5,1.0,58.0,NaN,-19.5,1.0,21.0,NaN,-1.0,0.0,NaN,NaN,NaN,24.0,-4.0,NaN,0.0,4.0,23.0,NaN,0.0,0.0,NaN,NaN,NaN,24.0,7.31,NaN,0.0,4.0,43.0,NaN,0.0,4.0,NaN,NaN,NaN,24.0,39.0,NaN,0.0,0.0,11.0,NaN,0.0,0.0,57.0,NaN,0.0,0.0,9.3,NaN,0.0,0.0,104.0,NaN,0.0,0.0,0.7,NaN,0.0,0.0,NaN,NaN,NaN,24.0,99.0,NaN,0.0,0.0,NaN,NaN,NaN,24.0,2.5,NaN,0.0,0.0,2.6,NaN,0.0,0.0,4.0,NaN,0.0,0.0,0.4,NaN,0.0,0.0,NaN,NaN,NaN,24.0,NaN,NaN,NaN,24.0,NaN,NaN,NaN,24.0,NaN,NaN,NaN,24.0,NaN,NaN,NaN,24.0,NaN,NaN,NaN,24.0,NaN,NaN,NaN,24.0,28.0,1.0,0.0,1.0,-3.9191666666666665,5.0,0.0,1.0,0.0,0.0,0.0,0.0,0.0,0.0,0.0,0.0,1.0,0.0,0.0,NaN,0.0,0.0,NaN,NaN,NaN,NaN,NaN,NaN,NaN
78.5,NaN,-3.5,0.0,96.0,NaN,3.0,0.0,36.67,NaN,0.0,0.0,106.0,NaN,-5.0,0.0,74.0,NaN,1.0,0.0,62.0,NaN,2.0,0.0,19.0,NaN,-2.0,0.0,NaN,NaN,NaN,24.0,-4.0,NaN,0.0,5.0,23.0,NaN,0.0,1.0,NaN,NaN,NaN,24.0,7.31,NaN,0.0,5.0,43.0,NaN,0.0,5.0,NaN,NaN,NaN,24.0,39.0,NaN,0.0,1.0,11.0,NaN,0.0,1.0,57.0,NaN,0.0,1.0,9.3,NaN,0.0,1.0,104.0,NaN,0.0,1.0,0.7,NaN,0.0,1.0,NaN,NaN,NaN,24.0,99.0,NaN,0.0,1.0,1.4,NaN,0.0,0.0,2.5,NaN,0.0,1.0,2.6,NaN,0.0,1.0,4.0,NaN,0.0,1.0,0.4,NaN,0.0,1.0,NaN,NaN,NaN,24.0,NaN,NaN,NaN,24.0,NaN,NaN,NaN,24.0,NaN,NaN,NaN,24.0,NaN,NaN,NaN,24.0,NaN,NaN,NaN,24.0,NaN,NaN,NaN,24.0,28.0,1.0,0.0,1.0,-3.9191666666666665,6.0,0.0,0.0,0.0,0.0,0.0,0.0,0.0,0.0,0.0,0.0,1.0,0.0,0.0,NaN,0.0,0.0,NaN,NaN,NaN,NaN,NaN,NaN,NaN
78.0,NaN,-0.5,0.0,96.0,NaN,0.0,0.0,36.67,NaN,0.0,1.0,106.0,NaN,-3.3333333333333335,1.0,74.0,NaN,0.6666666666666666,1.0,62.0,NaN,1.3333333333333333,1.0,17.0,NaN,-2.0,0.0,NaN,NaN,NaN,24.0,-4.0,NaN,0.0,6.0,23.0,NaN,0.0,2.0,NaN,NaN,NaN,24.0,7.31,NaN,0.0,6.0,43.0,NaN,0.0,6.0,NaN,NaN,NaN,24.0,39.0,NaN,0.0,2.0,11.0,NaN,0.0,2.0,57.0,NaN,0.0,2.0,9.3,NaN,0.0,2.0,104.0,NaN,0.0,2.0,0.7,NaN,0.0,2.0,NaN,NaN,NaN,24.0,99.0,NaN,0.0,2.0,1.4,NaN,0.0,1.0,2.5,NaN,0.0,2.0,2.6,NaN,0.0,2.0,4.0,NaN,0.0,2.0,0.4,NaN,0.0,2.0,NaN,NaN,NaN,24.0,NaN,NaN,NaN,24.0,NaN,NaN,NaN,24.0,NaN,NaN,NaN,24.0,NaN,NaN,NaN,24.0,NaN,NaN,NaN,24.0,NaN,NaN,NaN,24.0,28.0,1.0,0.0,1.0,-3.9191666666666665,7.0,0.0,0.0,0.0,0.0,0.0,0.0,0.0,0.0,0.0,0.0,1.0,0.0,0.0,NaN,0.0,0.0,NaN,NaN,NaN,NaN,NaN,NaN,NaN
87.0,NaN,9.0,0.0,94.0,NaN,-2.0,0.0,36.67,NaN,0.0,2.0,99.0,NaN,-3.5,0.0,63.0,NaN,-5.5,0.0,51.0,NaN,-5.5,0.0,22.0,NaN,5.0,0.0,NaN,NaN,NaN,24.0,-4.0,NaN,0.0,7.0,23.0,NaN,0.0,3.0,NaN,NaN,NaN,24.0,7.31,NaN,0.0,7.0,43.0,NaN,0.0,7.0,NaN,NaN,NaN,24.0,39.0,NaN,0.0,3.0,11.0,NaN,0.0,3.0,57.0,NaN,0.0,3.0,9.3,NaN,0.0,3.0,104.0,NaN,0.0,3.0,0.7,NaN,0.0,3.0,NaN,NaN,NaN,24.0,99.0,NaN,0.0,3.0,1.4,NaN,0.0,2.0,2.5,NaN,0.0,3.0,2.6,NaN,0.0,3.0,4.0,NaN,0.0,3.0,0.4,NaN,0.0,3.0,NaN,NaN,NaN,24.0,NaN,NaN,NaN,24.0,NaN,NaN,NaN,24.0,NaN,NaN,NaN,24.0,NaN,NaN,NaN,24.0,NaN,NaN,NaN,24.0,NaN,NaN,NaN,24.0,28.0,1.0,0.0,1.0,-3.9191666666666665,8.0,0.0,1.0,0.0,0.0,0.0,0.0,0.0,1.0,0.0,0.0,1.0,0.0,0.0,NaN,0.0,0.0,NaN,NaN,NaN,NaN,NaN,NaN,NaN
98.0,NaN,11.0,0.0,95.0,NaN,1.0,0.0,36.67,NaN,0.0,3.0,99.0,NaN,-2.3333333333333335,1.0,63.0,NaN,-3.6666666666666665,1.0,51.0,NaN,-3.6666666666666665,1.0,26.0,NaN,4.0,0.0,NaN,NaN,NaN,24.0,-4.0,NaN,0.0,8.0,23.0,NaN,0.0,4.0,NaN,NaN,NaN,24.0,7.31,NaN,0.0,8.0,43.0,NaN,0.0,8.0,NaN,NaN,NaN,24.0,39.0,NaN,0.0,4.0,11.0,NaN,0.0,4.0,57.0,NaN,0.0,4.0,9.3,NaN,0.0,4.0,104.0,NaN,0.0,4.0,0.7,NaN,0.0,4.0,NaN,NaN,NaN,24.0,99.0,NaN,0.0,4.0,1.4,NaN,0.0,3.0,2.5,NaN,0.0,4.0,2.6,NaN,0.0,4.0,4.0,NaN,0.0,4.0,0.4,NaN,0.0,4.0,NaN,NaN,NaN,24.0,NaN,NaN,NaN,24.0,NaN,NaN,NaN,24.0,NaN,NaN,NaN,24.0,NaN,NaN,NaN,24.0,NaN,NaN,NaN,24.0,NaN,NaN,NaN,24.0,28.0,1.0,0.0,1.0,-3.9191666666666665,9.0,0.0,1.0,1.0,0.0,0.0,0.0,0.0,0.0,0.0,0.0,1.0,0.0,0.0,NaN,0.0,0.0,NaN,NaN,NaN,NaN,NaN,NaN,NaN
76.0,NaN,-22.0,0.0,93.0,NaN,-2.0,0.0,36.67,NaN,0.0,4.0,108.0,NaN,4.5,0.0,74.0,NaN,5.5,0.0,63.0,NaN,6.0,0.0,20.0,NaN,-6.0,0.0,NaN,NaN,NaN,24.0,-4.0,NaN,0.0,9.0,23.0,NaN,0.0,5.0,NaN,NaN,NaN,24.0,7.31,NaN,0.0,9.0,43.0,NaN,0.0,9.0,NaN,NaN,NaN,24.0,39.0,NaN,0.0,5.0,11.0,NaN,0.0,5.0,57.0,NaN,0.0,5.0,9.3,NaN,0.0,5.0,104.0,NaN,0.0,5.0,0.7,NaN,0.0,5.0,NaN,NaN,NaN,24.0,99.0,NaN,0.0,5.0,1.4,NaN,0.0,4.0,2.5,NaN,0.0,5.0,2.6,NaN,0.0,5.0,4.0,NaN,0.0,5.0,0.4,NaN,0.0,5.0,NaN,NaN,NaN,24.0,NaN,NaN,NaN,24.0,NaN,NaN,NaN,24.0,NaN,NaN,NaN,24.0,NaN,NaN,NaN,24.0,NaN,NaN,NaN,24.0,NaN,NaN,NaN,24.0,28.0,1.0,0.0,1.0,-3.9191666666666665,10.0,0.0,0.0,0.0,0.0,0.0,0.0,0.0,0.0,0.0,0.0,1.0,0.0,0.0,NaN,0.0,0.0,NaN,NaN,NaN,NaN,NaN,NaN,NaN
94.5,NaN,18.5,0.0,97.5,NaN,4.5,0.0,36.56,NaN,-0.021999999999999888,0.0,108.0,NaN,3.0,1.0,74.0,NaN,3.6666666666666665,1.0,63.0,NaN,4.0,1.0,19.0,NaN,-1.0,0.0,NaN,NaN,NaN,24.0,-4.0,NaN,0.0,10.0,23.0,NaN,0.0,6.0,NaN,NaN,NaN,24.0,7.31,NaN,0.0,10.0,43.0,NaN,0.0,10.0,NaN,NaN,NaN,24.0,39.0,NaN,0.0,6.0,11.0,NaN,0.0,6.0,57.0,NaN,0.0,6.0,9.3,NaN,0.0,6.0,104.0,NaN,0.0,6.0,0.7,NaN,0.0,6.0,NaN,NaN,NaN,24.0,99.0,NaN,0.0,6.0,1.4,NaN,0.0,5.0,2.5,NaN,0.0,6.0,2.6,NaN,0.0,6.0,4.0,NaN,0.0,6.0,0.4,NaN,0.0,6.0,NaN,NaN,NaN,24.0,NaN,NaN,NaN,24.0,NaN,NaN,NaN,24.0,NaN,NaN,NaN,24.0,NaN,NaN,NaN,24.0,NaN,NaN,NaN,24.0,NaN,NaN,NaN,24.0,28.0,1.0,0.0,1.0,-3.9191666666666665,11.0,0.0,0.0,1.0,0.0,0.0,0.0,0.0,0.0,0.0,0.0,1.0,0.0,0.0,NaN,0.0,0.0,NaN,NaN,NaN,NaN,NaN,NaN,NaN
94.5,NaN,9.25,1.0,97.5,NaN,2.25,1.0,36.56,NaN,-0.01833333333333324,1.0,108.0,NaN,2.25,2.0,74.0,NaN,2.75,2.0,63.0,NaN,3.0,2.0,19.0,NaN,-0.5,1.0,NaN,NaN,NaN,24.0,-4.0,NaN,0.0,11.0,23.0,NaN,0.0,7.0,NaN,NaN,NaN,24.0,7.31,NaN,0.0,11.0,43.0,NaN,0.0,11.0,NaN,NaN,NaN,24.0,39.0,NaN,0.0,7.0,11.0,NaN,0.0,7.0,57.0,NaN,0.0,7.0,9.3,NaN,0.0,7.0,104.0,NaN,0.0,7.0,0.7,NaN,0.0,7.0,NaN,NaN,NaN,24.0,99.0,NaN,0.0,7.0,1.4,NaN,0.0,6.0,2.5,NaN,0.0,7.0,2.6,NaN,0.0,7.0,4.0,NaN,0.0,7.0,0.4,NaN,0.0,7.0,NaN,NaN,NaN,24.0,NaN,NaN,NaN,24.0,NaN,NaN,NaN,24.0,NaN,NaN,NaN,24.0,NaN,NaN,NaN,24.0,NaN,NaN,NaN,24.0,NaN,NaN,NaN,24.0,28.0,1.0,0.0,1.0,-3.9191666666666665,12.0,0.0,0.0,1.0,0.0,0.0,0.0,0.0,0.0,0.0,0.0,1.0,0.0,0.0,NaN,0.0,0.0,NaN,NaN,NaN,NaN,NaN,NaN,NaN
94.5,NaN,6.166666666666667,2.0,97.5,NaN,1.5,2.0,36.56,NaN,-0.015714285714285632,2.0,108.0,NaN,1.8,3.0,74.0,NaN,2.2,3.0,63.0,NaN,2.4,3.0,19.0,NaN,-0.3333333333333333,2.0,NaN,NaN,NaN,24.0,-4.0,NaN,0.0,12.0,23.0,NaN,0.0,8.0,NaN,NaN,NaN,24.0,7.31,NaN,0.0,12.0,43.0,NaN,0.0,12.0,NaN,NaN,NaN,24.0,39.0,NaN,0.0,8.0,11.0,NaN,0.0,8.0,57.0,NaN,0.0,8.0,9.3,NaN,0.0,8.0,104.0,NaN,0.0,8.0,0.7,NaN,0.0,8.0,NaN,NaN,NaN,24.0,99.0,NaN,0.0,8.0,1.4,NaN,0.0,7.0,2.5,NaN,0.0,8.0,2.6,NaN,0.0,8.0,4.0,NaN,0.0,8.0,0.4,NaN,0.0,8.0,NaN,NaN,NaN,24.0,NaN,NaN,NaN,24.0,NaN,NaN,NaN,24.0,NaN,NaN,NaN,24.0,NaN,NaN,NaN,24.0,NaN,NaN,NaN,24.0,NaN,NaN,NaN,24.0,28.0,1.0,0.0,1.0,-3.9191666666666665,13.0,0.0,0.0,1.0,0.0,0.0,0.0,0.0,0.0,0.0,0.0,1.0,0.0,0.0,NaN,0.0,0.0,NaN,NaN,NaN,NaN,NaN,NaN,NaN
