101.0,NaN,NaN,24.0,98.0,NaN,NaN,24.0,NaN,NaN,NaN,24.0,141.0,NaN,NaN,24.0,87.0,NaN,NaN,24.0,70.0,NaN,NaN,24.0,18.0,NaN,NaN,24.0,NaN,NaN,NaN,24.0,NaN,NaN,NaN,24.0,NaN,NaN,NaN,24.0,NaN,NaN,NaN,24.0,NaN,NaN,NaN,24.0,NaN,NaN,NaN,24.0,NaN,NaN,NaN,24.0,NaN,NaN,NaN,24.0,NaN,NaN,NaN,24.0,NaN,NaN,NaN,24.0,NaN,NaN,NaN,24.0,NaN,NaN,NaN,24.0,NaN,NaN,NaN,24.0,NaN,NaN,NaN,24.0,NaN,NaN,NaN,24.0,NaN,NaN,NaN,24.0,NaN,NaN,NaN,24.0,NaN,NaN,NaN,24.0,NaN,NaN,NaN,24.0,NaN,NaN,NaN,24.0,NaN,NaN,NaN,24.0,NaN,NaN,NaN,24.0,NaN,NaN,NaN,24.0,NaN,NaN,NaN,24.0,NaN,NaN,NaN,24.0,NaN,NaN,NaN,24.0,NaN,NaN,NaN,24.0,28.0,0.0,-1.0,-1.0,-6.05,1.0,0.0,0.0,1.0,0.0,0.0,0.0,0.0,0.0,0.0,0.0,1.0,0.0,1.0,1.0,0.0,0.0,NaN,35.0,35.0,35.0,NaN,NaN,NaN
119.0,NaN,18.0,0.0,96.0,NaN,-2.0,0.0,NaN,NaN,NaN,24.0,131.0,NaN,-10.0,0.0,90.0,NaN,3.0,0.0,77.0,NaN,7.0,0.0,21.0,NaN,3.0,0.0,NaN,NaN,NaN,24.0,NaN,NaN,NaN,24.0,28.0,NaN,0.0,0.0,NaN,NaN,NaN,24.0,NaN,NaN,NaN,24.0,NaN,NaN,NaN,24.0,NaN,NaN,NaN,24.0,127.0,NaN,0.0,0.0,8.0,NaN,0.0,0.0,111.0,NaN,0.0,0.0,6.7,NaN,0.0,0.0,95.0,NaN,0.0,0.0,0.6,NaN,0.0,0.0,NaN,NaN,NaN,24.0,108.0,NaN,0.0,0.0,NaN,NaN,NaN,24.0,1.5,NaN,0.0,0.0,0.5,NaN,0.0,0.0,2.3,NaN,0.0,0.0,7.7,NaN,0.0,0.0,NaN,NaN,NaN,24.0,NaN,NaN,NaN,24.0,NaN,NaN,NaN,24.0,NaN,NaN,NaN,24.0,NaN,NaN,NaN,24.0,NaN,NaN,NaN,24.0,NaN,NaN,NaN,24.0,28.0,0.0,-1.0,-1.0,-6.05,2.0,0.0,1.0,1.0,0.0,0.0,0.0,3.0,0.0,0.0,0.0,1.0,0.0,1.0,1.0,0.0,0.0,NaN,35.0,35.0,35.0,NaN,NaN,NaN
110.0,NaN,-9.0,0.0,96.0,NaN,0.0,0.0,NaN,NaN,NaN,24.0,137.0,NaN,6.0,0.0,83.0,NaN,-7.0,0.0,69.0,NaN,-8.0,0.0,18.0,NaN,-3.0,0.0,NaN,NaN,NaN,24.0,NaN,NaN,NaN,24.0,28.0,NaN,0.0,1.0,NaN,NaN,NaN,24.0,NaN,NaN,NaN,24.0,NaN,NaN,NaN,24.0,NaN,NaN,NaN,24.0,127.0,NaN,0.0,1.0,8.0,NaN,0.0,1.0,111.0,NaN,0.0,1.0,6.7,NaN,0.0,1.0,95.0,NaN,0.0,1.0,0.6,NaN,0.0,1.0,NaN,NaN,NaN,24.0,108.0,NaN,0.0,1.0,NaN,NaN,NaN,24.0,1.5,NaN,0.0,1.0,0.5,NaN,0.0,1.0,2.3,NaN,0.0,1.0,7.7,NaN,0.0,1.0,NaN,NaN,NaN,24.0,NaN,NaN,NaN,24.0,NaN,NaN,NaN,24.0,NaN,NaN,NaN,24.0,NaN,NaN,NaN,24.0,NaN,NaN,NaN,24.0,NaN,NaN,NaN,24.0,28.0,0.0,-1.0,-1.0,-6.05,3.0,0.0,0.0,1.0,0.0,0.0,0.0,0.0,0.0,0.0,0.0,1.0,0.0,1.0,1.0,0.0,0.0,NaN,35.0,35.0,35.0,NaN,NaN,NaN
100.0,NaN,-10.0,0.0,97.0,NaN,1.0,0.0,36.06,NaN,0.0,0.0,140.0,NaN,3.0,0.0,81.0,NaN,-2.0,0.0,65.0,NaN,-4.0,0.0,19.0,NaN,1.0,0.0,NaN,NaN,NaN,24.0,NaN,NaN,NaN,24.0,28.0,NaN,0.0,2.0,NaN,NaN,NaN,24.0,NaN,NaN,NaN,24.0,NaN,NaN,NaN,24.0,NaN,NaN,NaN,24.0,127.0,NaN,0.0,2.0,8.0,NaN,0.0,2.0,111.0,NaN,0.0,2.0,6.7,NaN,0.0,2.0,95.0,NaN,0.0,2.0,0.6,NaN,0.0,2.0,NaN,NaN,NaN,24.0,108.0,NaN,0.0,2.0,NaN,NaN,NaN,24.0,1.5,NaN,0.0,2.0,0.5,NaN,0.0,2.0,2.3,NaN,0.0,2.0,7.7,NaN,0.0,2.0,NaN,NaN,NaN,24.0,NaN,NaN,NaN,24.0,NaN,NaN,NaN,24.0,NaN,NaN,NaN,24.0,NaN,NaN,NaN,24.0,NaN,NaN,NaN,24.0,NaN,NaN,NaN,24.0,28.0,0.0,-1.0,-1.0,-6.05,4.0,0.0,0.0,1.0,0.0,0.0,0.0,0.0,0.0,0.0,0.0,1.0,0.0,1.0,1.0,0.0,0.0,NaN,35.0,35.0,35.0,NaN,NaN,NaN
93.0,NaN,-7.0,0.0,97.0,NaN,0.0,0.0,36.06,NaN,0.0,1.0,144.0,NaN,4.0,0.0,90.0,NaN,9.0,0.0,72.0,NaN,7.0,0.0,16.0,NaN,-3.0,0.0,NaN,NaN,NaN,24.0,NaN,NaN,NaN,24.0,28.0,NaN,0.0,3.0,NaN,NaN,NaN,24.0,NaN,NaN,NaN,24.0,NaN,NaN,NaN,24.0,NaN,NaN,NaN,24.0,127.0,NaN,0.0,3.0,8.0,NaN,0.0,3.0,111.0,NaN,0.0,3.0,6.7,NaN,0.0,3.0,95.0,NaN,0.0,3.0,0.6,NaN,0.0,3.0,NaN,NaN,NaN,24.0,108.0,NaN,0.0,3.0,NaN,NaN,NaN,24.0,1.5,NaN,0.0,3.0,0.5,NaN,0.0,3.0,2.3,NaN,0.0,3.0,7.7,NaN,0.0,3.0,NaN,NaN,NaN,24.0,NaN,NaN,NaN,24.0,NaN,NaN,NaN,24.0,NaN,NaN,NaN,24.0,NaN,NaN,NaN,24.0,NaN,NaN,NaN,24.0,NaN,NaN,NaN,24.0,28.0,0.0,-1.0,-1.0,-6.05,5.0,0.0,0.0,1.0,0.0,0.0,0.0,0.0,0.0,0.0,0.0,1.0,0.0,1.0,1.0,0.0,0.0,NaN,35.0,35.0,35.0,NaN,NaN,NaN
95.0,NaN,2.0,0.0,95.0,NaN,-2.0,0.0,36.06,NaN,0.0,2.0,138.0,NaN,-6.0,0.0,91.0,NaN,1.0,0.0,78.0,NaN,6.0,0.0,17.0,NaN,1.0,0.0,NaN,NaN,NaN,24.0,NaN,NaN,NaN,24.0,31.0,NaN,0.75,0.0,NaN,NaN,NaN,24.0,NaN,NaN,NaN,24.0,NaN,NaN,NaN,24.0,NaN,NaN,NaN,24.0,127.0,NaN,0.0,4.0,7.0,NaN,-0.25,0.0,111.0,NaN,0.0,4.0,8.0,NaN,0.32499999999999996,0.0,92.0,NaN,-0.75,0.0,0.7,NaN,0.024999999999999994,0.0,NaN,NaN,NaN,24.0,117.0,NaN,2.25,0.0,NaN,NaN,NaN,24.0,3.3,NaN,0.44999999999999996,0.0,1.2,NaN,0.175,0.0,2.2,NaN,-0.02499999999999991,0.0,7.7,NaN,0.0,4.0,NaN,NaN,NaN,24.0,33.3,NaN,0.0,0.0,11.8,NaN,0.0,0.0,41.2,NaN,0.0,0.0,6.8,NaN,0.0,0.0,103.0,NaN,0.0,0.0,76.0,NaN,0.0,0.0,28.0,0.0,-1.0,-1.0,-6.05,6.0,0.0,0.0,1.0,0.0,0.0,2.0,0.0,0.0,0.0,0.0,1.0,0.0,1.0,1.0,0.0,0.0,NaN,35.0,35.0,35.0,NaN,NaN,NaN
104.0,NaN,9.0,0.0,95.0,NaN,0.0,0.0,36.06,NaN,0.0,3.0,136.0,NaN,-2.0,0.0,88.0,NaN,-3.0,0.0,74.0,NaN,-4.0,0.0,16.0,NaN,-1.0,0.0,NaN,NaN,NaN,24.0,NaN,NaN,NaN,24.0,31.0,NaN,0.6,1.0,NaN,NaN,NaN,24.0,NaN,NaN,NaN,24.0,NaN,NaN,NaN,24.0,NaN,NaN,NaN,24.0,127.0,NaN,0.0,5.0,7.0,NaN,-0.2,1.0,111.0,NaN,0.0,5.0,8.0,NaN,0.25999999999999995,1.0,92.0,NaN,-0.6,1.0,0.7,NaN,0.019999999999999997,1.0,NaN,NaN,NaN,24.0,117.0,NaN,1.8,1.0,NaN,NaN,NaN,24.0,3.3,NaN,0.36,1.0,1.2,NaN,0.13999999999999999,1.0,2.2,NaN,-0.019999999999999928,1.0,7.7,NaN,0.0,5.0,NaN,NaN,NaN,24.0,33.3,NaN,0.0,1.0,11.8,NaN,0.0,1.0,41.2,NaN,0.0,1.0,6.8,NaN,0.0,1.0,103.0,NaN,0.0,1.0,76.0,NaN,0.0,1.0,28.0,0.0,-1.0,-1.0,-6.05,7.0,0.0,0.0,1.0,0.0,0.0,0.0,0.0,0.0,0.0,0.0,1.0,0.0,1.0,1.0,0.0,0.0,NaN,35.0,35.0,35.0,NaN,NaN,NaN
93.0,NaN,-11.0,0.0,97.0,NaN,2.0,0.0,36.67,NaN,0.15249999999999986,0.0,116.0,NaN,-20.0,0.0,71.0,NaN,-17.0,0.0,61.0,NaN,-13.0,0.0,15.0,NaN,-1.0,0.0,NaN,NaN,NaN,24.0,NaN,NaN,NaN,24.0,31.0,NaN,0.5,2.0,NaN,NaN,NaN,24.0,NaN,NaN,NaN,24.0,NaN,NaN,NaN,24.0,NaN,NaN,NaN,24.0,127.0,NaN,0.0,6.0,7.0,NaN,-0.16666666666666666,2.0,111.0,NaN,0.0,6.0,8.0,NaN,0.21666666666666665,2.0,92.0,NaN,-0.5,2.0,0.7,NaN,0.016666666666666663,2.0,NaN,NaN,NaN,24.0,117.0,NaN,1.5,2.0,NaN,NaN,NaN,24.0,3.3,NaN,0.3,2.0,1.2,NaN,0.11666666666666665,2.0,2.2,NaN,-0.016666666666666607,2.0,7.7,NaN,0.0,6.0,NaN,NaN,NaN,24.0,33.3,NaN,0.0,2.0,11.8,NaN,0.0,2.0,41.2,NaN,0.0,2.0,6.8,NaN,0.0,2.0,103.0,NaN,0.0,2.0,76.0,NaN,0.0,2.0,28.0,0.0,-1.0,-1.0,-6.05,8.0,0.0,0.0,1.0,0.0,0.0,0.0,0.0,0.0,0.0,0.0,1.0,0.0,1.0,1.0,0.0,0.0,NaN,35.0,35.0,35.0,NaN,NaN,NaN
113.0,NaN,20.0,0.0,98.0,NaN,1.0,0.0,36.67,NaN,0.12199999999999989,1.0,116.0,NaN,-10.0,1.0,103.0,NaN,32.0,0.0,61.0,NaN,-6.5,1.0,21.0,NaN,6.0,0.0,NaN,NaN,NaN,24.0,NaN,NaN,NaN,24.0,31.0,NaN,0.42857142857142855,3.0,NaN,NaN,NaN,24.0,NaN,NaN,NaN,24.0,NaN,NaN,NaN,24.0,NaN,NaN,NaN,24.0,127.0,NaN,0.0,7.0,7.0,NaN,-0.14285714285714285,3.0,111.0,NaN,0.0,7.0,8.0,NaN,0.1857142857142857,3.0,92.0,NaN,-0.42857142857142855,3.0,0.7,NaN,0.014285714285714282,3.0,NaN,NaN,NaN,24.0,117.0,NaN,1.2857142857142858,3.0,NaN,NaN,NaN,24.0,3.3,NaN,0.2571428571428571,3.0,1.2,NaN,0.09999999999999999,3.0,2.2,NaN,-0.014285714285714235,3.0,7.7,NaN,0.0,7.0,NaN,NaN,NaN,24.0,33.3,NaN,0.0,3.0,11.8,NaN,0.0,3.0,41.2,NaN,0.0,3.0,6.8,NaN,0.0,3.0,103.0,NaN,0.0,3.0,76.0,NaN,0.0,3.0,28.0,0.0,-1.0,-1.0,-6.05,9.0,0.0,1.0,1.0,0.0,0.0,0.0,0.0,0.0,0.0,0.0,1.0,0.0,1.0,1.0,0.0,0.0,NaN,35.0,35.0,35.0,NaN,NaN,NaN
