NaN,NaN,NaN,24.0,NaN,NaN,NaN,24.0,NaN,NaN,NaN,24.0,NaN,NaN,NaN,24.0,NaN,NaN,NaN,24.0,NaN,NaN,NaN,24.0,NaN,NaN,NaN,24.0,NaN,NaN,NaN,24.0,2.0,NaN,NaN,24.0,NaN,NaN,NaN,24.0,NaN,NaN,NaN,24.0,7.49,NaN,NaN,24.0,33.0,NaN,NaN,24.0,NaN,NaN,NaN,24.0,NaN,NaN,NaN,24.0,NaN,NaN,NaN,24.0,NaN,NaN,NaN,24.0,NaN,NaN,NaN,24.0,NaN,NaN,NaN,24.0,NaN,NaN,NaN,24.0,NaN,NaN,NaN,24.0,NaN,NaN,NaN,24.0,1.9,NaN,NaN,24.0,NaN,NaN,NaN,24.0,NaN,NaN,NaN,24.0,NaN,NaN,NaN,24.0,NaN,NaN,NaN,24.0,NaN,NaN,NaN,24.0,NaN,NaN,NaN,24.0,NaN,NaN,NaN,24.0,NaN,NaN,NaN,24.0,NaN,NaN,NaN,24.0,NaN,NaN,NaN,24.0,NaN,NaN,NaN,24.0,76.0,1.0,0.0,1.0,-7.6258333333333335,1.0,0.0,0.0,0.0,0.0,0.0,0.0,0.0,0.0,0.0,0.0,1.0,0.0,0.0,0.0,0.0,0.0,NaN,NaN,NaN,4.0,NaN,NaN,NaN
NaN,NaN,NaN,24.0,NaN,NaN,NaN,24.0,NaN,NaN,NaN,24.0,NaN,NaN,NaN,24.0,NaN,NaN,NaN,24.0,NaN,NaN,NaN,24.0,NaN,NaN,NaN,24.0,NaN,NaN,NaN,24.0,2.0,NaN,0.0,1.0,NaN,NaN,NaN,24.0,NaN,NaN,NaN,24.0,7.49,NaN,0.0,1.0,33.0,NaN,0.0,1.0,NaN,NaN,NaN,24.0,NaN,NaN,NaN,24.0,NaN,NaN,NaN,24.0,NaN,NaN,NaN,24.0,NaN,NaN,NaN,24.0,NaN,NaN,NaN,24.0,NaN,NaN,NaN,24.0,NaN,NaN,NaN,24.0,NaN,NaN,NaN,24.0,1.9,NaN,0.0,1.0,NaN,NaN,NaN,24.0,NaN,NaN,NaN,24.0,NaN,NaN,NaN,24.0,NaN,NaN,NaN,24.0,NaN,NaN,NaN,24.0,NaN,NaN,NaN,24.0,NaN,NaN,NaN,24.0,NaN,NaN,NaN,24.0,NaN,NaN,NaN,24.0,NaN,NaN,NaN,24.0,NaN,NaN,NaN,24.0,76.0,1.0,0.0,1.0,-7.6258333333333335,2.0,0.0,0.0,0.0,0.0,0.0,0.0,0.0,0.0,0.0,0.0,1.0,0.0,0.0,0.0,0.0,0.0,NaN,NaN,NaN,4.0,NaN,NaN,NaN
98.5,NaN,0.0,0.0,99.5,NaN,0.0,0.0,36.5,NaN,0.0,0.0,96.0,NaN,0.0,0.0,58.5,NaN,0.0,0.0,46.5,NaN,0.0,0.0,21.5,NaN,0.0,0.0,NaN,NaN,NaN,24.0,2.0,NaN,0.0,2.0,NaN,NaN,NaN,24.0,NaN,NaN,NaN,24.0,7.49,NaN,0.0,2.0,33.0,NaN,0.0,2.0,NaN,NaN,NaN,24.0,NaN,NaN,NaN,24.0,NaN,NaN,NaN,24.0,NaN,NaN,NaN,24.0,NaN,NaN,NaN,24.0,NaN,NaN,NaN,24.0,NaN,NaN,NaN,24.0,NaN,NaN,NaN,24.0,NaN,NaN,NaN,24.0,1.9,NaN,0.0,2.0,NaN,NaN,NaN,24.0,NaN,NaN,NaN,24.0,NaN,NaN,NaN,24.0,NaN,NaN,NaN,24.0,NaN,NaN,NaN,24.0,NaN,NaN,NaN,24.0,NaN,NaN,NaN,24.0,NaN,NaN,NaN,24.0,NaN,NaN,NaN,24.0,NaN,NaN,NaN,24.0,NaN,NaN,NaN,24.0,76.0,1.0,0.0,1.0,-7.6258333333333335,3.0,0.0,1.0,1.0,0.0,0.0,0.0,0.0,1.0,0.0,0.0,1.0,0.0,0.0,0.0,0.0,0.0,NaN,NaN,NaN,4.0,NaN,NaN,NaN
93.0,NaN,-5.5,0.0,100.0,NaN,0.5,0.0,36.5,NaN,0.0,1.0,87.0,NaN,-9.0,0.0,56.5,NaN,-2.0,0.0,48.5,NaN,2.0,0.0,23.5,NaN,2.0,0.0,NaN,NaN,NaN,24.0,2.0,NaN,0.0,3.0,23.0,NaN,0.0,0.0,NaN,NaN,NaN,24.0,7.49,NaN,0.0,3.0,33.0,NaN,0.0,3.0,NaN,NaN,NaN,24.0,NaN,NaN,NaN,24.0,11.0,NaN,0.0,0.0,NaN,NaN,NaN,24.0,7.8,NaN,0.0,0.0,98.0,NaN,0.0,0.0,0.9,NaN,0.0,0.0,NaN,NaN,NaN,24.0,160.0,NaN,0.0,0.0,1.9,NaN,0.0,3.0,2.1,NaN,0.0,0.0,4.4,NaN,0.0,0.0,4.1,NaN,0.0,0.0,NaN,NaN,NaN,24.0,NaN,NaN,NaN,24.0,29.9,NaN,0.0,0.0,9.5,NaN,0.0,0.0,NaN,NaN,NaN,24.0,14.5,NaN,0.0,0.0,NaN,NaN,NaN,24.0,226.0,NaN,0.0,0.0,76.0,1.0,0.0,1.0,-7.6258333333333335,4.0,0.0,1.0,1.0,1.0,0.0,0.0,0.0,1.0,0.0,0.0,1.0,0.0,0.0,0.0,0.0,0.0,NaN,NaN,NaN,4.0,NaN,NaN,NaN
93.6666666666667,NaN,0.6666666666666998,0.0,99.6666666666667,NaN,-0.3333333333333002,0.0,37.56,NaN,0.5300000000000011,0.0,92.6666666666667,NaN,5.6666666666667,0.0,58.0,NaN,1.5,0.0,48.0,NaN,-0.5,0.0,23.6666666666667,NaN,0.16666666666669983,0.0,NaN,NaN,NaN,24.0,2.0,NaN,0.0,4.0,23.0,NaN,0.0,1.0,NaN,NaN,NaN,24.0,7.49,NaN,0.0,4.0,33.0,NaN,0.0,4.0,NaN,NaN,NaN,24.0,NaN,NaN,NaN,24.0,11.0,NaN,0.0,1.0,NaN,NaN,NaN,24.0,7.8,NaN,0.0,1.0,98.0,NaN,0.0,1.0,0.9,NaN,0.0,1.0,NaN,NaN,NaN,24.0,160.0,NaN,0.0,1.0,1.9,NaN,0.0,4.0,2.1,NaN,0.0,1.0,4.4,NaN,0.0,1.0,4.1,NaN,0.0,1.0,NaN,NaN,NaN,24.0,NaN,NaN,NaN,24.0,29.9,NaN,0.0,1.0,9.5,NaN,0.0,1.0,NaN,NaN,NaN,24.0,14.5,NaN,0.0,1.0,NaN,NaN,NaN,24.0,226.0,NaN,0.0,1.0,76.0,1.0,0.0,1.0,-7.6258333333333335,5.0,0.0,1.0,1.0,1.0,0.0,0.0,0.0,1.0,0.0,0.0,1.0,0.0,0.0,0.0,0.0,0.0,NaN,NaN,NaN,4.0,NaN,NaN,NaN
89.0,NaN,-4.6666666666667,0.0,99.0,NaN,-0.6666666666666998,0.0,37.56,NaN,0.3533333333333341,1.0,89.0,NaN,-3.6666666666667,0.0,61.0,NaN,3.0,0.0,55.0,NaN,7.0,0.0,23.0,NaN,-0.6666666666666998,0.0,NaN,NaN,NaN,24.0,2.0,NaN,0.0,5.0,23.0,NaN,0.0,2.0,NaN,NaN,NaN,24.0,7.49,NaN,0.0,5.0,33.0,NaN,0.0,5.0,NaN,NaN,NaN,24.0,NaN,NaN,NaN,24.0,11.0,NaN,0.0,2.0,NaN,NaN,NaN,24.0,7.8,NaN,0.0,2.0,98.0,NaN,0.0,2.0,0.9,NaN,0.0,2.0,NaN,NaN,NaN,24.0,160.0,NaN,0.0,2.0,1.9,NaN,0.0,5.0,2.1,NaN,0.0,2.0,4.4,NaN,0.0,2.0,4.1,NaN,0.0,2.0,NaN,NaN,NaN,24.0,NaN,NaN,NaN,24.0,29.9,NaN,0.0,2.0,9.5,NaN,0.0,2.0,NaN,NaN,NaN,24.0,14.5,NaN,0.0,2.0,NaN,NaN,NaN,24.0,226.0,NaN,0.0,2.0,76.0,1.0,0.0,1.0,-7.6258333333333335,6.0,0.0,1.0,0.0,1.0,0.0,0.0,0.0,1.0,0.0,0.0,1.0,0.0,0.0,0.0,0.0,0.0,NaN,NaN,NaN,4.0,NaN,NaN,NaN
88.0,NaN,-1.0,0.0,95.0,NaN,-4.0,0.0,37.56,NaN,0.26500000000000057,2.0,85.0,NaN,-4.0,0.0,56.0,NaN,-5.0,0.0,47.0,NaN,-8.0,0.0,21.0,NaN,-2.0,0.0,NaN,NaN,NaN,24.0,2.0,NaN,0.0,6.0,23.0,NaN,0.0,3.0,NaN,NaN,NaN,24.0,7.49,NaN,0.0,6.0,33.0,NaN,0.0,6.0,NaN,NaN,NaN,24.0,NaN,NaN,NaN,24.0,11.0,NaN,0.0,3.0,NaN,NaN,NaN,24.0,7.8,NaN,0.0,3.0,98.0,NaN,0.0,3.0,0.9,NaN,0.0,3.0,NaN,NaN,NaN,24.0,160.0,NaN,0.0,3.0,1.9,NaN,0.0,6.0,2.1,NaN,0.0,3.0,4.4,NaN,0.0,3.0,4.1,NaN,0.0,3.0,NaN,NaN,NaN,24.0,NaN,NaN,NaN,24.0,29.9,NaN,0.0,3.0,9.5,NaN,0.0,3.0,NaN,NaN,NaN,24.0,14.5,NaN,0.0,3.0,NaN,NaN,NaN,24.0,226.0,NaN,0.0,3.0,76.0,1.0,0.0,1.0,-7.6258333333333335,7.0,0.0,1.0,0.0,1.0,0.0,0.0,0.0,1.0,0.0,0.0,1.0,0.0,0.0,0.0,0.0,0.0,NaN,NaN,NaN,4.0,NaN,NaN,NaN
86.0,NaN,-2.0,0.0,97.0,NaN,2.0,0.0,37.56,NaN,0.21200000000000047,3.0,99.0,NaN,14.0,0.0,60.0,NaN,4.0,0.0,49.0,NaN,2.0,0.0,19.0,NaN,-2.0,0.0,NaN,NaN,NaN,24.0,2.0,NaN,0.0,7.0,23.0,NaN,0.0,4.0,NaN,NaN,NaN,24.0,7.49,NaN,0.0,7.0,33.0,NaN,0.0,7.0,NaN,NaN,NaN,24.0,NaN,NaN,NaN,24.0,11.0,NaN,0.0,4.0,NaN,NaN,NaN,24.0,7.8,NaN,0.0,4.0,98.0,NaN,0.0,4.0,0.9,NaN,0.0,4.0,NaN,NaN,NaN,24.0,160.0,NaN,0.0,4.0,1.9,NaN,0.0,7.0,2.1,NaN,0.0,4.0,4.4,NaN,0.0,4.0,4.1,NaN,0.0,4.0,NaN,NaN,NaN,24.0,NaN,NaN,NaN,24.0,29.9,NaN,0.0,4.0,9.5,NaN,0.0,4.0,NaN,NaN,NaN,24.0,14.5,NaN,0.0,4.0,NaN,NaN,NaN,24.0,226.0,NaN,0.0,4.0,76.0,1.0,0.0,1.0,-7.6258333333333335,8.0,0.0,0.0,0.0,1.0,0.0,0.0,0.0,1.0,0.0,0.0,1.0,0.0,0.0,0.0,0.0,0.0,NaN,NaN,NaN,4.0,NaN,NaN,NaN
93.0,NaN,7.0,0.0,95.0,NaN,-2.0,0.0,36.83,NaN,-0.182500000000001,0.0,101.0,NaN,2.0,0.0,63.0,NaN,3.0,0.0,54.0,NaN,5.0,0.0,20.0,NaN,1.0,0.0,NaN,NaN,NaN,24.0,2.0,NaN,0.0,8.0,23.0,NaN,0.0,5.0,NaN,NaN,NaN,24.0,7.49,NaN,0.0,8.0,33.0,NaN,0.0,8.0,NaN,NaN,NaN,24.0,NaN,NaN,NaN,24.0,11.0,NaN,0.0,5.0,NaN,NaN,NaN,24.0,7.8,NaN,0.0,5.0,98.0,NaN,0.0,5.0,0.9,NaN,0.0,5.0,NaN,NaN,NaN,24.0,160.0,NaN,0.0,5.0,1.9,NaN,0.0,8.0,2.1,NaN,0.0,5.0,4.4,NaN,0.0,5.0,4.1,NaN,0.0,5.0,NaN,NaN,NaN,24.0,NaN,NaN,NaN,24.0,29.9,NaN,0.0,5.0,9.5,NaN,0.0,5.0,NaN,NaN,NaN,24.0,14.5,NaN,0.0,5.0,NaN,NaN,NaN,24.0,226.0,NaN,0.0,5.0,76.0,1.0,0.0,1.0,-7.6258333333333335,9.0,0.0,0.0,1.0,1.0,0.0,0.0,0.0,1.0,0.0,0.0,1.0,0.0,0.0,0.0,0.0,0.0,NaN,NaN,NaN,4.0,NaN,NaN,NaN
91.0,NaN,-2.0,0.0,98.0,NaN,3.0,0.0,36.83,NaN,-0.1460000000000008,1.0,100.0,NaN,-1.0,0.0,56.0,NaN,-7.0,0.0,42.0,NaN,-12.0,0.0,22.0,NaN,2.0,0.0,NaN,NaN,NaN,24.0,2.0,NaN,0.0,9.0,23.0,NaN,0.0,6.0,NaN,NaN,NaN,24.0,7.49,NaN,0.0,9.0,33.0,NaN,0.0,9.0,NaN,NaN,NaN,24.0,45.0,NaN,0.0,0.0,11.0,NaN,0.0,6.0,211.0,NaN,0.0,0.0,7.8,NaN,0.0,6.0,98.0,NaN,0.0,6.0,0.9,NaN,0.0,6.0,NaN,NaN,NaN,24.0,160.0,NaN,0.0,6.0,1.9,NaN,0.0,9.0,2.1,NaN,0.0,6.0,4.4,NaN,0.0,6.0,4.1,NaN,0.0,6.0,0.7,NaN,0.0,0.0,0.01,NaN,0.0,0.0,29.9,NaN,0.0,6.0,9.5,NaN,0.0,6.0,NaN,NaN,NaN,24.0,14.5,NaN,0.0,6.0,NaN,NaN,NaN,24.0,226.0,NaN,0.0,6.0,76.0,1.0,0.0,1.0,-7.6258333333333335,10.0,0.0,1.0,1.0,1.0,0.0,0.0,0.0,1.0,0.0,0.0,1.0,0.0,0.0,0.0,0.0,0.0,NaN,NaN,NaN,4.0,NaN,NaN,NaN
91.0,NaN,0.0,0.0,96.0,NaN,-2.0,0.0,36.83,NaN,-0.12166666666666733,2.0,116.0,NaN,16.0,0.0,67.0,NaN,11.0,0.0,53.0,NaN,11.0,0.0,22.0,NaN,0.0,0.0,NaN,NaN,NaN,24.0,2.0,NaN,0.0,10.0,23.0,NaN,0.0,7.0,NaN,NaN,NaN,24.0,7.49,NaN,0.0,10.0,33.0,NaN,0.0,10.0,NaN,NaN,NaN,24.0,45.0,NaN,0.0,1.0,11.0,NaN,0.0,7.0,211.0,NaN,0.0,1.0,7.8,NaN,0.0,7.0,98.0,NaN,0.0,7.0,0.9,NaN,0.0,7.0,NaN,NaN,NaN,24.0,160.0,NaN,0.0,7.0,1.9,NaN,0.0,10.0,2.1,NaN,0.0,7.0,4.4,NaN,0.0,7.0,4.1,NaN,0.0,7.0,0.7,NaN,0.0,1.0,0.01,NaN,0.0,1.0,29.9,NaN,0.0,7.0,9.5,NaN,0.0,7.0,NaN,NaN,NaN,24.0,14.5,NaN,0.0,7.0,NaN,NaN,NaN,24.0,226.0,NaN,0.0,7.0,76.0,1.0,0.0,1.0,-7.6258333333333335,11.0,0.0,1.0,1.0,1.0,0.0,0.0,0.0,0.0,0.0,0.0,1.0,0.0,0.0,0.0,0.0,0.0,NaN,NaN,NaN,4.0,NaN,NaN,NaN
92.0,NaN,1.0,0.0,97.0,NaN,1.0,0.0,36.83,NaN,-0.10428571428571486,3.0,113.0,NaN,-3.0,0.0,62.0,NaN,-5.0,0.0,45.0,NaN,-8.0,0.0,23.0,NaN,1.0,0.0,NaN,NaN,NaN,24.0,2.0,NaN,0.0,11.0,23.0,NaN,0.0,8.0,NaN,NaN,NaN,24.0,7.49,NaN,0.0,11.0,33.0,NaN,0.0,11.0,NaN,NaN,NaN,24.0,45.0,NaN,0.0,2.0,11.0,NaN,0.0,8.0,211.0,NaN,0.0,2.0,7.8,NaN,0.0,8.0,98.0,NaN,0.0,8.0,0.9,NaN,0.0,8.0,NaN,NaN,NaN,24.0,160.0,NaN,0.0,8.0,1.9,NaN,0.0,11.0,2.1,NaN,0.0,8.0,4.4,NaN,0.0,8.0,4.1,NaN,0.0,8.0,0.7,NaN,0.0,2.0,0.01,NaN,0.0,2.0,29.9,NaN,0.0,8.0,9.5,NaN,0.0,8.0,NaN,NaN,NaN,24.0,14.5,NaN,0.0,8.0,NaN,NaN,NaN,24.0,226.0,NaN,0.0,8.0,76.0,1.0,0.0,1.0,-7.6258333333333335,12.0,0.0,1.0,1.0,1.0,0.0,0.0,0.0,1.0,0.0,0.0,1.0,0.0,0.0,0.0,0.0,0.0,NaN,NaN,NaN,4.0,NaN,NaN,NaN
94.0,NaN,2.0,0.0,96.0,NaN,-1.0,0.0,37.17,NaN,0.08500000000000085,0.0,111.0,NaN,-2.0,0.0,65.0,NaN,3.0,0.0,54.0,NaN,9.0,0.0,21.0,NaN,-2.0,0.0,NaN,NaN,NaN,24.0,2.0,NaN,0.0,12.0,23.0,NaN,0.0,9.0,NaN,NaN,NaN,24.0,7.49,NaN,0.0,12.0,33.0,NaN,0.0,12.0,NaN,NaN,NaN,24.0,45.0,NaN,0.0,3.0,11.0,NaN,0.0,9.0,211.0,NaN,0.0,3.0,7.8,NaN,0.0,9.0,98.0,NaN,0.0,9.0,0.9,NaN,0.0,9.0,NaN,NaN,NaN,24.0,160.0,NaN,0.0,9.0,1.9,NaN,0.0,12.0,2.1,NaN,0.0,9.0,4.4,NaN,0.0,9.0,4.1,NaN,0.0,9.0,0.7,NaN,0.0,3.0,0.01,NaN,0.0,3.0,29.9,NaN,0.0,9.0,9.5,NaN,0.0,9.0,NaN,NaN,NaN,24.0,14.5,NaN,0.0,9.0,NaN,NaN,NaN,24.0,226.0,NaN,0.0,9.0,76.0,1.0,0.0,1.0,-7.6258333333333335,13.0,0.0,1.0,1.0,1.0,0.0,0.0,0.0,1.0,0.0,0.0,1.0,0.0,0.0,0.0,0.0,0.0,NaN,NaN,NaN,4.0,NaN,NaN,NaN
91.0,NaN,-3.0,0.0,94.0,NaN,-2.0,0.0,37.17,NaN,0.06800000000000068,1.0,109.0,NaN,-2.0,0.0,70.0,NaN,5.0,0.0,60.0,NaN,6.0,0.0,24.0,NaN,3.0,0.0,NaN,NaN,NaN,24.0,2.0,NaN,0.0,13.0,23.0,NaN,0.0,10.0,NaN,NaN,NaN,24.0,7.49,NaN,0.0,13.0,33.0,NaN,0.0,13.0,NaN,NaN,NaN,24.0,45.0,NaN,0.0,4.0,11.0,NaN,0.0,10.0,211.0,NaN,0.0,4.0,7.8,NaN,0.0,10.0,98.0,NaN,0.0,10.0,0.9,NaN,0.0,10.0,NaN,NaN,NaN,24.0,160.0,NaN,0.0,10.0,1.9,NaN,0.0,13.0,2.1,NaN,0.0,10.0,4.4,NaN,0.0,10.0,4.1,NaN,0.0,10.0,0.7,NaN,0.0,4.0,0.01,NaN,0.0,4.0,29.9,NaN,0.0,10.0,9.5,NaN,0.0,10.0,NaN,NaN,NaN,24.0,14.5,NaN,0.0,10.0,NaN,NaN,NaN,24.0,226.0,NaN,0.0,10.0,76.0,1.0,0.0,1.0,-7.6258333333333335,14.0,0.0,1.0,1.0,1.0,0.0,0.0,0.0,0.0,0.0,0.0,1.0,0.0,0.0,0.0,0.0,0.0,NaN,NaN,NaN,4.0,NaN,NaN,NaN
87.0,NaN,-4.0,0.0,95.0,NaN,1.0,0.0,37.17,NaN,0.05666666666666723,2.0,107.0,NaN,-2.0,0.0,68.0,NaN,-2.0,0.0,61.0,NaN,1.0,0.0,21.0,NaN,-3.0,0.0,NaN,NaN,NaN,24.0,2.0,NaN,0.0,14.0,23.0,NaN,0.0,11.0,NaN,NaN,NaN,24.0,7.49,NaN,0.0,14.0,33.0,NaN,0.0,14.0,NaN,NaN,NaN,24.0,45.0,NaN,0.0,5.0,11.0,NaN,0.0,11.0,211.0,NaN,0.0,5.0,7.8,NaN,0.0,11.0,98.0,NaN,0.0,11.0,0.9,NaN,0.0,11.0,NaN,NaN,NaN,24.0,160.0,NaN,0.0,11.0,1.9,NaN,0.0,14.0,2.1,NaN,0.0,11.0,4.4,NaN,0.0,11.0,4.1,NaN,0.0,11.0,0.7,NaN,0.0,5.0,0.01,NaN,0.0,5.0,29.9,NaN,0.0,11.0,9.5,NaN,0.0,11.0,NaN,NaN,NaN,24.0,14.5,NaN,0.0,11.0,NaN,NaN,NaN,24.0,226.0,NaN,0.0,11.0,76.0,1.0,0.0,1.0,-7.6258333333333335,15.0,0.0,1.0,0.0,1.0,0.0,0.0,0.0,0.0,0.0,0.0,1.0,0.0,0.0,0.0,0.0,0.0,NaN,NaN,NaN,4.0,NaN,NaN,NaN
83.0,NaN,-4.0,0.0,95.0,NaN,0.0,0.0,37.17,NaN,0.04857142857142906,3.0,107.0,NaN,0.0,0.0,68.0,NaN,0.0,0.0,56.0,NaN,-5.0,0.0,16.0,NaN,-5.0,0.0,NaN,NaN,NaN,24.0,2.0,NaN,0.0,15.0,23.0,NaN,0.0,12.0,NaN,NaN,NaN,24.0,7.49,NaN,0.0,15.0,33.0,NaN,0.0,15.0,NaN,NaN,NaN,24.0,45.0,NaN,0.0,6.0,11.0,NaN,0.0,12.0,211.0,NaN,0.0,6.0,7.8,NaN,0.0,12.0,98.0,NaN,0.0,12.0,0.9,NaN,0.0,12.0,NaN,NaN,NaN,24.0,160.0,NaN,0.0,12.0,1.9,NaN,0.0,15.0,2.1,NaN,0.0,12.0,4.4,NaN,0.0,12.0,4.1,NaN,0.0,12.0,0.7,NaN,0.0,6.0,0.01,NaN,0.0,6.0,29.9,NaN,0.0,12.0,9.5,NaN,0.0,12.0,NaN,NaN,NaN,24.0,14.5,NaN,0.0,12.0,NaN,NaN,NaN,24.0,226.0,NaN,0.0,12.0,76.0,1.0,0.0,1.0,-7.6258333333333335,16.0,0.0,0.0,0.0,1.0,0.0,0.0,0.0,0.0,0.0,0.0,1.0,0.0,0.0,0.0,0.0,0.0,NaN,NaN,NaN,4.0,NaN,NaN,NaN
