NaN,NaN,NaN,24.0,NaN,NaN,NaN,24.0,NaN,NaN,NaN,24.0,NaN,NaN,NaN,24.0,NaN,NaN,NaN,24.0,NaN,NaN,NaN,24.0,NaN,NaN,NaN,24.0,NaN,NaN,NaN,24.0,NaN,NaN,NaN,24.0,NaN,NaN,NaN,24.0,NaN,NaN,NaN,24.0,NaN,NaN,NaN,24.0,NaN,NaN,NaN,24.0,NaN,NaN,NaN,24.0,NaN,NaN,NaN,24.0,NaN,NaN,NaN,24.0,NaN,NaN,NaN,24.0,NaN,NaN,NaN,24.0,NaN,NaN,NaN,24.0,NaN,NaN,NaN,24.0,NaN,NaN,NaN,24.0,NaN,NaN,NaN,24.0,NaN,NaN,NaN,24.0,NaN,NaN,NaN,24.0,NaN,NaN,NaN,24.0,NaN,NaN,NaN,24.0,NaN,NaN,NaN,24.0,NaN,NaN,NaN,24.0,NaN,NaN,NaN,24.0,NaN,NaN,NaN,24.0,NaN,NaN,NaN,24.0,NaN,NaN,NaN,24.0,NaN,NaN,NaN,24.0,NaN,NaN,NaN,24.0,58.0,1.0,0.0,1.0,-3.100277777777778,1.0,0.0,0.0,0.0,0.0,0.0,0.0,0.0,0.0,0.0,0.0,1.0,0.0,0.0,NaN,0.0,0.0,NaN,NaN,NaN,NaN,NaN,NaN,NaN
91.3333333333333,NaN,0.0,0.0,96.0,NaN,0.0,0.0,36.5,NaN,0.0,0.0,126.0,NaN,0.0,0.0,90.0,NaN,0.0,0.0,81.0,NaN,0.0,0.0,18.0,NaN,0.0,0.0,NaN,NaN,NaN,24.0,NaN,NaN,NaN,24.0,NaN,NaN,NaN,24.0,NaN,NaN,NaN,24.0,NaN,NaN,NaN,24.0,NaN,NaN,NaN,24.0,NaN,NaN,NaN,24.0,NaN,NaN,NaN,24.0,NaN,NaN,NaN,24.0,NaN,NaN,NaN,24.0,NaN,NaN,NaN,24.0,NaN,NaN,NaN,24.0,NaN,NaN,NaN,24.0,NaN,NaN,NaN,24.0,NaN,NaN,NaN,24.0,NaN,NaN,NaN,24.0,NaN,NaN,NaN,24.0,NaN,NaN,NaN,24.0,NaN,NaN,NaN,24.0,NaN,NaN,NaN,24.0,NaN,NaN,NaN,24.0,NaN,NaN,NaN,24.0,NaN,NaN,NaN,24.0,NaN,NaN,NaN,24.0,NaN,NaN,NaN,24.0,NaN,NaN,NaN,24.0,NaN,NaN,NaN,24.0,58.0,1.0,0.0,1.0,-3.100277777777778,2.0,0.0,0.0,1.0,0.0,0.0,0.0,0.0,0.0,0.0,0.0,1.0,0.0,0.0,NaN,0.0,0.0,NaN,NaN,NaN,NaN,NaN,NaN,NaN
90.5,NaN,-0.8333333333333002,0.0,97.25,NaN,1.25,0.0,36.5,NaN,0.0,1.0,122.0,NaN,-4.0,0.0,85.75,NaN,-4.25,0.0,74.75,NaN,-6.25,0.0,17.75,NaN,-0.25,0.0,NaN,NaN,NaN,24.0,NaN,NaN,NaN,24.0,20.0,NaN,0.0,0.0,NaN,NaN,NaN,24.0,NaN,NaN,NaN,24.0,NaN,NaN,NaN,24.0,NaN,NaN,NaN,24.0,NaN,NaN,NaN,24.0,18.0,NaN,0.0,0.0,NaN,NaN,NaN,24.0,NaN,NaN,NaN,24.0,106.0,NaN,0.0,0.0,1.1,NaN,0.0,0.0,NaN,NaN,NaN,24.0,108.0,NaN,0.0,0.0,NaN,NaN,NaN,24.0,NaN,NaN,NaN,24.0,NaN,NaN,NaN,24.0,4.0,NaN,0.0,0.0,NaN,NaN,NaN,24.0,NaN,NaN,NaN,24.0,39.0,NaN,0.0,0.0,13.1,NaN,0.0,0.0,NaN,NaN,NaN,24.0,6.6,NaN,0.0,0.0,NaN,NaN,NaN,24.0,176.0,NaN,0.0,0.0,58.0,1.0,0.0,1.0,-3.100277777777778,3.0,0.0,0.0,1.0,0.0,0.0,0.0,0.0,0.0,0.0,0.0,1.0,0.0,0.0,NaN,0.0,0.0,NaN,NaN,NaN,NaN,NaN,NaN,NaN
84.0,NaN,-6.5,0.0,95.0,NaN,-2.25,0.0,36.5,NaN,0.0,2.0,117.5,NaN,-4.5,0.0,83.5,NaN,-2.25,0.0,73.0,NaN,-1.75,0.0,14.0,NaN,-3.75,0.0,NaN,NaN,NaN,24.0,NaN,NaN,NaN,24.0,20.0,NaN,0.0,1.0,NaN,NaN,NaN,24.0,NaN,NaN,NaN,24.0,NaN,NaN,NaN,24.0,NaN,NaN,NaN,24.0,NaN,NaN,NaN,24.0,18.0,NaN,0.0,1.0,NaN,NaN,NaN,24.0,NaN,NaN,NaN,24.0,106.0,NaN,0.0,1.0,1.1,NaN,0.0,1.0,NaN,NaN,NaN,24.0,108.0,NaN,0.0,1.0,NaN,NaN,NaN,24.0,NaN,NaN,NaN,24.0,NaN,NaN,NaN,24.0,4.0,NaN,0.0,1.0,NaN,NaN,NaN,24.0,NaN,NaN,NaN,24.0,39.0,NaN,0.0,1.0,13.1,NaN,0.0,1.0,NaN,NaN,NaN,24.0,6.6,NaN,0.0,1.0,NaN,NaN,NaN,24.0,176.0,NaN,0.0,1.0,58.0,1.0,0.0,1.0,-3.100277777777778,4.0,0.0,0.0,0.0,0.0,0.0,0.0,0.0,0.0,0.0,0.0,1.0,0.0,0.0,NaN,0.0,0.0,NaN,NaN,NaN,NaN,NaN,NaN,NaN
77.0,NaN,-7.0,0.0,95.0,NaN,0.0,0.0,36.5,NaN,0.0,3.0,112.0,NaN,-5.5,0.0,79.0,NaN,-4.5,0.0,72.0,NaN,-1.0,0.0,12.0,NaN,-2.0,0.0,NaN,NaN,NaN,24.0,NaN,NaN,NaN,24.0,20.0,NaN,0.0,2.0,NaN,NaN,NaN,24.0,NaN,NaN,NaN,24.0,NaN,NaN,NaN,24.0,NaN,NaN,NaN,24.0,NaN,NaN,NaN,24.0,18.0,NaN,0.0,2.0,NaN,NaN,NaN,24.0,NaN,NaN,NaN,24.0,106.0,NaN,0.0,2.0,1.1,NaN,0.0,2.0,NaN,NaN,NaN,24.0,108.0,NaN,0.0,2.0,NaN,NaN,NaN,24.0,NaN,NaN,NaN,24.0,NaN,NaN,NaN,24.0,4.0,NaN,0.0,2.0,NaN,NaN,NaN,24.0,NaN,NaN,NaN,24.0,39.0,NaN,0.0,2.0,13.1,NaN,0.0,2.0,NaN,NaN,NaN,24.0,6.6,NaN,0.0,2.0,NaN,NaN,NaN,24.0,176.0,NaN,0.0,2.0,58.0,1.0,0.0,1.0,-3.100277777777778,5.0,0.0,0.0,0.0,0.0,0.0,0.0,0.0,0.0,0.0,0.0,1.0,0.0,0.0,NaN,0.0,0.0,NaN,NaN,NaN,NaN,NaN,NaN,NaN
73.0,NaN,-4.0,0.0,95.0,NaN,0.0,0.0,36.5,NaN,0.0,4.0,126.0,NaN,14.0,0.0,85.0,NaN,6.0,0.0,72.0,NaN,0.0,0.0,15.0,NaN,3.0,0.0,NaN,NaN,NaN,24.0,NaN,NaN,NaN,24.0,20.0,NaN,0.0,3.0,NaN,NaN,NaN,24.0,NaN,NaN,NaN,24.0,NaN,NaN,NaN,24.0,NaN,NaN,NaN,24.0,NaN,NaN,NaN,24.0,18.0,NaN,0.0,3.0,NaN,NaN,NaN,24.0,NaN,NaN,NaN,24.0,106.0,NaN,0.0,3.0,1.1,NaN,0.0,3.0,NaN,NaN,NaN,24.0,108.0,NaN,0.0,3.0,NaN,NaN,NaN,24.0,NaN,NaN,NaN,24.0,NaN,NaN,NaN,24.0,4.0,NaN,0.0,3.0,NaN,NaN,NaN,24.0,NaN,NaN,NaN,24.0,39.0,NaN,0.0,3.0,13.1,NaN,0.0,3.0,NaN,NaN,NaN,24.0,6.6,NaN,0.0,3.0,NaN,NaN,NaN,24.0,176.0,NaN,0.0,3.0,58.0,1.0,0.0,1.0,-3.100277777777778,6.0,0.0,0.0,0.0,0.0,0.0,0.0,0.0,0.0,0.0,0.0,1.0,0.0,0.0,NaN,0.0,0.0,NaN,NaN,NaN,NaN,NaN,NaN,NaN
88.0,NaN,15.0,0.0,96.0,NaN,1.0,0.0,36.94,NaN,0.08799999999999955,0.0,134.0,NaN,8.0,0.0,85.0,NaN,0.0,0.0,70.0,NaN,-2.0,0.0,17.0,NaN,2.0,0.0,NaN,NaN,NaN,24.0,NaN,NaN,NaN,24.0,20.0,NaN,0.0,4.0,NaN,NaN,NaN,24.0,NaN,NaN,NaN,24.0,NaN,NaN,NaN,24.0,NaN,NaN,NaN,24.0,NaN,NaN,NaN,24.0,18.0,NaN,0.0,4.0,NaN,NaN,NaN,24.0,NaN,NaN,NaN,24.0,106.0,NaN,0.0,4.0,1.1,NaN,0.0,4.0,NaN,NaN,NaN,24.0,108.0,NaN,0.0,4.0,NaN,NaN,NaN,24.0,NaN,NaN,NaN,24.0,NaN,NaN,NaN,24.0,4.0,NaN,0.0,4.0,NaN,NaN,NaN,24.0,NaN,NaN,NaN,24.0,39.0,NaN,0.0,4.0,13.1,NaN,0.0,4.0,NaN,NaN,NaN,24.0,6.6,NaN,0.0,4.0,NaN,NaN,NaN,24.0,176.0,NaN,0.0,4.0,58.0,1.0,0.0,1.0,-3.100277777777778,7.0,0.0,0.0,0.0,0.0,0.0,0.0,0.0,0.0,0.0,0.0,1.0,0.0,0.0,NaN,0.0,0.0,NaN,NaN,NaN,NaN,NaN,NaN,NaN
91.0,NaN,3.0,0.0,98.0,NaN,2.0,0.0,36.94,NaN,0.07333333333333296,1.0,130.0,NaN,-4.0,0.0,114.0,NaN,29.0,0.0,108.0,NaN,38.0,0.0,23.0,NaN,6.0,0.0,NaN,NaN,NaN,24.0,NaN,NaN,NaN,24.0,20.0,NaN,0.0,5.0,NaN,NaN,NaN,24.0,NaN,NaN,NaN,24.0,NaN,NaN,NaN,24.0,NaN,NaN,NaN,24.0,NaN,NaN,NaN,24.0,18.0,NaN,0.0,5.0,NaN,NaN,NaN,24.0,NaN,NaN,NaN,24.0,106.0,NaN,0.0,5.0,1.1,NaN,0.0,5.0,NaN,NaN,NaN,24.0,108.0,NaN,0.0,5.0,NaN,NaN,NaN,24.0,NaN,NaN,NaN,24.0,NaN,NaN,NaN,24.0,4.0,NaN,0.0,5.0,NaN,NaN,NaN,24.0,NaN,NaN,NaN,24.0,39.0,NaN,0.0,5.0,13.1,NaN,0.0,5.0,NaN,NaN,NaN,24.0,6.6,NaN,0.0,5.0,NaN,NaN,NaN,24.0,176.0,NaN,0.0,5.0,58.0,1.0,0.0,1.0,-3.100277777777778,8.0,0.0,1.0,1.0,0.0,0.0,0.0,0.0,0.0,0.0,0.0,1.0,0.0,0.0,NaN,0.0,0.0,NaN,NaN,NaN,NaN,NaN,NaN,NaN
90.0,NaN,-1.0,0.0,99.0,NaN,1.0,0.0,36.94,NaN,0.06285714285714253,2.0,135.0,NaN,5.0,0.0,101.0,NaN,-13.0,0.0,90.0,NaN,-18.0,0.0,17.0,NaN,-6.0,0.0,NaN,NaN,NaN,24.0,NaN,NaN,NaN,24.0,20.0,NaN,0.0,6.0,NaN,NaN,NaN,24.0,NaN,NaN,NaN,24.0,NaN,NaN,NaN,24.0,NaN,NaN,NaN,24.0,NaN,NaN,NaN,24.0,18.0,NaN,0.0,6.0,NaN,NaN,NaN,24.0,NaN,NaN,NaN,24.0,106.0,NaN,0.0,6.0,1.1,NaN,0.0,6.0,NaN,NaN,NaN,24.0,108.0,NaN,0.0,6.0,NaN,NaN,NaN,24.0,NaN,NaN,NaN,24.0,NaN,NaN,NaN,24.0,4.0,NaN,0.0,6.0,NaN,NaN,NaN,24.0,NaN,NaN,NaN,24.0,39.0,NaN,0.0,6.0,13.1,NaN,0.0,6.0,NaN,NaN,NaN,24.0,6.6,NaN,0.0,6.0,NaN,NaN,NaN,24.0,176.0,NaN,0.0,6.0,58.0,1.0,0.0,1.0,-3.100277777777778,9.0,0.0,0.0,0.0,0.0,0.0,0.0,0.0,0.0,0.0,0.0,1.0,0.0,0.0,NaN,0.0,0.0,NaN,NaN,NaN,NaN,NaN,NaN,NaN
88.0,NaN,-2.0,0.0,98.0,NaN,-1.0,0.0,36.94,NaN,0.054999999999999716,3.0,132.0,NaN,-3.0,0.0,96.0,NaN,-5.0,0.0,85.0,NaN,-5.0,0.0,18.0,NaN,1.0,0.0,NaN,NaN,NaN,24.0,NaN,NaN,NaN,24.0,20.0,NaN,0.0,7.0,NaN,NaN,NaN,24.0,NaN,NaN,NaN,24.0,NaN,NaN,NaN,24.0,NaN,NaN,NaN,24.0,NaN,NaN,NaN,24.0,18.0,NaN,0.0,7.0,NaN,NaN,NaN,24.0,NaN,NaN,NaN,24.0,106.0,NaN,0.0,7.0,1.1,NaN,0.0,7.0,NaN,NaN,NaN,24.0,108.0,NaN,0.0,7.0,NaN,NaN,NaN,24.0,NaN,NaN,NaN,24.0,NaN,NaN,NaN,24.0,4.0,NaN,0.0,7.0,NaN,NaN,NaN,24.0,NaN,NaN,NaN,24.0,39.0,NaN,0.0,7.0,13.1,NaN,0.0,7.0,NaN,NaN,NaN,24.0,6.6,NaN,0.0,7.0,NaN,NaN,NaN,24.0,176.0,NaN,0.0,7.0,58.0,1.0,0.0,1.0,-3.100277777777778,10.0,0.0,0.0,0.0,0.0,0.0,0.0,0.0,0.0,0.0,0.0,1.0,0.0,0.0,NaN,0.0,0.0,NaN,NaN,NaN,NaN,NaN,NaN,NaN
95.0,NaN,7.0,0.0,96.0,NaN,-2.0,0.0,36.78,NaN,-0.03999999999999915,0.0,132.0,NaN,-1.5,1.0,96.0,NaN,-2.5,1.0,85.0,NaN,-2.5,1.0,17.0,NaN,-1.0,0.0,NaN,NaN,NaN,24.0,NaN,NaN,NaN,24.0,20.0,NaN,0.0,8.0,NaN,NaN,NaN,24.0,NaN,NaN,NaN,24.0,NaN,NaN,NaN,24.0,NaN,NaN,NaN,24.0,NaN,NaN,NaN,24.0,18.0,NaN,0.0,8.0,NaN,NaN,NaN,24.0,NaN,NaN,NaN,24.0,106.0,NaN,0.0,8.0,1.1,NaN,0.0,8.0,NaN,NaN,NaN,24.0,108.0,NaN,0.0,8.0,NaN,NaN,NaN,24.0,NaN,NaN,NaN,24.0,NaN,NaN,NaN,24.0,4.0,NaN,0.0,8.0,NaN,NaN,NaN,24.0,NaN,NaN,NaN,24.0,39.0,NaN,0.0,8.0,13.1,NaN,0.0,8.0,NaN,NaN,NaN,24.0,6.6,NaN,0.0,8.0,NaN,NaN,NaN,24.0,176.0,NaN,0.0,8.0,58.0,1.0,0.0,1.0,-3.100277777777778,11.0,0.0,0.0,1.0,0.0,0.0,0.0,0.0,0.0,0.0,0.0,1.0,0.0,0.0,NaN,0.0,0.0,NaN,NaN,NaN,NaN,NaN,NaN,NaN
76.0,NaN,-19.0,0.0,96.0,NaN,0.0,0.0,36.78,NaN,-0.03199999999999932,1.0,114.0,NaN,-9.0,0.0,67.0,NaN,-14.5,0.0,51.0,NaN,-17.0,0.0,18.0,NaN,1.0,0.0,NaN,NaN,NaN,24.0,NaN,NaN,NaN,24.0,20.0,NaN,0.0,9.0,NaN,NaN,NaN,24.0,NaN,NaN,NaN,24.0,NaN,NaN,NaN,24.0,NaN,NaN,NaN,24.0,NaN,NaN,NaN,24.0,18.0,NaN,0.0,9.0,NaN,NaN,NaN,24.0,NaN,NaN,NaN,24.0,106.0,NaN,0.0,9.0,1.1,NaN,0.0,9.0,NaN,NaN,NaN,24.0,108.0,NaN,0.0,9.0,NaN,NaN,NaN,24.0,NaN,NaN,NaN,24.0,NaN,NaN,NaN,24.0,4.0,NaN,0.0,9.0,NaN,NaN,NaN,24.0,NaN,NaN,NaN,24.0,39.0,NaN,0.0,9.0,13.1,NaN,0.0,9.0,NaN,NaN,NaN,24.0,6.6,NaN,0.0,9.0,NaN,NaN,NaN,24.0,176.0,NaN,0.0,9.0,58.0,1.0,0.0,1.0,-3.100277777777778,12.0,0.0,0.0,0.0,0.0,0.0,0.0,0.0,0.0,0.0,0.0,1.0,0.0,0.0,NaN,0.0,0.0,NaN,NaN,NaN,NaN,NaN,NaN,NaN
73.0,NaN,-3.0,0.0,98.0,NaN,2.0,0.0,36.78,NaN,-0.0266666666666661,2.0,147.0,NaN,33.0,0.0,100.0,NaN,33.0,0.0,85.0,NaN,34.0,0.0,20.0,NaN,2.0,0.0,NaN,NaN,NaN,24.0,NaN,NaN,NaN,24.0,20.0,NaN,0.0,10.0,NaN,NaN,NaN,24.0,NaN,NaN,NaN,24.0,NaN,NaN,NaN,24.0,NaN,NaN,NaN,24.0,NaN,NaN,NaN,24.0,18.0,NaN,0.0,10.0,NaN,NaN,NaN,24.0,NaN,NaN,NaN,24.0,106.0,NaN,0.0,10.0,1.1,NaN,0.0,10.0,NaN,NaN,NaN,24.0,108.0,NaN,0.0,10.0,NaN,NaN,NaN,24.0,NaN,NaN,NaN,24.0,NaN,NaN,NaN,24.0,4.0,NaN,0.0,10.0,NaN,NaN,NaN,24.0,NaN,NaN,NaN,24.0,39.0,NaN,0.0,10.0,13.1,NaN,0.0,10.0,NaN,NaN,NaN,24.0,6.6,NaN,0.0,10.0,NaN,NaN,NaN,24.0,176.0,NaN,0.0,10.0,58.0,1.0,0.0,1.0,-3.100277777777778,13.0,0.0,0.0,0.0,0.0,0.0,0.0,0.0,0.0,0.0,0.0,1.0,0.0,0.0,NaN,0.0,0.0,NaN,NaN,NaN,NaN,NaN,NaN,NaN
86.0,NaN,13.0,0.0,97.0,NaN,-1.0,0.0,36.72,NaN,-0.020000000000000757,0.0,141.0,NaN,-6.0,0.0,100.0,NaN,0.0,0.0,86.0,NaN,1.0,0.0,18.0,NaN,-2.0,0.0,NaN,NaN,NaN,24.0,NaN,NaN,NaN,24.0,20.0,NaN,0.0,11.0,NaN,NaN,NaN,24.0,NaN,NaN,NaN,24.0,NaN,NaN,NaN,24.0,NaN,NaN,NaN,24.0,NaN,NaN,NaN,24.0,18.0,NaN,0.0,11.0,NaN,NaN,NaN,24.0,NaN,NaN,NaN,24.0,106.0,NaN,0.0,11.0,1.1,NaN,0.0,11.0,NaN,NaN,NaN,24.0,108.0,NaN,0.0,11.0,NaN,NaN,NaN,24.0,NaN,NaN,NaN,24.0,NaN,NaN,NaN,24.0,4.0,NaN,0.0,11.0,NaN,NaN,NaN,24.0,NaN,NaN,NaN,24.0,39.0,NaN,0.0,11.0,13.1,NaN,0.0,11.0,NaN,NaN,NaN,24.0,6.6,NaN,0.0,11.0,NaN,NaN,NaN,24.0,176.0,NaN,0.0,11.0,58.0,1.0,0.0,1.0,-3.100277777777778,14.0,0.0,0.0,0.0,0.0,0.0,0.0,0.0,0.0,0.0,0.0,1.0,0.0,0.0,NaN,0.0,0.0,NaN,NaN,NaN,NaN,NaN,NaN,NaN
