NaN,NaN,NaN,24.0,NaN,NaN,NaN,24.0,NaN,NaN,NaN,24.0,NaN,NaN,NaN,24.0,NaN,NaN,NaN,24.0,NaN,NaN,NaN,24.0,NaN,NaN,NaN,24.0,NaN,NaN,NaN,24.0,NaN,NaN,NaN,24.0,NaN,NaN,NaN,24.0,NaN,NaN,NaN,24.0,NaN,NaN,NaN,24.0,NaN,NaN,NaN,24.0,NaN,NaN,NaN,24.0,NaN,NaN,NaN,24.0,NaN,NaN,NaN,24.0,NaN,NaN,NaN,24.0,NaN,NaN,NaN,24.0,NaN,NaN,NaN,24.0,NaN,NaN,NaN,24.0,NaN,NaN,NaN,24.0,NaN,NaN,NaN,24.0,NaN,NaN,NaN,24.0,NaN,NaN,NaN,24.0,NaN,NaN,NaN,24.0,NaN,NaN,NaN,24.0,NaN,NaN,NaN,24.0,NaN,NaN,NaN,24.0,NaN,NaN,NaN,24.0,NaN,NaN,NaN,24.0,NaN,NaN,NaN,24.0,NaN,NaN,NaN,24.0,NaN,NaN,NaN,24.0,NaN,NaN,NaN,24.0,88.0,0.0,0.0,1.0,-2.754722222222222,1.0,0.0,0.0,0.0,0.0,0.0,0.0,0.0,0.0,0.0,0.0,1.0,0.0,0.0,NaN,1.0,0.0,NaN,NaN,NaN,NaN,NaN,NaN,NaN
91.0,NaN,0.0,0.0,88.0,NaN,0.0,0.0,34.44,NaN,0.0,0.0,102.0,NaN,0.0,0.0,74.0,NaN,0.0,0.0,66.0,NaN,0.0,0.0,23.0,NaN,0.0,0.0,NaN,NaN,NaN,24.0,3.0,NaN,0.0,0.0,NaN,NaN,NaN,24.0,NaN,NaN,NaN,24.0,7.17,NaN,0.0,0.0,97.0,NaN,0.0,0.0,NaN,NaN,NaN,24.0,NaN,NaN,NaN,24.0,NaN,NaN,NaN,24.0,NaN,NaN,NaN,24.0,NaN,NaN,NaN,24.0,NaN,NaN,NaN,24.0,NaN,NaN,NaN,24.0,NaN,NaN,NaN,24.0,NaN,NaN,NaN,24.0,NaN,NaN,NaN,24.0,NaN,NaN,NaN,24.0,NaN,NaN,NaN,24.0,NaN,NaN,NaN,24.0,NaN,NaN,NaN,24.0,NaN,NaN,NaN,24.0,NaN,NaN,NaN,24.0,NaN,NaN,NaN,24.0,NaN,NaN,NaN,24.0,NaN,NaN,NaN,24.0,NaN,NaN,NaN,24.0,NaN,NaN,NaN,24.0,88.0,0.0,0.0,1.0,-2.754722222222222,2.0,1.0,1.0,1.0,0.0,0.0,0.0,0.0,0.0,0.0,0.0,1.0,0.0,0.0,NaN,1.0,0.0,NaN,NaN,NaN,NaN,NaN,NaN,NaN
86.3846153846154,NaN,-4.615384615384599,0.0,99.0,NaN,11.0,0.0,34.44,NaN,0.0,1.0,96.3636363636364,NaN,-5.636363636363598,0.0,70.5454545454545,NaN,-3.454545454545496,0.0,57.7272727272727,NaN,-8.272727272727302,0.0,20.1538461538462,NaN,-2.8461538461538005,0.0,NaN,NaN,NaN,24.0,1.0,NaN,-2.0,0.0,35.0,NaN,0.0,0.0,NaN,NaN,NaN,24.0,7.17,NaN,0.0,0.0,90.0,NaN,-7.0,0.0,NaN,NaN,NaN,24.0,NaN,NaN,NaN,24.0,24.0,NaN,0.0,0.0,NaN,NaN,NaN,24.0,8.2,NaN,0.0,0.0,106.0,NaN,0.0,0.0,0.8,NaN,0.0,0.0,NaN,NaN,NaN,24.0,247.0,NaN,0.0,0.0,0.9,NaN,0.0,0.0,3.3,NaN,0.0,0.0,6.4,NaN,0.0,0.0,3.5,NaN,0.0,0.0,NaN,NaN,NaN,24.0,NaN,NaN,NaN,24.0,35.3,NaN,0.0,0.0,11.4,NaN,0.0,0.0,28.2,NaN,0.0,0.0,8.9,NaN,0.0,0.0,486.0,NaN,0.0,0.0,248.0,NaN,0.0,0.0,88.0,0.0,0.0,1.0,-2.754722222222222,3.0,1.0,1.0,0.0,0.0,0.0,0.0,0.0,0.0,0.0,0.0,1.0,0.0,0.0,NaN,1.0,0.0,NaN,NaN,NaN,NaN,NaN,NaN,NaN
81.0909090909091,NaN,-5.2937062937063075,0.0,97.3333333333333,NaN,-1.6666666666666998,0.0,34.44,NaN,0.0,2.0,85.0909090909091,NaN,-11.272727272727309,0.0,59.2272727272727,NaN,-11.318181818181806,0.0,44.5454545454545,NaN,-13.181818181818201,0.0,16.4545454545455,NaN,-3.6993006993007,0.0,NaN,NaN,NaN,24.0,1.0,NaN,-1.0,1.0,35.0,NaN,0.0,1.0,NaN,NaN,NaN,24.0,7.17,NaN,0.0,1.0,90.0,NaN,-3.5,1.0,NaN,NaN,NaN,24.0,NaN,NaN,NaN,24.0,24.0,NaN,0.0,1.0,NaN,NaN,NaN,24.0,8.2,NaN,0.0,1.0,106.0,NaN,0.0,1.0,0.8,NaN,0.0,1.0,NaN,NaN,NaN,24.0,247.0,NaN,0.0,1.0,0.9,NaN,0.0,1.0,3.3,NaN,0.0,1.0,6.4,NaN,0.0,1.0,3.5,NaN,0.0,1.0,NaN,NaN,NaN,24.0,NaN,NaN,NaN,24.0,35.3,NaN,0.0,1.0,11.4,NaN,0.0,1.0,28.2,NaN,0.0,1.0,8.9,NaN,0.0,1.0,486.0,NaN,0.0,1.0,248.0,NaN,0.0,1.0,88.0,0.0,0.0,1.0,-2.754722222222222,4.0,1.0,0.0,0.0,0.0,0.0,0.0,0.0,1.0,0.0,0.0,1.0,0.0,0.0,NaN,1.0,0.0,NaN,NaN,NaN,NaN,NaN,NaN,NaN
76.0,NaN,-5.0909090909090935,0.0,100.0,NaN,2.6666666666667,0.0,35.22,NaN,0.2600000000000004,0.0,64.0,NaN,-21.090909090909093,0.0,40.0,NaN,-19.227272727272698,0.0,28.0,NaN,-16.545454545454497,0.0,19.0,NaN,2.5454545454545006,0.0,NaN,NaN,NaN,24.0,1.0,NaN,-0.6666666666666666,2.0,35.0,NaN,0.0,2.0,NaN,NaN,NaN,24.0,7.17,NaN,0.0,2.0,90.0,NaN,-2.3333333333333335,2.0,NaN,NaN,NaN,24.0,NaN,NaN,NaN,24.0,24.0,NaN,0.0,2.0,NaN,NaN,NaN,24.0,8.2,NaN,0.0,2.0,106.0,NaN,0.0,2.0,0.8,NaN,0.0,2.0,NaN,NaN,NaN,24.0,247.0,NaN,0.0,2.0,0.9,NaN,0.0,2.0,3.3,NaN,0.0,2.0,6.4,NaN,0.0,2.0,3.5,NaN,0.0,2.0,NaN,NaN,NaN,24.0,NaN,NaN,NaN,24.0,35.3,NaN,0.0,2.0,11.4,NaN,0.0,2.0,28.2,NaN,0.0,2.0,8.9,NaN,0.0,2.0,486.0,NaN,0.0,2.0,248.0,NaN,0.0,2.0,88.0,0.0,0.0,1.0,-2.754722222222222,5.0,1.0,0.0,0.0,0.0,0.0,0.0,0.0,1.0,0.0,0.0,1.0,0.0,0.0,NaN,1.0,0.0,NaN,NaN,NaN,NaN,NaN,NaN,NaN
69.0,NaN,-7.0,0.0,100.0,NaN,0.0,0.0,35.22,NaN,0.19500000000000028,1.0,64.0,NaN,0.0,0.0,39.0,NaN,-1.0,0.0,28.0,NaN,0.0,0.0,26.0,NaN,7.0,0.0,NaN,NaN,NaN,24.0,1.0,NaN,-0.5,3.0,35.0,NaN,0.0,3.0,NaN,NaN,NaN,24.0,7.17,NaN,0.0,3.0,90.0,NaN,-1.75,3.0,NaN,NaN,NaN,24.0,NaN,NaN,NaN,24.0,24.0,NaN,0.0,3.0,NaN,NaN,NaN,24.0,8.2,NaN,0.0,3.0,106.0,NaN,0.0,3.0,0.8,NaN,0.0,3.0,NaN,NaN,NaN,24.0,247.0,NaN,0.0,3.0,0.9,NaN,0.0,3.0,3.3,NaN,0.0,3.0,6.4,NaN,0.0,3.0,3.5,NaN,0.0,3.0,NaN,NaN,NaN,24.0,NaN,NaN,NaN,24.0,35.3,NaN,0.0,3.0,11.4,NaN,0.0,3.0,28.2,NaN,0.0,3.0,8.9,NaN,0.0,3.0,486.0,NaN,0.0,3.0,248.0,NaN,0.0,3.0,88.0,0.0,0.0,1.0,-2.754722222222222,6.0,1.0,1.0,0.0,0.0,0.0,0.0,0.0,1.0,0.0,0.0,1.0,0.0,0.0,NaN,1.0,0.0,NaN,NaN,NaN,NaN,NaN,NaN,NaN
80.0,NaN,11.0,0.0,84.0,NaN,-16.0,0.0,35.22,NaN,0.15600000000000022,2.0,71.0,NaN,7.0,0.0,40.0,NaN,1.0,0.0,27.0,NaN,-1.0,0.0,32.0,NaN,6.0,0.0,NaN,NaN,NaN,24.0,1.0,NaN,-0.4,4.0,35.0,NaN,0.0,4.0,NaN,NaN,NaN,24.0,7.17,NaN,0.0,4.0,90.0,NaN,-1.4,4.0,NaN,NaN,NaN,24.0,NaN,NaN,NaN,24.0,24.0,NaN,0.0,4.0,NaN,NaN,NaN,24.0,8.2,NaN,0.0,4.0,106.0,NaN,0.0,4.0,0.8,NaN,0.0,4.0,NaN,NaN,NaN,24.0,247.0,NaN,0.0,4.0,0.9,NaN,0.0,4.0,3.3,NaN,0.0,4.0,6.4,NaN,0.0,4.0,3.5,NaN,0.0,4.0,NaN,NaN,NaN,24.0,NaN,NaN,NaN,24.0,35.3,NaN,0.0,4.0,11.4,NaN,0.0,4.0,28.2,NaN,0.0,4.0,8.9,NaN,0.0,4.0,486.0,NaN,0.0,4.0,248.0,NaN,0.0,4.0,88.0,0.0,0.0,1.0,-2.754722222222222,7.0,1.0,1.0,0.0,0.0,0.0,0.0,0.0,1.0,0.0,0.0,1.0,0.0,0.0,NaN,1.0,0.0,NaN,NaN,NaN,NaN,NaN,NaN,NaN
91.0,NaN,11.0,0.0,82.0,NaN,-2.0,0.0,35.22,NaN,0.1300000000000002,3.0,88.0,NaN,17.0,0.0,56.0,NaN,16.0,0.0,40.0,NaN,13.0,0.0,29.0,NaN,-3.0,0.0,NaN,NaN,NaN,24.0,1.0,NaN,-0.3333333333333333,5.0,35.0,NaN,0.0,5.0,NaN,NaN,NaN,24.0,7.17,NaN,0.0,5.0,90.0,NaN,-1.1666666666666667,5.0,NaN,NaN,NaN,24.0,NaN,NaN,NaN,24.0,24.0,NaN,0.0,5.0,NaN,NaN,NaN,24.0,8.2,NaN,0.0,5.0,106.0,NaN,0.0,5.0,0.8,NaN,0.0,5.0,NaN,NaN,NaN,24.0,247.0,NaN,0.0,5.0,0.9,NaN,0.0,5.0,3.3,NaN,0.0,5.0,6.4,NaN,0.0,5.0,3.5,NaN,0.0,5.0,NaN,NaN,NaN,24.0,NaN,NaN,NaN,24.0,35.3,NaN,0.0,5.0,11.4,NaN,0.0,5.0,28.2,NaN,0.0,5.0,8.9,NaN,0.0,5.0,486.0,NaN,0.0,5.0,248.0,NaN,0.0,5.0,88.0,0.0,0.0,1.0,-2.754722222222222,8.0,1.0,1.0,1.0,0.0,0.0,0.0,0.0,1.0,0.0,0.0,1.0,0.0,0.0,NaN,1.0,0.0,NaN,NaN,NaN,NaN,NaN,NaN,NaN
95.0,NaN,4.0,0.0,86.0,NaN,4.0,0.0,35.22,NaN,0.11142857142857159,4.0,83.0,NaN,-5.0,0.0,54.0,NaN,-2.0,0.0,40.0,NaN,0.0,0.0,34.0,NaN,5.0,0.0,NaN,NaN,NaN,24.0,1.0,NaN,-0.2857142857142857,6.0,35.0,NaN,0.0,6.0,NaN,NaN,NaN,24.0,7.17,NaN,0.0,6.0,90.0,NaN,-1.0,6.0,NaN,NaN,NaN,24.0,NaN,NaN,NaN,24.0,24.0,NaN,0.0,6.0,NaN,NaN,NaN,24.0,8.2,NaN,0.0,6.0,106.0,NaN,0.0,6.0,0.8,NaN,0.0,6.0,NaN,NaN,NaN,24.0,247.0,NaN,0.0,6.0,0.9,NaN,0.0,6.0,3.3,NaN,0.0,6.0,6.4,NaN,0.0,6.0,3.5,NaN,0.0,6.0,NaN,NaN,NaN,24.0,NaN,NaN,NaN,24.0,35.3,NaN,0.0,6.0,11.4,NaN,0.0,6.0,28.2,NaN,0.0,6.0,8.9,NaN,0.0,6.0,486.0,NaN,0.0,6.0,248.0,NaN,0.0,6.0,88.0,0.0,0.0,1.0,-2.754722222222222,9.0,1.0,1.0,1.0,0.0,0.0,0.0,0.0,1.0,0.0,0.0,1.0,0.0,0.0,NaN,1.0,0.0,NaN,NaN,NaN,NaN,NaN,NaN,NaN
104.0,NaN,9.0,0.0,81.0,NaN,-5.0,0.0,35.22,NaN,0.09750000000000014,5.0,86.0,NaN,3.0,0.0,56.0,NaN,2.0,0.0,41.0,NaN,1.0,0.0,32.0,NaN,-2.0,0.0,NaN,NaN,NaN,24.0,1.0,NaN,-0.25,7.0,35.0,NaN,0.0,7.0,NaN,NaN,NaN,24.0,7.17,NaN,0.0,7.0,90.0,NaN,-0.875,7.0,NaN,NaN,NaN,24.0,NaN,NaN,NaN,24.0,24.0,NaN,0.0,7.0,NaN,NaN,NaN,24.0,8.2,NaN,0.0,7.0,106.0,NaN,0.0,7.0,0.8,NaN,0.0,7.0,NaN,NaN,NaN,24.0,247.0,NaN,0.0,7.0,0.9,NaN,0.0,7.0,3.3,NaN,0.0,7.0,6.4,NaN,0.0,7.0,3.5,NaN,0.0,7.0,NaN,NaN,NaN,24.0,NaN,NaN,NaN,24.0,35.3,NaN,0.0,7.0,11.4,NaN,0.0,7.0,28.2,NaN,0.0,7.0,8.9,NaN,0.0,7.0,486.0,NaN,0.0,7.0,248.0,NaN,0.0,7.0,88.0,0.0,0.0,1.0,-2.754722222222222,10.0,1.0,1.0,1.0,0.0,0.0,0.0,0.0,1.0,0.0,0.0,1.0,0.0,0.0,NaN,1.0,0.0,NaN,NaN,NaN,NaN,NaN,NaN,NaN
94.0,NaN,-10.0,0.0,77.0,NaN,-4.0,0.0,35.22,NaN,0.0866666666666668,6.0,74.5,NaN,-11.5,0.0,50.5,NaN,-5.5,0.0,40.5,NaN,-0.5,0.0,22.0,NaN,-10.0,0.0,NaN,NaN,NaN,24.0,1.0,NaN,-0.2222222222222222,8.0,35.0,NaN,0.0,8.0,NaN,NaN,NaN,24.0,7.17,NaN,0.0,8.0,90.0,NaN,-0.7777777777777778,8.0,NaN,NaN,NaN,24.0,NaN,NaN,NaN,24.0,24.0,NaN,0.0,8.0,NaN,NaN,NaN,24.0,8.2,NaN,0.0,8.0,106.0,NaN,0.0,8.0,0.8,NaN,0.0,8.0,NaN,NaN,NaN,24.0,247.0,NaN,0.0,8.0,0.9,NaN,0.0,8.0,3.3,NaN,0.0,8.0,6.4,NaN,0.0,8.0,3.5,NaN,0.0,8.0,NaN,NaN,NaN,24.0,NaN,NaN,NaN,24.0,35.3,NaN,0.0,8.0,11.4,NaN,0.0,8.0,28.2,NaN,0.0,8.0,8.9,NaN,0.0,8.0,486.0,NaN,0.0,8.0,248.0,NaN,0.0,8.0,88.0,0.0,0.0,1.0,-2.754722222222222,11.0,1.0,1.0,1.0,0.0,0.0,0.0,0.0,1.0,0.0,0.0,1.0,0.0,0.0,NaN,1.0,0.0,NaN,NaN,NaN,NaN,NaN,NaN,NaN
100.0,NaN,6.0,0.0,77.0,NaN,0.0,0.0,35.22,NaN,0.07800000000000011,7.0,74.5,NaN,-5.75,1.0,50.5,NaN,-2.75,1.0,40.5,NaN,-0.25,1.0,32.0,NaN,10.0,0.0,NaN,NaN,NaN,24.0,1.0,NaN,-0.2,9.0,35.0,NaN,0.0,9.0,NaN,NaN,NaN,24.0,7.17,NaN,0.0,9.0,90.0,NaN,-0.7,9.0,NaN,NaN,NaN,24.0,NaN,NaN,NaN,24.0,24.0,NaN,0.0,9.0,NaN,NaN,NaN,24.0,8.2,NaN,0.0,9.0,106.0,NaN,0.0,9.0,0.8,NaN,0.0,9.0,NaN,NaN,NaN,24.0,247.0,NaN,0.0,9.0,0.9,NaN,0.0,9.0,3.3,NaN,0.0,9.0,6.4,NaN,0.0,9.0,3.5,NaN,0.0,9.0,NaN,NaN,NaN,24.0,NaN,NaN,NaN,24.0,35.3,NaN,0.0,9.0,11.4,NaN,0.0,9.0,28.2,NaN,0.0,9.0,8.9,NaN,0.0,9.0,486.0,NaN,0.0,9.0,248.0,NaN,0.0,9.0,88.0,0.0,0.0,1.0,-2.754722222222222,12.0,1.0,1.0,1.0,0.0,0.0,0.0,0.0,0.0,0.0,0.0,1.0,0.0,0.0,NaN,1.0,0.0,NaN,NaN,NaN,NaN,NaN,NaN,NaN
111.0,NaN,11.0,0.0,77.0,NaN,0.0,0.0,35.22,NaN,0.07090909090909102,8.0,73.0,NaN,-0.75,0.0,42.0,NaN,-4.25,0.0,33.0,NaN,-3.75,0.0,28.0,NaN,-4.0,0.0,NaN,NaN,NaN,24.0,1.0,NaN,-0.18181818181818182,10.0,35.0,NaN,0.0,10.0,NaN,NaN,NaN,24.0,7.17,NaN,0.0,10.0,90.0,NaN,-0.6363636363636364,10.0,NaN,NaN,NaN,24.0,NaN,NaN,NaN,24.0,24.0,NaN,0.0,10.0,NaN,NaN,NaN,24.0,8.2,NaN,0.0,10.0,106.0,NaN,0.0,10.0,0.8,NaN,0.0,10.0,NaN,NaN,NaN,24.0,247.0,NaN,0.0,10.0,0.9,NaN,0.0,10.0,3.3,NaN,0.0,10.0,6.4,NaN,0.0,10.0,3.5,NaN,0.0,10.0,NaN,NaN,NaN,24.0,NaN,NaN,NaN,24.0,35.3,NaN,0.0,10.0,11.4,NaN,0.0,10.0,28.2,NaN,0.0,10.0,8.9,NaN,0.0,10.0,486.0,NaN,0.0,10.0,248.0,NaN,0.0,10.0,88.0,0.0,0.0,1.0,-2.754722222222222,13.0,1.0,1.0,1.0,0.0,0.0,0.0,0.0,1.0,0.0,0.0,1.0,0.0,0.0,NaN,1.0,0.0,NaN,NaN,NaN,NaN,NaN,NaN,NaN
