137.0,NaN,NaN,24.0,90.0,NaN,NaN,24.0,NaN,NaN,NaN,24.0,159.0,NaN,NaN,24.0,129.0,NaN,NaN,24.0,119.0,NaN,NaN,24.0,38.0,NaN,NaN,24.0,NaN,NaN,NaN,24.0,0.0,NaN,NaN,24.0,NaN,NaN,NaN,24.0,1.0,NaN,NaN,24.0,7.53,NaN,NaN,24.0,25.0,NaN,NaN,24.0,NaN,NaN,NaN,24.0,NaN,NaN,NaN,24.0,NaN,NaN,NaN,24.0,NaN,NaN,NaN,24.0,NaN,NaN,NaN,24.0,NaN,NaN,NaN,24.0,NaN,NaN,NaN,24.0,NaN,NaN,NaN,24.0,NaN,NaN,NaN,24.0,4.4,NaN,NaN,24.0,NaN,NaN,NaN,24.0,NaN,NaN,NaN,24.0,NaN,NaN,NaN,24.0,NaN,NaN,NaN,24.0,NaN,NaN,NaN,24.0,NaN,NaN,NaN,24.0,NaN,NaN,NaN,24.0,NaN,NaN,NaN,24.0,NaN,NaN,NaN,24.0,NaN,NaN,NaN,24.0,NaN,NaN,NaN,24.0,57.0,1.0,1.0,0.0,-166.71083333333334,1.0,0.0,1.0,1.0,0.0,3.0,0.0,0.0,0.0,1.0,0.0,1.0,0.0,1.0,1.0,1.0,0.0,3.0,5.0,5.0,5.0,NaN,NaN,NaN
161.0,NaN,24.0,0.0,91.0,NaN,1.0,0.0,36.22,NaN,0.0,0.0,121.0,NaN,-38.0,0.0,104.0,NaN,-25.0,0.0,98.0,NaN,-21.0,0.0,27.0,NaN,-11.0,0.0,NaN,NaN,NaN,24.0,0.0,NaN,0.0,0.0,19.0,NaN,0.0,0.0,1.0,NaN,0.0,1.0,7.5,NaN,-0.03000000000000025,0.0,28.0,NaN,3.0,0.0,NaN,NaN,NaN,24.0,NaN,NaN,NaN,24.0,16.0,NaN,0.0,0.0,NaN,NaN,NaN,24.0,8.1,NaN,0.0,0.0,106.0,NaN,0.0,0.0,0.6,NaN,0.0,0.0,NaN,NaN,NaN,24.0,127.0,NaN,0.0,0.0,3.8,NaN,-0.6000000000000005,0.0,1.9,NaN,0.0,0.0,2.8,NaN,0.0,0.0,5.0,NaN,0.0,0.0,NaN,NaN,NaN,24.0,NaN,NaN,NaN,24.0,NaN,NaN,NaN,24.0,NaN,NaN,NaN,24.0,NaN,NaN,NaN,24.0,NaN,NaN,NaN,24.0,NaN,NaN,NaN,24.0,NaN,NaN,NaN,24.0,57.0,1.0,1.0,0.0,-166.71083333333334,2.0,0.0,1.0,1.0,0.0,0.0,0.0,0.0,0.0,1.0,0.0,1.0,1.0,1.0,1.0,1.0,0.0,3.0,5.0,5.0,5.0,NaN,NaN,NaN
109.0,NaN,-52.0,0.0,96.0,NaN,5.0,0.0,36.22,NaN,0.0,1.0,107.0,NaN,-14.0,0.0,84.0,NaN,-20.0,0.0,78.0,NaN,-20.0,0.0,21.0,NaN,-6.0,0.0,NaN,NaN,NaN,24.0,0.0,NaN,0.0,1.0,19.0,NaN,0.0,1.0,1.0,NaN,0.0,2.0,7.5,NaN,-0.015000000000000124,1.0,28.0,NaN,1.5,1.0,NaN,NaN,NaN,24.0,NaN,NaN,NaN,24.0,16.0,NaN,0.0,1.0,NaN,NaN,NaN,24.0,8.1,NaN,0.0,1.0,106.0,NaN,0.0,1.0,0.6,NaN,0.0,1.0,NaN,NaN,NaN,24.0,127.0,NaN,0.0,1.0,3.8,NaN,-0.30000000000000027,1.0,1.9,NaN,0.0,1.0,2.8,NaN,0.0,1.0,5.0,NaN,0.0,1.0,NaN,NaN,NaN,24.0,NaN,NaN,NaN,24.0,NaN,NaN,NaN,24.0,NaN,NaN,NaN,24.0,NaN,NaN,NaN,24.0,NaN,NaN,NaN,24.0,NaN,NaN,NaN,24.0,NaN,NaN,NaN,24.0,57.0,1.0,1.0,0.0,-166.71083333333334,3.0,0.0,1.0,1.0,0.0,0.0,0.0,0.0,0.0,0.0,0.0,1.0,1.0,1.0,1.0,1.0,0.0,3.0,5.0,5.0,5.0,NaN,NaN,NaN
108.0,NaN,-1.0,0.0,96.5,NaN,0.5,0.0,36.22,NaN,0.0,2.0,104.0,NaN,-3.0,0.0,81.0,NaN,-3.0,0.0,74.0,NaN,-4.0,0.0,22.5,NaN,1.5,0.0,NaN,NaN,NaN,24.0,0.0,NaN,0.0,2.0,19.0,NaN,0.0,2.0,1.0,NaN,0.0,3.0,7.5,NaN,-0.010000000000000083,2.0,28.0,NaN,1.0,2.0,NaN,NaN,NaN,24.0,NaN,NaN,NaN,24.0,16.0,NaN,0.0,2.0,NaN,NaN,NaN,24.0,8.1,NaN,0.0,2.0,106.0,NaN,0.0,2.0,0.6,NaN,0.0,2.0,NaN,NaN,NaN,24.0,127.0,NaN,0.0,2.0,3.8,NaN,-0.20000000000000018,2.0,1.9,NaN,0.0,2.0,2.8,NaN,0.0,2.0,5.0,NaN,0.0,2.0,NaN,NaN,NaN,24.0,NaN,NaN,NaN,24.0,NaN,NaN,NaN,24.0,NaN,NaN,NaN,24.0,NaN,NaN,NaN,24.0,NaN,NaN,NaN,24.0,NaN,NaN,NaN,24.0,NaN,NaN,NaN,24.0,57.0,1.0,1.0,0.0,-166.71083333333334,4.0,0.0,1.0,1.0,0.0,0.0,0.0,0.0,0.0,0.0,0.0,1.0,1.0,1.0,1.0,1.0,0.0,3.0,5.0,5.0,5.0,NaN,NaN,NaN
102.75,NaN,-5.25,0.0,93.3333333333333,NaN,-3.1666666666667,0.0,38.33,NaN,0.7033333333333331,0.0,88.75,NaN,-15.25,0.0,65.25,NaN,-15.75,0.0,58.25,NaN,-15.75,0.0,22.25,NaN,-0.25,0.0,NaN,NaN,NaN,24.0,0.0,NaN,0.0,3.0,19.0,NaN,0.0,3.0,1.0,NaN,0.0,4.0,7.5,NaN,-0.007500000000000062,3.0,28.0,NaN,0.75,3.0,NaN,NaN,NaN,24.0,NaN,NaN,NaN,24.0,16.0,NaN,0.0,3.0,NaN,NaN,NaN,24.0,8.1,NaN,0.0,3.0,106.0,NaN,0.0,3.0,0.6,NaN,0.0,3.0,NaN,NaN,NaN,24.0,127.0,NaN,0.0,3.0,3.8,NaN,-0.15000000000000013,3.0,1.9,NaN,0.0,3.0,2.8,NaN,0.0,3.0,5.0,NaN,0.0,3.0,NaN,NaN,NaN,24.0,NaN,NaN,NaN,24.0,NaN,NaN,NaN,24.0,NaN,NaN,NaN,24.0,NaN,NaN,NaN,24.0,NaN,NaN,NaN,24.0,NaN,NaN,NaN,24.0,NaN,NaN,NaN,24.0,57.0,1.0,1.0,0.0,-166.71083333333334,5.0,1.0,1.0,1.0,0.0,0.0,0.0,0.0,1.0,0.0,0.0,1.0,1.0,1.0,1.0,1.0,0.0,3.0,5.0,5.0,5.0,NaN,NaN,NaN
101.75,NaN,-1.0,0.0,91.75,NaN,-1.5833333333333002,0.0,38.33,NaN,0.5274999999999999,1.0,92.5,NaN,3.75,0.0,60.5,NaN,-4.75,0.0,51.5,NaN,-6.75,0.0,19.25,NaN,-3.0,0.0,NaN,NaN,NaN,24.0,0.0,NaN,0.0,4.0,19.0,NaN,0.0,4.0,1.0,NaN,0.0,5.0,7.5,NaN,-0.0060000000000000496,4.0,28.0,NaN,0.6,4.0,NaN,NaN,NaN,24.0,NaN,NaN,NaN,24.0,16.0,NaN,0.0,4.0,NaN,NaN,NaN,24.0,8.1,NaN,0.0,4.0,106.0,NaN,0.0,4.0,0.6,NaN,0.0,4.0,NaN,NaN,NaN,24.0,127.0,NaN,0.0,4.0,3.8,NaN,-0.1200000000000001,4.0,1.9,NaN,0.0,4.0,2.8,NaN,0.0,4.0,5.0,NaN,0.0,4.0,NaN,NaN,NaN,24.0,NaN,NaN,NaN,24.0,NaN,NaN,NaN,24.0,NaN,NaN,NaN,24.0,NaN,NaN,NaN,24.0,NaN,NaN,NaN,24.0,NaN,NaN,NaN,24.0,NaN,NaN,NaN,24.0,57.0,1.0,1.0,0.0,-166.71083333333334,6.0,1.0,0.0,1.0,0.0,0.0,0.0,0.0,1.0,0.0,0.0,1.0,1.0,1.0,1.0,1.0,0.0,3.0,5.0,5.0,5.0,NaN,NaN,NaN
85.3333333333333,NaN,-16.4166666666667,0.0,94.6666666666667,NaN,2.9166666666667,0.0,37.78,NaN,-0.2749999999999986,0.0,95.0,NaN,2.5,0.0,63.6666666666667,NaN,3.1666666666667,0.0,54.6666666666667,NaN,3.1666666666667,0.0,16.6666666666667,NaN,-2.5833333333333,0.0,NaN,NaN,NaN,24.0,0.0,NaN,0.0,5.0,19.0,NaN,0.0,5.0,0.7,NaN,-0.05000000000000001,0.0,7.5,NaN,-0.005000000000000042,5.0,28.0,NaN,0.5,5.0,NaN,NaN,NaN,24.0,NaN,NaN,NaN,24.0,16.0,NaN,0.0,5.0,NaN,NaN,NaN,24.0,8.1,NaN,0.0,5.0,106.0,NaN,0.0,5.0,0.6,NaN,0.0,5.0,NaN,NaN,NaN,24.0,127.0,NaN,0.0,5.0,3.8,NaN,-0.10000000000000009,5.0,1.9,NaN,0.0,5.0,2.8,NaN,0.0,5.0,5.0,NaN,0.0,5.0,NaN,NaN,NaN,24.0,NaN,NaN,NaN,24.0,NaN,NaN,NaN,24.0,NaN,NaN,NaN,24.0,NaN,NaN,NaN,24.0,NaN,NaN,NaN,24.0,NaN,NaN,NaN,24.0,NaN,NaN,NaN,24.0,57.0,1.0,1.0,0.0,-166.71083333333334,7.0,0.0,0.0,0.0,0.0,3.0,0.0,0.0,1.0,0.0,0.0,1.0,1.0,1.0,1.0,1.0,0.0,3.0,5.0,5.0,5.0,NaN,NaN,NaN
71.3333333333333,NaN,-14.0,0.0,95.5,NaN,0.8333333333333002,0.0,37.0,NaN,-0.7800000000000011,0.0,94.5,NaN,-0.5,0.0,69.0,NaN,5.3333333333333,0.0,61.5,NaN,6.8333333333333,0.0,16.6666666666667,NaN,0.0,0.0,NaN,NaN,NaN,24.0,0.0,NaN,0.0,6.0,19.0,NaN,0.0,6.0,0.7,NaN,-0.042857142857142864,1.0,7.5,NaN,-0.0042857142857143215,6.0,28.0,NaN,0.42857142857142855,6.0,NaN,NaN,NaN,24.0,NaN,NaN,NaN,24.0,16.0,NaN,0.0,6.0,NaN,NaN,NaN,24.0,8.1,NaN,0.0,6.0,106.0,NaN,0.0,6.0,0.6,NaN,0.0,6.0,NaN,NaN,NaN,24.0,127.0,NaN,0.0,6.0,3.8,NaN,-0.08571428571428578,6.0,1.9,NaN,0.0,6.0,2.8,NaN,0.0,6.0,5.0,NaN,0.0,6.0,NaN,NaN,NaN,24.0,NaN,NaN,NaN,24.0,NaN,NaN,NaN,24.0,NaN,NaN,NaN,24.0,NaN,NaN,NaN,24.0,NaN,NaN,NaN,24.0,NaN,NaN,NaN,24.0,NaN,NaN,NaN,24.0,57.0,1.0,1.0,0.0,-166.71083333333334,8.0,0.0,0.0,0.0,0.0,0.0,0.0,0.0,0.0,0.0,0.0,1.0,1.0,1.0,1.0,1.0,0.0,3.0,5.0,5.0,5.0,NaN,NaN,NaN
67.0,NaN,-4.3333333333333,0.0,97.0,NaN,1.5,0.0,37.0,NaN,-0.39000000000000057,1.0,97.0,NaN,2.5,0.0,67.0,NaN,-2.0,0.0,58.0,NaN,-3.5,0.0,16.0,NaN,-0.6666666666666998,0.0,NaN,NaN,NaN,24.0,0.0,NaN,0.0,7.0,19.0,NaN,0.0,7.0,0.7,NaN,-0.037500000000000006,2.0,7.5,NaN,-0.003750000000000031,7.0,28.0,NaN,0.375,7.0,NaN,NaN,NaN,24.0,NaN,NaN,NaN,24.0,16.0,NaN,0.0,7.0,NaN,NaN,NaN,24.0,8.1,NaN,0.0,7.0,106.0,NaN,0.0,7.0,0.6,NaN,0.0,7.0,NaN,NaN,NaN,24.0,127.0,NaN,0.0,7.0,3.8,NaN,-0.07500000000000007,7.0,1.9,NaN,0.0,7.0,2.8,NaN,0.0,7.0,5.0,NaN,0.0,7.0,NaN,NaN,NaN,24.0,NaN,NaN,NaN,24.0,NaN,NaN,NaN,24.0,NaN,NaN,NaN,24.0,NaN,NaN,NaN,24.0,NaN,NaN,NaN,24.0,NaN,NaN,NaN,24.0,NaN,NaN,NaN,24.0,57.0,1.0,1.0,0.0,-166.71083333333334,9.0,0.0,0.0,0.0,0.0,0.0,0.0,0.0,0.0,0.0,0.0,1.0,1.0,1.0,1.0,1.0,0.0,3.0,5.0,5.0,5.0,NaN,NaN,NaN
