118.0,NaN,NaN,24.0,100.0,NaN,NaN,24.0,37.5,NaN,NaN,24.0,100.0,NaN,NaN,24.0,68.0,NaN,NaN,24.0,57.0,NaN,NaN,24.0,25.5,NaN,NaN,24.0,NaN,NaN,NaN,24.0,NaN,NaN,NaN,24.0,22.0,NaN,NaN,24.0,NaN,NaN,NaN,24.0,NaN,NaN,NaN,24.0,NaN,NaN,NaN,24.0,NaN,NaN,NaN,24.0,NaN,NaN,NaN,24.0,12.0,NaN,NaN,24.0,NaN,NaN,NaN,24.0,NaN,NaN,NaN,24.0,108.0,NaN,NaN,24.0,0.5,NaN,NaN,24.0,NaN,NaN,NaN,24.0,110.0,NaN,NaN,24.0,NaN,NaN,NaN,24.0,NaN,NaN,NaN,24.0,NaN,NaN,NaN,24.0,3.7,NaN,NaN,24.0,NaN,NaN,NaN,24.0,NaN,NaN,NaN,24.0,24.3,NaN,NaN,24.0,8.1,NaN,NaN,24.0,33.6,NaN,NaN,24.0,14.3,NaN,NaN,24.0,NaN,NaN,NaN,24.0,323.0,NaN,NaN,24.0,27.0,0.0,0.0,1.0,-1.8333333333333333,1.0,0.0,1.0,1.0,1.0,0.0,0.0,0.0,0.0,0.0,0.0,1.0,0.0,1.0,1.0,0.0,0.0,NaN,5.0,5.0,5.0,NaN,NaN,NaN
120.0,NaN,2.0,0.0,100.0,NaN,0.0,0.0,37.5,NaN,0.0,1.0,112.0,NaN,12.0,0.0,80.0,NaN,12.0,0.0,71.0,NaN,14.0,0.0,20.5,NaN,-5.0,0.0,NaN,NaN,NaN,24.0,0.0,NaN,0.0,0.0,22.0,NaN,0.0,1.0,0.4,NaN,0.0,0.0,7.33,NaN,0.0,0.0,50.0,NaN,0.0,0.0,NaN,NaN,NaN,24.0,NaN,NaN,NaN,24.0,12.0,NaN,0.0,1.0,NaN,NaN,NaN,24.0,NaN,NaN,NaN,24.0,108.0,NaN,0.0,1.0,0.5,NaN,0.0,1.0,NaN,NaN,NaN,24.0,110.0,NaN,0.0,1.0,NaN,NaN,NaN,24.0,NaN,NaN,NaN,24.0,NaN,NaN,NaN,24.0,3.7,NaN,0.0,1.0,NaN,NaN,NaN,24.0,NaN,NaN,NaN,24.0,24.3,NaN,0.0,1.0,8.1,NaN,0.0,1.0,33.6,NaN,0.0,1.0,14.3,NaN,0.0,1.0,NaN,NaN,NaN,24.0,323.0,NaN,0.0,1.0,27.0,0.0,0.0,1.0,-1.8333333333333333,2.0,0.0,1.0,1.0,1.0,1.0,0.0,0.0,0.0,0.0,0.0,0.0,1.0,1.0,1.0,0.0,0.0,NaN,5.0,5.0,5.0,NaN,NaN,NaN
102.0,NaN,-18.0,0.0,100.0,NaN,0.0,0.0,37.5,NaN,0.0,2.0,138.5,NaN,26.5,0.0,92.5,NaN,12.5,0.0,74.5,NaN,3.5,0.0,19.5,NaN,-1.0,0.0,NaN,NaN,NaN,24.0,0.0,NaN,0.0,1.0,22.0,NaN,0.0,2.0,0.4,NaN,0.0,1.0,7.33,NaN,0.0,1.0,50.0,NaN,0.0,1.0,NaN,NaN,NaN,24.0,NaN,NaN,NaN,24.0,12.0,NaN,0.0,2.0,NaN,NaN,NaN,24.0,NaN,NaN,NaN,24.0,108.0,NaN,0.0,2.0,0.5,NaN,0.0,2.0,NaN,NaN,NaN,24.0,110.0,NaN,0.0,2.0,NaN,NaN,NaN,24.0,NaN,NaN,NaN,24.0,NaN,NaN,NaN,24.0,3.7,NaN,0.0,2.0,NaN,NaN,NaN,24.0,NaN,NaN,NaN,24.0,24.3,NaN,0.0,2.0,8.1,NaN,0.0,2.0,33.6,NaN,0.0,2.0,14.3,NaN,0.0,2.0,NaN,NaN,NaN,24.0,323.0,NaN,0.0,2.0,27.0,0.0,0.0,1.0,-1.8333333333333333,3.0,0.0,0.0,1.0,1.0,0.0,0.0,0.0,0.0,0.0,0.0,1.0,1.0,1.0,1.0,0.0,0.0,NaN,5.0,5.0,5.0,NaN,NaN,NaN
103.5,NaN,1.5,0.0,100.0,NaN,0.0,1.0,37.5,NaN,0.0,3.0,102.5,NaN,-36.0,0.0,77.0,NaN,-15.5,0.0,63.0,NaN,-11.5,0.0,20.0,NaN,0.5,0.0,NaN,NaN,NaN,24.0,2.0,NaN,1.0,0.0,24.0,NaN,0.6666666666666666,0.0,0.4,NaN,0.0,2.0,7.45,NaN,0.06000000000000005,0.0,36.0,NaN,-7.0,0.0,NaN,NaN,NaN,24.0,NaN,NaN,NaN,24.0,9.0,NaN,-1.0,0.0,NaN,NaN,NaN,24.0,6.8,NaN,0.0,0.0,107.0,NaN,-0.3333333333333333,0.0,0.6,NaN,0.033333333333333326,0.0,NaN,NaN,NaN,24.0,158.0,NaN,16.0,0.0,2.0,NaN,0.0,0.0,1.6,NaN,0.0,0.0,3.1,NaN,0.0,0.0,3.9,NaN,0.06666666666666658,0.0,NaN,NaN,NaN,24.0,NaN,NaN,NaN,24.0,24.3,NaN,0.0,0.0,8.5,NaN,0.13333333333333344,0.0,24.1,NaN,-3.1666666666666665,0.0,12.4,NaN,-0.6333333333333334,0.0,NaN,NaN,NaN,24.0,241.0,NaN,-27.333333333333332,0.0,27.0,0.0,0.0,1.0,-1.8333333333333333,4.0,0.0,0.0,1.0,1.0,0.0,0.0,0.0,0.0,1.0,0.0,1.0,1.0,1.0,1.0,0.0,0.0,NaN,5.0,5.0,5.0,NaN,NaN,NaN
97.0,NaN,-6.5,0.0,100.0,NaN,0.0,0.0,37.5,NaN,0.0,4.0,113.0,NaN,10.5,0.0,86.0,NaN,9.0,0.0,70.0,NaN,7.0,0.0,20.0,NaN,0.0,0.0,NaN,NaN,NaN,24.0,2.0,NaN,0.6666666666666666,1.0,24.0,NaN,0.5,1.0,0.4,NaN,0.0,3.0,7.45,NaN,0.040000000000000036,1.0,36.0,NaN,-4.666666666666667,1.0,NaN,NaN,NaN,24.0,NaN,NaN,NaN,24.0,9.0,NaN,-0.75,1.0,NaN,NaN,NaN,24.0,6.8,NaN,0.0,1.0,110.0,NaN,3.0,0.0,0.6,NaN,0.024999999999999994,1.0,NaN,NaN,NaN,24.0,158.0,NaN,12.0,1.0,2.0,NaN,0.0,1.0,1.6,NaN,0.0,1.0,3.1,NaN,0.0,1.0,3.8,NaN,-0.10000000000000009,0.0,NaN,NaN,NaN,24.0,NaN,NaN,NaN,24.0,24.3,NaN,0.0,1.0,8.5,NaN,0.10000000000000009,1.0,24.1,NaN,-2.375,1.0,12.4,NaN,-0.4750000000000001,1.0,NaN,NaN,NaN,24.0,241.0,NaN,-20.5,1.0,27.0,0.0,0.0,1.0,-1.8333333333333333,5.0,0.0,0.0,1.0,1.0,0.0,0.0,0.0,0.0,0.0,0.0,1.0,1.0,1.0,1.0,0.0,0.0,NaN,5.0,5.0,5.0,NaN,NaN,NaN
87.5,NaN,-9.5,0.0,100.0,NaN,0.0,0.0,37.39,NaN,-0.021999999999999888,0.0,122.0,NaN,9.0,0.0,98.0,NaN,12.0,0.0,79.0,NaN,9.0,0.0,20.0,NaN,0.0,0.0,NaN,NaN,NaN,24.0,2.0,NaN,0.5,2.0,24.0,NaN,0.4,2.0,0.3,NaN,-0.02500000000000001,0.0,7.45,NaN,0.030000000000000027,2.0,36.0,NaN,-3.5,2.0,NaN,NaN,NaN,24.0,NaN,NaN,NaN,24.0,9.0,NaN,-0.6,2.0,NaN,NaN,NaN,24.0,6.8,NaN,0.0,2.0,110.0,NaN,1.5,1.0,0.6,NaN,0.019999999999999997,2.0,NaN,NaN,NaN,24.0,158.0,NaN,9.6,2.0,2.0,NaN,0.0,2.0,1.6,NaN,0.0,2.0,3.1,NaN,0.0,2.0,3.8,NaN,-0.050000000000000044,1.0,NaN,NaN,NaN,24.0,NaN,NaN,NaN,24.0,24.3,NaN,0.0,2.0,8.5,NaN,0.08000000000000007,2.0,24.1,NaN,-1.9,2.0,12.4,NaN,-0.38000000000000006,2.0,NaN,NaN,NaN,24.0,241.0,NaN,-16.4,2.0,27.0,0.0,0.0,1.0,-1.8333333333333333,6.0,0.0,0.0,0.0,1.0,0.0,0.0,0.0,0.0,0.0,0.0,0.0,1.0,1.0,1.0,0.0,0.0,NaN,5.0,5.0,5.0,NaN,NaN,NaN
94.0,NaN,6.5,0.0,98.0,NaN,-2.0,0.0,37.39,NaN,-0.01833333333333324,1.0,123.0,NaN,1.0,0.0,83.0,NaN,-15.0,0.0,61.0,NaN,-18.0,0.0,20.0,NaN,0.0,0.0,NaN,NaN,NaN,24.0,2.0,NaN,0.4,3.0,24.0,NaN,0.3333333333333333,3.0,0.3,NaN,-0.020000000000000007,1.0,7.45,NaN,0.02400000000000002,3.0,36.0,NaN,-2.8,3.0,NaN,NaN,NaN,24.0,NaN,NaN,NaN,24.0,9.0,NaN,-0.5,3.0,NaN,NaN,NaN,24.0,6.8,NaN,0.0,3.0,110.0,NaN,1.0,2.0,0.6,NaN,0.016666666666666663,3.0,NaN,NaN,NaN,24.0,158.0,NaN,8.0,3.0,2.0,NaN,0.0,3.0,1.6,NaN,0.0,3.0,3.1,NaN,0.0,3.0,3.8,NaN,-0.03333333333333336,2.0,NaN,NaN,NaN,24.0,NaN,NaN,NaN,24.0,24.3,NaN,0.0,3.0,8.5,NaN,0.06666666666666672,3.0,24.1,NaN,-1.5833333333333333,3.0,12.4,NaN,-0.3166666666666667,3.0,NaN,NaN,NaN,24.0,241.0,NaN,-13.666666666666666,3.0,27.0,0.0,0.0,1.0,-1.8333333333333333,7.0,0.0,0.0,1.0,1.0,0.0,0.0,0.0,0.0,0.0,0.0,1.0,1.0,1.0,1.0,0.0,0.0,NaN,5.0,5.0,5.0,NaN,NaN,NaN
93.0,NaN,-1.0,0.0,100.0,NaN,2.0,0.0,37.39,NaN,-0.015714285714285632,2.0,130.5,NaN,7.5,0.0,85.0,NaN,2.0,0.0,65.0,NaN,4.0,0.0,20.0,NaN,0.0,0.0,NaN,NaN,NaN,24.0,2.0,NaN,0.3333333333333333,4.0,24.0,NaN,0.2857142857142857,4.0,0.3,NaN,-0.016666666666666673,2.0,7.45,NaN,0.020000000000000018,4.0,36.0,NaN,-2.3333333333333335,4.0,NaN,NaN,NaN,24.0,NaN,NaN,NaN,24.0,9.0,NaN,-0.42857142857142855,4.0,NaN,NaN,NaN,24.0,6.8,NaN,0.0,4.0,110.0,NaN,0.75,3.0,0.6,NaN,0.014285714285714282,4.0,NaN,NaN,NaN,24.0,158.0,NaN,6.857142857142857,4.0,2.0,NaN,0.0,4.0,1.6,NaN,0.0,4.0,3.1,NaN,0.0,4.0,3.8,NaN,-0.025000000000000022,3.0,NaN,NaN,NaN,24.0,NaN,NaN,NaN,24.0,24.3,NaN,0.0,4.0,8.5,NaN,0.0571428571428572,4.0,24.1,NaN,-1.3571428571428572,4.0,12.4,NaN,-0.27142857142857146,4.0,NaN,NaN,NaN,24.0,241.0,NaN,-11.714285714285714,4.0,27.0,0.0,0.0,1.0,-1.8333333333333333,8.0,0.0,0.0,1.0,1.0,0.0,0.0,0.0,0.0,0.0,0.0,1.0,1.0,1.0,1.0,0.0,0.0,NaN,5.0,5.0,5.0,NaN,NaN,NaN
110.0,NaN,17.0,0.0,100.0,NaN,0.0,0.0,37.39,NaN,-0.013749999999999929,3.0,151.0,NaN,20.5,0.0,102.0,NaN,17.0,0.0,78.0,NaN,13.0,0.0,19.0,NaN,-1.0,0.0,NaN,NaN,NaN,24.0,2.0,NaN,0.2857142857142857,5.0,24.0,NaN,0.25,5.0,0.3,NaN,-0.01428571428571429,3.0,7.45,NaN,0.017142857142857158,5.0,36.0,NaN,-2.0,5.0,NaN,NaN,NaN,24.0,NaN,NaN,NaN,24.0,9.0,NaN,-0.375,5.0,NaN,NaN,NaN,24.0,6.8,NaN,0.0,5.0,110.0,NaN,0.6,4.0,0.6,NaN,0.012499999999999997,5.0,NaN,NaN,NaN,24.0,158.0,NaN,6.0,5.0,2.0,NaN,0.0,5.0,1.6,NaN,0.0,5.0,3.1,NaN,0.0,5.0,3.8,NaN,-0.020000000000000018,4.0,NaN,NaN,NaN,24.0,NaN,NaN,NaN,24.0,24.3,NaN,0.0,5.0,8.5,NaN,0.050000000000000044,5.0,24.1,NaN,-1.1875,5.0,12.4,NaN,-0.23750000000000004,5.0,NaN,NaN,NaN,24.0,241.0,NaN,-10.25,5.0,27.0,0.0,0.0,1.0,-1.8333333333333333,9.0,0.0,0.0,1.0,1.0,0.0,0.0,0.0,0.0,0.0,0.0,1.0,1.0,1.0,1.0,0.0,0.0,NaN,5.0,5.0,5.0,NaN,NaN,NaN
