NaN,NaN,NaN,24.0,NaN,NaN,NaN,24.0,NaN,NaN,NaN,24.0,NaN,NaN,NaN,24.0,NaN,NaN,NaN,24.0,NaN,NaN,NaN,24.0,NaN,NaN,NaN,24.0,NaN,NaN,NaN,24.0,NaN,NaN,NaN,24.0,NaN,NaN,NaN,24.0,NaN,NaN,NaN,24.0,NaN,NaN,NaN,24.0,NaN,NaN,NaN,24.0,NaN,NaN,NaN,24.0,NaN,NaN,NaN,24.0,NaN,NaN,NaN,24.0,NaN,NaN,NaN,24.0,NaN,NaN,NaN,24.0,NaN,NaN,NaN,24.0,NaN,NaN,NaN,24.0,NaN,NaN,NaN,24.0,NaN,NaN,NaN,24.0,NaN,NaN,NaN,24.0,NaN,NaN,NaN,24.0,NaN,NaN,NaN,24.0,NaN,NaN,NaN,24.0,NaN,NaN,NaN,24.0,NaN,NaN,NaN,24.0,NaN,NaN,NaN,24.0,NaN,NaN,NaN,24.0,NaN,NaN,NaN,24.0,NaN,NaN,NaN,24.0,NaN,NaN,NaN,24.0,NaN,NaN,NaN,24.0,21.0,1.0,0.0,1.0,-2.5694444444444446,1.0,0.0,0.0,0.0,0.0,0.0,0.0,0.0,0.0,0.0,0.0,1.0,0.0,1.0,1.0,0.0,0.0,NaN,8.0,8.0,8.0,NaN,NaN,NaN
NaN,NaN,NaN,24.0,NaN,NaN,NaN,24.0,NaN,NaN,NaN,24.0,NaN,NaN,NaN,24.0,NaN,NaN,NaN,24.0,NaN,NaN,NaN,24.0,NaN,NaN,NaN,24.0,NaN,NaN,NaN,24.0,-4.0,NaN,0.0,0.0,NaN,NaN,NaN,24.0,NaN,NaN,NaN,24.0,7.29,NaN,0.0,0.0,44.0,NaN,0.0,0.0,99.0,NaN,0.0,0.0,NaN,NaN,NaN,24.0,NaN,NaN,NaN,24.0,NaN,NaN,NaN,24.0,NaN,NaN,NaN,24.0,NaN,NaN,NaN,24.0,NaN,NaN,NaN,24.0,NaN,NaN,NaN,24.0,103.0,NaN,0.0,0.0,3.6,NaN,0.0,0.0,NaN,NaN,NaN,24.0,NaN,NaN,NaN,24.0,3.6,NaN,0.0,0.0,NaN,NaN,NaN,24.0,NaN,NaN,NaN,24.0,34.0,NaN,0.0,0.0,11.2,NaN,0.0,0.0,NaN,NaN,NaN,24.0,NaN,NaN,NaN,24.0,NaN,NaN,NaN,24.0,NaN,NaN,NaN,24.0,21.0,1.0,0.0,1.0,-2.5694444444444446,2.0,0.0,0.0,0.0,0.0,0.0,0.0,0.0,0.0,1.0,0.0,1.0,0.0,1.0,1.0,0.0,0.0,NaN,8.0,8.0,8.0,NaN,NaN,NaN
NaN,NaN,NaN,24.0,NaN,NaN,NaN,24.0,NaN,NaN,NaN,24.0,NaN,NaN,NaN,24.0,NaN,NaN,NaN,24.0,NaN,NaN,NaN,24.0,NaN,NaN,NaN,24.0,NaN,NaN,NaN,24.0,-4.0,NaN,0.0,0.0,NaN,NaN,NaN,24.0,NaN,NaN,NaN,24.0,7.32,NaN,0.03000000000000025,0.0,41.0,NaN,-3.0,0.0,99.0,NaN,0.0,0.0,NaN,NaN,NaN,24.0,NaN,NaN,NaN,24.0,NaN,NaN,NaN,24.0,NaN,NaN,NaN,24.0,NaN,NaN,NaN,24.0,NaN,NaN,NaN,24.0,NaN,NaN,NaN,24.0,116.0,NaN,13.0,0.0,3.5,NaN,-0.10000000000000009,0.0,NaN,NaN,NaN,24.0,NaN,NaN,NaN,24.0,4.1,NaN,0.49999999999999956,0.0,NaN,NaN,NaN,24.0,NaN,NaN,NaN,24.0,42.0,NaN,8.0,0.0,13.9,NaN,2.700000000000001,0.0,NaN,NaN,NaN,24.0,NaN,NaN,NaN,24.0,NaN,NaN,NaN,24.0,NaN,NaN,NaN,24.0,21.0,1.0,0.0,1.0,-2.5694444444444446,3.0,0.0,0.0,0.0,0.0,0.0,0.0,0.0,0.0,1.0,0.0,1.0,0.0,1.0,1.0,0.0,0.0,NaN,8.0,8.0,8.0,NaN,NaN,NaN
96.6666666666667,NaN,0.0,0.0,100.0,NaN,0.0,0.0,36.39,NaN,0.0,0.0,126.5,NaN,0.0,0.0,73.5,NaN,0.0,0.0,53.5,NaN,0.0,0.0,18.75,NaN,0.0,0.0,NaN,NaN,NaN,24.0,-4.0,NaN,0.0,1.0,22.0,NaN,0.0,0.0,1.0,NaN,0.0,0.0,7.32,NaN,0.015000000000000124,1.0,41.0,NaN,-1.5,1.0,99.0,NaN,0.0,1.0,NaN,NaN,NaN,24.0,9.0,NaN,0.0,0.0,NaN,NaN,NaN,24.0,8.0,NaN,0.0,0.0,109.0,NaN,0.0,0.0,1.3,NaN,0.0,0.0,NaN,NaN,NaN,24.0,131.0,NaN,15.0,0.0,3.5,NaN,-0.050000000000000044,1.0,1.8,NaN,0.0,0.0,3.4,NaN,0.0,0.0,4.1,NaN,0.0,0.0,NaN,NaN,NaN,24.0,NaN,NaN,NaN,24.0,40.6,NaN,-1.3999999999999986,0.0,13.8,NaN,-0.09999999999999964,0.0,26.0,NaN,0.0,0.0,18.9,NaN,0.0,0.0,NaN,NaN,NaN,24.0,264.0,NaN,0.0,0.0,21.0,1.0,0.0,1.0,-2.5694444444444446,4.0,0.0,0.0,1.0,1.0,3.0,0.0,0.0,0.0,0.0,1.0,0.0,0.0,1.0,1.0,0.0,0.0,NaN,8.0,8.0,8.0,NaN,NaN,NaN
101.0,NaN,4.3333333333333,0.0,100.0,NaN,0.0,0.0,35.83,NaN,-0.5600000000000023,0.0,140.0,NaN,13.5,0.0,79.0,NaN,5.5,0.0,56.0,NaN,2.5,0.0,19.0,NaN,0.25,0.0,NaN,NaN,NaN,24.0,-4.0,NaN,0.0,2.0,22.0,NaN,0.0,1.0,1.0,NaN,0.0,1.0,7.32,NaN,0.010000000000000083,2.0,41.0,NaN,-1.0,2.0,99.0,NaN,0.0,2.0,NaN,NaN,NaN,24.0,9.0,NaN,0.0,1.0,NaN,NaN,NaN,24.0,8.0,NaN,0.0,1.0,109.0,NaN,0.0,1.0,1.3,NaN,0.0,1.0,NaN,NaN,NaN,24.0,131.0,NaN,7.5,1.0,3.5,NaN,-0.03333333333333336,2.0,1.8,NaN,0.0,1.0,3.4,NaN,0.0,1.0,4.1,NaN,0.0,1.0,NaN,NaN,NaN,24.0,NaN,NaN,NaN,24.0,40.6,NaN,-0.6999999999999993,1.0,13.8,NaN,-0.04999999999999982,1.0,26.0,NaN,0.0,1.0,18.9,NaN,0.0,1.0,NaN,NaN,NaN,24.0,264.0,NaN,0.0,1.0,21.0,1.0,0.0,1.0,-2.5694444444444446,5.0,1.0,0.0,1.0,1.0,0.0,0.0,0.0,0.0,0.0,0.0,1.0,1.0,1.0,1.0,0.0,0.0,NaN,8.0,8.0,8.0,NaN,NaN,NaN
103.0,NaN,2.0,0.0,100.0,NaN,0.0,0.0,35.83,NaN,-0.28000000000000114,1.0,136.0,NaN,-4.0,0.0,88.0,NaN,9.0,0.0,65.0,NaN,9.0,0.0,16.5,NaN,-2.5,0.0,NaN,NaN,NaN,24.0,-4.0,NaN,0.0,3.0,22.0,NaN,0.0,2.0,0.75,NaN,-0.125,0.0,7.32,NaN,0.007500000000000062,3.0,41.0,NaN,-0.75,3.0,99.0,NaN,0.0,3.0,NaN,NaN,NaN,24.0,9.0,NaN,0.0,2.0,NaN,NaN,NaN,24.0,8.0,NaN,0.0,2.0,109.0,NaN,0.0,2.0,1.3,NaN,0.0,2.0,NaN,NaN,NaN,24.0,56.0,NaN,-37.5,0.0,3.5,NaN,-0.025000000000000022,3.0,1.8,NaN,0.0,2.0,3.4,NaN,0.0,2.0,4.1,NaN,0.0,2.0,NaN,NaN,NaN,24.0,NaN,NaN,NaN,24.0,40.6,NaN,-0.4666666666666662,2.0,13.8,NaN,-0.033333333333333215,2.0,26.0,NaN,0.0,2.0,18.9,NaN,0.0,2.0,NaN,NaN,NaN,24.0,264.0,NaN,0.0,2.0,21.0,1.0,0.0,1.0,-2.5694444444444446,6.0,1.0,0.0,1.0,1.0,3.0,0.0,0.0,0.0,0.0,0.0,0.0,1.0,1.0,1.0,0.0,0.0,NaN,8.0,8.0,8.0,NaN,NaN,NaN
106.0,NaN,3.0,0.0,100.0,NaN,0.0,0.0,35.83,NaN,-0.18666666666666742,2.0,127.0,NaN,-9.0,0.0,82.0,NaN,-6.0,0.0,62.0,NaN,-3.0,0.0,18.0,NaN,1.5,0.0,NaN,NaN,NaN,24.0,NaN,NaN,NaN,0.0,22.0,NaN,0.0,3.0,0.5,NaN,-0.25,0.0,7.3,NaN,-0.0050000000000001155,0.0,27.0,NaN,-3.5,0.0,99.0,NaN,0.0,4.0,NaN,NaN,NaN,24.0,9.0,NaN,0.0,3.0,NaN,NaN,NaN,24.0,8.0,NaN,0.0,3.0,109.0,NaN,0.0,3.0,1.3,NaN,0.0,3.0,NaN,NaN,NaN,24.0,72.0,NaN,16.0,0.0,3.5,NaN,-0.020000000000000018,4.0,1.8,NaN,0.0,3.0,3.4,NaN,0.0,3.0,4.1,NaN,0.0,3.0,NaN,NaN,NaN,24.0,NaN,NaN,NaN,24.0,40.6,NaN,-0.34999999999999964,3.0,13.8,NaN,-0.02499999999999991,3.0,26.0,NaN,0.0,3.0,18.9,NaN,0.0,3.0,NaN,NaN,NaN,24.0,264.0,NaN,0.0,3.0,21.0,1.0,0.0,1.0,-2.5694444444444446,7.0,1.0,0.0,1.0,1.0,2.0,0.0,0.0,0.0,0.0,0.0,0.0,1.0,1.0,1.0,0.0,0.0,NaN,8.0,8.0,8.0,NaN,NaN,NaN
110.0,NaN,4.0,0.0,100.0,NaN,0.0,0.0,35.83,NaN,-0.14000000000000057,3.0,145.0,NaN,18.0,0.0,93.0,NaN,11.0,0.0,68.0,NaN,6.0,0.0,21.0,NaN,3.0,0.0,NaN,NaN,NaN,24.0,NaN,NaN,NaN,0.0,22.0,NaN,0.0,4.0,0.4,NaN,-0.09999999999999998,0.0,7.33,NaN,0.03000000000000025,0.0,22.0,NaN,-5.0,0.0,99.0,NaN,0.0,5.0,NaN,NaN,NaN,24.0,9.0,NaN,0.0,4.0,NaN,NaN,NaN,24.0,8.0,NaN,0.0,4.0,109.0,NaN,0.0,4.0,1.3,NaN,0.0,4.0,NaN,NaN,NaN,24.0,72.0,NaN,8.0,1.0,1.2,NaN,-0.45999999999999996,0.0,1.8,NaN,0.0,4.0,3.4,NaN,0.0,4.0,4.1,NaN,0.0,4.0,NaN,NaN,NaN,24.0,NaN,NaN,NaN,24.0,40.6,NaN,-0.2799999999999997,4.0,13.8,NaN,-0.019999999999999928,4.0,26.0,NaN,0.0,4.0,18.9,NaN,0.0,4.0,NaN,NaN,NaN,24.0,264.0,NaN,0.0,4.0,21.0,1.0,0.0,1.0,-2.5694444444444446,8.0,1.0,1.0,1.0,1.0,1.0,0.0,0.0,0.0,0.0,0.0,0.0,1.0,1.0,1.0,0.0,0.0,NaN,8.0,8.0,8.0,NaN,NaN,NaN
112.0,NaN,2.0,0.0,98.0,NaN,-2.0,0.0,35.83,NaN,-0.11200000000000046,4.0,112.0,NaN,-33.0,0.0,76.0,NaN,-17.0,0.0,59.0,NaN,-9.0,0.0,27.0,NaN,6.0,0.0,NaN,NaN,NaN,24.0,NaN,NaN,NaN,1.0,22.0,NaN,0.0,5.0,0.4,NaN,-0.04999999999999999,1.0,7.33,NaN,0.015000000000000124,1.0,22.0,NaN,-2.5,1.0,99.0,NaN,0.0,6.0,NaN,NaN,NaN,24.0,9.0,NaN,0.0,5.0,NaN,NaN,NaN,24.0,8.0,NaN,0.0,5.0,109.0,NaN,0.0,5.0,1.3,NaN,0.0,5.0,NaN,NaN,NaN,24.0,72.0,NaN,5.333333333333333,2.0,1.2,NaN,-0.3833333333333333,1.0,1.8,NaN,0.0,5.0,3.4,NaN,0.0,5.0,4.1,NaN,0.0,5.0,NaN,NaN,NaN,24.0,NaN,NaN,NaN,24.0,40.6,NaN,-0.2333333333333331,5.0,13.8,NaN,-0.016666666666666607,5.0,26.0,NaN,0.0,5.0,18.9,NaN,0.0,5.0,NaN,NaN,NaN,24.0,264.0,NaN,0.0,5.0,21.0,1.0,0.0,1.0,-2.5694444444444446,9.0,1.0,1.0,1.0,1.0,0.0,0.0,0.0,0.0,0.0,0.0,0.0,1.0,1.0,1.0,0.0,0.0,NaN,8.0,8.0,8.0,NaN,NaN,NaN
108.0,NaN,-4.0,0.0,97.0,NaN,-1.0,0.0,36.83,NaN,0.2,0.0,129.0,NaN,17.0,0.0,87.0,NaN,11.0,0.0,68.0,NaN,9.0,0.0,20.0,NaN,-7.0,0.0,NaN,NaN,NaN,24.0,NaN,NaN,NaN,2.0,22.0,NaN,0.0,6.0,0.4,NaN,0.0,0.0,7.33,NaN,0.010000000000000083,2.0,22.0,NaN,-1.6666666666666667,2.0,99.0,NaN,0.0,7.0,NaN,NaN,NaN,24.0,9.0,NaN,0.0,6.0,NaN,NaN,NaN,24.0,8.0,NaN,0.0,6.0,109.0,NaN,0.0,6.0,1.3,NaN,0.0,6.0,NaN,NaN,NaN,24.0,72.0,NaN,4.0,3.0,1.2,NaN,-0.32857142857142857,2.0,1.8,NaN,0.0,6.0,3.4,NaN,0.0,6.0,4.1,NaN,0.0,6.0,NaN,NaN,NaN,24.0,NaN,NaN,NaN,24.0,40.6,NaN,-0.1999999999999998,6.0,13.8,NaN,-0.014285714285714235,6.0,26.0,NaN,0.0,6.0,18.9,NaN,0.0,6.0,NaN,NaN,NaN,24.0,264.0,NaN,0.0,6.0,21.0,1.0,0.0,1.0,-2.5694444444444446,10.0,0.0,0.0,1.0,1.0,1.0,0.0,0.0,0.0,0.0,0.0,0.0,1.0,1.0,1.0,0.0,0.0,NaN,8.0,8.0,8.0,NaN,NaN,NaN
111.0,NaN,3.0,0.0,98.0,NaN,1.0,0.0,36.83,NaN,0.16666666666666666,1.0,143.0,NaN,14.0,0.0,96.0,NaN,9.0,0.0,75.0,NaN,7.0,0.0,22.0,NaN,2.0,0.0,NaN,NaN,NaN,24.0,NaN,NaN,NaN,3.0,22.0,NaN,0.0,7.0,0.4,NaN,0.0,1.0,7.33,NaN,0.007500000000000062,3.0,22.0,NaN,-1.25,3.0,99.0,NaN,0.0,8.0,NaN,NaN,NaN,24.0,9.0,NaN,0.0,7.0,NaN,NaN,NaN,24.0,8.0,NaN,0.0,7.0,109.0,NaN,0.0,7.0,1.3,NaN,0.0,7.0,NaN,NaN,NaN,24.0,72.0,NaN,3.2,4.0,1.2,NaN,-0.2875,3.0,1.8,NaN,0.0,7.0,3.4,NaN,0.0,7.0,4.1,NaN,0.0,7.0,NaN,NaN,NaN,24.0,NaN,NaN,NaN,24.0,40.6,NaN,-0.17499999999999982,7.0,13.8,NaN,-0.012499999999999956,7.0,26.0,NaN,0.0,7.0,18.9,NaN,0.0,7.0,NaN,NaN,NaN,24.0,264.0,NaN,0.0,7.0,21.0,1.0,0.0,1.0,-2.5694444444444446,11.0,0.0,1.0,1.0,1.0,0.0,0.0,0.0,0.0,0.0,0.0,1.0,1.0,1.0,1.0,0.0,0.0,NaN,8.0,8.0,8.0,NaN,NaN,NaN
118.0,NaN,7.0,0.0,99.0,NaN,1.0,0.0,36.83,NaN,0.14285714285714285,2.0,151.0,NaN,8.0,0.0,106.0,NaN,10.0,0.0,87.0,NaN,12.0,0.0,29.0,NaN,7.0,0.0,NaN,NaN,NaN,24.0,NaN,NaN,NaN,0.0,22.0,NaN,0.0,8.0,0.5,NaN,0.04999999999999999,0.0,7.33,NaN,0.0,0.0,24.0,NaN,0.5,0.0,99.0,NaN,0.0,9.0,NaN,NaN,NaN,24.0,9.0,NaN,0.0,8.0,NaN,NaN,NaN,24.0,8.0,NaN,0.0,8.0,109.0,NaN,0.0,8.0,1.3,NaN,0.0,8.0,NaN,NaN,NaN,24.0,88.0,NaN,3.2,0.0,1.2,NaN,-0.25555555555555554,4.0,1.8,NaN,0.0,8.0,3.4,NaN,0.0,8.0,4.1,NaN,0.0,8.0,NaN,NaN,NaN,24.0,NaN,NaN,NaN,24.0,40.6,NaN,-0.1555555555555554,8.0,13.8,NaN,-0.011111111111111072,8.0,26.0,NaN,0.0,8.0,18.9,NaN,0.0,8.0,NaN,NaN,NaN,24.0,264.0,NaN,0.0,8.0,21.0,1.0,0.0,1.0,-2.5694444444444446,12.0,0.0,1.0,1.0,1.0,2.0,0.0,0.0,0.0,0.0,0.0,0.0,1.0,1.0,1.0,0.0,0.0,NaN,8.0,8.0,8.0,NaN,NaN,NaN
