63.0,NaN,NaN,24.0,95.5,NaN,NaN,24.0,NaN,NaN,NaN,24.0,101.0,NaN,NaN,24.0,56.0,NaN,NaN,24.0,48.0,NaN,NaN,24.0,23.5,NaN,NaN,24.0,NaN,NaN,NaN,24.0,NaN,NaN,NaN,24.0,NaN,NaN,NaN,24.0,NaN,NaN,NaN,24.0,NaN,NaN,NaN,24.0,NaN,NaN,NaN,24.0,NaN,NaN,NaN,24.0,NaN,NaN,NaN,24.0,NaN,NaN,NaN,24.0,NaN,NaN,NaN,24.0,NaN,NaN,NaN,24.0,NaN,NaN,NaN,24.0,NaN,NaN,NaN,24.0,NaN,NaN,NaN,24.0,NaN,NaN,NaN,24.0,NaN,NaN,NaN,24.0,NaN,NaN,NaN,24.0,NaN,NaN,NaN,24.0,NaN,NaN,NaN,24.0,NaN,NaN,NaN,24.0,NaN,NaN,NaN,24.0,NaN,NaN,NaN,24.0,NaN,NaN,NaN,24.0,NaN,NaN,NaN,24.0,NaN,NaN,NaN,24.0,NaN,NaN,NaN,24.0,NaN,NaN,NaN,24.0,75.0,0.0,-1.0,-1.0,-5.95,1.0,0.0,1.0,0.0,0.0,0.0,0.0,0.0,1.0,0.0,0.0,1.0,0.0,0.0,NaN,0.0,0.0,NaN,NaN,NaN,NaN,NaN,NaN,NaN
61.0,NaN,-2.0,0.0,94.0,NaN,-1.5,0.0,NaN,NaN,NaN,24.0,90.0,NaN,-11.0,0.0,50.0,NaN,-6.0,0.0,35.0,NaN,-13.0,0.0,16.0,NaN,-7.5,0.0,NaN,NaN,NaN,24.0,NaN,NaN,NaN,24.0,NaN,NaN,NaN,24.0,NaN,NaN,NaN,24.0,NaN,NaN,NaN,24.0,NaN,NaN,NaN,24.0,NaN,NaN,NaN,24.0,NaN,NaN,NaN,24.0,NaN,NaN,NaN,24.0,NaN,NaN,NaN,24.0,NaN,NaN,NaN,24.0,NaN,NaN,NaN,24.0,NaN,NaN,NaN,24.0,NaN,NaN,NaN,24.0,NaN,NaN,NaN,24.0,NaN,NaN,NaN,24.0,NaN,NaN,NaN,24.0,NaN,NaN,NaN,24.0,NaN,NaN,NaN,24.0,NaN,NaN,NaN,24.0,NaN,NaN,NaN,24.0,NaN,NaN,NaN,24.0,NaN,NaN,NaN,24.0,NaN,NaN,NaN,24.0,NaN,NaN,NaN,24.0,NaN,NaN,NaN,24.0,NaN,NaN,NaN,24.0,75.0,0.0,-1.0,-1.0,-5.95,2.0,0.0,0.0,0.0,0.0,0.0,0.0,0.0,1.0,0.0,0.0,1.0,0.0,0.0,NaN,0.0,0.0,NaN,NaN,NaN,NaN,NaN,NaN,NaN
60.0,NaN,-1.0,0.0,95.0,NaN,1.0,0.0,NaN,NaN,NaN,24.0,85.5,NaN,-4.5,0.0,47.0,NaN,-3.0,0.0,38.0,NaN,3.0,0.0,21.5,NaN,5.5,0.0,NaN,NaN,NaN,24.0,NaN,NaN,NaN,24.0,31.0,NaN,0.0,0.0,NaN,NaN,NaN,24.0,NaN,NaN,NaN,24.0,NaN,NaN,NaN,24.0,NaN,NaN,NaN,24.0,49.0,NaN,0.0,0.0,26.0,NaN,0.0,0.0,125.0,NaN,0.0,0.0,NaN,NaN,NaN,24.0,102.0,NaN,0.0,0.0,0.8,NaN,0.0,0.0,NaN,NaN,NaN,24.0,118.0,NaN,0.0,0.0,NaN,NaN,NaN,24.0,1.9,NaN,0.0,0.0,NaN,NaN,NaN,24.0,3.3,NaN,0.0,0.0,0.7,NaN,0.0,0.0,0.11,NaN,0.0,0.0,31.4,NaN,0.0,0.0,10.6,NaN,0.0,0.0,26.9,NaN,0.0,0.0,10.4,NaN,0.0,0.0,NaN,NaN,NaN,24.0,218.0,NaN,0.0,0.0,75.0,0.0,-1.0,-1.0,-5.95,3.0,0.0,1.0,0.0,0.0,0.0,0.0,0.0,1.0,0.0,0.0,1.0,0.0,0.0,NaN,0.0,0.0,NaN,NaN,NaN,NaN,NaN,NaN,NaN
60.0,NaN,0.0,0.0,95.0,NaN,0.0,0.0,NaN,NaN,NaN,24.0,94.0,NaN,8.5,0.0,54.0,NaN,7.0,0.0,43.0,NaN,5.0,0.0,19.0,NaN,-2.5,0.0,NaN,NaN,NaN,24.0,NaN,NaN,NaN,24.0,31.0,NaN,0.0,1.0,NaN,NaN,NaN,24.0,NaN,NaN,NaN,24.0,NaN,NaN,NaN,24.0,NaN,NaN,NaN,24.0,49.0,NaN,0.0,1.0,26.0,NaN,0.0,1.0,125.0,NaN,0.0,1.0,NaN,NaN,NaN,24.0,102.0,NaN,0.0,1.0,0.8,NaN,0.0,1.0,NaN,NaN,NaN,24.0,118.0,NaN,0.0,1.0,NaN,NaN,NaN,24.0,1.9,NaN,0.0,1.0,NaN,NaN,NaN,24.0,3.3,NaN,0.0,1.0,0.7,NaN,0.0,1.0,0.11,NaN,0.0,1.0,31.4,NaN,0.0,1.0,10.6,NaN,0.0,1.0,26.9,NaN,0.0,1.0,10.4,NaN,0.0,1.0,NaN,NaN,NaN,24.0,218.0,NaN,0.0,1.0,75.0,0.0,-1.0,-1.0,-5.95,4.0,0.0,0.0,0.0,0.0,0.0,0.0,0.0,1.0,0.0,0.0,1.0,0.0,0.0,NaN,0.0,0.0,NaN,NaN,NaN,NaN,NaN,NaN,NaN
62.0,NaN,2.0,0.0,97.0,NaN,2.0,0.0,36.22,NaN,0.0,0.0,99.0,NaN,5.0,0.0,56.0,NaN,2.0,0.0,42.0,NaN,-1.0,0.0,21.0,NaN,2.0,0.0,NaN,NaN,NaN,24.0,NaN,NaN,NaN,24.0,31.0,NaN,0.0,2.0,NaN,NaN,NaN,24.0,NaN,NaN,NaN,24.0,NaN,NaN,NaN,24.0,NaN,NaN,NaN,24.0,49.0,NaN,0.0,2.0,26.0,NaN,0.0,2.0,125.0,NaN,0.0,2.0,NaN,NaN,NaN,24.0,102.0,NaN,0.0,2.0,0.8,NaN,0.0,2.0,NaN,NaN,NaN,24.0,118.0,NaN,0.0,2.0,NaN,NaN,NaN,24.0,1.9,NaN,0.0,2.0,NaN,NaN,NaN,24.0,3.3,NaN,0.0,2.0,0.7,NaN,0.0,2.0,0.11,NaN,0.0,2.0,31.4,NaN,0.0,2.0,10.6,NaN,0.0,2.0,26.9,NaN,0.0,2.0,10.4,NaN,0.0,2.0,NaN,NaN,NaN,24.0,218.0,NaN,0.0,2.0,75.0,0.0,-1.0,-1.0,-5.95,5.0,0.0,1.0,0.0,0.0,0.0,0.0,0.0,1.0,0.0,0.0,1.0,0.0,0.0,NaN,0.0,0.0,NaN,NaN,NaN,NaN,NaN,NaN,NaN
63.0,NaN,1.0,0.0,95.0,NaN,-2.0,0.0,36.22,NaN,0.0,1.0,107.0,NaN,8.0,0.0,62.0,NaN,6.0,0.0,47.0,NaN,5.0,0.0,21.0,NaN,0.0,0.0,NaN,NaN,NaN,24.0,NaN,NaN,NaN,24.0,31.0,NaN,0.0,3.0,NaN,NaN,NaN,24.0,NaN,NaN,NaN,24.0,NaN,NaN,NaN,24.0,NaN,NaN,NaN,24.0,49.0,NaN,0.0,3.0,26.0,NaN,0.0,3.0,125.0,NaN,0.0,3.0,NaN,NaN,NaN,24.0,102.0,NaN,0.0,3.0,0.8,NaN,0.0,3.0,NaN,NaN,NaN,24.0,118.0,NaN,0.0,3.0,NaN,NaN,NaN,24.0,1.9,NaN,0.0,3.0,NaN,NaN,NaN,24.0,3.3,NaN,0.0,3.0,0.7,NaN,0.0,3.0,0.11,NaN,0.0,3.0,31.4,NaN,0.0,3.0,10.6,NaN,0.0,3.0,26.9,NaN,0.0,3.0,10.4,NaN,0.0,3.0,NaN,NaN,NaN,24.0,218.0,NaN,0.0,3.0,75.0,0.0,-1.0,-1.0,-5.95,6.0,0.0,1.0,0.0,0.0,0.0,0.0,0.0,1.0,0.0,0.0,1.0,0.0,0.0,NaN,0.0,0.0,NaN,NaN,NaN,NaN,NaN,NaN,NaN
62.0,NaN,-1.0,0.0,96.0,NaN,1.0,0.0,36.22,NaN,0.0,2.0,99.0,NaN,-8.0,0.0,59.0,NaN,-3.0,0.0,46.0,NaN,-1.0,0.0,16.0,NaN,-5.0,0.0,NaN,NaN,NaN,24.0,NaN,NaN,NaN,24.0,31.0,NaN,0.0,4.0,NaN,NaN,NaN,24.0,NaN,NaN,NaN,24.0,NaN,NaN,NaN,24.0,NaN,NaN,NaN,24.0,49.0,NaN,0.0,4.0,26.0,NaN,0.0,4.0,125.0,NaN,0.0,4.0,NaN,NaN,NaN,24.0,102.0,NaN,0.0,4.0,0.8,NaN,0.0,4.0,NaN,NaN,NaN,24.0,118.0,NaN,0.0,4.0,NaN,NaN,NaN,24.0,1.9,NaN,0.0,4.0,NaN,NaN,NaN,24.0,3.3,NaN,0.0,4.0,0.7,NaN,0.0,4.0,0.11,NaN,0.0,4.0,31.4,NaN,0.0,4.0,10.6,NaN,0.0,4.0,26.9,NaN,0.0,4.0,10.4,NaN,0.0,4.0,NaN,NaN,NaN,24.0,218.0,NaN,0.0,4.0,75.0,0.0,-1.0,-1.0,-5.95,7.0,0.0,0.0,0.0,0.0,0.0,0.0,0.0,1.0,0.0,0.0,1.0,0.0,0.0,NaN,0.0,0.0,NaN,NaN,NaN,NaN,NaN,NaN,NaN
64.0,NaN,2.0,0.0,97.0,NaN,1.0,0.0,36.44,NaN,0.07333333333333296,0.0,104.0,NaN,5.0,0.0,61.0,NaN,2.0,0.0,47.0,NaN,1.0,0.0,25.0,NaN,9.0,0.0,NaN,NaN,NaN,24.0,NaN,NaN,NaN,24.0,31.0,NaN,0.0,5.0,NaN,NaN,NaN,24.0,NaN,NaN,NaN,24.0,NaN,NaN,NaN,24.0,NaN,NaN,NaN,24.0,49.0,NaN,0.0,5.0,26.0,NaN,0.0,5.0,125.0,NaN,0.0,5.0,NaN,NaN,NaN,24.0,102.0,NaN,0.0,5.0,0.8,NaN,0.0,5.0,NaN,NaN,NaN,24.0,118.0,NaN,0.0,5.0,NaN,NaN,NaN,24.0,1.9,NaN,0.0,5.0,NaN,NaN,NaN,24.0,3.3,NaN,0.0,5.0,0.7,NaN,0.0,5.0,0.11,NaN,0.0,5.0,31.4,NaN,0.0,5.0,10.6,NaN,0.0,5.0,26.9,NaN,0.0,5.0,10.4,NaN,0.0,5.0,NaN,NaN,NaN,24.0,218.0,NaN,0.0,5.0,75.0,0.0,-1.0,-1.0,-5.95,8.0,0.0,1.0,0.0,0.0,0.0,0.0,0.0,1.0,0.0,0.0,1.0,0.0,0.0,NaN,0.0,0.0,NaN,NaN,NaN,NaN,NaN,NaN,NaN
67.0,NaN,3.0,0.0,94.0,NaN,-3.0,0.0,36.44,NaN,0.054999999999999716,1.0,114.0,NaN,10.0,0.0,67.0,NaN,6.0,0.0,51.0,NaN,4.0,0.0,23.0,NaN,-2.0,0.0,NaN,NaN,NaN,24.0,NaN,NaN,NaN,24.0,31.0,NaN,0.0,6.0,NaN,NaN,NaN,24.0,NaN,NaN,NaN,24.0,NaN,NaN,NaN,24.0,NaN,NaN,NaN,24.0,49.0,NaN,0.0,6.0,26.0,NaN,0.0,6.0,125.0,NaN,0.0,6.0,NaN,NaN,NaN,24.0,102.0,NaN,0.0,6.0,0.8,NaN,0.0,6.0,NaN,NaN,NaN,24.0,118.0,NaN,0.0,6.0,NaN,NaN,NaN,24.0,1.9,NaN,0.0,6.0,NaN,NaN,NaN,24.0,3.3,NaN,0.0,6.0,0.7,NaN,0.0,6.0,0.11,NaN,0.0,6.0,31.4,NaN,0.0,6.0,10.6,NaN,0.0,6.0,26.9,NaN,0.0,6.0,10.4,NaN,0.0,6.0,NaN,NaN,NaN,24.0,218.0,NaN,0.0,6.0,75.0,0.0,-1.0,-1.0,-5.95,9.0,0.0,1.0,0.0,0.0,0.0,0.0,0.0,0.0,0.0,0.0,1.0,0.0,0.0,NaN,0.0,0.0,NaN,NaN,NaN,NaN,NaN,NaN,NaN
69.0,NaN,2.0,0.0,95.0,NaN,1.0,0.0,36.44,NaN,0.043999999999999775,2.0,117.0,NaN,3.0,0.0,72.0,NaN,5.0,0.0,55.0,NaN,4.0,0.0,24.0,NaN,1.0,0.0,NaN,NaN,NaN,24.0,NaN,NaN,NaN,24.0,31.0,NaN,0.0,7.0,NaN,NaN,NaN,24.0,NaN,NaN,NaN,24.0,NaN,NaN,NaN,24.0,NaN,NaN,NaN,24.0,49.0,NaN,0.0,7.0,26.0,NaN,0.0,7.0,125.0,NaN,0.0,7.0,NaN,NaN,NaN,24.0,102.0,NaN,0.0,7.0,0.8,NaN,0.0,7.0,NaN,NaN,NaN,24.0,118.0,NaN,0.0,7.0,NaN,NaN,NaN,24.0,1.9,NaN,0.0,7.0,NaN,NaN,NaN,24.0,3.3,NaN,0.0,7.0,0.7,NaN,0.0,7.0,0.11,NaN,0.0,7.0,31.4,NaN,0.0,7.0,10.6,NaN,0.0,7.0,26.9,NaN,0.0,7.0,10.4,NaN,0.0,7.0,NaN,NaN,NaN,24.0,218.0,NaN,0.0,7.0,75.0,0.0,-1.0,-1.0,-5.95,10.0,0.0,1.0,0.0,0.0,0.0,0.0,0.0,0.0,0.0,0.0,1.0,0.0,0.0,NaN,0.0,0.0,NaN,NaN,NaN,NaN,NaN,NaN,NaN
66.0,NaN,-3.0,0.0,94.0,NaN,-1.0,0.0,35.89,NaN,-0.18333333333333238,0.0,96.0,NaN,-21.0,0.0,59.0,NaN,-13.0,0.0,48.0,NaN,-7.0,0.0,16.0,NaN,-8.0,0.0,NaN,NaN,NaN,24.0,NaN,NaN,NaN,24.0,31.0,NaN,0.0,8.0,NaN,NaN,NaN,24.0,NaN,NaN,NaN,24.0,NaN,NaN,NaN,24.0,NaN,NaN,NaN,24.0,49.0,NaN,0.0,8.0,25.0,NaN,-0.125,0.0,125.0,NaN,0.0,8.0,NaN,NaN,NaN,24.0,100.0,NaN,-0.25,0.0,0.8,NaN,0.0,0.0,NaN,NaN,NaN,24.0,118.0,NaN,0.0,8.0,NaN,NaN,NaN,24.0,2.0,NaN,0.012500000000000011,0.0,NaN,NaN,NaN,24.0,3.8,NaN,0.0625,0.0,0.7,NaN,0.0,8.0,0.1,NaN,-0.0012499999999999994,0.0,31.4,NaN,0.0,8.0,10.6,NaN,0.0,8.0,26.9,NaN,0.0,8.0,10.4,NaN,0.0,8.0,NaN,NaN,NaN,24.0,218.0,NaN,0.0,8.0,75.0,0.0,-1.0,-1.0,-5.95,11.0,1.0,0.0,0.0,0.0,0.0,0.0,0.0,1.0,0.0,0.0,1.0,0.0,0.0,NaN,0.0,0.0,NaN,NaN,NaN,NaN,NaN,NaN,NaN
64.0,NaN,-2.0,0.0,94.0,NaN,0.0,0.0,35.89,NaN,-0.1374999999999993,1.0,96.0,NaN,-10.5,1.0,59.0,NaN,-6.5,1.0,48.0,NaN,-3.5,1.0,22.0,NaN,6.0,0.0,NaN,NaN,NaN,24.0,NaN,NaN,NaN,24.0,31.0,NaN,0.0,9.0,NaN,NaN,NaN,24.0,NaN,NaN,NaN,24.0,NaN,NaN,NaN,24.0,NaN,NaN,NaN,24.0,49.0,NaN,0.0,9.0,25.0,NaN,-0.1111111111111111,1.0,125.0,NaN,0.0,9.0,NaN,NaN,NaN,24.0,100.0,NaN,-0.2222222222222222,1.0,0.8,NaN,0.0,1.0,NaN,NaN,NaN,24.0,118.0,NaN,0.0,9.0,NaN,NaN,NaN,24.0,2.0,NaN,0.01111111111111112,1.0,NaN,NaN,NaN,24.0,3.8,NaN,0.05555555555555555,1.0,0.7,NaN,0.0,9.0,0.1,NaN,-0.0011111111111111105,1.0,31.4,NaN,0.0,9.0,10.6,NaN,0.0,9.0,26.9,NaN,0.0,9.0,10.4,NaN,0.0,9.0,NaN,NaN,NaN,24.0,218.0,NaN,0.0,9.0,75.0,0.0,-1.0,-1.0,-5.95,12.0,1.0,1.0,0.0,0.0,0.0,0.0,0.0,0.0,0.0,0.0,1.0,0.0,0.0,NaN,0.0,0.0,NaN,NaN,NaN,NaN,NaN,NaN,NaN
65.0,NaN,1.0,0.0,96.0,NaN,2.0,0.0,35.89,NaN,-0.10999999999999943,2.0,111.0,NaN,7.5,0.0,58.0,NaN,-0.5,0.0,40.0,NaN,-4.0,0.0,17.0,NaN,-5.0,0.0,NaN,NaN,NaN,24.0,NaN,NaN,NaN,24.0,31.0,NaN,0.0,10.0,NaN,NaN,NaN,24.0,NaN,NaN,NaN,24.0,NaN,NaN,NaN,24.0,NaN,NaN,NaN,24.0,49.0,NaN,0.0,10.0,25.0,NaN,-0.1,2.0,125.0,NaN,0.0,10.0,NaN,NaN,NaN,24.0,100.0,NaN,-0.2,2.0,0.8,NaN,0.0,2.0,NaN,NaN,NaN,24.0,118.0,NaN,0.0,10.0,NaN,NaN,NaN,24.0,2.0,NaN,0.010000000000000009,2.0,NaN,NaN,NaN,24.0,3.8,NaN,0.05,2.0,0.7,NaN,0.0,10.0,0.1,NaN,-0.0009999999999999996,2.0,31.4,NaN,0.0,10.0,10.6,NaN,0.0,10.0,26.9,NaN,0.0,10.0,10.4,NaN,0.0,10.0,NaN,NaN,NaN,24.0,218.0,NaN,0.0,10.0,75.0,0.0,-1.0,-1.0,-5.95,13.0,1.0,0.0,0.0,0.0,0.0,0.0,0.0,1.0,0.0,0.0,1.0,0.0,0.0,NaN,0.0,0.0,NaN,NaN,NaN,NaN,NaN,NaN,NaN
66.0,NaN,1.0,0.0,96.0,NaN,0.0,0.0,35.89,NaN,-0.09166666666666619,3.0,108.0,NaN,-3.0,0.0,60.0,NaN,2.0,0.0,46.0,NaN,6.0,0.0,25.0,NaN,8.0,0.0,NaN,NaN,NaN,24.0,NaN,NaN,NaN,24.0,31.0,NaN,0.0,11.0,NaN,NaN,NaN,24.0,NaN,NaN,NaN,24.0,NaN,NaN,NaN,24.0,NaN,NaN,NaN,24.0,49.0,NaN,0.0,11.0,25.0,NaN,-0.09090909090909091,3.0,125.0,NaN,0.0,11.0,NaN,NaN,NaN,24.0,100.0,NaN,-0.18181818181818182,3.0,0.8,NaN,0.0,3.0,NaN,NaN,NaN,24.0,118.0,NaN,0.0,11.0,NaN,NaN,NaN,24.0,2.0,NaN,0.0090909090909091,3.0,NaN,NaN,NaN,24.0,3.8,NaN,0.045454545454545456,3.0,0.7,NaN,0.0,11.0,0.1,NaN,-0.0009090909090909087,3.0,31.4,NaN,0.0,11.0,10.6,NaN,0.0,11.0,26.9,NaN,0.0,11.0,10.4,NaN,0.0,11.0,NaN,NaN,NaN,24.0,218.0,NaN,0.0,11.0,75.0,0.0,-1.0,-1.0,-5.95,14.0,1.0,1.0,0.0,0.0,0.0,0.0,0.0,1.0,0.0,0.0,1.0,0.0,0.0,NaN,0.0,0.0,NaN,NaN,NaN,NaN,NaN,NaN,NaN
68.0,NaN,2.0,0.0,95.0,NaN,-1.0,0.0,35.89,NaN,-0.07857142857142817,4.0,108.0,NaN,-1.5,1.0,60.0,NaN,1.0,1.0,46.0,NaN,3.0,1.0,24.0,NaN,-1.0,0.0,NaN,NaN,NaN,24.0,NaN,NaN,NaN,24.0,31.0,NaN,0.0,12.0,NaN,NaN,NaN,24.0,NaN,NaN,NaN,24.0,NaN,NaN,NaN,24.0,NaN,NaN,NaN,24.0,49.0,NaN,0.0,12.0,25.0,NaN,-0.08333333333333333,4.0,125.0,NaN,0.0,12.0,NaN,NaN,NaN,24.0,100.0,NaN,-0.16666666666666666,4.0,0.8,NaN,0.0,4.0,NaN,NaN,NaN,24.0,118.0,NaN,0.0,12.0,NaN,NaN,NaN,24.0,2.0,NaN,0.00833333333333334,4.0,NaN,NaN,NaN,24.0,3.8,NaN,0.041666666666666664,4.0,0.7,NaN,0.0,12.0,0.1,NaN,-0.000833333333333333,4.0,31.4,NaN,0.0,12.0,10.6,NaN,0.0,12.0,26.9,NaN,0.0,12.0,10.4,NaN,0.0,12.0,NaN,NaN,NaN,24.0,218.0,NaN,0.0,12.0,75.0,0.0,-1.0,-1.0,-5.95,15.0,1.0,1.0,0.0,0.0,0.0,0.0,0.0,0.0,0.0,0.0,1.0,0.0,0.0,NaN,0.0,0.0,NaN,NaN,NaN,NaN,NaN,NaN,NaN
