NaN,NaN,NaN,24.0,NaN,NaN,NaN,24.0,NaN,NaN,NaN,24.0,NaN,NaN,NaN,24.0,NaN,NaN,NaN,24.0,NaN,NaN,NaN,24.0,NaN,NaN,NaN,24.0,NaN,NaN,NaN,24.0,NaN,NaN,NaN,24.0,NaN,NaN,NaN,24.0,NaN,NaN,NaN,24.0,NaN,NaN,NaN,24.0,NaN,NaN,NaN,24.0,NaN,NaN,NaN,24.0,NaN,NaN,NaN,24.0,NaN,NaN,NaN,24.0,NaN,NaN,NaN,24.0,NaN,NaN,NaN,24.0,NaN,NaN,NaN,24.0,NaN,NaN,NaN,24.0,NaN,NaN,NaN,24.0,NaN,NaN,NaN,24.0,NaN,NaN,NaN,24.0,NaN,NaN,NaN,24.0,NaN,NaN,NaN,24.0,NaN,NaN,NaN,24.0,NaN,NaN,NaN,24.0,NaN,NaN,NaN,24.0,NaN,NaN,NaN,24.0,NaN,NaN,NaN,24.0,NaN,NaN,NaN,24.0,NaN,NaN,NaN,24.0,NaN,NaN,NaN,24.0,NaN,NaN,NaN,24.0,89.0,1.0,1.0,0.0,-5.466666666666667,1.0,0.0,0.0,0.0,0.0,0.0,0.0,0.0,0.0,0.0,0.0,1.0,0.0,1.0,1.0,1.0,0.0,NaN,12.0,12.0,6.0,NaN,NaN,NaN
79.0,NaN,0.0,0.0,100.0,NaN,0.0,0.0,36.39,NaN,0.0,0.0,85.0,NaN,0.0,0.0,60.0,NaN,0.0,0.0,48.0,NaN,0.0,0.0,25.0,NaN,0.0,0.0,NaN,NaN,NaN,24.0,NaN,NaN,NaN,24.0,NaN,NaN,NaN,24.0,NaN,NaN,NaN,24.0,NaN,NaN,NaN,24.0,NaN,NaN,NaN,24.0,NaN,NaN,NaN,24.0,NaN,NaN,NaN,24.0,NaN,NaN,NaN,24.0,NaN,NaN,NaN,24.0,NaN,NaN,NaN,24.0,NaN,NaN,NaN,24.0,NaN,NaN,NaN,24.0,NaN,NaN,NaN,24.0,NaN,NaN,NaN,24.0,NaN,NaN,NaN,24.0,NaN,NaN,NaN,24.0,NaN,NaN,NaN,24.0,NaN,NaN,NaN,24.0,NaN,NaN,NaN,24.0,NaN,NaN,NaN,24.0,NaN,NaN,NaN,24.0,NaN,NaN,NaN,24.0,NaN,NaN,NaN,24.0,NaN,NaN,NaN,24.0,NaN,NaN,NaN,24.0,NaN,NaN,NaN,24.0,89.0,1.0,1.0,0.0,-5.466666666666667,2.0,0.0,1.0,0.0,0.0,0.0,0.0,0.0,1.0,0.0,0.0,1.0,0.0,1.0,1.0,1.0,0.0,NaN,12.0,12.0,6.0,NaN,NaN,NaN
81.0,NaN,2.0,0.0,100.0,NaN,0.0,0.0,36.39,NaN,0.0,1.0,94.0,NaN,9.0,0.0,66.0,NaN,6.0,0.0,54.0,NaN,6.0,0.0,25.0,NaN,0.0,0.0,24.0,NaN,0.0,0.0,NaN,NaN,NaN,24.0,NaN,NaN,NaN,24.0,0.4,NaN,0.0,0.0,NaN,NaN,NaN,24.0,NaN,NaN,NaN,24.0,NaN,NaN,NaN,24.0,NaN,NaN,NaN,24.0,NaN,NaN,NaN,24.0,NaN,NaN,NaN,24.0,NaN,NaN,NaN,24.0,NaN,NaN,NaN,24.0,NaN,NaN,NaN,24.0,NaN,NaN,NaN,24.0,NaN,NaN,NaN,24.0,NaN,NaN,NaN,24.0,NaN,NaN,NaN,24.0,NaN,NaN,NaN,24.0,NaN,NaN,NaN,24.0,NaN,NaN,NaN,24.0,NaN,NaN,NaN,24.0,NaN,NaN,NaN,24.0,NaN,NaN,NaN,24.0,NaN,NaN,NaN,24.0,NaN,NaN,NaN,24.0,NaN,NaN,NaN,24.0,NaN,NaN,NaN,24.0,89.0,1.0,1.0,0.0,-5.466666666666667,3.0,0.0,1.0,0.0,0.0,1.0,0.0,0.0,0.0,0.0,0.0,0.0,0.0,1.0,1.0,1.0,0.0,NaN,12.0,12.0,6.0,NaN,NaN,NaN
70.0,NaN,-11.0,0.0,100.0,NaN,0.0,0.0,36.39,NaN,0.0,2.0,80.0,NaN,-14.0,0.0,61.0,NaN,-5.0,0.0,52.0,NaN,-2.0,0.0,22.0,NaN,-3.0,0.0,24.0,NaN,0.0,1.0,NaN,NaN,NaN,24.0,NaN,NaN,NaN,24.0,0.4,NaN,0.0,0.0,NaN,NaN,NaN,24.0,NaN,NaN,NaN,24.0,NaN,NaN,NaN,24.0,NaN,NaN,NaN,24.0,NaN,NaN,NaN,24.0,NaN,NaN,NaN,24.0,NaN,NaN,NaN,24.0,NaN,NaN,NaN,24.0,NaN,NaN,NaN,24.0,NaN,NaN,NaN,24.0,NaN,NaN,NaN,24.0,NaN,NaN,NaN,24.0,NaN,NaN,NaN,24.0,NaN,NaN,NaN,24.0,NaN,NaN,NaN,24.0,NaN,NaN,NaN,24.0,NaN,NaN,NaN,24.0,NaN,NaN,NaN,24.0,NaN,NaN,NaN,24.0,NaN,NaN,NaN,24.0,NaN,NaN,NaN,24.0,NaN,NaN,NaN,24.0,NaN,NaN,NaN,24.0,89.0,1.0,1.0,0.0,-5.466666666666667,4.0,0.0,1.0,0.0,0.0,1.0,0.0,0.0,1.0,0.0,0.0,1.0,0.0,1.0,1.0,1.0,0.0,NaN,12.0,12.0,6.0,NaN,NaN,NaN
68.0,NaN,-2.0,0.0,100.0,NaN,0.0,0.0,36.33,NaN,-0.020000000000000757,0.0,73.0,NaN,-7.0,0.0,68.0,NaN,7.0,0.0,63.0,NaN,11.0,0.0,22.0,NaN,-1.5,1.0,24.0,NaN,0.0,2.0,NaN,NaN,NaN,24.0,NaN,NaN,NaN,24.0,0.4,NaN,0.0,1.0,NaN,NaN,NaN,24.0,NaN,NaN,NaN,24.0,NaN,NaN,NaN,24.0,NaN,NaN,NaN,24.0,NaN,NaN,NaN,24.0,NaN,NaN,NaN,24.0,NaN,NaN,NaN,24.0,NaN,NaN,NaN,24.0,NaN,NaN,NaN,24.0,NaN,NaN,NaN,24.0,NaN,NaN,NaN,24.0,NaN,NaN,NaN,24.0,NaN,NaN,NaN,24.0,NaN,NaN,NaN,24.0,NaN,NaN,NaN,24.0,NaN,NaN,NaN,24.0,NaN,NaN,NaN,24.0,NaN,NaN,NaN,24.0,NaN,NaN,NaN,24.0,NaN,NaN,NaN,24.0,NaN,NaN,NaN,24.0,NaN,NaN,NaN,24.0,NaN,NaN,NaN,24.0,89.0,1.0,1.0,0.0,-5.466666666666667,5.0,0.0,1.0,0.0,0.0,0.0,0.0,0.0,1.0,0.0,0.0,1.0,0.0,1.0,1.0,1.0,0.0,NaN,12.0,12.0,6.0,NaN,NaN,NaN
75.0,NaN,7.0,0.0,100.0,NaN,0.0,0.0,36.33,NaN,-0.015000000000000568,1.0,77.0,NaN,4.0,0.0,58.0,NaN,-10.0,0.0,48.0,NaN,-15.0,0.0,22.0,NaN,-1.0,2.0,24.0,NaN,0.0,3.0,NaN,NaN,NaN,24.0,16.0,NaN,0.0,0.0,0.4,NaN,0.0,2.0,NaN,NaN,NaN,24.0,NaN,NaN,NaN,24.0,NaN,NaN,NaN,24.0,89.0,NaN,0.0,0.0,198.0,NaN,0.0,0.0,558.0,NaN,0.0,0.0,7.0,NaN,0.0,0.0,99.0,NaN,0.0,0.0,2.4,NaN,0.0,0.0,NaN,NaN,NaN,24.0,120.0,NaN,0.0,0.0,NaN,NaN,NaN,24.0,1.8,NaN,0.0,0.0,4.6,NaN,0.0,0.0,4.6,NaN,0.0,0.0,4.9,NaN,0.0,0.0,0.13,NaN,0.0,0.0,23.4,NaN,0.0,0.0,7.5,NaN,0.0,0.0,37.8,NaN,0.0,0.0,9.7,NaN,0.0,0.0,397.0,NaN,0.0,0.0,121.0,NaN,0.0,0.0,89.0,1.0,1.0,0.0,-5.466666666666667,6.0,0.0,1.0,0.0,0.0,0.0,1.0,2.0,1.0,0.0,2.0,1.0,0.0,1.0,1.0,1.0,0.0,NaN,12.0,12.0,6.0,NaN,NaN,NaN
78.0,NaN,3.0,0.0,100.0,NaN,0.0,0.0,36.33,NaN,-0.012000000000000455,2.0,97.0,NaN,20.0,0.0,68.0,NaN,10.0,0.0,55.0,NaN,7.0,0.0,15.0,NaN,-2.3333333333333335,0.0,24.0,NaN,0.0,4.0,-6.0,NaN,0.0,0.0,16.0,NaN,0.0,1.0,0.4,NaN,0.0,3.0,7.34,NaN,0.0,0.0,33.0,NaN,0.0,0.0,62.0,NaN,0.0,0.0,89.0,NaN,0.0,1.0,198.0,NaN,0.0,1.0,558.0,NaN,0.0,1.0,7.0,NaN,0.0,1.0,99.0,NaN,0.0,1.0,2.4,NaN,0.0,1.0,NaN,NaN,NaN,24.0,120.0,NaN,0.0,1.0,2.3,NaN,0.0,0.0,1.8,NaN,0.0,1.0,4.6,NaN,0.0,1.0,4.6,NaN,0.0,1.0,4.9,NaN,0.0,1.0,0.13,NaN,0.0,1.0,23.4,NaN,0.0,1.0,7.5,NaN,0.0,1.0,37.8,NaN,0.0,1.0,9.7,NaN,0.0,1.0,397.0,NaN,0.0,1.0,121.0,NaN,0.0,1.0,89.0,1.0,1.0,0.0,-5.466666666666667,7.0,0.0,0.0,0.0,0.0,0.0,0.0,0.0,0.0,1.0,0.0,1.0,0.0,1.0,1.0,1.0,0.0,NaN,12.0,12.0,6.0,NaN,NaN,NaN
76.0,NaN,-2.0,0.0,100.0,NaN,0.0,0.0,36.33,NaN,-0.010000000000000378,3.0,80.0,NaN,-17.0,0.0,60.0,NaN,-8.0,0.0,50.0,NaN,-5.0,0.0,19.0,NaN,4.0,0.0,26.0,NaN,0.4,0.0,-6.0,NaN,0.0,1.0,16.0,NaN,0.0,2.0,0.4,NaN,0.0,0.0,7.34,NaN,0.0,1.0,33.0,NaN,0.0,1.0,62.0,NaN,0.0,1.0,89.0,NaN,0.0,2.0,198.0,NaN,0.0,2.0,558.0,NaN,0.0,2.0,7.0,NaN,0.0,2.0,99.0,NaN,0.0,2.0,2.4,NaN,0.0,2.0,NaN,NaN,NaN,24.0,120.0,NaN,0.0,2.0,2.3,NaN,0.0,1.0,1.8,NaN,0.0,2.0,4.6,NaN,0.0,2.0,4.6,NaN,0.0,2.0,4.9,NaN,0.0,2.0,0.13,NaN,0.0,2.0,23.4,NaN,0.0,2.0,7.5,NaN,0.0,2.0,37.8,NaN,0.0,2.0,9.7,NaN,0.0,2.0,397.0,NaN,0.0,2.0,121.0,NaN,0.0,2.0,89.0,1.0,1.0,0.0,-5.466666666666667,8.0,0.0,0.0,0.0,0.0,1.0,0.0,0.0,1.0,0.0,0.0,1.0,0.0,1.0,1.0,1.0,0.0,NaN,12.0,12.0,6.0,NaN,NaN,NaN
72.0,NaN,-4.0,0.0,100.0,NaN,0.0,0.0,36.33,NaN,0.0,0.0,76.0,NaN,-4.0,0.0,60.0,NaN,0.0,0.0,51.0,NaN,1.0,0.0,17.0,NaN,-2.0,0.0,26.0,NaN,0.3333333333333333,1.0,-6.0,NaN,0.0,2.0,16.0,NaN,0.0,3.0,0.4,NaN,0.0,1.0,7.34,NaN,0.0,2.0,33.0,NaN,0.0,2.0,62.0,NaN,0.0,2.0,89.0,NaN,0.0,3.0,198.0,NaN,0.0,3.0,558.0,NaN,0.0,3.0,7.0,NaN,0.0,3.0,99.0,NaN,0.0,3.0,2.4,NaN,0.0,3.0,NaN,NaN,NaN,24.0,120.0,NaN,0.0,3.0,2.3,NaN,0.0,2.0,1.8,NaN,0.0,3.0,4.6,NaN,0.0,3.0,4.6,NaN,0.0,3.0,4.9,NaN,0.0,3.0,0.13,NaN,0.0,3.0,23.4,NaN,0.0,3.0,7.5,NaN,0.0,3.0,37.8,NaN,0.0,3.0,9.7,NaN,0.0,3.0,397.0,NaN,0.0,3.0,121.0,NaN,0.0,3.0,89.0,1.0,1.0,0.0,-5.466666666666667,9.0,0.0,0.0,0.0,0.0,0.0,0.0,0.0,1.0,0.0,0.0,1.0,1.0,1.0,1.0,1.0,0.0,NaN,12.0,12.0,6.0,NaN,NaN,NaN
70.0,NaN,-2.0,0.0,100.0,NaN,0.0,0.0,36.33,NaN,0.0,1.0,78.0,NaN,2.0,0.0,58.0,NaN,-2.0,0.0,47.0,NaN,-4.0,0.0,21.0,NaN,4.0,0.0,26.0,NaN,0.2857142857142857,2.0,-6.0,NaN,0.0,3.0,16.0,NaN,0.0,4.0,0.4,NaN,0.0,2.0,7.34,NaN,0.0,3.0,33.0,NaN,0.0,3.0,62.0,NaN,0.0,3.0,89.0,NaN,0.0,4.0,198.0,NaN,0.0,4.0,558.0,NaN,0.0,4.0,7.0,NaN,0.0,4.0,99.0,NaN,0.0,4.0,2.4,NaN,0.0,4.0,NaN,NaN,NaN,24.0,120.0,NaN,0.0,4.0,2.3,NaN,0.0,3.0,1.8,NaN,0.0,4.0,4.6,NaN,0.0,4.0,4.6,NaN,0.0,4.0,4.9,NaN,0.0,4.0,0.13,NaN,0.0,4.0,23.4,NaN,0.0,4.0,7.5,NaN,0.0,4.0,37.8,NaN,0.0,4.0,9.7,NaN,0.0,4.0,397.0,NaN,0.0,4.0,121.0,NaN,0.0,4.0,89.0,1.0,1.0,0.0,-5.466666666666667,10.0,0.0,1.0,0.0,0.0,0.0,0.0,0.0,1.0,0.0,0.0,1.0,1.0,1.0,1.0,1.0,0.0,NaN,12.0,12.0,6.0,NaN,NaN,NaN
61.0,NaN,-9.0,0.0,100.0,NaN,0.0,0.0,36.33,NaN,0.0,2.0,88.0,NaN,10.0,0.0,67.0,NaN,9.0,0.0,57.0,NaN,10.0,0.0,23.0,NaN,2.0,0.0,26.0,NaN,0.25,3.0,-6.0,NaN,0.0,4.0,16.0,NaN,0.0,5.0,0.4,NaN,0.0,3.0,7.34,NaN,0.0,4.0,33.0,NaN,0.0,4.0,62.0,NaN,0.0,4.0,89.0,NaN,0.0,5.0,198.0,NaN,0.0,5.0,558.0,NaN,0.0,5.0,7.0,NaN,0.0,5.0,99.0,NaN,0.0,5.0,2.4,NaN,0.0,5.0,NaN,NaN,NaN,24.0,120.0,NaN,0.0,5.0,2.3,NaN,0.0,4.0,1.8,NaN,0.0,5.0,4.6,NaN,0.0,5.0,4.6,NaN,0.0,5.0,4.9,NaN,0.0,5.0,0.13,NaN,0.0,5.0,23.4,NaN,0.0,5.0,7.5,NaN,0.0,5.0,37.8,NaN,0.0,5.0,9.7,NaN,0.0,5.0,397.0,NaN,0.0,5.0,121.0,NaN,0.0,5.0,89.0,1.0,1.0,0.0,-5.466666666666667,11.0,0.0,1.0,0.0,0.0,0.0,0.0,0.0,1.0,0.0,0.0,1.0,1.0,1.0,1.0,1.0,0.0,NaN,12.0,12.0,6.0,NaN,NaN,NaN
71.0,NaN,10.0,0.0,100.0,NaN,0.0,0.0,36.33,NaN,0.0,3.0,85.0,NaN,-3.0,0.0,64.0,NaN,-3.0,0.0,55.0,NaN,-2.0,0.0,22.0,NaN,-1.0,0.0,26.0,NaN,0.2222222222222222,4.0,-6.0,NaN,0.0,5.0,16.0,NaN,0.0,6.0,0.4,NaN,0.0,0.0,7.34,NaN,0.0,5.0,33.0,NaN,0.0,5.0,62.0,NaN,0.0,5.0,89.0,NaN,0.0,6.0,198.0,NaN,0.0,6.0,558.0,NaN,0.0,6.0,7.0,NaN,0.0,6.0,99.0,NaN,0.0,6.0,2.4,NaN,0.0,6.0,NaN,NaN,NaN,24.0,120.0,NaN,0.0,6.0,2.3,NaN,0.0,5.0,1.8,NaN,0.0,6.0,4.6,NaN,0.0,6.0,4.6,NaN,0.0,6.0,4.9,NaN,0.0,6.0,0.13,NaN,0.0,6.0,23.4,NaN,0.0,6.0,7.5,NaN,0.0,6.0,37.8,NaN,0.0,6.0,9.7,NaN,0.0,6.0,397.0,NaN,0.0,6.0,121.0,NaN,0.0,6.0,89.0,1.0,1.0,0.0,-5.466666666666667,12.0,0.0,1.0,0.0,0.0,1.0,0.0,0.0,1.0,0.0,0.0,1.0,1.0,1.0,1.0,1.0,0.0,NaN,12.0,12.0,6.0,NaN,NaN,NaN
73.0,NaN,2.0,0.0,98.0,NaN,-2.0,0.0,36.33,NaN,0.0,0.0,84.0,NaN,-1.0,0.0,60.0,NaN,-4.0,0.0,47.0,NaN,-8.0,0.0,19.0,NaN,-3.0,0.0,26.0,NaN,0.2,5.0,-6.0,NaN,0.0,6.0,16.0,NaN,0.0,7.0,0.4,NaN,0.0,1.0,7.34,NaN,0.0,6.0,33.0,NaN,0.0,6.0,62.0,NaN,0.0,6.0,89.0,NaN,0.0,7.0,198.0,NaN,0.0,7.0,558.0,NaN,0.0,7.0,7.0,NaN,0.0,7.0,99.0,NaN,0.0,7.0,2.4,NaN,0.0,7.0,NaN,NaN,NaN,24.0,120.0,NaN,0.0,7.0,2.3,NaN,0.0,6.0,1.8,NaN,0.0,7.0,4.6,NaN,0.0,7.0,4.6,NaN,0.0,7.0,4.9,NaN,0.0,7.0,0.13,NaN,0.0,7.0,23.4,NaN,0.0,7.0,7.5,NaN,0.0,7.0,37.8,NaN,0.0,7.0,9.7,NaN,0.0,7.0,397.0,NaN,0.0,7.0,121.0,NaN,0.0,7.0,89.0,1.0,1.0,0.0,-5.466666666666667,13.0,0.0,0.0,0.0,0.0,0.0,0.0,0.0,1.0,0.0,0.0,1.0,1.0,1.0,1.0,1.0,0.0,NaN,12.0,12.0,6.0,NaN,NaN,NaN
73.0,NaN,0.0,0.0,100.0,NaN,2.0,0.0,36.33,NaN,0.0,1.0,91.0,NaN,7.0,0.0,63.0,NaN,3.0,0.0,49.0,NaN,2.0,0.0,19.0,NaN,0.0,0.0,26.0,NaN,0.18181818181818182,6.0,-6.0,NaN,0.0,7.0,16.0,NaN,0.0,8.0,0.4,NaN,0.0,2.0,7.34,NaN,0.0,7.0,33.0,NaN,0.0,7.0,62.0,NaN,0.0,7.0,89.0,NaN,0.0,8.0,198.0,NaN,0.0,8.0,558.0,NaN,0.0,8.0,7.0,NaN,0.0,8.0,99.0,NaN,0.0,8.0,2.4,NaN,0.0,8.0,NaN,NaN,NaN,24.0,120.0,NaN,0.0,8.0,2.3,NaN,0.0,7.0,1.8,NaN,0.0,8.0,4.6,NaN,0.0,8.0,4.6,NaN,0.0,8.0,4.9,NaN,0.0,8.0,0.13,NaN,0.0,8.0,23.4,NaN,0.0,8.0,7.5,NaN,0.0,8.0,37.8,NaN,0.0,8.0,9.7,NaN,0.0,8.0,397.0,NaN,0.0,8.0,121.0,NaN,0.0,8.0,89.0,1.0,1.0,0.0,-5.466666666666667,14.0,0.0,0.0,0.0,0.0,0.0,0.0,0.0,1.0,0.0,0.0,1.0,1.0,1.0,1.0,1.0,0.0,NaN,12.0,12.0,6.0,NaN,NaN,NaN
70.0,NaN,-3.0,0.0,100.0,NaN,0.0,0.0,36.33,NaN,0.0,2.0,86.0,NaN,-5.0,0.0,62.0,NaN,-1.0,0.0,52.0,NaN,3.0,0.0,22.0,NaN,3.0,0.0,26.0,NaN,0.16666666666666666,7.0,-6.0,NaN,0.0,8.0,16.0,NaN,0.0,9.0,0.4,NaN,0.0,3.0,7.34,NaN,0.0,8.0,33.0,NaN,0.0,8.0,62.0,NaN,0.0,8.0,89.0,NaN,0.0,9.0,198.0,NaN,0.0,9.0,558.0,NaN,0.0,9.0,7.0,NaN,0.0,9.0,99.0,NaN,0.0,9.0,2.4,NaN,0.0,9.0,NaN,NaN,NaN,24.0,120.0,NaN,0.0,9.0,2.3,NaN,0.0,8.0,1.8,NaN,0.0,9.0,4.6,NaN,0.0,9.0,4.6,NaN,0.0,9.0,4.9,NaN,0.0,9.0,0.13,NaN,0.0,9.0,23.4,NaN,0.0,9.0,7.5,NaN,0.0,9.0,37.8,NaN,0.0,9.0,9.7,NaN,0.0,9.0,397.0,NaN,0.0,9.0,121.0,NaN,0.0,9.0,89.0,1.0,1.0,0.0,-5.466666666666667,15.0,0.0,1.0,0.0,0.0,0.0,0.0,0.0,1.0,0.0,0.0,1.0,1.0,1.0,1.0,1.0,0.0,NaN,12.0,12.0,6.0,NaN,NaN,NaN
74.0,NaN,4.0,0.0,100.0,NaN,0.0,0.0,36.33,NaN,0.0,3.0,88.0,NaN,2.0,0.0,66.0,NaN,4.0,0.0,54.0,NaN,2.0,0.0,18.0,NaN,-4.0,0.0,26.0,NaN,0.15384615384615385,8.0,-6.0,NaN,0.0,9.0,16.0,NaN,0.0,10.0,0.4,NaN,0.0,4.0,7.34,NaN,0.0,9.0,33.0,NaN,0.0,9.0,62.0,NaN,0.0,9.0,89.0,NaN,0.0,10.0,198.0,NaN,0.0,10.0,558.0,NaN,0.0,10.0,7.0,NaN,0.0,10.0,99.0,NaN,0.0,10.0,2.4,NaN,0.0,10.0,NaN,NaN,NaN,24.0,120.0,NaN,0.0,10.0,2.3,NaN,0.0,9.0,1.8,NaN,0.0,10.0,4.6,NaN,0.0,10.0,4.6,NaN,0.0,10.0,4.9,NaN,0.0,10.0,0.13,NaN,0.0,10.0,23.4,NaN,0.0,10.0,7.5,NaN,0.0,10.0,37.8,NaN,0.0,10.0,9.7,NaN,0.0,10.0,397.0,NaN,0.0,10.0,121.0,NaN,0.0,10.0,89.0,1.0,1.0,0.0,-5.466666666666667,16.0,0.0,0.0,0.0,0.0,0.0,0.0,0.0,1.0,0.0,0.0,1.0,1.0,1.0,1.0,1.0,0.0,NaN,12.0,12.0,6.0,NaN,NaN,NaN
