137.0,NaN,NaN,24.0,96.0,NaN,NaN,24.0,NaN,NaN,NaN,24.0,NaN,NaN,NaN,24.0,NaN,NaN,NaN,24.0,NaN,NaN,NaN,24.0,31.0,NaN,NaN,24.0,NaN,NaN,NaN,24.0,5.0,NaN,NaN,24.0,NaN,NaN,NaN,24.0,NaN,NaN,NaN,24.0,7.52,NaN,NaN,24.0,36.0,NaN,NaN,24.0,NaN,NaN,NaN,24.0,NaN,NaN,NaN,24.0,NaN,NaN,NaN,24.0,NaN,NaN,NaN,24.0,NaN,NaN,NaN,24.0,NaN,NaN,NaN,24.0,NaN,NaN,NaN,24.0,NaN,NaN,NaN,24.0,NaN,NaN,NaN,24.0,NaN,NaN,NaN,24.0,NaN,NaN,NaN,24.0,NaN,NaN,NaN,24.0,NaN,NaN,NaN,24.0,NaN,NaN,NaN,24.0,NaN,NaN,NaN,24.0,NaN,NaN,NaN,24.0,NaN,NaN,NaN,24.0,NaN,NaN,NaN,24.0,NaN,NaN,NaN,24.0,NaN,NaN,NaN,24.0,NaN,NaN,NaN,24.0,59.0,1.0,0.0,1.0,-44.64472222222222,1.0,0.0,1.0,1.0,0.0,0.0,0.0,0.0,0.0,0.0,0.0,1.0,0.0,1.0,1.0,0.0,0.0,3.0,5.0,4.0,2.0,NaN,NaN,NaN
134.25,NaN,-2.75,0.0,96.5,NaN,0.5,0.0,38.78,NaN,0.0,0.0,149.333333333333,NaN,0.0,0.0,89.3333333333333,NaN,0.0,0.0,74.0,NaN,0.0,0.0,25.75,NaN,-5.25,0.0,NaN,NaN,NaN,24.0,5.0,NaN,0.0,1.0,NaN,NaN,NaN,24.0,NaN,NaN,NaN,24.0,7.52,NaN,0.0,1.0,36.0,NaN,0.0,1.0,NaN,NaN,NaN,24.0,NaN,NaN,NaN,24.0,NaN,NaN,NaN,24.0,NaN,NaN,NaN,24.0,NaN,NaN,NaN,24.0,NaN,NaN,NaN,24.0,NaN,NaN,NaN,24.0,NaN,NaN,NaN,24.0,NaN,NaN,NaN,24.0,NaN,NaN,NaN,24.0,NaN,NaN,NaN,24.0,NaN,NaN,NaN,24.0,NaN,NaN,NaN,24.0,NaN,NaN,NaN,24.0,NaN,NaN,NaN,24.0,NaN,NaN,NaN,24.0,NaN,NaN,NaN,24.0,NaN,NaN,NaN,24.0,NaN,NaN,NaN,24.0,NaN,NaN,NaN,24.0,NaN,NaN,NaN,24.0,59.0,1.0,0.0,1.0,-44.64472222222222,2.0,1.0,1.0,1.0,0.0,0.0,0.0,0.0,0.0,0.0,0.0,1.0,1.0,1.0,1.0,0.0,0.0,3.0,5.0,4.0,2.0,NaN,NaN,NaN
132.0,NaN,-2.25,0.0,97.0,NaN,0.5,0.0,38.305,NaN,-0.4750000000000014,0.0,164.0,NaN,14.666666666666998,0.0,93.5,NaN,4.1666666666667,0.0,71.75,NaN,-2.25,0.0,24.3333333333333,NaN,-1.4166666666666998,0.0,NaN,NaN,NaN,24.0,4.0,NaN,-0.5,0.0,26.0,NaN,0.0,0.0,NaN,NaN,NaN,24.0,7.48,NaN,-0.019999999999999574,0.0,38.0,NaN,1.0,0.0,NaN,NaN,NaN,24.0,NaN,NaN,NaN,24.0,12.0,NaN,0.0,0.0,NaN,NaN,NaN,24.0,7.8,NaN,0.0,0.0,102.0,NaN,0.0,0.0,1.0,NaN,0.0,0.0,NaN,NaN,NaN,24.0,122.0,NaN,0.0,0.0,2.0,NaN,0.0,0.0,1.8,NaN,0.0,0.0,1.5,NaN,0.0,0.0,3.5,NaN,0.0,0.0,NaN,NaN,NaN,24.0,0.1,NaN,0.0,0.0,22.3,NaN,0.0,0.0,7.7,NaN,0.0,0.0,40.0,NaN,0.0,0.0,11.2,NaN,0.0,0.0,729.0,NaN,0.0,0.0,159.0,NaN,0.0,0.0,59.0,1.0,0.0,1.0,-44.64472222222222,3.0,1.0,1.0,1.0,0.0,0.0,0.0,0.0,0.0,1.0,0.0,1.0,1.0,1.0,1.0,0.0,0.0,3.0,5.0,4.0,2.0,NaN,NaN,NaN
138.0,NaN,6.0,0.0,97.0,NaN,0.0,0.0,38.94,NaN,0.634999999999998,0.0,182.5,NaN,18.5,0.0,99.0,NaN,5.5,0.0,65.0,NaN,-6.75,0.0,26.5,NaN,2.1666666666667,0.0,NaN,NaN,NaN,24.0,4.0,NaN,-0.3333333333333333,1.0,26.0,NaN,0.0,1.0,NaN,NaN,NaN,24.0,7.48,NaN,-0.01333333333333305,1.0,38.0,NaN,0.6666666666666666,1.0,NaN,NaN,NaN,24.0,NaN,NaN,NaN,24.0,12.0,NaN,0.0,1.0,NaN,NaN,NaN,24.0,7.8,NaN,0.0,1.0,102.0,NaN,0.0,1.0,1.0,NaN,0.0,1.0,NaN,NaN,NaN,24.0,122.0,NaN,0.0,1.0,2.0,NaN,0.0,1.0,1.8,NaN,0.0,1.0,1.5,NaN,0.0,1.0,3.5,NaN,0.0,1.0,NaN,NaN,NaN,24.0,0.1,NaN,0.0,1.0,22.3,NaN,0.0,1.0,7.7,NaN,0.0,1.0,40.0,NaN,0.0,1.0,11.2,NaN,0.0,1.0,729.0,NaN,0.0,1.0,159.0,NaN,0.0,1.0,59.0,1.0,0.0,1.0,-44.64472222222222,4.0,1.0,1.0,1.0,0.0,0.0,0.0,0.0,0.0,0.0,0.0,1.0,1.0,1.0,1.0,0.0,0.0,3.0,5.0,4.0,2.0,NaN,NaN,NaN
123.0,NaN,-15.0,0.0,99.75,NaN,2.75,0.0,38.975,NaN,0.035000000000003695,0.0,134.6,NaN,-47.900000000000006,0.0,95.6,NaN,-3.4000000000000057,0.0,78.8,NaN,13.799999999999997,0.0,25.0,NaN,-1.5,0.0,NaN,NaN,NaN,24.0,4.0,NaN,0.0,0.0,26.0,NaN,0.0,2.0,NaN,NaN,NaN,24.0,7.49,NaN,0.004999999999999893,0.0,35.0,NaN,-1.5,0.0,NaN,NaN,NaN,24.0,NaN,NaN,NaN,24.0,12.0,NaN,0.0,2.0,NaN,NaN,NaN,24.0,7.8,NaN,0.0,2.0,102.0,NaN,0.0,2.0,1.0,NaN,0.0,2.0,NaN,NaN,NaN,24.0,122.0,NaN,0.0,2.0,2.0,NaN,0.0,2.0,1.8,NaN,0.0,2.0,1.5,NaN,0.0,2.0,3.5,NaN,0.0,2.0,NaN,NaN,NaN,24.0,0.1,NaN,0.0,2.0,22.3,NaN,0.0,2.0,7.7,NaN,0.0,2.0,40.0,NaN,0.0,2.0,11.2,NaN,0.0,2.0,729.0,NaN,0.0,2.0,159.0,NaN,0.0,2.0,59.0,1.0,0.0,1.0,-44.64472222222222,5.0,1.0,1.0,1.0,0.0,0.0,0.0,0.0,0.0,0.0,0.0,1.0,1.0,1.0,1.0,0.0,0.0,3.0,5.0,4.0,2.0,NaN,NaN,NaN
118.0,NaN,-5.0,0.0,100.0,NaN,0.25,0.0,38.28,NaN,-0.6950000000000003,0.0,125.5,NaN,-9.099999999999994,0.0,93.0,NaN,-2.5999999999999943,0.0,76.0,NaN,-2.799999999999997,0.0,24.5,NaN,-0.5,0.0,NaN,NaN,NaN,24.0,4.0,NaN,0.0,1.0,26.0,NaN,0.0,3.0,NaN,NaN,NaN,24.0,7.49,NaN,0.0033333333333332624,1.0,35.0,NaN,-1.0,1.0,NaN,NaN,NaN,24.0,NaN,NaN,NaN,24.0,12.0,NaN,0.0,3.0,NaN,NaN,NaN,24.0,7.8,NaN,0.0,3.0,102.0,NaN,0.0,3.0,1.0,NaN,0.0,3.0,NaN,NaN,NaN,24.0,122.0,NaN,0.0,3.0,2.0,NaN,0.0,3.0,1.8,NaN,0.0,3.0,1.5,NaN,0.0,3.0,3.5,NaN,0.0,3.0,NaN,NaN,NaN,24.0,0.1,NaN,0.0,3.0,25.5,NaN,1.0666666666666664,0.0,7.7,NaN,0.0,3.0,43.2,NaN,1.0666666666666675,0.0,11.2,NaN,0.0,3.0,729.0,NaN,0.0,3.0,159.0,NaN,0.0,3.0,59.0,1.0,0.0,1.0,-44.64472222222222,6.0,1.0,1.0,1.0,0.0,0.0,0.0,0.0,0.0,0.0,0.0,1.0,1.0,1.0,1.0,0.0,0.0,3.0,5.0,4.0,2.0,NaN,NaN,NaN
107.0,NaN,-11.0,0.0,100.0,NaN,0.0,0.0,37.06,NaN,-1.2199999999999989,0.0,129.0,NaN,3.5,0.0,92.0,NaN,-1.0,0.0,73.0,NaN,-3.0,0.0,22.0,NaN,-2.5,0.0,NaN,NaN,NaN,24.0,4.0,NaN,0.0,2.0,26.0,NaN,0.0,4.0,NaN,NaN,NaN,24.0,7.49,NaN,0.0024999999999999467,2.0,35.0,NaN,-0.75,2.0,NaN,NaN,NaN,24.0,NaN,NaN,NaN,24.0,12.0,NaN,0.0,4.0,NaN,NaN,NaN,24.0,7.8,NaN,0.0,4.0,102.0,NaN,0.0,4.0,1.0,NaN,0.0,4.0,NaN,NaN,NaN,24.0,122.0,NaN,0.0,4.0,2.0,NaN,0.0,4.0,1.8,NaN,0.0,4.0,1.5,NaN,0.0,4.0,3.5,NaN,0.0,4.0,NaN,NaN,NaN,24.0,0.1,NaN,0.0,4.0,25.5,NaN,0.7999999999999998,1.0,7.7,NaN,0.0,4.0,43.2,NaN,0.8000000000000007,1.0,11.2,NaN,0.0,4.0,729.0,NaN,0.0,4.0,159.0,NaN,0.0,4.0,59.0,1.0,0.0,1.0,-44.64472222222222,7.0,0.0,1.0,1.0,0.0,0.0,0.0,0.0,0.0,0.0,0.0,1.0,1.0,1.0,1.0,0.0,0.0,3.0,5.0,4.0,2.0,NaN,NaN,NaN
97.0,NaN,-10.0,0.0,100.0,NaN,0.0,0.0,37.06,NaN,-0.6099999999999994,1.0,127.0,NaN,-2.0,0.0,88.0,NaN,-4.0,0.0,68.0,NaN,-5.0,0.0,14.0,NaN,-8.0,0.0,NaN,NaN,NaN,24.0,4.0,NaN,0.0,3.0,26.0,NaN,0.0,5.0,NaN,NaN,NaN,24.0,7.49,NaN,0.0019999999999999575,3.0,35.0,NaN,-0.6,3.0,NaN,NaN,NaN,24.0,NaN,NaN,NaN,24.0,12.0,NaN,0.0,5.0,NaN,NaN,NaN,24.0,7.8,NaN,0.0,5.0,102.0,NaN,0.0,5.0,1.0,NaN,0.0,5.0,NaN,NaN,NaN,24.0,122.0,NaN,0.0,5.0,2.0,NaN,0.0,5.0,1.8,NaN,0.0,5.0,1.5,NaN,0.0,5.0,3.5,NaN,0.0,5.0,NaN,NaN,NaN,24.0,0.1,NaN,0.0,5.0,25.5,NaN,0.6399999999999999,2.0,7.7,NaN,0.0,5.0,43.2,NaN,0.6400000000000006,2.0,11.2,NaN,0.0,5.0,729.0,NaN,0.0,5.0,159.0,NaN,0.0,5.0,59.0,1.0,0.0,1.0,-44.64472222222222,8.0,0.0,0.0,1.0,0.0,0.0,0.0,0.0,0.0,0.0,0.0,1.0,1.0,1.0,1.0,0.0,0.0,3.0,5.0,4.0,2.0,NaN,NaN,NaN
94.0,NaN,-3.0,0.0,100.0,NaN,0.0,0.0,37.06,NaN,-0.4066666666666663,2.0,128.0,NaN,1.0,0.0,87.0,NaN,-1.0,0.0,67.0,NaN,-1.0,0.0,14.0,NaN,0.0,0.0,NaN,NaN,NaN,24.0,4.0,NaN,0.0,4.0,26.0,NaN,0.0,6.0,NaN,NaN,NaN,24.0,7.49,NaN,0.0016666666666666312,4.0,35.0,NaN,-0.5,4.0,NaN,NaN,NaN,24.0,NaN,NaN,NaN,24.0,12.0,NaN,0.0,6.0,NaN,NaN,NaN,24.0,7.8,NaN,0.0,6.0,102.0,NaN,0.0,6.0,1.0,NaN,0.0,6.0,NaN,NaN,NaN,24.0,122.0,NaN,0.0,6.0,2.0,NaN,0.0,6.0,1.8,NaN,0.0,6.0,1.5,NaN,0.0,6.0,3.5,NaN,0.0,6.0,NaN,NaN,NaN,24.0,0.1,NaN,0.0,6.0,25.5,NaN,0.5333333333333332,3.0,7.7,NaN,0.0,6.0,43.2,NaN,0.5333333333333338,3.0,11.2,NaN,0.0,6.0,729.0,NaN,0.0,6.0,159.0,NaN,0.0,6.0,59.0,1.0,0.0,1.0,-44.64472222222222,9.0,0.0,0.0,1.0,0.0,0.0,0.0,0.0,0.0,0.0,0.0,1.0,1.0,1.0,1.0,0.0,0.0,3.0,5.0,4.0,2.0,NaN,NaN,NaN
