NaN,NaN,NaN,24.0,NaN,NaN,NaN,24.0,NaN,NaN,NaN,24.0,NaN,NaN,NaN,24.0,NaN,NaN,NaN,24.0,NaN,NaN,NaN,24.0,NaN,NaN,NaN,24.0,NaN,NaN,NaN,24.0,NaN,NaN,NaN,24.0,NaN,NaN,NaN,24.0,NaN,NaN,NaN,24.0,NaN,NaN,NaN,24.0,NaN,NaN,NaN,24.0,NaN,NaN,NaN,24.0,NaN,NaN,NaN,24.0,NaN,NaN,NaN,24.0,NaN,NaN,NaN,24.0,NaN,NaN,NaN,24.0,NaN,NaN,NaN,24.0,NaN,NaN,NaN,24.0,NaN,NaN,NaN,24.0,NaN,NaN,NaN,24.0,NaN,NaN,NaN,24.0,NaN,NaN,NaN,24.0,NaN,NaN,NaN,24.0,NaN,NaN,NaN,24.0,NaN,NaN,NaN,24.0,NaN,NaN,NaN,24.0,NaN,NaN,NaN,24.0,NaN,NaN,NaN,24.0,NaN,NaN,NaN,24.0,NaN,NaN,NaN,24.0,NaN,NaN,NaN,24.0,NaN,NaN,NaN,24.0,39.0,0.0,1.0,0.0,-6.3,1.0,0.0,0.0,0.0,0.0,0.0,0.0,0.0,0.0,0.0,0.0,1.0,0.0,1.0,1.0,0.0,0.0,NaN,6.0,6.0,6.0,NaN,NaN,NaN
93.0,NaN,0.0,0.0,100.0,NaN,0.0,0.0,37.11,NaN,0.0,0.0,116.0,NaN,0.0,0.0,81.0,NaN,0.0,0.0,67.0,NaN,0.0,0.0,20.5,NaN,0.0,0.0,NaN,NaN,NaN,24.0,NaN,NaN,NaN,24.0,18.0,NaN,0.0,0.0,0.5,NaN,0.0,0.0,NaN,NaN,NaN,24.0,NaN,NaN,NaN,24.0,NaN,NaN,NaN,24.0,11.0,NaN,0.0,0.0,7.0,NaN,0.0,0.0,29.0,NaN,0.0,0.0,5.0,NaN,0.0,0.0,71.0,NaN,0.0,0.0,0.5,NaN,0.0,0.0,NaN,NaN,NaN,24.0,919.0,NaN,0.0,0.0,NaN,NaN,NaN,24.0,1.3,NaN,0.0,0.0,1.7,NaN,0.0,0.0,1.8,NaN,0.0,0.0,NaN,NaN,0.0,0.0,NaN,NaN,NaN,24.0,22.9,NaN,0.0,0.0,7.4,NaN,0.0,0.0,NaN,NaN,NaN,24.0,7.6,NaN,0.0,0.0,NaN,NaN,NaN,24.0,182.0,NaN,0.0,0.0,39.0,0.0,1.0,0.0,-6.3,2.0,0.0,1.0,1.0,0.0,2.0,0.0,0.0,0.0,0.0,0.0,0.0,0.0,1.0,1.0,0.0,0.0,NaN,6.0,6.0,6.0,NaN,NaN,NaN
68.0,NaN,-25.0,0.0,100.0,NaN,0.0,0.0,37.11,NaN,0.0,1.0,104.0,NaN,-12.0,0.0,78.0,NaN,-3.0,0.0,70.0,NaN,3.0,0.0,16.0,NaN,-4.5,0.0,NaN,NaN,NaN,24.0,NaN,NaN,NaN,24.0,26.0,NaN,8.0,0.0,0.4,NaN,-0.09999999999999998,0.0,NaN,NaN,NaN,24.0,NaN,NaN,NaN,24.0,NaN,NaN,NaN,24.0,15.0,NaN,4.0,0.0,6.0,NaN,-1.0,0.0,45.0,NaN,16.0,0.0,6.8,NaN,1.7999999999999998,0.0,113.0,NaN,42.0,0.0,0.4,NaN,-0.09999999999999998,0.0,NaN,NaN,NaN,24.0,108.0,NaN,-811.0,0.0,NaN,NaN,NaN,24.0,1.6,NaN,0.30000000000000004,0.0,2.0,NaN,0.30000000000000004,0.0,2.6,NaN,0.8,0.0,0.4,NaN,NaN,0.0,NaN,NaN,NaN,24.0,27.8,NaN,4.900000000000002,0.0,9.6,NaN,2.1999999999999993,0.0,28.0,NaN,0.0,0.0,8.8,NaN,1.200000000000001,0.0,NaN,NaN,NaN,24.0,208.0,NaN,26.0,0.0,39.0,0.0,1.0,0.0,-6.3,3.0,0.0,0.0,0.0,0.0,1.0,0.0,0.0,0.0,0.0,0.0,0.0,1.0,1.0,1.0,0.0,0.0,NaN,6.0,6.0,6.0,NaN,NaN,NaN
70.0,NaN,2.0,0.0,100.0,NaN,0.0,0.0,37.11,NaN,0.0,2.0,98.0,NaN,-6.0,0.0,66.0,NaN,-12.0,0.0,58.0,NaN,-12.0,0.0,16.0,NaN,0.0,0.0,NaN,NaN,NaN,24.0,NaN,NaN,NaN,24.0,26.0,NaN,4.0,1.0,0.4,NaN,-0.04999999999999999,1.0,NaN,NaN,NaN,24.0,NaN,NaN,NaN,24.0,NaN,NaN,NaN,24.0,15.0,NaN,2.0,1.0,6.0,NaN,-0.5,1.0,45.0,NaN,8.0,1.0,6.8,NaN,0.8999999999999999,1.0,113.0,NaN,21.0,1.0,0.4,NaN,-0.04999999999999999,1.0,NaN,NaN,NaN,24.0,108.0,NaN,-405.5,1.0,NaN,NaN,NaN,24.0,1.6,NaN,0.15000000000000002,1.0,2.0,NaN,0.15000000000000002,1.0,2.6,NaN,0.4,1.0,0.4,NaN,NaN,1.0,NaN,NaN,NaN,24.0,27.8,NaN,2.450000000000001,1.0,9.6,NaN,1.0999999999999996,1.0,28.0,NaN,0.0,1.0,8.8,NaN,0.6000000000000005,1.0,NaN,NaN,NaN,24.0,208.0,NaN,13.0,1.0,39.0,0.0,1.0,0.0,-6.3,4.0,0.0,0.0,0.0,0.0,0.0,0.0,0.0,0.0,0.0,0.0,1.0,1.0,1.0,1.0,0.0,0.0,NaN,6.0,6.0,6.0,NaN,NaN,NaN
73.0,NaN,3.0,0.0,100.0,NaN,0.0,0.0,37.0,NaN,-0.03666666666666648,0.0,101.0,NaN,3.0,0.0,74.0,NaN,8.0,0.0,66.0,NaN,8.0,0.0,16.0,NaN,0.0,0.0,NaN,NaN,NaN,24.0,NaN,NaN,NaN,24.0,26.0,NaN,2.6666666666666665,2.0,0.4,NaN,-0.033333333333333326,2.0,NaN,NaN,NaN,24.0,NaN,NaN,NaN,24.0,NaN,NaN,NaN,24.0,15.0,NaN,1.3333333333333333,2.0,6.0,NaN,-0.3333333333333333,2.0,45.0,NaN,5.333333333333333,2.0,6.8,NaN,0.6,2.0,113.0,NaN,14.0,2.0,0.4,NaN,-0.033333333333333326,2.0,NaN,NaN,NaN,24.0,108.0,NaN,-270.3333333333333,2.0,NaN,NaN,NaN,24.0,1.6,NaN,0.10000000000000002,2.0,2.0,NaN,0.10000000000000002,2.0,2.6,NaN,0.26666666666666666,2.0,0.4,NaN,NaN,2.0,NaN,NaN,NaN,24.0,27.8,NaN,1.633333333333334,2.0,9.6,NaN,0.7333333333333331,2.0,28.0,NaN,0.0,2.0,8.8,NaN,0.40000000000000036,2.0,NaN,NaN,NaN,24.0,208.0,NaN,8.666666666666666,2.0,39.0,0.0,1.0,0.0,-6.3,5.0,0.0,0.0,0.0,0.0,0.0,0.0,0.0,0.0,0.0,0.0,1.0,1.0,1.0,1.0,0.0,0.0,NaN,6.0,6.0,6.0,NaN,NaN,NaN
99.0,NaN,26.0,0.0,100.0,NaN,0.0,0.0,37.94,NaN,0.9399999999999977,0.0,119.0,NaN,18.0,0.0,87.0,NaN,13.0,0.0,77.0,NaN,11.0,0.0,19.0,NaN,3.0,0.0,NaN,NaN,NaN,24.0,NaN,NaN,NaN,24.0,26.0,NaN,2.0,3.0,0.4,NaN,-0.024999999999999994,3.0,NaN,NaN,NaN,24.0,NaN,NaN,NaN,24.0,NaN,NaN,NaN,24.0,15.0,NaN,1.0,3.0,6.0,NaN,-0.25,3.0,45.0,NaN,4.0,3.0,6.8,NaN,0.44999999999999996,3.0,113.0,NaN,10.5,3.0,0.4,NaN,-0.024999999999999994,3.0,NaN,NaN,NaN,24.0,108.0,NaN,-202.75,3.0,NaN,NaN,NaN,24.0,1.6,NaN,0.07500000000000001,3.0,2.0,NaN,0.07500000000000001,3.0,2.6,NaN,0.2,3.0,0.4,NaN,NaN,3.0,NaN,NaN,NaN,24.0,27.8,NaN,1.2250000000000005,3.0,9.6,NaN,0.5499999999999998,3.0,28.0,NaN,0.0,3.0,8.8,NaN,0.30000000000000027,3.0,NaN,NaN,NaN,24.0,208.0,NaN,6.5,3.0,39.0,0.0,1.0,0.0,-6.3,6.0,0.0,0.0,1.0,0.0,0.0,0.0,0.0,0.0,0.0,0.0,0.0,1.0,1.0,1.0,0.0,0.0,NaN,6.0,6.0,6.0,NaN,NaN,NaN
89.0,NaN,-10.0,0.0,100.0,NaN,0.0,0.0,38.33,NaN,0.39000000000000057,0.0,110.0,NaN,-9.0,0.0,69.0,NaN,-18.0,0.0,57.0,NaN,-20.0,0.0,12.5,NaN,-6.5,0.0,NaN,NaN,NaN,24.0,NaN,NaN,NaN,24.0,26.0,NaN,1.6,4.0,0.4,NaN,0.0,0.0,NaN,NaN,NaN,24.0,NaN,NaN,NaN,24.0,NaN,NaN,NaN,24.0,15.0,NaN,0.8,4.0,6.0,NaN,-0.2,4.0,45.0,NaN,3.2,4.0,6.8,NaN,0.36,4.0,113.0,NaN,8.4,4.0,0.4,NaN,-0.019999999999999997,4.0,NaN,NaN,NaN,24.0,108.0,NaN,-162.2,4.0,NaN,NaN,NaN,24.0,1.6,NaN,0.06000000000000001,4.0,2.0,NaN,0.06000000000000001,4.0,2.6,NaN,0.16,4.0,0.4,NaN,NaN,4.0,NaN,NaN,NaN,24.0,27.8,NaN,0.9800000000000004,4.0,9.6,NaN,0.43999999999999984,4.0,28.0,NaN,0.0,4.0,8.8,NaN,0.2400000000000002,4.0,NaN,NaN,NaN,24.0,208.0,NaN,5.2,4.0,39.0,0.0,1.0,0.0,-6.3,7.0,1.0,0.0,0.0,0.0,1.0,0.0,0.0,0.0,0.0,0.0,0.0,1.0,1.0,1.0,0.0,0.0,NaN,6.0,6.0,6.0,NaN,NaN,NaN
96.0,NaN,7.0,0.0,100.0,NaN,0.0,0.0,38.33,NaN,0.19500000000000028,1.0,125.0,NaN,15.0,0.0,88.0,NaN,19.0,0.0,76.0,NaN,19.0,0.0,14.0,NaN,1.5,0.0,NaN,NaN,NaN,24.0,NaN,NaN,NaN,24.0,26.0,NaN,1.3333333333333333,5.0,0.4,NaN,0.0,1.0,NaN,NaN,NaN,24.0,NaN,NaN,NaN,24.0,NaN,NaN,NaN,24.0,15.0,NaN,0.6666666666666666,5.0,6.0,NaN,-0.16666666666666666,5.0,45.0,NaN,2.6666666666666665,5.0,6.8,NaN,0.3,5.0,113.0,NaN,7.0,5.0,0.4,NaN,-0.016666666666666663,5.0,NaN,NaN,NaN,24.0,108.0,NaN,-135.16666666666666,5.0,NaN,NaN,NaN,24.0,1.6,NaN,0.05000000000000001,5.0,2.0,NaN,0.05000000000000001,5.0,2.6,NaN,0.13333333333333333,5.0,0.4,NaN,NaN,5.0,NaN,NaN,NaN,24.0,27.8,NaN,0.816666666666667,5.0,9.6,NaN,0.36666666666666653,5.0,28.0,NaN,0.0,5.0,8.8,NaN,0.20000000000000018,5.0,NaN,NaN,NaN,24.0,208.0,NaN,4.333333333333333,5.0,39.0,0.0,1.0,0.0,-6.3,8.0,1.0,0.0,1.0,0.0,0.0,0.0,0.0,0.0,0.0,0.0,1.0,1.0,1.0,1.0,0.0,0.0,NaN,6.0,6.0,6.0,NaN,NaN,NaN
95.0,NaN,-1.0,0.0,100.0,NaN,0.0,0.0,38.33,NaN,0.1300000000000002,2.0,118.0,NaN,-7.0,0.0,75.0,NaN,-13.0,0.0,62.0,NaN,-14.0,0.0,13.0,NaN,-1.0,0.0,NaN,NaN,NaN,24.0,NaN,NaN,NaN,24.0,26.0,NaN,1.1428571428571428,6.0,0.4,NaN,0.0,2.0,NaN,NaN,NaN,24.0,NaN,NaN,NaN,24.0,NaN,NaN,NaN,24.0,15.0,NaN,0.5714285714285714,6.0,6.0,NaN,-0.14285714285714285,6.0,45.0,NaN,2.2857142857142856,6.0,6.8,NaN,0.2571428571428571,6.0,113.0,NaN,6.0,6.0,0.4,NaN,-0.014285714285714282,6.0,NaN,NaN,NaN,24.0,108.0,NaN,-115.85714285714286,6.0,NaN,NaN,NaN,24.0,1.6,NaN,0.042857142857142864,6.0,2.0,NaN,0.042857142857142864,6.0,2.6,NaN,0.1142857142857143,6.0,0.4,NaN,NaN,6.0,NaN,NaN,NaN,24.0,27.8,NaN,0.7000000000000003,6.0,9.6,NaN,0.31428571428571417,6.0,28.0,NaN,0.0,6.0,8.8,NaN,0.17142857142857157,6.0,NaN,NaN,NaN,24.0,208.0,NaN,3.7142857142857144,6.0,39.0,0.0,1.0,0.0,-6.3,9.0,1.0,0.0,1.0,0.0,0.0,0.0,0.0,0.0,0.0,0.0,1.0,1.0,1.0,1.0,0.0,0.0,NaN,6.0,6.0,6.0,NaN,NaN,NaN
105.0,NaN,10.0,0.0,100.0,NaN,0.0,0.0,38.33,NaN,0.09750000000000014,3.0,135.0,NaN,17.0,0.0,90.0,NaN,15.0,0.0,79.0,NaN,17.0,0.0,20.5,NaN,7.5,0.0,NaN,NaN,NaN,24.0,NaN,NaN,NaN,24.0,26.0,NaN,1.0,7.0,0.4,NaN,0.0,0.0,NaN,NaN,NaN,24.0,NaN,NaN,NaN,24.0,NaN,NaN,NaN,24.0,15.0,NaN,0.5,7.0,6.0,NaN,-0.125,7.0,45.0,NaN,2.0,7.0,6.8,NaN,0.22499999999999998,7.0,113.0,NaN,5.25,7.0,0.4,NaN,-0.012499999999999997,7.0,NaN,NaN,NaN,24.0,108.0,NaN,-101.375,7.0,NaN,NaN,NaN,24.0,1.6,NaN,0.037500000000000006,7.0,2.0,NaN,0.037500000000000006,7.0,2.6,NaN,0.1,7.0,0.4,NaN,NaN,7.0,NaN,NaN,NaN,24.0,27.8,NaN,0.6125000000000003,7.0,9.6,NaN,0.2749999999999999,7.0,28.0,NaN,0.0,7.0,8.8,NaN,0.15000000000000013,7.0,NaN,NaN,NaN,24.0,208.0,NaN,3.25,7.0,39.0,0.0,1.0,0.0,-6.3,10.0,1.0,1.0,1.0,0.0,1.0,0.0,0.0,0.0,0.0,0.0,0.0,1.0,1.0,1.0,0.0,0.0,NaN,6.0,6.0,6.0,NaN,NaN,NaN
