92.0,NaN,NaN,24.0,100.0,NaN,NaN,24.0,37.11,NaN,NaN,24.0,153.0,NaN,NaN,24.0,91.0,NaN,NaN,24.0,73.0,NaN,NaN,24.0,16.0,NaN,NaN,24.0,NaN,NaN,NaN,24.0,NaN,NaN,NaN,24.0,NaN,NaN,NaN,24.0,NaN,NaN,NaN,24.0,NaN,NaN,NaN,24.0,NaN,NaN,NaN,24.0,NaN,NaN,NaN,24.0,NaN,NaN,NaN,24.0,NaN,NaN,NaN,24.0,NaN,NaN,NaN,24.0,NaN,NaN,NaN,24.0,NaN,NaN,NaN,24.0,NaN,NaN,NaN,24.0,NaN,NaN,NaN,24.0,NaN,NaN,NaN,24.0,NaN,NaN,NaN,24.0,NaN,NaN,NaN,24.0,NaN,NaN,NaN,24.0,NaN,NaN,NaN,24.0,NaN,NaN,NaN,24.0,NaN,NaN,NaN,24.0,NaN,NaN,NaN,24.0,NaN,NaN,NaN,24.0,NaN,NaN,NaN,24.0,NaN,NaN,NaN,24.0,NaN,NaN,NaN,24.0,NaN,NaN,NaN,24.0,44.0,0.0,0.0,1.0,-7.629444444444444,1.0,0.0,0.0,1.0,0.0,0.0,0.0,0.0,0.0,0.0,0.0,1.0,0.0,0.0,NaN,0.0,0.0,NaN,NaN,NaN,NaN,NaN,NaN,NaN
90.0,NaN,-2.0,0.0,98.0,NaN,-2.0,0.0,37.11,NaN,0.0,1.0,157.0,NaN,4.0,0.0,90.0,NaN,-1.0,0.0,70.0,NaN,-3.0,0.0,16.0,NaN,0.0,0.0,NaN,NaN,NaN,24.0,NaN,NaN,NaN,24.0,39.0,NaN,0.0,0.0,NaN,NaN,NaN,24.0,NaN,NaN,NaN,24.0,NaN,NaN,NaN,24.0,NaN,NaN,NaN,24.0,NaN,NaN,NaN,24.0,12.0,NaN,0.0,0.0,NaN,NaN,NaN,24.0,9.0,NaN,0.0,0.0,94.0,NaN,0.0,0.0,4.2,NaN,0.0,0.0,NaN,NaN,NaN,24.0,121.0,NaN,0.0,0.0,NaN,NaN,NaN,24.0,2.0,NaN,0.0,0.0,4.3,NaN,0.0,0.0,3.4,NaN,0.0,0.0,NaN,NaN,NaN,24.0,NaN,NaN,NaN,24.0,19.3,NaN,0.0,0.0,5.9,NaN,0.0,0.0,NaN,NaN,NaN,24.0,8.5,NaN,0.0,0.0,NaN,NaN,NaN,24.0,374.0,NaN,0.0,0.0,44.0,0.0,0.0,1.0,-7.629444444444444,2.0,0.0,0.0,0.0,0.0,0.0,0.0,0.0,0.0,0.0,3.0,1.0,0.0,0.0,NaN,0.0,0.0,NaN,NaN,NaN,NaN,NaN,NaN,NaN
90.0,NaN,-1.0,1.0,98.0,NaN,-1.0,1.0,37.11,NaN,0.0,2.0,157.0,NaN,2.0,1.0,90.0,NaN,-0.5,1.0,70.0,NaN,-1.5,1.0,16.0,NaN,0.0,1.0,NaN,NaN,NaN,24.0,NaN,NaN,NaN,24.0,39.0,NaN,0.0,1.0,NaN,NaN,NaN,24.0,NaN,NaN,NaN,24.0,NaN,NaN,NaN,24.0,NaN,NaN,NaN,24.0,NaN,NaN,NaN,24.0,12.0,NaN,0.0,1.0,NaN,NaN,NaN,24.0,9.0,NaN,0.0,1.0,94.0,NaN,0.0,1.0,4.2,NaN,0.0,1.0,NaN,NaN,NaN,24.0,121.0,NaN,0.0,1.0,NaN,NaN,NaN,24.0,2.0,NaN,0.0,1.0,4.3,NaN,0.0,1.0,3.4,NaN,0.0,1.0,NaN,NaN,NaN,24.0,NaN,NaN,NaN,24.0,19.3,NaN,0.0,1.0,5.9,NaN,0.0,1.0,NaN,NaN,NaN,24.0,8.5,NaN,0.0,1.0,NaN,NaN,NaN,24.0,374.0,NaN,0.0,1.0,44.0,0.0,0.0,1.0,-7.629444444444444,3.0,0.0,0.0,0.0,0.0,0.0,0.0,0.0,0.0,0.0,0.0,1.0,0.0,0.0,NaN,0.0,0.0,NaN,NaN,NaN,NaN,NaN,NaN,NaN
88.0,NaN,-1.0,0.0,100.0,NaN,1.0,0.0,37.06,NaN,-0.01666666666666572,0.0,157.0,NaN,0.0,0.0,89.0,NaN,-0.5,0.0,66.0,NaN,-2.0,0.0,16.0,NaN,0.0,0.0,NaN,NaN,NaN,24.0,NaN,NaN,NaN,24.0,39.0,NaN,0.0,2.0,NaN,NaN,NaN,24.0,NaN,NaN,NaN,24.0,NaN,NaN,NaN,24.0,NaN,NaN,NaN,24.0,NaN,NaN,NaN,24.0,12.0,NaN,0.0,2.0,NaN,NaN,NaN,24.0,9.0,NaN,0.0,2.0,94.0,NaN,0.0,2.0,4.2,NaN,0.0,2.0,NaN,NaN,NaN,24.0,121.0,NaN,0.0,2.0,NaN,NaN,NaN,24.0,2.0,NaN,0.0,2.0,4.3,NaN,0.0,2.0,3.4,NaN,0.0,2.0,NaN,NaN,NaN,24.0,NaN,NaN,NaN,24.0,19.3,NaN,0.0,2.0,5.9,NaN,0.0,2.0,NaN,NaN,NaN,24.0,8.5,NaN,0.0,2.0,NaN,NaN,NaN,24.0,374.0,NaN,0.0,2.0,44.0,0.0,0.0,1.0,-7.629444444444444,4.0,0.0,0.0,0.0,0.0,0.0,0.0,0.0,0.0,0.0,0.0,1.0,0.0,0.0,NaN,0.0,0.0,NaN,NaN,NaN,NaN,NaN,NaN,NaN
89.0,NaN,1.0,0.0,100.0,NaN,0.0,0.0,37.06,NaN,-0.01249999999999929,1.0,155.0,NaN,-2.0,0.0,83.0,NaN,-6.0,0.0,59.0,NaN,-7.0,0.0,15.0,NaN,-1.0,0.0,NaN,NaN,NaN,24.0,NaN,NaN,NaN,24.0,39.0,NaN,0.0,3.0,NaN,NaN,NaN,24.0,NaN,NaN,NaN,24.0,NaN,NaN,NaN,24.0,NaN,NaN,NaN,24.0,NaN,NaN,NaN,24.0,12.0,NaN,0.0,3.0,NaN,NaN,NaN,24.0,9.0,NaN,0.0,3.0,94.0,NaN,0.0,3.0,4.2,NaN,0.0,3.0,NaN,NaN,NaN,24.0,121.0,NaN,0.0,3.0,NaN,NaN,NaN,24.0,2.0,NaN,0.0,3.0,4.3,NaN,0.0,3.0,3.4,NaN,0.0,3.0,NaN,NaN,NaN,24.0,NaN,NaN,NaN,24.0,19.3,NaN,0.0,3.0,5.9,NaN,0.0,3.0,NaN,NaN,NaN,24.0,8.5,NaN,0.0,3.0,NaN,NaN,NaN,24.0,374.0,NaN,0.0,3.0,44.0,0.0,0.0,1.0,-7.629444444444444,5.0,0.0,0.0,0.0,0.0,0.0,0.0,0.0,0.0,0.0,0.0,1.0,0.0,0.0,NaN,0.0,0.0,NaN,NaN,NaN,NaN,NaN,NaN,NaN
88.0,NaN,-1.0,0.0,95.0,NaN,-5.0,0.0,37.06,NaN,-0.009999999999999431,2.0,151.0,NaN,-4.0,0.0,88.0,NaN,5.0,0.0,68.0,NaN,9.0,0.0,12.0,NaN,-3.0,0.0,NaN,NaN,NaN,24.0,NaN,NaN,NaN,24.0,39.0,NaN,0.0,4.0,NaN,NaN,NaN,24.0,NaN,NaN,NaN,24.0,NaN,NaN,NaN,24.0,NaN,NaN,NaN,24.0,NaN,NaN,NaN,24.0,12.0,NaN,0.0,4.0,NaN,NaN,NaN,24.0,9.0,NaN,0.0,4.0,94.0,NaN,0.0,4.0,4.2,NaN,0.0,4.0,NaN,NaN,NaN,24.0,121.0,NaN,0.0,4.0,NaN,NaN,NaN,24.0,2.0,NaN,0.0,4.0,4.3,NaN,0.0,4.0,3.4,NaN,0.0,4.0,NaN,NaN,NaN,24.0,NaN,NaN,NaN,24.0,19.3,NaN,0.0,4.0,5.9,NaN,0.0,4.0,NaN,NaN,NaN,24.0,8.5,NaN,0.0,4.0,NaN,NaN,NaN,24.0,374.0,NaN,0.0,4.0,44.0,0.0,0.0,1.0,-7.629444444444444,6.0,0.0,0.0,0.0,0.0,0.0,0.0,0.0,0.0,0.0,0.0,1.0,0.0,0.0,NaN,0.0,0.0,NaN,NaN,NaN,NaN,NaN,NaN,NaN
85.0,NaN,-3.0,0.0,100.0,NaN,5.0,0.0,37.06,NaN,-0.00833333333333286,3.0,148.0,NaN,-3.0,0.0,89.0,NaN,1.0,0.0,72.0,NaN,4.0,0.0,13.0,NaN,1.0,0.0,NaN,NaN,NaN,24.0,NaN,NaN,NaN,24.0,39.0,NaN,0.0,5.0,NaN,NaN,NaN,24.0,NaN,NaN,NaN,24.0,NaN,NaN,NaN,24.0,NaN,NaN,NaN,24.0,NaN,NaN,NaN,24.0,12.0,NaN,0.0,5.0,NaN,NaN,NaN,24.0,9.0,NaN,0.0,5.0,94.0,NaN,0.0,5.0,4.2,NaN,0.0,5.0,NaN,NaN,NaN,24.0,121.0,NaN,0.0,5.0,NaN,NaN,NaN,24.0,2.0,NaN,0.0,5.0,4.3,NaN,0.0,5.0,3.4,NaN,0.0,5.0,NaN,NaN,NaN,24.0,NaN,NaN,NaN,24.0,19.3,NaN,0.0,5.0,5.9,NaN,0.0,5.0,NaN,NaN,NaN,24.0,8.5,NaN,0.0,5.0,NaN,NaN,NaN,24.0,374.0,NaN,0.0,5.0,44.0,0.0,0.0,1.0,-7.629444444444444,7.0,0.0,0.0,0.0,0.0,0.0,0.0,0.0,0.0,0.0,0.0,1.0,0.0,0.0,NaN,0.0,0.0,NaN,NaN,NaN,NaN,NaN,NaN,NaN
82.0,NaN,-3.0,0.0,98.0,NaN,-2.0,0.0,36.89,NaN,-0.042500000000000426,0.0,138.0,NaN,-10.0,0.0,79.0,NaN,-10.0,0.0,59.0,NaN,-13.0,0.0,12.0,NaN,-1.0,0.0,NaN,NaN,NaN,24.0,NaN,NaN,NaN,24.0,39.0,NaN,0.0,6.0,NaN,NaN,NaN,24.0,NaN,NaN,NaN,24.0,NaN,NaN,NaN,24.0,NaN,NaN,NaN,24.0,NaN,NaN,NaN,24.0,12.0,NaN,0.0,6.0,NaN,NaN,NaN,24.0,9.0,NaN,0.0,6.0,94.0,NaN,0.0,6.0,4.2,NaN,0.0,6.0,NaN,NaN,NaN,24.0,121.0,NaN,0.0,6.0,NaN,NaN,NaN,24.0,2.0,NaN,0.0,6.0,4.3,NaN,0.0,6.0,3.4,NaN,0.0,6.0,NaN,NaN,NaN,24.0,NaN,NaN,NaN,24.0,21.9,NaN,0.43333333333333296,0.0,5.9,NaN,0.0,6.0,NaN,NaN,NaN,24.0,8.5,NaN,0.0,6.0,NaN,NaN,NaN,24.0,374.0,NaN,0.0,6.0,44.0,0.0,0.0,1.0,-7.629444444444444,8.0,0.0,0.0,0.0,0.0,0.0,0.0,0.0,0.0,0.0,0.0,1.0,0.0,0.0,NaN,0.0,0.0,NaN,NaN,NaN,NaN,NaN,NaN,NaN
81.0,NaN,-1.0,0.0,98.0,NaN,0.0,0.0,36.89,NaN,-0.03400000000000034,1.0,145.0,NaN,7.0,0.0,83.0,NaN,4.0,0.0,63.0,NaN,4.0,0.0,12.0,NaN,0.0,0.0,NaN,NaN,NaN,24.0,NaN,NaN,NaN,24.0,39.0,NaN,0.0,7.0,NaN,NaN,NaN,24.0,NaN,NaN,NaN,24.0,NaN,NaN,NaN,24.0,NaN,NaN,NaN,24.0,NaN,NaN,NaN,24.0,12.0,NaN,0.0,7.0,NaN,NaN,NaN,24.0,9.0,NaN,0.0,7.0,94.0,NaN,0.0,7.0,4.2,NaN,0.0,7.0,NaN,NaN,NaN,24.0,121.0,NaN,0.0,7.0,NaN,NaN,NaN,24.0,2.0,NaN,0.0,7.0,4.3,NaN,0.0,7.0,3.4,NaN,0.0,7.0,NaN,NaN,NaN,24.0,NaN,NaN,NaN,24.0,21.9,NaN,0.3714285714285711,1.0,5.9,NaN,0.0,7.0,NaN,NaN,NaN,24.0,8.5,NaN,0.0,7.0,NaN,NaN,NaN,24.0,374.0,NaN,0.0,7.0,44.0,0.0,0.0,1.0,-7.629444444444444,9.0,0.0,0.0,0.0,0.0,0.0,0.0,0.0,0.0,0.0,0.0,1.0,0.0,0.0,NaN,0.0,0.0,NaN,NaN,NaN,NaN,NaN,NaN,NaN
84.0,NaN,3.0,0.0,97.0,NaN,-1.0,0.0,36.89,NaN,-0.028333333333333616,2.0,133.0,NaN,-12.0,0.0,68.0,NaN,-15.0,0.0,48.0,NaN,-15.0,0.0,13.0,NaN,1.0,0.0,NaN,NaN,NaN,24.0,NaN,NaN,NaN,24.0,39.0,NaN,0.0,8.0,NaN,NaN,NaN,24.0,NaN,NaN,NaN,24.0,NaN,NaN,NaN,24.0,NaN,NaN,NaN,24.0,NaN,NaN,NaN,24.0,12.0,NaN,0.0,8.0,NaN,NaN,NaN,24.0,9.0,NaN,0.0,8.0,94.0,NaN,0.0,8.0,4.2,NaN,0.0,8.0,NaN,NaN,NaN,24.0,121.0,NaN,0.0,8.0,NaN,NaN,NaN,24.0,2.0,NaN,0.0,8.0,4.3,NaN,0.0,8.0,3.4,NaN,0.0,8.0,NaN,NaN,NaN,24.0,NaN,NaN,NaN,24.0,21.9,NaN,0.32499999999999973,2.0,5.9,NaN,0.0,8.0,NaN,NaN,NaN,24.0,8.5,NaN,0.0,8.0,NaN,NaN,NaN,24.0,374.0,NaN,0.0,8.0,44.0,0.0,0.0,1.0,-7.629444444444444,10.0,0.0,0.0,0.0,0.0,0.0,0.0,0.0,0.0,0.0,0.0,1.0,0.0,0.0,NaN,0.0,0.0,NaN,NaN,NaN,NaN,NaN,NaN,NaN
86.0,NaN,2.0,0.0,100.0,NaN,3.0,0.0,36.89,NaN,-0.02428571428571453,3.0,133.0,NaN,-6.0,1.0,92.0,NaN,24.0,0.0,48.0,NaN,-7.5,1.0,19.0,NaN,6.0,0.0,NaN,NaN,NaN,24.0,NaN,NaN,NaN,24.0,39.0,NaN,0.0,9.0,NaN,NaN,NaN,24.0,NaN,NaN,NaN,24.0,NaN,NaN,NaN,24.0,NaN,NaN,NaN,24.0,NaN,NaN,NaN,24.0,12.0,NaN,0.0,9.0,NaN,NaN,NaN,24.0,9.0,NaN,0.0,9.0,94.0,NaN,0.0,9.0,4.2,NaN,0.0,9.0,NaN,NaN,NaN,24.0,121.0,NaN,0.0,9.0,NaN,NaN,NaN,24.0,2.0,NaN,0.0,9.0,4.3,NaN,0.0,9.0,3.4,NaN,0.0,9.0,NaN,NaN,NaN,24.0,NaN,NaN,NaN,24.0,21.9,NaN,0.28888888888888864,3.0,5.9,NaN,0.0,9.0,NaN,NaN,NaN,24.0,8.5,NaN,0.0,9.0,NaN,NaN,NaN,24.0,374.0,NaN,0.0,9.0,44.0,0.0,0.0,1.0,-7.629444444444444,11.0,0.0,0.0,0.0,0.0,0.0,0.0,0.0,0.0,0.0,0.0,1.0,0.0,0.0,NaN,0.0,0.0,NaN,NaN,NaN,NaN,NaN,NaN,NaN
