76.0,NaN,NaN,24.0,NaN,NaN,NaN,24.0,NaN,NaN,NaN,24.0,114.0,NaN,NaN,24.0,81.0,NaN,NaN,24.0,59.5,NaN,NaN,24.0,13.6666666666667,NaN,NaN,24.0,NaN,NaN,NaN,24.0,NaN,NaN,NaN,24.0,27.0,NaN,NaN,24.0,1.0,NaN,NaN,24.0,NaN,NaN,NaN,24.0,NaN,NaN,NaN,24.0,NaN,NaN,NaN,24.0,NaN,NaN,NaN,24.0,15.0,NaN,NaN,24.0,NaN,NaN,NaN,24.0,NaN,NaN,NaN,24.0,107.0,NaN,NaN,24.0,1.0,NaN,NaN,24.0,NaN,NaN,NaN,24.0,NaN,NaN,NaN,24.0,NaN,NaN,NaN,24.0,NaN,NaN,NaN,24.0,NaN,NaN,NaN,24.0,NaN,NaN,NaN,24.0,NaN,NaN,NaN,24.0,NaN,NaN,NaN,24.0,26.9,NaN,NaN,24.0,9.3,NaN,NaN,24.0,53.5,NaN,NaN,24.0,5.4,NaN,NaN,24.0,NaN,NaN,NaN,24.0,175.0,NaN,NaN,24.0,83.0,0.0,-1.0,-1.0,-20.595833333333335,1.0,0.0,0.0,0.0,0.0,0.0,0.0,0.0,0.0,0.0,0.0,1.0,0.0,1.0,1.0,0.0,0.0,NaN,8.0,8.0,8.0,NaN,NaN,NaN
80.75,NaN,4.75,0.0,98.75,NaN,0.0,0.0,37.1,NaN,0.0,0.0,124.75,NaN,10.75,0.0,78.25,NaN,-2.75,0.0,61.25,NaN,1.75,0.0,14.0,NaN,0.3333333333333002,0.0,NaN,NaN,NaN,24.0,5.0,NaN,0.0,0.0,27.0,NaN,0.0,1.0,0.5,NaN,-0.5,0.0,7.55,NaN,0.0,0.0,31.0,NaN,0.0,0.0,74.0,NaN,0.0,0.0,NaN,NaN,NaN,24.0,15.0,NaN,0.0,1.0,NaN,NaN,NaN,24.0,NaN,NaN,NaN,24.0,107.0,NaN,0.0,1.0,1.0,NaN,0.0,1.0,NaN,NaN,NaN,24.0,154.0,NaN,0.0,0.0,NaN,NaN,NaN,24.0,NaN,NaN,NaN,24.0,NaN,NaN,NaN,24.0,3.8,NaN,0.0,0.0,NaN,NaN,NaN,24.0,NaN,NaN,NaN,24.0,26.9,NaN,0.0,1.0,9.3,NaN,0.0,1.0,53.5,NaN,0.0,1.0,5.4,NaN,0.0,1.0,NaN,NaN,NaN,24.0,175.0,NaN,0.0,1.0,83.0,0.0,-1.0,-1.0,-20.595833333333335,2.0,0.0,0.0,0.0,0.0,2.0,0.0,0.0,0.0,0.0,0.0,0.0,0.0,1.0,1.0,0.0,0.0,NaN,8.0,8.0,8.0,NaN,NaN,NaN
86.0,NaN,5.25,0.0,98.25,NaN,-0.5,0.0,37.0,NaN,-0.10000000000000142,0.0,128.75,NaN,4.0,0.0,77.75,NaN,-0.5,0.0,59.25,NaN,-2.0,0.0,14.0,NaN,0.0,0.0,NaN,NaN,NaN,24.0,3.0,NaN,-2.0,0.0,27.0,NaN,0.0,2.0,0.5,NaN,-0.25,1.0,7.45,NaN,-0.09999999999999964,0.0,38.0,NaN,7.0,0.0,74.0,NaN,0.0,1.0,NaN,NaN,NaN,24.0,15.0,NaN,0.0,2.0,NaN,NaN,NaN,24.0,NaN,NaN,NaN,24.0,107.0,NaN,0.0,2.0,1.0,NaN,0.0,2.0,NaN,NaN,NaN,24.0,134.0,NaN,-20.0,0.0,NaN,NaN,NaN,24.0,NaN,NaN,NaN,24.0,NaN,NaN,NaN,24.0,3.8,NaN,0.0,1.0,NaN,NaN,NaN,24.0,NaN,NaN,NaN,24.0,26.9,NaN,0.0,2.0,9.3,NaN,0.0,2.0,53.5,NaN,0.0,2.0,5.4,NaN,0.0,2.0,NaN,NaN,NaN,24.0,175.0,NaN,0.0,2.0,83.0,0.0,-1.0,-1.0,-20.595833333333335,3.0,0.0,0.0,0.0,0.0,0.0,0.0,0.0,0.0,0.0,0.0,1.0,0.0,1.0,1.0,0.0,0.0,NaN,8.0,8.0,8.0,NaN,NaN,NaN
83.0,NaN,-3.0,0.0,99.0,NaN,0.75,0.0,37.2,NaN,0.20000000000000284,0.0,96.5,NaN,-32.25,0.0,60.0,NaN,-17.75,0.0,47.0,NaN,-12.25,0.0,14.0,NaN,0.0,0.0,NaN,NaN,NaN,24.0,3.0,NaN,-1.0,1.0,27.0,NaN,0.0,3.0,0.5,NaN,-0.16666666666666666,2.0,7.45,NaN,-0.04999999999999982,1.0,38.0,NaN,3.5,1.0,74.0,NaN,0.0,2.0,NaN,NaN,NaN,24.0,15.0,NaN,0.0,3.0,NaN,NaN,NaN,24.0,NaN,NaN,NaN,24.0,107.0,NaN,0.0,3.0,1.0,NaN,0.0,3.0,NaN,NaN,NaN,24.0,104.0,NaN,-30.0,0.0,NaN,NaN,NaN,24.0,NaN,NaN,NaN,24.0,NaN,NaN,NaN,24.0,3.8,NaN,0.0,2.0,NaN,NaN,NaN,24.0,NaN,NaN,NaN,24.0,26.9,NaN,0.0,3.0,9.3,NaN,0.0,3.0,53.5,NaN,0.0,3.0,5.4,NaN,0.0,3.0,NaN,NaN,NaN,24.0,175.0,NaN,0.0,3.0,83.0,0.0,-1.0,-1.0,-20.595833333333335,4.0,0.0,0.0,0.0,0.0,0.0,0.0,0.0,1.0,0.0,0.0,1.0,0.0,1.0,1.0,0.0,0.0,NaN,8.0,8.0,8.0,NaN,NaN,NaN
79.0,NaN,-4.0,0.0,99.0,NaN,0.375,1.0,37.2,NaN,0.10000000000000142,1.0,92.5,NaN,-4.0,0.0,69.0,NaN,9.0,0.0,58.5,NaN,11.5,0.0,15.0,NaN,1.0,0.0,NaN,NaN,NaN,24.0,3.0,NaN,-0.6666666666666666,2.0,27.0,NaN,0.0,4.0,0.4,NaN,-0.033333333333333326,0.0,7.45,NaN,-0.033333333333333215,2.0,38.0,NaN,2.3333333333333335,2.0,74.0,NaN,0.0,3.0,NaN,NaN,NaN,24.0,15.0,NaN,0.0,4.0,NaN,NaN,NaN,24.0,NaN,NaN,NaN,24.0,107.0,NaN,0.0,4.0,1.0,NaN,0.0,4.0,NaN,NaN,NaN,24.0,87.0,NaN,-17.0,0.0,NaN,NaN,NaN,24.0,NaN,NaN,NaN,24.0,NaN,NaN,NaN,24.0,4.2,NaN,0.13333333333333344,0.0,NaN,NaN,NaN,24.0,NaN,NaN,NaN,24.0,24.5,NaN,-0.5999999999999996,0.0,9.3,NaN,0.0,4.0,53.5,NaN,0.0,4.0,5.4,NaN,0.0,4.0,NaN,NaN,NaN,24.0,175.0,NaN,0.0,4.0,83.0,0.0,-1.0,-1.0,-20.595833333333335,5.0,0.0,0.0,0.0,0.0,0.0,0.0,0.0,0.0,0.0,0.0,0.0,1.0,1.0,1.0,0.0,0.0,NaN,8.0,8.0,8.0,NaN,NaN,NaN
92.0,NaN,13.0,0.0,100.0,NaN,0.5,0.0,37.2,NaN,0.06666666666666761,2.0,116.0,NaN,23.5,0.0,77.0,NaN,8.0,0.0,60.0,NaN,1.5,0.0,12.5,NaN,-2.5,0.0,NaN,NaN,NaN,24.0,3.0,NaN,-0.5,3.0,27.0,NaN,0.0,5.0,0.4,NaN,-0.024999999999999994,1.0,7.45,NaN,-0.02499999999999991,3.0,38.0,NaN,1.75,3.0,74.0,NaN,0.0,4.0,NaN,NaN,NaN,24.0,15.0,NaN,0.0,5.0,NaN,NaN,NaN,24.0,NaN,NaN,NaN,24.0,107.0,NaN,0.0,5.0,1.0,NaN,0.0,5.0,NaN,NaN,NaN,24.0,132.0,NaN,45.0,0.0,NaN,NaN,NaN,24.0,NaN,NaN,NaN,24.0,NaN,NaN,NaN,24.0,4.2,NaN,0.10000000000000009,1.0,NaN,NaN,NaN,24.0,NaN,NaN,NaN,24.0,24.5,NaN,-0.4799999999999997,1.0,9.3,NaN,0.0,5.0,53.5,NaN,0.0,5.0,5.4,NaN,0.0,5.0,NaN,NaN,NaN,24.0,175.0,NaN,0.0,5.0,83.0,0.0,-1.0,-1.0,-20.595833333333335,6.0,0.0,0.0,1.0,0.0,0.0,0.0,0.0,0.0,0.0,0.0,1.0,1.0,1.0,1.0,0.0,0.0,NaN,8.0,8.0,8.0,NaN,NaN,NaN
75.5,NaN,-16.5,0.0,100.0,NaN,0.0,0.0,37.2,NaN,0.05000000000000071,3.0,100.5,NaN,-15.5,0.0,73.0,NaN,-4.0,0.0,59.5,NaN,-0.5,0.0,12.5,NaN,0.0,0.0,NaN,NaN,NaN,24.0,3.0,NaN,-0.4,4.0,27.0,NaN,0.0,6.0,0.4,NaN,-0.019999999999999997,2.0,7.45,NaN,-0.019999999999999928,4.0,38.0,NaN,1.4,4.0,74.0,NaN,0.0,5.0,NaN,NaN,NaN,24.0,15.0,NaN,0.0,6.0,NaN,NaN,NaN,24.0,NaN,NaN,NaN,24.0,107.0,NaN,0.0,6.0,1.0,NaN,0.0,6.0,NaN,NaN,NaN,24.0,132.0,NaN,22.5,1.0,NaN,NaN,NaN,24.0,NaN,NaN,NaN,24.0,NaN,NaN,NaN,24.0,4.2,NaN,0.08000000000000007,2.0,NaN,NaN,NaN,24.0,NaN,NaN,NaN,24.0,24.5,NaN,-0.39999999999999974,2.0,9.3,NaN,0.0,6.0,53.5,NaN,0.0,6.0,5.4,NaN,0.0,6.0,NaN,NaN,NaN,24.0,175.0,NaN,0.0,6.0,83.0,0.0,-1.0,-1.0,-20.595833333333335,7.0,0.0,0.0,0.0,0.0,0.0,0.0,0.0,0.0,0.0,0.0,1.0,1.0,1.0,1.0,0.0,0.0,NaN,8.0,8.0,8.0,NaN,NaN,NaN
90.0,NaN,14.5,0.0,100.0,NaN,0.0,0.0,37.2,NaN,0.04000000000000057,4.0,108.0,NaN,7.5,0.0,86.0,NaN,13.0,0.0,72.5,NaN,13.0,0.0,14.0,NaN,1.5,0.0,NaN,NaN,NaN,24.0,3.0,NaN,-0.3333333333333333,5.0,27.0,NaN,0.0,7.0,0.4,NaN,-0.016666666666666663,3.0,7.45,NaN,-0.016666666666666607,5.0,38.0,NaN,1.1666666666666667,5.0,74.0,NaN,0.0,6.0,NaN,NaN,NaN,24.0,15.0,NaN,0.0,7.0,NaN,NaN,NaN,24.0,NaN,NaN,NaN,24.0,107.0,NaN,0.0,7.0,1.0,NaN,0.0,7.0,NaN,NaN,NaN,24.0,129.0,NaN,-1.5,0.0,NaN,NaN,NaN,24.0,NaN,NaN,NaN,24.0,NaN,NaN,NaN,24.0,4.2,NaN,0.06666666666666672,3.0,NaN,NaN,NaN,24.0,NaN,NaN,NaN,24.0,24.5,NaN,-0.34285714285714264,3.0,9.3,NaN,0.0,7.0,53.5,NaN,0.0,7.0,5.4,NaN,0.0,7.0,NaN,NaN,NaN,24.0,175.0,NaN,0.0,7.0,83.0,0.0,-1.0,-1.0,-20.595833333333335,8.0,0.0,0.0,0.0,0.0,0.0,0.0,0.0,0.0,0.0,0.0,1.0,1.0,1.0,1.0,0.0,0.0,NaN,8.0,8.0,8.0,NaN,NaN,NaN
90.0,NaN,0.0,0.0,100.0,NaN,0.0,0.0,37.2,NaN,0.033333333333333805,5.0,112.0,NaN,4.0,0.0,79.0,NaN,-7.0,0.0,66.0,NaN,-6.5,0.0,16.0,NaN,2.0,0.0,NaN,NaN,NaN,24.0,3.0,NaN,-0.2857142857142857,6.0,27.0,NaN,0.0,8.0,0.4,NaN,0.0,0.0,7.45,NaN,-0.014285714285714235,6.0,38.0,NaN,1.0,6.0,74.0,NaN,0.0,7.0,NaN,NaN,NaN,24.0,15.0,NaN,0.0,8.0,NaN,NaN,NaN,24.0,NaN,NaN,NaN,24.0,107.0,NaN,0.0,8.0,1.0,NaN,0.0,8.0,NaN,NaN,NaN,24.0,145.0,NaN,16.0,0.0,NaN,NaN,NaN,24.0,NaN,NaN,NaN,24.0,NaN,NaN,NaN,24.0,4.2,NaN,0.0571428571428572,4.0,NaN,NaN,NaN,24.0,NaN,NaN,NaN,24.0,24.5,NaN,-0.2999999999999998,4.0,9.3,NaN,0.0,8.0,53.5,NaN,0.0,8.0,5.4,NaN,0.0,8.0,NaN,NaN,NaN,24.0,175.0,NaN,0.0,8.0,83.0,0.0,-1.0,-1.0,-20.595833333333335,9.0,0.0,0.0,0.0,0.0,1.0,0.0,0.0,0.0,0.0,0.0,0.0,1.0,1.0,1.0,0.0,0.0,NaN,8.0,8.0,8.0,NaN,NaN,NaN
90.0,NaN,0.0,0.0,100.0,NaN,0.0,0.0,37.2,NaN,0.028571428571428976,6.0,105.5,NaN,-6.5,0.0,80.5,NaN,1.5,0.0,71.0,NaN,5.0,0.0,14.0,NaN,-2.0,0.0,NaN,NaN,NaN,24.0,3.0,NaN,-0.25,7.0,27.0,NaN,0.0,9.0,0.4,NaN,0.0,1.0,7.45,NaN,-0.012499999999999956,7.0,38.0,NaN,0.875,7.0,74.0,NaN,0.0,8.0,NaN,NaN,NaN,24.0,15.0,NaN,0.0,9.0,NaN,NaN,NaN,24.0,NaN,NaN,NaN,24.0,107.0,NaN,0.0,9.0,1.0,NaN,0.0,9.0,NaN,NaN,NaN,24.0,87.0,NaN,-58.0,0.0,NaN,NaN,NaN,24.0,NaN,NaN,NaN,24.0,NaN,NaN,NaN,24.0,4.2,NaN,0.050000000000000044,5.0,NaN,NaN,NaN,24.0,NaN,NaN,NaN,24.0,24.5,NaN,-0.2666666666666665,5.0,9.3,NaN,0.0,9.0,53.5,NaN,0.0,9.0,5.4,NaN,0.0,9.0,NaN,NaN,NaN,24.0,175.0,NaN,0.0,9.0,83.0,0.0,-1.0,-1.0,-20.595833333333335,10.0,0.0,0.0,0.0,0.0,0.0,0.0,0.0,0.0,0.0,0.0,1.0,1.0,1.0,1.0,0.0,0.0,NaN,8.0,8.0,8.0,NaN,NaN,NaN
90.0,NaN,0.0,0.0,100.0,NaN,0.0,0.0,37.2,NaN,0.025000000000000355,7.0,111.0,NaN,5.5,0.0,84.0,NaN,3.5,0.0,72.5,NaN,1.5,0.0,14.0,NaN,0.0,0.0,NaN,NaN,NaN,24.0,3.0,NaN,-0.2222222222222222,8.0,27.0,NaN,0.0,10.0,0.4,NaN,0.0,2.0,7.45,NaN,-0.011111111111111072,8.0,38.0,NaN,0.7777777777777778,8.0,74.0,NaN,0.0,9.0,NaN,NaN,NaN,24.0,15.0,NaN,0.0,10.0,NaN,NaN,NaN,24.0,NaN,NaN,NaN,24.0,107.0,NaN,0.0,10.0,1.0,NaN,0.0,10.0,NaN,NaN,NaN,24.0,87.0,NaN,-29.0,1.0,NaN,NaN,NaN,24.0,NaN,NaN,NaN,24.0,NaN,NaN,NaN,24.0,4.2,NaN,0.04444444444444448,6.0,NaN,NaN,NaN,24.0,NaN,NaN,NaN,24.0,24.5,NaN,-0.23999999999999985,6.0,9.3,NaN,0.0,10.0,53.5,NaN,0.0,10.0,5.4,NaN,0.0,10.0,NaN,NaN,NaN,24.0,175.0,NaN,0.0,10.0,83.0,0.0,-1.0,-1.0,-20.595833333333335,11.0,0.0,0.0,0.0,0.0,0.0,0.0,0.0,0.0,0.0,0.0,1.0,1.0,1.0,1.0,0.0,0.0,NaN,8.0,8.0,8.0,NaN,NaN,NaN
90.0,NaN,0.0,0.0,100.0,NaN,0.0,0.0,37.2,NaN,0.02222222222222254,8.0,124.5,NaN,13.5,0.0,41.5,NaN,-42.5,0.0,63.5,NaN,-9.0,0.0,14.0,NaN,0.0,0.0,NaN,NaN,NaN,24.0,3.0,NaN,-0.2,9.0,27.0,NaN,0.0,11.0,0.4,NaN,0.0,3.0,7.45,NaN,-0.009999999999999964,9.0,38.0,NaN,0.7,9.0,64.0,NaN,-1.0,0.0,NaN,NaN,NaN,24.0,15.0,NaN,0.0,11.0,NaN,NaN,NaN,24.0,NaN,NaN,NaN,24.0,107.0,NaN,0.0,11.0,1.0,NaN,0.0,11.0,NaN,NaN,NaN,24.0,97.0,NaN,5.0,0.0,NaN,NaN,NaN,24.0,NaN,NaN,NaN,24.0,NaN,NaN,NaN,24.0,4.2,NaN,0.040000000000000036,7.0,NaN,NaN,NaN,24.0,NaN,NaN,NaN,24.0,28.9,NaN,0.6285714285714283,0.0,10.0,NaN,0.06363636363636357,0.0,53.5,NaN,0.0,11.0,6.2,NaN,0.07272727272727271,0.0,NaN,NaN,NaN,24.0,134.0,NaN,-3.727272727272727,0.0,83.0,0.0,-1.0,-1.0,-20.595833333333335,12.0,0.0,0.0,0.0,0.0,0.0,1.0,0.0,1.0,0.0,0.0,1.0,1.0,1.0,1.0,0.0,0.0,NaN,8.0,8.0,8.0,NaN,NaN,NaN
