68.0,NaN,NaN,24.0,96.0,NaN,NaN,24.0,36.39,NaN,NaN,24.0,124.0,NaN,NaN,24.0,75.0,NaN,NaN,24.0,60.0,NaN,NaN,24.0,27.0,NaN,NaN,24.0,NaN,NaN,NaN,24.0,NaN,NaN,NaN,24.0,NaN,NaN,NaN,24.0,NaN,NaN,NaN,24.0,NaN,NaN,NaN,24.0,NaN,NaN,NaN,24.0,NaN,NaN,NaN,24.0,NaN,NaN,NaN,24.0,NaN,NaN,NaN,24.0,NaN,NaN,NaN,24.0,NaN,NaN,NaN,24.0,NaN,NaN,NaN,24.0,NaN,NaN,NaN,24.0,NaN,NaN,NaN,24.0,NaN,NaN,NaN,24.0,NaN,NaN,NaN,24.0,NaN,NaN,NaN,24.0,NaN,NaN,NaN,24.0,NaN,NaN,NaN,24.0,NaN,NaN,NaN,24.0,NaN,NaN,NaN,24.0,NaN,NaN,NaN,24.0,NaN,NaN,NaN,24.0,NaN,NaN,NaN,24.0,NaN,NaN,NaN,24.0,NaN,NaN,NaN,24.0,NaN,NaN,NaN,24.0,52.0,0.0,1.0,0.0,-1.7875,1.0,0.0,1.0,0.0,0.0,0.0,0.0,0.0,0.0,0.0,0.0,1.0,0.0,1.0,1.0,1.0,0.0,2.0,10.0,10.0,2.0,NaN,NaN,NaN
67.0,NaN,-1.0,0.0,98.0,NaN,2.0,0.0,36.39,NaN,0.0,1.0,117.0,NaN,-7.0,0.0,75.0,NaN,0.0,0.0,63.0,NaN,3.0,0.0,29.0,NaN,2.0,0.0,NaN,NaN,NaN,24.0,NaN,NaN,NaN,24.0,NaN,NaN,NaN,24.0,NaN,NaN,NaN,24.0,NaN,NaN,NaN,24.0,NaN,NaN,NaN,24.0,NaN,NaN,NaN,24.0,NaN,NaN,NaN,24.0,NaN,NaN,NaN,24.0,NaN,NaN,NaN,24.0,NaN,NaN,NaN,24.0,NaN,NaN,NaN,24.0,NaN,NaN,NaN,24.0,NaN,NaN,NaN,24.0,NaN,NaN,NaN,24.0,NaN,NaN,NaN,24.0,NaN,NaN,NaN,24.0,NaN,NaN,NaN,24.0,NaN,NaN,NaN,24.0,NaN,NaN,NaN,24.0,NaN,NaN,NaN,24.0,NaN,NaN,NaN,24.0,NaN,NaN,NaN,24.0,NaN,NaN,NaN,24.0,NaN,NaN,NaN,24.0,NaN,NaN,NaN,24.0,NaN,NaN,NaN,24.0,52.0,0.0,1.0,0.0,-1.7875,2.0,0.0,1.0,0.0,0.0,0.0,0.0,0.0,0.0,0.0,0.0,1.0,0.0,1.0,1.0,1.0,0.0,2.0,10.0,10.0,2.0,NaN,NaN,NaN
69.0,NaN,2.0,0.0,98.0,NaN,0.0,0.0,36.39,NaN,0.0,2.0,121.0,NaN,4.0,0.0,74.0,NaN,-1.0,0.0,57.0,NaN,-6.0,0.0,25.0,NaN,-4.0,0.0,NaN,NaN,NaN,24.0,NaN,NaN,NaN,24.0,22.0,NaN,0.0,0.0,NaN,NaN,NaN,24.0,NaN,NaN,NaN,24.0,NaN,NaN,NaN,24.0,NaN,NaN,NaN,24.0,22.0,NaN,0.0,0.0,62.0,NaN,0.0,0.0,119.0,NaN,0.0,0.0,11.3,NaN,0.0,0.0,88.0,NaN,0.0,0.0,1.5,NaN,0.0,0.0,NaN,NaN,NaN,24.0,137.0,NaN,0.0,0.0,NaN,NaN,NaN,24.0,2.1,NaN,0.0,0.0,4.8,NaN,0.0,0.0,5.5,NaN,0.0,0.0,6.2,NaN,0.0,0.0,NaN,NaN,NaN,24.0,33.6,NaN,0.0,0.0,11.3,NaN,0.0,0.0,28.5,NaN,0.0,0.0,0.4,NaN,0.0,0.0,NaN,NaN,NaN,24.0,44.0,NaN,0.0,0.0,52.0,0.0,1.0,0.0,-1.7875,3.0,0.0,1.0,0.0,1.0,0.0,3.0,3.0,0.0,0.0,1.0,1.0,0.0,1.0,1.0,1.0,0.0,2.0,10.0,10.0,2.0,NaN,NaN,NaN
67.0,NaN,-2.0,0.0,96.0,NaN,-2.0,0.0,36.39,NaN,0.0,3.0,105.0,NaN,-16.0,0.0,69.0,NaN,-5.0,0.0,57.0,NaN,0.0,0.0,19.0,NaN,-6.0,0.0,NaN,NaN,NaN,24.0,NaN,NaN,NaN,24.0,22.0,NaN,0.0,1.0,NaN,NaN,NaN,24.0,NaN,NaN,NaN,24.0,NaN,NaN,NaN,24.0,NaN,NaN,NaN,24.0,22.0,NaN,0.0,1.0,62.0,NaN,0.0,1.0,119.0,NaN,0.0,1.0,11.3,NaN,0.0,1.0,88.0,NaN,0.0,1.0,1.5,NaN,0.0,1.0,NaN,NaN,NaN,24.0,137.0,NaN,0.0,1.0,NaN,NaN,NaN,24.0,2.1,NaN,0.0,1.0,4.8,NaN,0.0,1.0,5.5,NaN,0.0,1.0,6.2,NaN,0.0,1.0,NaN,NaN,NaN,24.0,33.6,NaN,0.0,1.0,11.3,NaN,0.0,1.0,28.5,NaN,0.0,1.0,0.4,NaN,0.0,1.0,NaN,NaN,NaN,24.0,44.0,NaN,0.0,1.0,52.0,0.0,1.0,0.0,-1.7875,4.0,0.0,0.0,0.0,1.0,0.0,0.0,0.0,0.0,0.0,0.0,1.0,0.0,1.0,1.0,1.0,0.0,2.0,10.0,10.0,2.0,NaN,NaN,NaN
67.0,NaN,0.0,0.0,98.0,NaN,2.0,0.0,36.39,NaN,0.0,4.0,88.0,NaN,-17.0,0.0,61.0,NaN,-8.0,0.0,53.0,NaN,-4.0,0.0,16.0,NaN,-3.0,0.0,NaN,NaN,NaN,24.0,NaN,NaN,NaN,24.0,22.0,NaN,0.0,2.0,NaN,NaN,NaN,24.0,NaN,NaN,NaN,24.0,NaN,NaN,NaN,24.0,NaN,NaN,NaN,24.0,22.0,NaN,0.0,2.0,62.0,NaN,0.0,2.0,119.0,NaN,0.0,2.0,11.3,NaN,0.0,2.0,88.0,NaN,0.0,2.0,1.5,NaN,0.0,2.0,NaN,NaN,NaN,24.0,137.0,NaN,0.0,2.0,NaN,NaN,NaN,24.0,2.1,NaN,0.0,2.0,4.8,NaN,0.0,2.0,5.5,NaN,0.0,2.0,6.2,NaN,0.0,2.0,NaN,NaN,NaN,24.0,33.6,NaN,0.0,2.0,11.3,NaN,0.0,2.0,28.5,NaN,0.0,2.0,0.4,NaN,0.0,2.0,NaN,NaN,NaN,24.0,44.0,NaN,0.0,2.0,52.0,0.0,1.0,0.0,-1.7875,5.0,0.0,0.0,0.0,1.0,0.0,0.0,0.0,1.0,0.0,0.0,1.0,0.0,1.0,1.0,1.0,0.0,2.0,10.0,10.0,2.0,NaN,NaN,NaN
69.0,NaN,2.0,0.0,95.0,NaN,-3.0,0.0,36.39,NaN,0.0,5.0,87.0,NaN,-1.0,0.0,60.0,NaN,-1.0,0.0,53.0,NaN,0.0,0.0,18.0,NaN,2.0,0.0,NaN,NaN,NaN,24.0,NaN,NaN,NaN,24.0,22.0,NaN,0.0,3.0,NaN,NaN,NaN,24.0,NaN,NaN,NaN,24.0,NaN,NaN,NaN,24.0,NaN,NaN,NaN,24.0,22.0,NaN,0.0,3.0,62.0,NaN,0.0,3.0,119.0,NaN,0.0,3.0,11.3,NaN,0.0,3.0,88.0,NaN,0.0,3.0,1.5,NaN,0.0,3.0,NaN,NaN,NaN,24.0,137.0,NaN,0.0,3.0,NaN,NaN,NaN,24.0,2.1,NaN,0.0,3.0,4.8,NaN,0.0,3.0,5.5,NaN,0.0,3.0,6.2,NaN,0.0,3.0,NaN,NaN,NaN,24.0,33.6,NaN,0.0,3.0,11.3,NaN,0.0,3.0,28.5,NaN,0.0,3.0,0.4,NaN,0.0,3.0,NaN,NaN,NaN,24.0,44.0,NaN,0.0,3.0,52.0,0.0,1.0,0.0,-1.7875,6.0,0.0,0.0,0.0,1.0,0.0,0.0,0.0,1.0,0.0,0.0,1.0,0.0,1.0,1.0,1.0,0.0,2.0,10.0,10.0,2.0,NaN,NaN,NaN
74.0,NaN,5.0,0.0,89.0,NaN,-6.0,0.0,36.22,NaN,-0.028333333333333616,0.0,95.0,NaN,8.0,0.0,66.0,NaN,6.0,0.0,56.0,NaN,3.0,0.0,25.0,NaN,7.0,0.0,NaN,NaN,NaN,24.0,NaN,NaN,NaN,24.0,22.0,NaN,0.0,0.0,NaN,NaN,NaN,24.0,NaN,NaN,NaN,24.0,NaN,NaN,NaN,24.0,NaN,NaN,NaN,24.0,22.0,NaN,0.0,4.0,64.0,NaN,0.5,0.0,119.0,NaN,0.0,4.0,11.3,NaN,0.0,4.0,89.0,NaN,0.25,0.0,1.6,NaN,0.025000000000000022,0.0,5.6,NaN,0.0,0.0,99.0,NaN,-9.5,0.0,NaN,NaN,NaN,24.0,2.1,NaN,0.0,4.0,4.8,NaN,0.0,4.0,5.2,NaN,-0.07499999999999996,0.0,6.6,NaN,0.09999999999999987,0.0,NaN,NaN,NaN,24.0,30.8,NaN,-0.7000000000000002,0.0,10.2,NaN,-0.27500000000000036,0.0,29.1,NaN,0.15000000000000036,0.0,0.2,NaN,-0.05,0.0,521.0,NaN,0.0,0.0,24.0,NaN,-5.0,0.0,52.0,0.0,1.0,0.0,-1.7875,7.0,0.0,1.0,0.0,1.0,0.0,3.0,3.0,0.0,0.0,1.0,1.0,1.0,1.0,1.0,1.0,0.0,2.0,10.0,10.0,2.0,NaN,NaN,NaN
82.0,NaN,8.0,0.0,92.0,NaN,3.0,0.0,36.22,NaN,-0.02428571428571453,1.0,97.0,NaN,2.0,0.0,62.0,NaN,-4.0,0.0,50.0,NaN,-6.0,0.0,32.0,NaN,7.0,0.0,NaN,NaN,NaN,24.0,NaN,NaN,NaN,24.0,22.0,NaN,0.0,1.0,NaN,NaN,NaN,24.0,NaN,NaN,NaN,24.0,NaN,NaN,NaN,24.0,NaN,NaN,NaN,24.0,22.0,NaN,0.0,5.0,64.0,NaN,0.4,1.0,119.0,NaN,0.0,5.0,11.3,NaN,0.0,5.0,89.0,NaN,0.2,1.0,1.6,NaN,0.020000000000000018,1.0,5.6,NaN,0.0,1.0,99.0,NaN,-7.6,1.0,NaN,NaN,NaN,24.0,2.1,NaN,0.0,5.0,4.8,NaN,0.0,5.0,5.2,NaN,-0.05999999999999996,1.0,6.6,NaN,0.07999999999999989,1.0,NaN,NaN,NaN,24.0,30.8,NaN,-0.5600000000000002,1.0,10.2,NaN,-0.22000000000000028,1.0,29.1,NaN,0.12000000000000029,1.0,0.2,NaN,-0.04,1.0,521.0,NaN,0.0,1.0,24.0,NaN,-4.0,1.0,52.0,0.0,1.0,0.0,-1.7875,8.0,0.0,1.0,0.0,1.0,0.0,0.0,0.0,1.0,0.0,0.0,1.0,1.0,1.0,1.0,1.0,0.0,2.0,10.0,10.0,2.0,NaN,NaN,NaN
81.0,NaN,-1.0,0.0,91.0,NaN,-1.0,0.0,36.22,NaN,-0.021250000000000213,2.0,89.0,NaN,-8.0,0.0,66.0,NaN,4.0,0.0,59.0,NaN,9.0,0.0,29.0,NaN,-3.0,0.0,NaN,NaN,NaN,24.0,NaN,NaN,NaN,24.0,22.0,NaN,0.0,2.0,NaN,NaN,NaN,24.0,NaN,NaN,NaN,24.0,NaN,NaN,NaN,24.0,NaN,NaN,NaN,24.0,22.0,NaN,0.0,6.0,64.0,NaN,0.3333333333333333,2.0,119.0,NaN,0.0,6.0,11.3,NaN,0.0,6.0,89.0,NaN,0.16666666666666666,2.0,1.6,NaN,0.01666666666666668,2.0,5.6,NaN,0.0,2.0,99.0,NaN,-6.333333333333333,2.0,NaN,NaN,NaN,24.0,2.1,NaN,0.0,6.0,4.8,NaN,0.0,6.0,5.2,NaN,-0.04999999999999997,2.0,6.6,NaN,0.06666666666666658,2.0,NaN,NaN,NaN,24.0,30.8,NaN,-0.4666666666666668,2.0,10.2,NaN,-0.18333333333333357,2.0,29.1,NaN,0.10000000000000024,2.0,0.2,NaN,-0.03333333333333333,2.0,521.0,NaN,0.0,2.0,24.0,NaN,-3.3333333333333335,2.0,52.0,0.0,1.0,0.0,-1.7875,9.0,0.0,1.0,0.0,1.0,0.0,0.0,0.0,1.0,0.0,0.0,1.0,1.0,1.0,1.0,1.0,0.0,2.0,10.0,10.0,2.0,NaN,NaN,NaN
85.0,NaN,4.0,0.0,94.0,NaN,3.0,0.0,36.22,NaN,-0.01888888888888908,3.0,91.0,NaN,2.0,0.0,80.0,NaN,14.0,0.0,76.0,NaN,17.0,0.0,32.0,NaN,3.0,0.0,NaN,NaN,NaN,24.0,NaN,NaN,NaN,24.0,22.0,NaN,0.0,3.0,NaN,NaN,NaN,24.0,NaN,NaN,NaN,24.0,NaN,NaN,NaN,24.0,NaN,NaN,NaN,24.0,22.0,NaN,0.0,7.0,64.0,NaN,0.2857142857142857,3.0,119.0,NaN,0.0,7.0,11.3,NaN,0.0,7.0,89.0,NaN,0.14285714285714285,3.0,1.6,NaN,0.0142857142857143,3.0,5.6,NaN,0.0,3.0,99.0,NaN,-5.428571428571429,3.0,NaN,NaN,NaN,24.0,2.1,NaN,0.0,7.0,4.8,NaN,0.0,7.0,5.2,NaN,-0.04285714285714283,3.0,6.6,NaN,0.057142857142857065,3.0,NaN,NaN,NaN,24.0,30.8,NaN,-0.4000000000000001,3.0,10.2,NaN,-0.15714285714285733,3.0,29.1,NaN,0.08571428571428592,3.0,0.2,NaN,-0.028571428571428574,3.0,521.0,NaN,0.0,3.0,24.0,NaN,-2.857142857142857,3.0,52.0,0.0,1.0,0.0,-1.7875,10.0,0.0,1.0,0.0,1.0,0.0,0.0,0.0,0.0,0.0,0.0,1.0,1.0,1.0,1.0,1.0,0.0,2.0,10.0,10.0,2.0,NaN,NaN,NaN
80.0,NaN,-5.0,0.0,96.0,NaN,2.0,0.0,36.17,NaN,-0.01249999999999929,0.0,61.0,NaN,-30.0,0.0,44.0,NaN,-36.0,0.0,39.0,NaN,-37.0,0.0,28.0,NaN,-4.0,0.0,NaN,NaN,NaN,24.0,NaN,NaN,NaN,24.0,24.0,NaN,0.5,0.0,NaN,NaN,NaN,24.0,NaN,NaN,NaN,24.0,NaN,NaN,NaN,24.0,NaN,NaN,NaN,24.0,29.0,NaN,0.875,0.0,64.0,NaN,0.0,0.0,96.0,NaN,-2.875,0.0,10.3,NaN,-0.125,0.0,91.0,NaN,0.5,0.0,1.6,NaN,0.0,0.0,5.6,NaN,0.0,4.0,74.0,NaN,-6.25,0.0,NaN,NaN,NaN,24.0,2.1,NaN,0.0,0.0,6.0,NaN,0.15000000000000002,0.0,5.2,NaN,0.0,0.0,7.3,NaN,0.17500000000000004,0.0,NaN,NaN,NaN,24.0,28.0,NaN,-0.7000000000000002,0.0,9.2,NaN,-0.25,0.0,33.1,NaN,1.0,0.0,0.1,NaN,-0.025,0.0,521.0,NaN,0.0,4.0,17.0,NaN,-1.75,0.0,52.0,0.0,1.0,0.0,-1.7875,11.0,0.0,1.0,0.0,1.0,0.0,4.0,3.0,1.0,0.0,1.0,1.0,1.0,1.0,1.0,1.0,0.0,2.0,10.0,10.0,2.0,NaN,NaN,NaN
81.0,NaN,1.0,0.0,95.0,NaN,-1.0,0.0,36.17,NaN,-0.009999999999999431,1.0,59.0,NaN,-2.0,0.0,41.0,NaN,-3.0,0.0,37.0,NaN,-2.0,0.0,27.0,NaN,-1.0,0.0,NaN,NaN,NaN,24.0,-8.0,NaN,0.0,0.0,24.0,NaN,0.4,1.0,NaN,NaN,NaN,24.0,7.03,NaN,0.0,0.0,95.0,NaN,0.0,0.0,NaN,NaN,NaN,24.0,29.0,NaN,0.7777777777777778,1.0,64.0,NaN,0.0,1.0,96.0,NaN,-2.5555555555555554,1.0,10.3,NaN,-0.1111111111111111,1.0,91.0,NaN,0.4,1.0,1.6,NaN,0.0,1.0,5.6,NaN,0.0,5.0,74.0,NaN,-5.0,1.0,NaN,NaN,NaN,24.0,2.1,NaN,0.0,1.0,6.0,NaN,0.13333333333333336,1.0,5.2,NaN,0.0,1.0,7.3,NaN,0.14000000000000004,1.0,NaN,NaN,NaN,24.0,28.0,NaN,-0.5600000000000002,1.0,9.2,NaN,-0.2,1.0,33.1,NaN,0.8,1.0,0.1,NaN,-0.02,1.0,521.0,NaN,0.0,5.0,17.0,NaN,-1.4,1.0,52.0,0.0,1.0,0.0,-1.7875,12.0,0.0,1.0,0.0,1.0,0.0,0.0,0.0,1.0,0.0,0.0,1.0,1.0,1.0,1.0,1.0,0.0,2.0,10.0,10.0,2.0,NaN,NaN,NaN
84.0,NaN,3.0,0.0,97.0,NaN,2.0,0.0,36.17,NaN,-0.00833333333333286,2.0,118.0,NaN,59.0,0.0,64.0,NaN,23.0,0.0,45.0,NaN,8.0,0.0,25.0,NaN,-2.0,0.0,NaN,NaN,NaN,24.0,-8.0,NaN,0.0,1.0,24.0,NaN,0.3333333333333333,2.0,NaN,NaN,NaN,24.0,7.03,NaN,0.0,1.0,95.0,NaN,0.0,1.0,NaN,NaN,NaN,24.0,29.0,NaN,0.7,2.0,64.0,NaN,0.0,2.0,96.0,NaN,-2.3,2.0,10.3,NaN,-0.1,2.0,91.0,NaN,0.3333333333333333,2.0,1.6,NaN,0.0,2.0,5.6,NaN,0.0,6.0,74.0,NaN,-4.166666666666667,2.0,NaN,NaN,NaN,24.0,2.1,NaN,0.0,2.0,6.0,NaN,0.12000000000000002,2.0,5.2,NaN,0.0,2.0,7.3,NaN,0.1166666666666667,2.0,NaN,NaN,NaN,24.0,28.0,NaN,-0.4666666666666668,2.0,9.2,NaN,-0.16666666666666666,2.0,33.1,NaN,0.6666666666666666,2.0,0.1,NaN,-0.016666666666666666,2.0,521.0,NaN,0.0,6.0,17.0,NaN,-1.1666666666666667,2.0,52.0,0.0,1.0,0.0,-1.7875,13.0,0.0,1.0,0.0,1.0,0.0,0.0,0.0,1.0,0.0,0.0,1.0,1.0,1.0,1.0,1.0,0.0,2.0,10.0,10.0,2.0,NaN,NaN,NaN
82.5,NaN,-1.5,0.0,93.5,NaN,-3.5,0.0,36.44,NaN,0.08999999999999868,0.0,98.5,NaN,-19.5,0.0,70.5,NaN,6.5,0.0,62.0,NaN,17.0,0.0,30.0,NaN,5.0,0.0,NaN,NaN,NaN,24.0,-8.0,NaN,0.0,2.0,24.0,NaN,0.2857142857142857,3.0,0.5,NaN,0.0,0.0,7.03,NaN,0.0,2.0,95.0,NaN,0.0,2.0,NaN,NaN,NaN,24.0,29.0,NaN,0.6363636363636364,3.0,64.0,NaN,0.0,3.0,96.0,NaN,-2.090909090909091,3.0,10.3,NaN,-0.09090909090909091,3.0,91.0,NaN,0.2857142857142857,3.0,1.6,NaN,0.0,3.0,5.6,NaN,0.0,7.0,74.0,NaN,-3.5714285714285716,3.0,NaN,NaN,NaN,24.0,2.1,NaN,0.0,3.0,6.0,NaN,0.10909090909090911,3.0,5.2,NaN,0.0,3.0,7.3,NaN,0.10000000000000002,3.0,NaN,NaN,NaN,24.0,28.0,NaN,-0.4000000000000001,3.0,9.2,NaN,-0.14285714285714285,3.0,33.1,NaN,0.5714285714285714,3.0,0.1,NaN,-0.014285714285714287,3.0,521.0,NaN,0.0,7.0,17.0,NaN,-1.0,3.0,52.0,0.0,1.0,0.0,-1.7875,14.0,0.0,1.0,0.0,1.0,2.0,0.0,0.0,0.0,0.0,0.0,0.0,1.0,1.0,1.0,1.0,0.0,2.0,10.0,10.0,2.0,NaN,NaN,NaN
