98.0,NaN,NaN,24.0,99.0,NaN,NaN,24.0,38.22,NaN,NaN,24.0,93.0,NaN,NaN,24.0,52.0,NaN,NaN,24.0,40.0,NaN,NaN,24.0,27.0,NaN,NaN,24.0,NaN,NaN,NaN,24.0,NaN,NaN,NaN,24.0,NaN,NaN,NaN,24.0,1.0,NaN,NaN,24.0,NaN,NaN,NaN,24.0,NaN,NaN,NaN,24.0,NaN,NaN,NaN,24.0,NaN,NaN,NaN,24.0,NaN,NaN,NaN,24.0,NaN,NaN,NaN,24.0,NaN,NaN,NaN,24.0,NaN,NaN,NaN,24.0,NaN,NaN,NaN,24.0,NaN,NaN,NaN,24.0,NaN,NaN,NaN,24.0,NaN,NaN,NaN,24.0,NaN,NaN,NaN,24.0,NaN,NaN,NaN,24.0,NaN,NaN,NaN,24.0,NaN,NaN,NaN,24.0,NaN,NaN,NaN,24.0,NaN,NaN,NaN,24.0,NaN,NaN,NaN,24.0,NaN,NaN,NaN,24.0,NaN,NaN,NaN,24.0,NaN,NaN,NaN,24.0,NaN,NaN,NaN,24.0,83.0,0.0,1.0,0.0,-1.7166666666666666,1.0,1.0,1.0,1.0,0.0,3.0,0.0,0.0,1.0,0.0,0.0,1.0,0.0,1.0,1.0,0.0,0.0,3.0,5.0,4.0,1.0,NaN,NaN,NaN
97.0,NaN,-1.0,0.0,92.0,NaN,-7.0,0.0,38.22,NaN,0.0,1.0,102.0,NaN,9.0,0.0,62.0,NaN,10.0,0.0,48.0,NaN,8.0,0.0,25.0,NaN,-2.0,0.0,NaN,NaN,NaN,24.0,0.0,NaN,0.0,0.0,NaN,NaN,NaN,24.0,1.0,NaN,0.0,1.0,7.38,NaN,0.0,0.0,43.0,NaN,0.0,0.0,NaN,NaN,NaN,24.0,NaN,NaN,NaN,24.0,NaN,NaN,NaN,24.0,NaN,NaN,NaN,24.0,NaN,NaN,NaN,24.0,NaN,NaN,NaN,24.0,NaN,NaN,NaN,24.0,NaN,NaN,NaN,24.0,NaN,NaN,NaN,24.0,3.0,NaN,0.0,0.0,NaN,NaN,NaN,24.0,NaN,NaN,NaN,24.0,NaN,NaN,NaN,24.0,NaN,NaN,NaN,24.0,NaN,NaN,NaN,24.0,NaN,NaN,NaN,24.0,NaN,NaN,NaN,24.0,NaN,NaN,NaN,24.0,NaN,NaN,NaN,24.0,NaN,NaN,NaN,24.0,NaN,NaN,NaN,24.0,83.0,0.0,1.0,0.0,-1.7166666666666666,2.0,1.0,1.0,1.0,0.0,0.0,0.0,0.0,1.0,1.0,0.0,1.0,1.0,1.0,1.0,0.0,0.0,3.0,5.0,4.0,1.0,NaN,NaN,NaN
97.0,NaN,0.0,0.0,93.0,NaN,1.0,0.0,38.22,NaN,0.0,2.0,118.0,NaN,16.0,0.0,72.0,NaN,10.0,0.0,54.0,NaN,6.0,0.0,26.0,NaN,1.0,0.0,NaN,NaN,NaN,24.0,0.0,NaN,0.0,1.0,NaN,NaN,NaN,24.0,1.0,NaN,0.0,2.0,7.38,NaN,0.0,1.0,43.0,NaN,0.0,1.0,NaN,NaN,NaN,24.0,NaN,NaN,NaN,24.0,NaN,NaN,NaN,24.0,NaN,NaN,NaN,24.0,NaN,NaN,NaN,24.0,NaN,NaN,NaN,24.0,NaN,NaN,NaN,24.0,NaN,NaN,NaN,24.0,NaN,NaN,NaN,24.0,3.0,NaN,0.0,1.0,NaN,NaN,NaN,24.0,NaN,NaN,NaN,24.0,NaN,NaN,NaN,24.0,NaN,NaN,NaN,24.0,NaN,NaN,NaN,24.0,NaN,NaN,NaN,24.0,NaN,NaN,NaN,24.0,NaN,NaN,NaN,24.0,NaN,NaN,NaN,24.0,NaN,NaN,NaN,24.0,NaN,NaN,NaN,24.0,83.0,0.0,1.0,0.0,-1.7166666666666666,3.0,1.0,1.0,1.0,0.0,0.0,0.0,0.0,0.0,0.0,0.0,1.0,1.0,1.0,1.0,0.0,0.0,3.0,5.0,4.0,1.0,NaN,NaN,NaN
99.0,NaN,2.0,0.0,92.0,NaN,-1.0,0.0,38.22,NaN,0.0,3.0,76.0,NaN,-42.0,0.0,49.0,NaN,-23.0,0.0,40.0,NaN,-14.0,0.0,28.0,NaN,2.0,0.0,NaN,NaN,NaN,24.0,0.0,NaN,0.0,2.0,NaN,NaN,NaN,24.0,0.95,NaN,-0.01666666666666668,0.0,7.38,NaN,0.0,2.0,43.0,NaN,0.0,2.0,NaN,NaN,NaN,24.0,NaN,NaN,NaN,24.0,NaN,NaN,NaN,24.0,NaN,NaN,NaN,24.0,NaN,NaN,NaN,24.0,NaN,NaN,NaN,24.0,NaN,NaN,NaN,24.0,NaN,NaN,NaN,24.0,NaN,NaN,NaN,24.0,3.0,NaN,0.0,2.0,NaN,NaN,NaN,24.0,NaN,NaN,NaN,24.0,NaN,NaN,NaN,24.0,NaN,NaN,NaN,24.0,NaN,NaN,NaN,24.0,NaN,NaN,NaN,24.0,NaN,NaN,NaN,24.0,NaN,NaN,NaN,24.0,NaN,NaN,NaN,24.0,NaN,NaN,NaN,24.0,NaN,NaN,NaN,24.0,83.0,0.0,1.0,0.0,-1.7166666666666666,4.0,1.0,1.0,1.0,0.0,3.0,0.0,0.0,1.0,0.0,0.0,1.0,1.0,1.0,1.0,0.0,0.0,3.0,5.0,4.0,1.0,NaN,NaN,NaN
86.0,NaN,-13.0,0.0,94.0,NaN,2.0,0.0,38.22,NaN,0.0,4.0,84.0,NaN,8.0,0.0,48.0,NaN,-1.0,0.0,37.0,NaN,-3.0,0.0,20.0,NaN,-8.0,0.0,NaN,NaN,NaN,24.0,0.0,NaN,0.0,3.0,NaN,NaN,NaN,24.0,0.95,NaN,-0.012500000000000011,1.0,7.38,NaN,0.0,3.0,43.0,NaN,0.0,3.0,NaN,NaN,NaN,24.0,NaN,NaN,NaN,24.0,NaN,NaN,NaN,24.0,NaN,NaN,NaN,24.0,NaN,NaN,NaN,24.0,NaN,NaN,NaN,24.0,NaN,NaN,NaN,24.0,NaN,NaN,NaN,24.0,NaN,NaN,NaN,24.0,3.0,NaN,0.0,3.0,NaN,NaN,NaN,24.0,NaN,NaN,NaN,24.0,NaN,NaN,NaN,24.0,NaN,NaN,NaN,24.0,NaN,NaN,NaN,24.0,NaN,NaN,NaN,24.0,NaN,NaN,NaN,24.0,NaN,NaN,NaN,24.0,NaN,NaN,NaN,24.0,NaN,NaN,NaN,24.0,NaN,NaN,NaN,24.0,83.0,0.0,1.0,0.0,-1.7166666666666666,5.0,1.0,0.0,0.0,0.0,0.0,0.0,0.0,1.0,0.0,0.0,1.0,1.0,1.0,1.0,0.0,0.0,3.0,5.0,4.0,1.0,NaN,NaN,NaN
95.0,NaN,9.0,0.0,99.0,NaN,5.0,0.0,36.56,NaN,-0.3319999999999993,0.0,122.0,NaN,38.0,0.0,76.0,NaN,28.0,0.0,60.0,NaN,23.0,0.0,21.0,NaN,1.0,0.0,NaN,NaN,NaN,24.0,0.0,NaN,0.0,4.0,23.0,NaN,0.0,0.0,0.8,NaN,-0.07499999999999996,0.0,7.38,NaN,0.0,4.0,43.0,NaN,0.0,4.0,NaN,NaN,NaN,24.0,NaN,NaN,NaN,24.0,72.0,NaN,0.0,0.0,NaN,NaN,NaN,24.0,8.8,NaN,0.0,0.0,111.0,NaN,0.0,0.0,1.9,NaN,0.0,0.0,NaN,NaN,NaN,24.0,233.0,NaN,0.0,0.0,3.0,NaN,0.0,4.0,2.2,NaN,0.0,0.0,2.5,NaN,0.0,0.0,3.4,NaN,0.0,0.0,NaN,NaN,NaN,24.0,0.04,NaN,0.0,0.0,33.3,NaN,0.0,0.0,11.0,NaN,0.0,0.0,46.6,NaN,0.0,0.0,8.1,NaN,0.0,0.0,NaN,NaN,NaN,24.0,242.0,NaN,0.0,0.0,83.0,0.0,1.0,0.0,-1.7166666666666666,6.0,0.0,1.0,1.0,0.0,3.0,0.0,0.0,0.0,0.0,1.0,1.0,1.0,1.0,1.0,0.0,0.0,3.0,5.0,4.0,1.0,NaN,NaN,NaN
95.0,NaN,0.0,0.0,96.0,NaN,-3.0,0.0,36.56,NaN,-0.2766666666666661,1.0,93.0,NaN,-29.0,0.0,68.0,NaN,-8.0,0.0,58.0,NaN,-2.0,0.0,21.0,NaN,0.0,0.0,NaN,NaN,NaN,24.0,0.0,NaN,0.0,5.0,23.0,NaN,0.0,1.0,0.8,NaN,-0.04999999999999997,1.0,7.38,NaN,0.0,5.0,43.0,NaN,0.0,5.0,NaN,NaN,NaN,24.0,NaN,NaN,NaN,24.0,72.0,NaN,0.0,1.0,NaN,NaN,NaN,24.0,8.8,NaN,0.0,1.0,111.0,NaN,0.0,1.0,1.9,NaN,0.0,1.0,NaN,NaN,NaN,24.0,233.0,NaN,0.0,1.0,3.0,NaN,0.0,5.0,2.2,NaN,0.0,1.0,2.5,NaN,0.0,1.0,3.4,NaN,0.0,1.0,NaN,NaN,NaN,24.0,0.04,NaN,0.0,1.0,33.3,NaN,0.0,1.0,11.0,NaN,0.0,1.0,46.6,NaN,0.0,1.0,8.1,NaN,0.0,1.0,NaN,NaN,NaN,24.0,242.0,NaN,0.0,1.0,83.0,0.0,1.0,0.0,-1.7166666666666666,7.0,0.0,1.0,1.0,0.0,0.0,0.0,0.0,0.0,0.0,0.0,1.0,1.0,1.0,1.0,0.0,0.0,3.0,5.0,4.0,1.0,NaN,NaN,NaN
93.0,NaN,-2.0,0.0,98.0,NaN,2.0,0.0,36.56,NaN,-0.23714285714285666,2.0,113.0,NaN,20.0,0.0,67.0,NaN,-1.0,0.0,52.0,NaN,-6.0,0.0,20.0,NaN,-1.0,0.0,NaN,NaN,NaN,24.0,0.0,NaN,0.0,6.0,23.0,NaN,0.0,2.0,0.8,NaN,-0.03749999999999998,2.0,7.38,NaN,0.0,6.0,43.0,NaN,0.0,6.0,NaN,NaN,NaN,24.0,NaN,NaN,NaN,24.0,72.0,NaN,0.0,2.0,NaN,NaN,NaN,24.0,8.8,NaN,0.0,2.0,111.0,NaN,0.0,2.0,1.9,NaN,0.0,2.0,NaN,NaN,NaN,24.0,233.0,NaN,0.0,2.0,3.0,NaN,0.0,6.0,2.2,NaN,0.0,2.0,2.5,NaN,0.0,2.0,3.4,NaN,0.0,2.0,NaN,NaN,NaN,24.0,0.04,NaN,0.0,2.0,33.3,NaN,0.0,2.0,11.0,NaN,0.0,2.0,46.6,NaN,0.0,2.0,8.1,NaN,0.0,2.0,NaN,NaN,NaN,24.0,242.0,NaN,0.0,2.0,83.0,0.0,1.0,0.0,-1.7166666666666666,8.0,0.0,0.0,1.0,0.0,0.0,0.0,0.0,0.0,0.0,0.0,1.0,1.0,1.0,1.0,0.0,0.0,3.0,5.0,4.0,1.0,NaN,NaN,NaN
93.0,NaN,0.0,0.0,90.0,NaN,-8.0,0.0,36.56,NaN,-0.20749999999999957,3.0,106.0,NaN,-7.0,0.0,68.0,NaN,1.0,0.0,63.0,NaN,11.0,0.0,20.0,NaN,0.0,0.0,NaN,NaN,NaN,24.0,0.0,NaN,0.0,7.0,23.0,NaN,0.0,3.0,0.8,NaN,-0.02999999999999998,3.0,7.38,NaN,0.0,7.0,43.0,NaN,0.0,7.0,NaN,NaN,NaN,24.0,NaN,NaN,NaN,24.0,72.0,NaN,0.0,3.0,NaN,NaN,NaN,24.0,8.8,NaN,0.0,3.0,111.0,NaN,0.0,3.0,1.9,NaN,0.0,3.0,NaN,NaN,NaN,24.0,233.0,NaN,0.0,3.0,3.0,NaN,0.0,7.0,2.2,NaN,0.0,3.0,2.5,NaN,0.0,3.0,3.4,NaN,0.0,3.0,NaN,NaN,NaN,24.0,0.04,NaN,0.0,3.0,33.3,NaN,0.0,3.0,11.0,NaN,0.0,3.0,46.6,NaN,0.0,3.0,8.1,NaN,0.0,3.0,NaN,NaN,NaN,24.0,242.0,NaN,0.0,3.0,83.0,0.0,1.0,0.0,-1.7166666666666666,9.0,0.0,0.0,1.0,0.0,0.0,0.0,0.0,0.0,0.0,0.0,1.0,1.0,1.0,1.0,0.0,0.0,3.0,5.0,4.0,1.0,NaN,NaN,NaN
