100.0,NaN,NaN,24.0,100.0,NaN,NaN,24.0,36.83,NaN,NaN,24.0,119.0,NaN,NaN,24.0,88.0,NaN,NaN,24.0,78.0,NaN,NaN,24.0,20.0,NaN,NaN,24.0,NaN,NaN,NaN,24.0,NaN,NaN,NaN,24.0,23.0,NaN,NaN,24.0,NaN,NaN,NaN,24.0,NaN,NaN,NaN,24.0,NaN,NaN,NaN,24.0,NaN,NaN,NaN,24.0,NaN,NaN,NaN,24.0,11.0,NaN,NaN,24.0,NaN,NaN,NaN,24.0,7.4,NaN,NaN,24.0,105.0,NaN,NaN,24.0,0.6,NaN,NaN,24.0,NaN,NaN,NaN,24.0,99.0,NaN,NaN,24.0,2.1,NaN,NaN,24.0,2.0,NaN,NaN,24.0,1.9,NaN,NaN,24.0,4.0,NaN,NaN,24.0,NaN,NaN,NaN,24.0,NaN,NaN,NaN,24.0,30.7,NaN,NaN,24.0,10.0,NaN,NaN,24.0,40.2,NaN,NaN,24.0,14.1,NaN,NaN,24.0,NaN,NaN,NaN,24.0,441.0,NaN,NaN,24.0,40.0,1.0,1.0,0.0,-88.06111111111112,1.0,0.0,0.0,1.0,1.0,0.0,0.0,0.0,0.0,1.0,0.0,1.0,0.0,1.0,1.0,0.0,0.0,3.0,5.0,4.0,2.0,NaN,NaN,NaN
107.0,NaN,7.0,0.0,100.0,NaN,0.0,0.0,36.83,NaN,0.0,1.0,109.0,NaN,-10.0,0.0,69.0,NaN,-19.0,0.0,59.0,NaN,-19.0,0.0,15.0,NaN,-5.0,0.0,NaN,NaN,NaN,24.0,NaN,NaN,NaN,24.0,23.0,NaN,0.0,1.0,NaN,NaN,NaN,24.0,NaN,NaN,NaN,24.0,NaN,NaN,NaN,24.0,NaN,NaN,NaN,24.0,NaN,NaN,NaN,24.0,11.0,NaN,0.0,1.0,NaN,NaN,NaN,24.0,7.4,NaN,0.0,1.0,105.0,NaN,0.0,1.0,0.6,NaN,0.0,1.0,NaN,NaN,NaN,24.0,99.0,NaN,0.0,1.0,2.1,NaN,0.0,1.0,2.0,NaN,0.0,1.0,1.9,NaN,0.0,1.0,4.0,NaN,0.0,1.0,NaN,NaN,NaN,24.0,NaN,NaN,NaN,24.0,30.7,NaN,0.0,1.0,10.0,NaN,0.0,1.0,40.2,NaN,0.0,1.0,14.1,NaN,0.0,1.0,NaN,NaN,NaN,24.0,441.0,NaN,0.0,1.0,40.0,1.0,1.0,0.0,-88.06111111111112,2.0,0.0,0.0,1.0,1.0,0.0,0.0,0.0,0.0,0.0,0.0,1.0,1.0,1.0,1.0,0.0,0.0,3.0,5.0,4.0,2.0,NaN,NaN,NaN
107.0,NaN,0.0,0.0,96.0,NaN,-4.0,0.0,37.56,NaN,0.365000000000002,0.0,90.0,NaN,-19.0,0.0,60.0,NaN,-9.0,0.0,51.0,NaN,-8.0,0.0,20.0,NaN,5.0,0.0,NaN,NaN,NaN,24.0,NaN,NaN,NaN,24.0,23.0,NaN,0.0,2.0,NaN,NaN,NaN,24.0,NaN,NaN,NaN,24.0,NaN,NaN,NaN,24.0,NaN,NaN,NaN,24.0,NaN,NaN,NaN,24.0,11.0,NaN,0.0,2.0,NaN,NaN,NaN,24.0,7.4,NaN,0.0,2.0,105.0,NaN,0.0,2.0,0.6,NaN,0.0,2.0,NaN,NaN,NaN,24.0,99.0,NaN,0.0,2.0,2.1,NaN,0.0,2.0,2.0,NaN,0.0,2.0,1.9,NaN,0.0,2.0,4.0,NaN,0.0,2.0,NaN,NaN,NaN,24.0,NaN,NaN,NaN,24.0,30.7,NaN,0.0,2.0,10.0,NaN,0.0,2.0,40.2,NaN,0.0,2.0,14.1,NaN,0.0,2.0,NaN,NaN,NaN,24.0,441.0,NaN,0.0,2.0,40.0,1.0,1.0,0.0,-88.06111111111112,3.0,0.0,0.0,1.0,1.0,0.0,0.0,0.0,1.0,0.0,0.0,1.0,1.0,1.0,1.0,0.0,0.0,3.0,5.0,4.0,2.0,NaN,NaN,NaN
103.0,NaN,-4.0,0.0,95.0,NaN,-1.0,0.0,37.56,NaN,0.24333333333333465,1.0,93.0,NaN,3.0,0.0,69.0,NaN,9.0,0.0,64.0,NaN,13.0,0.0,19.0,NaN,-1.0,0.0,NaN,NaN,NaN,24.0,NaN,NaN,NaN,24.0,23.0,NaN,0.0,3.0,NaN,NaN,NaN,24.0,NaN,NaN,NaN,24.0,NaN,NaN,NaN,24.0,NaN,NaN,NaN,24.0,NaN,NaN,NaN,24.0,11.0,NaN,0.0,3.0,NaN,NaN,NaN,24.0,7.4,NaN,0.0,3.0,105.0,NaN,0.0,3.0,0.6,NaN,0.0,3.0,NaN,NaN,NaN,24.0,99.0,NaN,0.0,3.0,2.1,NaN,0.0,3.0,2.0,NaN,0.0,3.0,1.9,NaN,0.0,3.0,4.0,NaN,0.0,3.0,NaN,NaN,NaN,24.0,NaN,NaN,NaN,24.0,30.7,NaN,0.0,3.0,10.0,NaN,0.0,3.0,40.2,NaN,0.0,3.0,14.1,NaN,0.0,3.0,NaN,NaN,NaN,24.0,441.0,NaN,0.0,3.0,40.0,1.0,1.0,0.0,-88.06111111111112,4.0,0.0,0.0,1.0,1.0,0.0,0.0,0.0,0.0,0.0,0.0,1.0,1.0,1.0,1.0,0.0,0.0,3.0,5.0,4.0,2.0,NaN,NaN,NaN
106.0,NaN,3.0,0.0,96.0,NaN,1.0,0.0,37.56,NaN,0.182500000000001,2.0,100.0,NaN,7.0,0.0,82.0,NaN,13.0,0.0,77.0,NaN,13.0,0.0,19.0,NaN,0.0,0.0,NaN,NaN,NaN,24.0,NaN,NaN,NaN,24.0,23.0,NaN,0.0,4.0,NaN,NaN,NaN,24.0,NaN,NaN,NaN,24.0,NaN,NaN,NaN,24.0,NaN,NaN,NaN,24.0,NaN,NaN,NaN,24.0,11.0,NaN,0.0,4.0,NaN,NaN,NaN,24.0,7.4,NaN,0.0,4.0,105.0,NaN,0.0,4.0,0.6,NaN,0.0,4.0,NaN,NaN,NaN,24.0,99.0,NaN,0.0,4.0,2.1,NaN,0.0,4.0,2.0,NaN,0.0,4.0,1.9,NaN,0.0,4.0,4.0,NaN,0.0,4.0,NaN,NaN,NaN,24.0,NaN,NaN,NaN,24.0,30.7,NaN,0.0,4.0,10.0,NaN,0.0,4.0,40.2,NaN,0.0,4.0,14.1,NaN,0.0,4.0,NaN,NaN,NaN,24.0,441.0,NaN,0.0,4.0,40.0,1.0,1.0,0.0,-88.06111111111112,5.0,0.0,0.0,1.0,1.0,0.0,0.0,0.0,0.0,0.0,0.0,1.0,1.0,1.0,1.0,0.0,0.0,3.0,5.0,4.0,2.0,NaN,NaN,NaN
104.0,NaN,-2.0,0.0,99.0,NaN,3.0,0.0,37.56,NaN,0.1460000000000008,3.0,115.0,NaN,15.0,0.0,79.0,NaN,-3.0,0.0,68.0,NaN,-9.0,0.0,14.0,NaN,-5.0,0.0,NaN,NaN,NaN,24.0,NaN,NaN,NaN,24.0,23.0,NaN,0.0,5.0,NaN,NaN,NaN,24.0,NaN,NaN,NaN,24.0,NaN,NaN,NaN,24.0,NaN,NaN,NaN,24.0,NaN,NaN,NaN,24.0,11.0,NaN,0.0,5.0,NaN,NaN,NaN,24.0,7.4,NaN,0.0,5.0,105.0,NaN,0.0,5.0,0.6,NaN,0.0,5.0,NaN,NaN,NaN,24.0,99.0,NaN,0.0,5.0,2.1,NaN,0.0,5.0,2.0,NaN,0.0,5.0,1.9,NaN,0.0,5.0,4.0,NaN,0.0,5.0,NaN,NaN,NaN,24.0,NaN,NaN,NaN,24.0,30.7,NaN,0.0,5.0,10.0,NaN,0.0,5.0,40.2,NaN,0.0,5.0,14.1,NaN,0.0,5.0,NaN,NaN,NaN,24.0,441.0,NaN,0.0,5.0,40.0,1.0,1.0,0.0,-88.06111111111112,6.0,0.0,0.0,1.0,1.0,0.0,0.0,0.0,0.0,0.0,0.0,1.0,1.0,1.0,1.0,0.0,0.0,3.0,5.0,4.0,2.0,NaN,NaN,NaN
107.0,NaN,3.0,0.0,100.0,NaN,1.0,0.0,36.89,NaN,-0.16750000000000043,0.0,117.0,NaN,2.0,0.0,86.0,NaN,7.0,0.0,79.0,NaN,11.0,0.0,18.0,NaN,4.0,0.0,NaN,NaN,NaN,24.0,NaN,NaN,NaN,24.0,23.0,NaN,0.0,6.0,NaN,NaN,NaN,24.0,NaN,NaN,NaN,24.0,NaN,NaN,NaN,24.0,NaN,NaN,NaN,24.0,NaN,NaN,NaN,24.0,11.0,NaN,0.0,6.0,NaN,NaN,NaN,24.0,7.4,NaN,0.0,6.0,105.0,NaN,0.0,6.0,0.6,NaN,0.0,6.0,NaN,NaN,NaN,24.0,99.0,NaN,0.0,6.0,1.4,NaN,-0.1166666666666667,0.0,2.0,NaN,0.0,6.0,1.9,NaN,0.0,6.0,4.0,NaN,0.0,6.0,NaN,NaN,NaN,24.0,NaN,NaN,NaN,24.0,30.7,NaN,0.0,6.0,10.0,NaN,0.0,6.0,40.2,NaN,0.0,6.0,14.1,NaN,0.0,6.0,NaN,NaN,NaN,24.0,441.0,NaN,0.0,6.0,40.0,1.0,1.0,0.0,-88.06111111111112,7.0,0.0,0.0,1.0,1.0,0.0,0.0,0.0,0.0,0.0,0.0,1.0,1.0,1.0,1.0,0.0,0.0,3.0,5.0,4.0,2.0,NaN,NaN,NaN
112.0,NaN,5.0,0.0,99.0,NaN,-1.0,0.0,36.89,NaN,-0.13400000000000034,1.0,120.0,NaN,3.0,0.0,84.0,NaN,-2.0,0.0,79.0,NaN,0.0,0.0,22.0,NaN,4.0,0.0,NaN,NaN,NaN,24.0,NaN,NaN,NaN,24.0,23.0,NaN,0.0,7.0,NaN,NaN,NaN,24.0,NaN,NaN,NaN,24.0,NaN,NaN,NaN,24.0,NaN,NaN,NaN,24.0,NaN,NaN,NaN,24.0,11.0,NaN,0.0,7.0,NaN,NaN,NaN,24.0,7.4,NaN,0.0,7.0,105.0,NaN,0.0,7.0,0.6,NaN,0.0,7.0,NaN,NaN,NaN,24.0,99.0,NaN,0.0,7.0,1.4,NaN,-0.10000000000000002,1.0,2.0,NaN,0.0,7.0,1.9,NaN,0.0,7.0,4.0,NaN,0.0,7.0,NaN,NaN,NaN,24.0,NaN,NaN,NaN,24.0,30.7,NaN,0.0,7.0,10.0,NaN,0.0,7.0,40.2,NaN,0.0,7.0,14.1,NaN,0.0,7.0,NaN,NaN,NaN,24.0,441.0,NaN,0.0,7.0,40.0,1.0,1.0,0.0,-88.06111111111112,8.0,0.0,1.0,1.0,1.0,0.0,0.0,0.0,0.0,0.0,0.0,1.0,1.0,1.0,1.0,0.0,0.0,3.0,5.0,4.0,2.0,NaN,NaN,NaN
108.0,NaN,-4.0,0.0,93.0,NaN,-6.0,0.0,36.89,NaN,-0.11166666666666696,2.0,100.0,NaN,-20.0,0.0,69.0,NaN,-15.0,0.0,60.0,NaN,-19.0,0.0,37.0,NaN,15.0,0.0,NaN,NaN,NaN,24.0,NaN,NaN,NaN,24.0,23.0,NaN,0.0,8.0,NaN,NaN,NaN,24.0,NaN,NaN,NaN,24.0,NaN,NaN,NaN,24.0,NaN,NaN,NaN,24.0,NaN,NaN,NaN,24.0,11.0,NaN,0.0,8.0,NaN,NaN,NaN,24.0,7.4,NaN,0.0,8.0,105.0,NaN,0.0,8.0,0.6,NaN,0.0,8.0,NaN,NaN,NaN,24.0,99.0,NaN,0.0,8.0,1.4,NaN,-0.08750000000000002,2.0,2.0,NaN,0.0,8.0,1.9,NaN,0.0,8.0,4.0,NaN,0.0,8.0,NaN,NaN,NaN,24.0,NaN,NaN,NaN,24.0,30.7,NaN,0.0,8.0,10.0,NaN,0.0,8.0,40.2,NaN,0.0,8.0,14.1,NaN,0.0,8.0,NaN,NaN,NaN,24.0,441.0,NaN,0.0,8.0,40.0,1.0,1.0,0.0,-88.06111111111112,9.0,0.0,1.0,1.0,1.0,0.0,0.0,0.0,0.0,0.0,0.0,1.0,1.0,1.0,1.0,0.0,0.0,3.0,5.0,4.0,2.0,NaN,NaN,NaN
