NaN,NaN,NaN,24.0,NaN,NaN,NaN,24.0,NaN,NaN,NaN,24.0,NaN,NaN,NaN,24.0,NaN,NaN,NaN,24.0,NaN,NaN,NaN,24.0,NaN,NaN,NaN,24.0,NaN,NaN,NaN,24.0,NaN,NaN,NaN,24.0,NaN,NaN,NaN,24.0,NaN,NaN,NaN,24.0,NaN,NaN,NaN,24.0,NaN,NaN,NaN,24.0,NaN,NaN,NaN,24.0,NaN,NaN,NaN,24.0,NaN,NaN,NaN,24.0,NaN,NaN,NaN,24.0,NaN,NaN,NaN,24.0,NaN,NaN,NaN,24.0,NaN,NaN,NaN,24.0,NaN,NaN,NaN,24.0,NaN,NaN,NaN,24.0,NaN,NaN,NaN,24.0,NaN,NaN,NaN,24.0,NaN,NaN,NaN,24.0,NaN,NaN,NaN,24.0,NaN,NaN,NaN,24.0,NaN,NaN,NaN,24.0,NaN,NaN,NaN,24.0,NaN,NaN,NaN,24.0,NaN,NaN,NaN,24.0,NaN,NaN,NaN,24.0,NaN,NaN,NaN,24.0,NaN,NaN,NaN,24.0,38.0,0.0,0.0,1.0,-8.171666666666667,1.0,0.0,0.0,0.0,0.0,0.0,0.0,0.0,0.0,0.0,0.0,1.0,0.0,0.0,NaN,0.0,0.0,NaN,NaN,NaN,NaN,NaN,NaN,NaN
50.0,NaN,0.0,0.0,100.0,NaN,0.0,0.0,36.89,NaN,0.0,0.0,106.0,NaN,0.0,0.0,66.0,NaN,0.0,0.0,57.0,NaN,0.0,0.0,17.0,NaN,0.0,0.0,NaN,NaN,NaN,24.0,NaN,NaN,NaN,24.0,23.0,NaN,0.0,0.0,NaN,NaN,NaN,24.0,NaN,NaN,NaN,24.0,NaN,NaN,NaN,24.0,NaN,NaN,NaN,24.0,NaN,NaN,NaN,24.0,9.0,NaN,0.0,0.0,NaN,NaN,NaN,24.0,8.7,NaN,0.0,0.0,111.0,NaN,0.0,0.0,0.6,NaN,0.0,0.0,NaN,NaN,NaN,24.0,88.0,NaN,0.0,0.0,NaN,NaN,NaN,24.0,2.1,NaN,0.0,0.0,3.5,NaN,0.0,0.0,3.8,NaN,0.0,0.0,NaN,NaN,NaN,24.0,NaN,NaN,NaN,24.0,35.1,NaN,0.0,0.0,12.1,NaN,0.0,0.0,38.3,NaN,0.0,0.0,7.0,NaN,0.0,0.0,NaN,NaN,NaN,24.0,210.0,NaN,0.0,0.0,38.0,0.0,0.0,1.0,-8.171666666666667,2.0,0.0,0.0,0.0,0.0,0.0,0.0,0.0,0.0,0.0,0.0,1.0,0.0,0.0,NaN,0.0,0.0,NaN,NaN,NaN,NaN,NaN,NaN,NaN
46.0,NaN,-4.0,0.0,99.0,NaN,-1.0,0.0,36.89,NaN,0.0,1.0,83.0,NaN,-23.0,0.0,52.0,NaN,-14.0,0.0,44.0,NaN,-13.0,0.0,13.0,NaN,-4.0,0.0,NaN,NaN,NaN,24.0,NaN,NaN,NaN,24.0,23.0,NaN,0.0,1.0,NaN,NaN,NaN,24.0,NaN,NaN,NaN,24.0,NaN,NaN,NaN,24.0,NaN,NaN,NaN,24.0,NaN,NaN,NaN,24.0,9.0,NaN,0.0,1.0,NaN,NaN,NaN,24.0,8.7,NaN,0.0,1.0,111.0,NaN,0.0,1.0,0.6,NaN,0.0,1.0,NaN,NaN,NaN,24.0,88.0,NaN,0.0,1.0,NaN,NaN,NaN,24.0,2.1,NaN,0.0,1.0,3.5,NaN,0.0,1.0,3.8,NaN,0.0,1.0,NaN,NaN,NaN,24.0,NaN,NaN,NaN,24.0,35.1,NaN,0.0,1.0,12.1,NaN,0.0,1.0,38.3,NaN,0.0,1.0,7.0,NaN,0.0,1.0,NaN,NaN,NaN,24.0,210.0,NaN,0.0,1.0,38.0,0.0,0.0,1.0,-8.171666666666667,3.0,0.0,0.0,0.0,0.0,0.0,0.0,0.0,1.0,0.0,0.0,1.0,0.0,0.0,NaN,0.0,0.0,NaN,NaN,NaN,NaN,NaN,NaN,NaN
58.0,NaN,12.0,0.0,99.0,NaN,0.0,0.0,36.89,NaN,0.0,2.0,87.0,NaN,4.0,0.0,55.0,NaN,3.0,0.0,45.0,NaN,1.0,0.0,14.0,NaN,1.0,0.0,NaN,NaN,NaN,24.0,NaN,NaN,NaN,24.0,23.0,NaN,0.0,2.0,NaN,NaN,NaN,24.0,NaN,NaN,NaN,24.0,NaN,NaN,NaN,24.0,NaN,NaN,NaN,24.0,NaN,NaN,NaN,24.0,9.0,NaN,0.0,2.0,NaN,NaN,NaN,24.0,8.7,NaN,0.0,2.0,111.0,NaN,0.0,2.0,0.6,NaN,0.0,2.0,NaN,NaN,NaN,24.0,88.0,NaN,0.0,2.0,NaN,NaN,NaN,24.0,2.1,NaN,0.0,2.0,3.5,NaN,0.0,2.0,3.8,NaN,0.0,2.0,NaN,NaN,NaN,24.0,NaN,NaN,NaN,24.0,35.1,NaN,0.0,2.0,12.1,NaN,0.0,2.0,38.3,NaN,0.0,2.0,7.0,NaN,0.0,2.0,NaN,NaN,NaN,24.0,210.0,NaN,0.0,2.0,38.0,0.0,0.0,1.0,-8.171666666666667,4.0,0.0,0.0,0.0,0.0,0.0,0.0,0.0,1.0,0.0,0.0,1.0,0.0,0.0,NaN,0.0,0.0,NaN,NaN,NaN,NaN,NaN,NaN,NaN
57.0,NaN,-1.0,0.0,98.0,NaN,-1.0,0.0,36.89,NaN,0.0,3.0,103.0,NaN,16.0,0.0,61.0,NaN,6.0,0.0,48.0,NaN,3.0,0.0,14.0,NaN,0.0,0.0,NaN,NaN,NaN,24.0,NaN,NaN,NaN,24.0,23.0,NaN,0.0,3.0,NaN,NaN,NaN,24.0,NaN,NaN,NaN,24.0,NaN,NaN,NaN,24.0,NaN,NaN,NaN,24.0,NaN,NaN,NaN,24.0,9.0,NaN,0.0,3.0,NaN,NaN,NaN,24.0,8.7,NaN,0.0,3.0,111.0,NaN,0.0,3.0,0.6,NaN,0.0,3.0,NaN,NaN,NaN,24.0,88.0,NaN,0.0,3.0,NaN,NaN,NaN,24.0,2.1,NaN,0.0,3.0,3.5,NaN,0.0,3.0,3.8,NaN,0.0,3.0,NaN,NaN,NaN,24.0,NaN,NaN,NaN,24.0,35.1,NaN,0.0,3.0,12.1,NaN,0.0,3.0,38.3,NaN,0.0,3.0,7.0,NaN,0.0,3.0,NaN,NaN,NaN,24.0,210.0,NaN,0.0,3.0,38.0,0.0,0.0,1.0,-8.171666666666667,5.0,0.0,0.0,0.0,0.0,0.0,0.0,0.0,1.0,0.0,0.0,1.0,0.0,0.0,NaN,0.0,0.0,NaN,NaN,NaN,NaN,NaN,NaN,NaN
56.0,NaN,-1.0,0.0,98.0,NaN,0.0,0.0,37.22,NaN,0.08249999999999957,0.0,99.0,NaN,-4.0,0.0,72.0,NaN,11.0,0.0,65.0,NaN,17.0,0.0,16.0,NaN,2.0,0.0,NaN,NaN,NaN,24.0,NaN,NaN,NaN,24.0,23.0,NaN,0.0,4.0,NaN,NaN,NaN,24.0,NaN,NaN,NaN,24.0,NaN,NaN,NaN,24.0,NaN,NaN,NaN,24.0,NaN,NaN,NaN,24.0,9.0,NaN,0.0,4.0,NaN,NaN,NaN,24.0,8.7,NaN,0.0,4.0,111.0,NaN,0.0,4.0,0.6,NaN,0.0,4.0,NaN,NaN,NaN,24.0,88.0,NaN,0.0,4.0,NaN,NaN,NaN,24.0,2.1,NaN,0.0,4.0,3.5,NaN,0.0,4.0,3.8,NaN,0.0,4.0,NaN,NaN,NaN,24.0,NaN,NaN,NaN,24.0,35.1,NaN,0.0,4.0,12.1,NaN,0.0,4.0,38.3,NaN,0.0,4.0,7.0,NaN,0.0,4.0,NaN,NaN,NaN,24.0,210.0,NaN,0.0,4.0,38.0,0.0,0.0,1.0,-8.171666666666667,6.0,0.0,0.0,0.0,0.0,0.0,0.0,0.0,0.0,0.0,0.0,1.0,0.0,0.0,NaN,0.0,0.0,NaN,NaN,NaN,NaN,NaN,NaN,NaN
66.0,NaN,10.0,0.0,98.0,NaN,0.0,0.0,37.22,NaN,0.06599999999999966,1.0,100.0,NaN,1.0,0.0,65.0,NaN,-7.0,0.0,55.0,NaN,-10.0,0.0,16.0,NaN,0.0,0.0,NaN,NaN,NaN,24.0,NaN,NaN,NaN,24.0,23.0,NaN,0.0,5.0,NaN,NaN,NaN,24.0,NaN,NaN,NaN,24.0,NaN,NaN,NaN,24.0,NaN,NaN,NaN,24.0,NaN,NaN,NaN,24.0,9.0,NaN,0.0,5.0,NaN,NaN,NaN,24.0,8.7,NaN,0.0,5.0,111.0,NaN,0.0,5.0,0.6,NaN,0.0,5.0,NaN,NaN,NaN,24.0,88.0,NaN,0.0,5.0,NaN,NaN,NaN,24.0,2.1,NaN,0.0,5.0,3.5,NaN,0.0,5.0,3.8,NaN,0.0,5.0,NaN,NaN,NaN,24.0,NaN,NaN,NaN,24.0,35.1,NaN,0.0,5.0,12.1,NaN,0.0,5.0,38.3,NaN,0.0,5.0,7.0,NaN,0.0,5.0,NaN,NaN,NaN,24.0,210.0,NaN,0.0,5.0,38.0,0.0,0.0,1.0,-8.171666666666667,7.0,0.0,0.0,0.0,0.0,0.0,0.0,0.0,1.0,0.0,0.0,1.0,0.0,0.0,NaN,0.0,0.0,NaN,NaN,NaN,NaN,NaN,NaN,NaN
58.0,NaN,-8.0,0.0,98.0,NaN,0.0,0.0,37.22,NaN,0.054999999999999716,2.0,105.0,NaN,5.0,0.0,66.0,NaN,1.0,0.0,54.0,NaN,-1.0,0.0,14.0,NaN,-2.0,0.0,NaN,NaN,NaN,24.0,NaN,NaN,NaN,24.0,23.0,NaN,0.0,6.0,NaN,NaN,NaN,24.0,NaN,NaN,NaN,24.0,NaN,NaN,NaN,24.0,NaN,NaN,NaN,24.0,NaN,NaN,NaN,24.0,9.0,NaN,0.0,6.0,NaN,NaN,NaN,24.0,8.7,NaN,0.0,6.0,111.0,NaN,0.0,6.0,0.6,NaN,0.0,6.0,NaN,NaN,NaN,24.0,88.0,NaN,0.0,6.0,NaN,NaN,NaN,24.0,2.1,NaN,0.0,6.0,3.5,NaN,0.0,6.0,3.8,NaN,0.0,6.0,NaN,NaN,NaN,24.0,NaN,NaN,NaN,24.0,35.1,NaN,0.0,6.0,12.1,NaN,0.0,6.0,38.3,NaN,0.0,6.0,7.0,NaN,0.0,6.0,NaN,NaN,NaN,24.0,210.0,NaN,0.0,6.0,38.0,0.0,0.0,1.0,-8.171666666666667,8.0,0.0,0.0,0.0,0.0,0.0,0.0,0.0,0.0,0.0,0.0,1.0,0.0,0.0,NaN,0.0,0.0,NaN,NaN,NaN,NaN,NaN,NaN,NaN
60.0,NaN,2.0,0.0,100.0,NaN,2.0,0.0,37.22,NaN,0.047142857142856896,3.0,105.0,NaN,2.5,1.0,66.0,NaN,0.5,1.0,54.0,NaN,-0.5,1.0,13.0,NaN,-1.0,0.0,NaN,NaN,NaN,24.0,NaN,NaN,NaN,24.0,23.0,NaN,0.0,7.0,NaN,NaN,NaN,24.0,NaN,NaN,NaN,24.0,NaN,NaN,NaN,24.0,NaN,NaN,NaN,24.0,NaN,NaN,NaN,24.0,9.0,NaN,0.0,7.0,NaN,NaN,NaN,24.0,8.7,NaN,0.0,7.0,111.0,NaN,0.0,7.0,0.6,NaN,0.0,7.0,NaN,NaN,NaN,24.0,88.0,NaN,0.0,7.0,NaN,NaN,NaN,24.0,2.1,NaN,0.0,7.0,3.5,NaN,0.0,7.0,3.8,NaN,0.0,7.0,NaN,NaN,NaN,24.0,NaN,NaN,NaN,24.0,35.1,NaN,0.0,7.0,12.1,NaN,0.0,7.0,38.3,NaN,0.0,7.0,7.0,NaN,0.0,7.0,NaN,NaN,NaN,24.0,210.0,NaN,0.0,7.0,38.0,0.0,0.0,1.0,-8.171666666666667,9.0,0.0,0.0,0.0,0.0,0.0,0.0,0.0,0.0,0.0,0.0,1.0,0.0,0.0,NaN,0.0,0.0,NaN,NaN,NaN,NaN,NaN,NaN,NaN
47.0,NaN,-13.0,0.0,100.0,NaN,0.0,0.0,37.06,NaN,-0.03999999999999915,0.0,99.0,NaN,-3.0,0.0,64.0,NaN,-1.0,0.0,55.0,NaN,0.5,0.0,12.0,NaN,-1.0,0.0,NaN,NaN,NaN,24.0,NaN,NaN,NaN,24.0,23.0,NaN,0.0,8.0,NaN,NaN,NaN,24.0,NaN,NaN,NaN,24.0,NaN,NaN,NaN,24.0,NaN,NaN,NaN,24.0,NaN,NaN,NaN,24.0,9.0,NaN,0.0,8.0,NaN,NaN,NaN,24.0,8.7,NaN,0.0,8.0,111.0,NaN,0.0,8.0,0.6,NaN,0.0,8.0,NaN,NaN,NaN,24.0,88.0,NaN,0.0,8.0,NaN,NaN,NaN,24.0,2.1,NaN,0.0,8.0,3.5,NaN,0.0,8.0,3.8,NaN,0.0,8.0,NaN,NaN,NaN,24.0,NaN,NaN,NaN,24.0,35.1,NaN,0.0,8.0,12.1,NaN,0.0,8.0,38.3,NaN,0.0,8.0,7.0,NaN,0.0,8.0,NaN,NaN,NaN,24.0,210.0,NaN,0.0,8.0,38.0,0.0,0.0,1.0,-8.171666666666667,10.0,0.0,0.0,0.0,0.0,0.0,0.0,0.0,1.0,0.0,0.0,1.0,0.0,0.0,NaN,0.0,0.0,NaN,NaN,NaN,NaN,NaN,NaN,NaN
46.0,NaN,-1.0,0.0,99.0,NaN,-1.0,0.0,37.06,NaN,-0.03199999999999932,1.0,103.0,NaN,4.0,0.0,63.0,NaN,-1.0,0.0,52.0,NaN,-3.0,0.0,12.0,NaN,0.0,0.0,NaN,NaN,NaN,24.0,NaN,NaN,NaN,24.0,23.0,NaN,0.0,9.0,NaN,NaN,NaN,24.0,NaN,NaN,NaN,24.0,NaN,NaN,NaN,24.0,NaN,NaN,NaN,24.0,NaN,NaN,NaN,24.0,9.0,NaN,0.0,9.0,NaN,NaN,NaN,24.0,8.7,NaN,0.0,9.0,111.0,NaN,0.0,9.0,0.6,NaN,0.0,9.0,NaN,NaN,NaN,24.0,88.0,NaN,0.0,9.0,NaN,NaN,NaN,24.0,2.1,NaN,0.0,9.0,3.5,NaN,0.0,9.0,3.8,NaN,0.0,9.0,NaN,NaN,NaN,24.0,NaN,NaN,NaN,24.0,35.1,NaN,0.0,9.0,12.1,NaN,0.0,9.0,38.3,NaN,0.0,9.0,7.0,NaN,0.0,9.0,NaN,NaN,NaN,24.0,210.0,NaN,0.0,9.0,38.0,0.0,0.0,1.0,-8.171666666666667,11.0,0.0,0.0,0.0,0.0,0.0,0.0,0.0,1.0,0.0,0.0,1.0,0.0,0.0,NaN,0.0,0.0,NaN,NaN,NaN,NaN,NaN,NaN,NaN
49.0,NaN,3.0,0.0,97.0,NaN,-2.0,0.0,37.06,NaN,-0.0266666666666661,2.0,102.0,NaN,-1.0,0.0,58.0,NaN,-5.0,0.0,49.0,NaN,-3.0,0.0,14.0,NaN,2.0,0.0,NaN,NaN,NaN,24.0,NaN,NaN,NaN,24.0,23.0,NaN,0.0,10.0,NaN,NaN,NaN,24.0,NaN,NaN,NaN,24.0,NaN,NaN,NaN,24.0,NaN,NaN,NaN,24.0,NaN,NaN,NaN,24.0,9.0,NaN,0.0,10.0,NaN,NaN,NaN,24.0,8.7,NaN,0.0,10.0,111.0,NaN,0.0,10.0,0.6,NaN,0.0,10.0,NaN,NaN,NaN,24.0,88.0,NaN,0.0,10.0,NaN,NaN,NaN,24.0,2.1,NaN,0.0,10.0,3.5,NaN,0.0,10.0,3.8,NaN,0.0,10.0,NaN,NaN,NaN,24.0,NaN,NaN,NaN,24.0,35.1,NaN,0.0,10.0,12.1,NaN,0.0,10.0,38.3,NaN,0.0,10.0,7.0,NaN,0.0,10.0,NaN,NaN,NaN,24.0,210.0,NaN,0.0,10.0,38.0,0.0,0.0,1.0,-8.171666666666667,12.0,0.0,0.0,0.0,0.0,0.0,0.0,0.0,1.0,0.0,0.0,1.0,0.0,0.0,NaN,0.0,0.0,NaN,NaN,NaN,NaN,NaN,NaN,NaN
47.0,NaN,-2.0,0.0,98.0,NaN,1.0,0.0,37.06,NaN,-0.02285714285714237,3.0,99.0,NaN,-3.0,0.0,57.0,NaN,-1.0,0.0,44.0,NaN,-5.0,0.0,12.0,NaN,-2.0,0.0,NaN,NaN,NaN,24.0,NaN,NaN,NaN,24.0,23.0,NaN,0.0,11.0,NaN,NaN,NaN,24.0,NaN,NaN,NaN,24.0,NaN,NaN,NaN,24.0,NaN,NaN,NaN,24.0,NaN,NaN,NaN,24.0,9.0,NaN,0.0,11.0,NaN,NaN,NaN,24.0,8.7,NaN,0.0,11.0,111.0,NaN,0.0,11.0,0.6,NaN,0.0,11.0,NaN,NaN,NaN,24.0,88.0,NaN,0.0,11.0,NaN,NaN,NaN,24.0,2.1,NaN,0.0,11.0,3.5,NaN,0.0,11.0,3.8,NaN,0.0,11.0,NaN,NaN,NaN,24.0,NaN,NaN,NaN,24.0,35.1,NaN,0.0,11.0,12.1,NaN,0.0,11.0,38.3,NaN,0.0,11.0,7.0,NaN,0.0,11.0,NaN,NaN,NaN,24.0,210.0,NaN,0.0,11.0,38.0,0.0,0.0,1.0,-8.171666666666667,13.0,0.0,0.0,0.0,0.0,0.0,0.0,0.0,1.0,0.0,0.0,1.0,0.0,0.0,NaN,0.0,0.0,NaN,NaN,NaN,NaN,NaN,NaN,NaN
