NaN,NaN,NaN,24.0,NaN,NaN,NaN,24.0,NaN,NaN,NaN,24.0,NaN,NaN,NaN,24.0,NaN,NaN,NaN,24.0,NaN,NaN,NaN,24.0,NaN,NaN,NaN,24.0,NaN,NaN,NaN,24.0,NaN,NaN,NaN,24.0,25.0,NaN,NaN,24.0,NaN,NaN,NaN,24.0,NaN,NaN,NaN,24.0,NaN,NaN,NaN,24.0,NaN,NaN,NaN,24.0,17.0,NaN,NaN,24.0,18.0,NaN,NaN,24.0,82.0,NaN,NaN,24.0,NaN,NaN,NaN,24.0,97.0,NaN,NaN,24.0,0.8,NaN,NaN,24.0,NaN,NaN,NaN,24.0,151.0,NaN,NaN,24.0,NaN,NaN,NaN,24.0,NaN,NaN,NaN,24.0,NaN,NaN,NaN,24.0,4.2,NaN,NaN,24.0,0.3,NaN,NaN,24.0,0.01,NaN,NaN,24.0,48.0,NaN,NaN,24.0,15.7,NaN,NaN,24.0,31.2,NaN,NaN,24.0,11.2,NaN,NaN,24.0,NaN,NaN,NaN,24.0,241.0,NaN,NaN,24.0,54.0,1.0,0.0,1.0,-12.033333333333333,1.0,0.0,0.0,0.0,0.0,0.0,0.0,0.0,0.0,0.0,0.0,1.0,0.0,0.0,NaN,0.0,0.0,NaN,NaN,NaN,NaN,NaN,NaN,NaN
75.0,NaN,0.0,0.0,93.0,NaN,0.0,0.0,36.72,NaN,0.0,0.0,138.0,NaN,0.0,0.0,99.0,NaN,0.0,0.0,81.0,NaN,0.0,0.0,22.0,NaN,0.0,0.0,NaN,NaN,NaN,24.0,NaN,NaN,NaN,24.0,25.0,NaN,0.0,1.0,NaN,NaN,NaN,24.0,NaN,NaN,NaN,24.0,NaN,NaN,NaN,24.0,NaN,NaN,NaN,24.0,17.0,NaN,0.0,1.0,18.0,NaN,0.0,1.0,82.0,NaN,0.0,1.0,NaN,NaN,NaN,24.0,97.0,NaN,0.0,1.0,0.8,NaN,0.0,1.0,NaN,NaN,NaN,24.0,151.0,NaN,0.0,1.0,NaN,NaN,NaN,24.0,NaN,NaN,NaN,24.0,NaN,NaN,NaN,24.0,4.2,NaN,0.0,1.0,0.3,NaN,0.0,1.0,0.01,NaN,0.0,1.0,48.0,NaN,0.0,1.0,15.7,NaN,0.0,1.0,31.2,NaN,0.0,1.0,11.2,NaN,0.0,1.0,NaN,NaN,NaN,24.0,241.0,NaN,0.0,1.0,54.0,1.0,0.0,1.0,-12.033333333333333,2.0,0.0,1.0,0.0,0.0,0.0,0.0,0.0,0.0,0.0,0.0,1.0,0.0,0.0,NaN,0.0,0.0,NaN,NaN,NaN,NaN,NaN,NaN,NaN
68.0,NaN,-7.0,0.0,91.0,NaN,-2.0,0.0,36.72,NaN,0.0,1.0,112.0,NaN,-26.0,0.0,82.0,NaN,-17.0,0.0,68.0,NaN,-13.0,0.0,22.0,NaN,0.0,0.0,NaN,NaN,NaN,24.0,NaN,NaN,NaN,24.0,25.0,NaN,0.0,2.0,NaN,NaN,NaN,24.0,NaN,NaN,NaN,24.0,NaN,NaN,NaN,24.0,NaN,NaN,NaN,24.0,17.0,NaN,0.0,2.0,18.0,NaN,0.0,2.0,82.0,NaN,0.0,2.0,NaN,NaN,NaN,24.0,97.0,NaN,0.0,2.0,0.8,NaN,0.0,2.0,NaN,NaN,NaN,24.0,151.0,NaN,0.0,2.0,NaN,NaN,NaN,24.0,NaN,NaN,NaN,24.0,NaN,NaN,NaN,24.0,4.2,NaN,0.0,2.0,0.3,NaN,0.0,2.0,0.01,NaN,0.0,2.0,48.0,NaN,0.0,2.0,15.7,NaN,0.0,2.0,31.2,NaN,0.0,2.0,11.2,NaN,0.0,2.0,NaN,NaN,NaN,24.0,241.0,NaN,0.0,2.0,54.0,1.0,0.0,1.0,-12.033333333333333,3.0,0.0,1.0,0.0,0.0,0.0,0.0,0.0,0.0,0.0,0.0,1.0,0.0,0.0,NaN,0.0,0.0,NaN,NaN,NaN,NaN,NaN,NaN,NaN
68.0,NaN,0.0,0.0,95.0,NaN,4.0,0.0,36.72,NaN,0.0,2.0,141.0,NaN,29.0,0.0,101.0,NaN,19.0,0.0,84.0,NaN,16.0,0.0,21.0,NaN,-1.0,0.0,NaN,NaN,NaN,24.0,NaN,NaN,NaN,24.0,25.0,NaN,0.0,3.0,NaN,NaN,NaN,24.0,NaN,NaN,NaN,24.0,NaN,NaN,NaN,24.0,NaN,NaN,NaN,24.0,17.0,NaN,0.0,3.0,18.0,NaN,0.0,3.0,82.0,NaN,0.0,3.0,NaN,NaN,NaN,24.0,97.0,NaN,0.0,3.0,0.8,NaN,0.0,3.0,NaN,NaN,NaN,24.0,151.0,NaN,0.0,3.0,NaN,NaN,NaN,24.0,NaN,NaN,NaN,24.0,NaN,NaN,NaN,24.0,4.2,NaN,0.0,3.0,0.3,NaN,0.0,3.0,0.01,NaN,0.0,3.0,48.0,NaN,0.0,3.0,15.7,NaN,0.0,3.0,31.2,NaN,0.0,3.0,11.2,NaN,0.0,3.0,NaN,NaN,NaN,24.0,241.0,NaN,0.0,3.0,54.0,1.0,0.0,1.0,-12.033333333333333,4.0,0.0,1.0,0.0,0.0,0.0,0.0,0.0,0.0,0.0,0.0,1.0,0.0,0.0,NaN,0.0,0.0,NaN,NaN,NaN,NaN,NaN,NaN,NaN
74.0,NaN,6.0,0.0,93.0,NaN,-2.0,0.0,36.72,NaN,0.0,3.0,127.0,NaN,-14.0,0.0,94.0,NaN,-7.0,0.0,80.0,NaN,-4.0,0.0,21.0,NaN,0.0,0.0,NaN,NaN,NaN,24.0,NaN,NaN,NaN,24.0,25.0,NaN,0.0,4.0,NaN,NaN,NaN,24.0,NaN,NaN,NaN,24.0,NaN,NaN,NaN,24.0,NaN,NaN,NaN,24.0,17.0,NaN,0.0,4.0,18.0,NaN,0.0,4.0,82.0,NaN,0.0,4.0,NaN,NaN,NaN,24.0,97.0,NaN,0.0,4.0,0.8,NaN,0.0,4.0,NaN,NaN,NaN,24.0,151.0,NaN,0.0,4.0,NaN,NaN,NaN,24.0,NaN,NaN,NaN,24.0,NaN,NaN,NaN,24.0,4.2,NaN,0.0,4.0,0.3,NaN,0.0,4.0,0.01,NaN,0.0,4.0,48.0,NaN,0.0,4.0,15.7,NaN,0.0,4.0,31.2,NaN,0.0,4.0,11.2,NaN,0.0,4.0,NaN,NaN,NaN,24.0,241.0,NaN,0.0,4.0,54.0,1.0,0.0,1.0,-12.033333333333333,5.0,0.0,1.0,0.0,0.0,0.0,0.0,0.0,0.0,0.0,0.0,1.0,0.0,0.0,NaN,0.0,0.0,NaN,NaN,NaN,NaN,NaN,NaN,NaN
76.0,NaN,2.0,0.0,94.0,NaN,1.0,0.0,36.72,NaN,0.0,0.0,130.0,NaN,3.0,0.0,89.0,NaN,-5.0,0.0,72.0,NaN,-8.0,0.0,19.0,NaN,-2.0,0.0,NaN,NaN,NaN,24.0,NaN,NaN,NaN,24.0,25.0,NaN,0.0,5.0,NaN,NaN,NaN,24.0,NaN,NaN,NaN,24.0,NaN,NaN,NaN,24.0,NaN,NaN,NaN,24.0,17.0,NaN,0.0,5.0,18.0,NaN,0.0,5.0,82.0,NaN,0.0,5.0,NaN,NaN,NaN,24.0,97.0,NaN,0.0,5.0,0.8,NaN,0.0,5.0,NaN,NaN,NaN,24.0,151.0,NaN,0.0,5.0,NaN,NaN,NaN,24.0,NaN,NaN,NaN,24.0,NaN,NaN,NaN,24.0,4.2,NaN,0.0,5.0,0.3,NaN,0.0,5.0,0.01,NaN,0.0,5.0,48.0,NaN,0.0,5.0,15.7,NaN,0.0,5.0,31.2,NaN,0.0,5.0,11.2,NaN,0.0,5.0,NaN,NaN,NaN,24.0,241.0,NaN,0.0,5.0,54.0,1.0,0.0,1.0,-12.033333333333333,6.0,0.0,0.0,0.0,0.0,0.0,0.0,0.0,0.0,0.0,0.0,1.0,0.0,0.0,NaN,0.0,0.0,NaN,NaN,NaN,NaN,NaN,NaN,NaN
77.0,NaN,1.0,0.0,92.0,NaN,-2.0,0.0,36.72,NaN,0.0,1.0,113.0,NaN,-17.0,0.0,95.0,NaN,6.0,0.0,84.0,NaN,12.0,0.0,13.0,NaN,-6.0,0.0,NaN,NaN,NaN,24.0,NaN,NaN,NaN,24.0,25.0,NaN,0.0,6.0,NaN,NaN,NaN,24.0,NaN,NaN,NaN,24.0,NaN,NaN,NaN,24.0,NaN,NaN,NaN,24.0,17.0,NaN,0.0,6.0,18.0,NaN,0.0,6.0,82.0,NaN,0.0,6.0,NaN,NaN,NaN,24.0,97.0,NaN,0.0,6.0,0.8,NaN,0.0,6.0,NaN,NaN,NaN,24.0,151.0,NaN,0.0,6.0,NaN,NaN,NaN,24.0,NaN,NaN,NaN,24.0,NaN,NaN,NaN,24.0,4.2,NaN,0.0,6.0,0.3,NaN,0.0,6.0,0.01,NaN,0.0,6.0,48.0,NaN,0.0,6.0,15.7,NaN,0.0,6.0,31.2,NaN,0.0,6.0,11.2,NaN,0.0,6.0,NaN,NaN,NaN,24.0,241.0,NaN,0.0,6.0,54.0,1.0,0.0,1.0,-12.033333333333333,7.0,0.0,0.0,0.0,0.0,0.0,0.0,0.0,0.0,0.0,0.0,1.0,0.0,0.0,NaN,0.0,0.0,NaN,NaN,NaN,NaN,NaN,NaN,NaN
73.0,NaN,-4.0,0.0,94.0,NaN,2.0,0.0,36.72,NaN,0.0,2.0,125.0,NaN,12.0,0.0,89.0,NaN,-6.0,0.0,73.0,NaN,-11.0,0.0,26.0,NaN,13.0,0.0,NaN,NaN,NaN,24.0,NaN,NaN,NaN,24.0,25.0,NaN,0.0,7.0,NaN,NaN,NaN,24.0,NaN,NaN,NaN,24.0,NaN,NaN,NaN,24.0,NaN,NaN,NaN,24.0,17.0,NaN,0.0,7.0,18.0,NaN,0.0,7.0,82.0,NaN,0.0,7.0,NaN,NaN,NaN,24.0,97.0,NaN,0.0,7.0,0.8,NaN,0.0,7.0,NaN,NaN,NaN,24.0,151.0,NaN,0.0,7.0,NaN,NaN,NaN,24.0,NaN,NaN,NaN,24.0,NaN,NaN,NaN,24.0,4.2,NaN,0.0,7.0,0.3,NaN,0.0,7.0,0.01,NaN,0.0,7.0,48.0,NaN,0.0,7.0,15.7,NaN,0.0,7.0,31.2,NaN,0.0,7.0,11.2,NaN,0.0,7.0,NaN,NaN,NaN,24.0,241.0,NaN,0.0,7.0,54.0,1.0,0.0,1.0,-12.033333333333333,8.0,0.0,1.0,0.0,0.0,0.0,0.0,0.0,0.0,0.0,0.0,1.0,0.0,0.0,NaN,0.0,0.0,NaN,NaN,NaN,NaN,NaN,NaN,NaN
70.0,NaN,-3.0,0.0,89.0,NaN,-5.0,0.0,36.72,NaN,0.0,3.0,133.0,NaN,8.0,0.0,94.0,NaN,5.0,0.0,80.0,NaN,7.0,0.0,21.0,NaN,-5.0,0.0,NaN,NaN,NaN,24.0,NaN,NaN,NaN,24.0,25.0,NaN,0.0,8.0,NaN,NaN,NaN,24.0,NaN,NaN,NaN,24.0,NaN,NaN,NaN,24.0,NaN,NaN,NaN,24.0,17.0,NaN,0.0,8.0,18.0,NaN,0.0,8.0,82.0,NaN,0.0,8.0,NaN,NaN,NaN,24.0,97.0,NaN,0.0,8.0,0.8,NaN,0.0,8.0,NaN,NaN,NaN,24.0,151.0,NaN,0.0,8.0,NaN,NaN,NaN,24.0,NaN,NaN,NaN,24.0,NaN,NaN,NaN,24.0,4.2,NaN,0.0,8.0,0.3,NaN,0.0,8.0,0.01,NaN,0.0,8.0,48.0,NaN,0.0,8.0,15.7,NaN,0.0,8.0,31.2,NaN,0.0,8.0,11.2,NaN,0.0,8.0,NaN,NaN,NaN,24.0,241.0,NaN,0.0,8.0,54.0,1.0,0.0,1.0,-12.033333333333333,9.0,0.0,1.0,0.0,0.0,0.0,0.0,0.0,0.0,0.0,0.0,1.0,0.0,0.0,NaN,0.0,0.0,NaN,NaN,NaN,NaN,NaN,NaN,NaN
69.0,NaN,-1.0,0.0,94.0,NaN,5.0,0.0,36.78,NaN,0.015000000000000568,0.0,123.0,NaN,-10.0,0.0,99.0,NaN,5.0,0.0,88.0,NaN,8.0,0.0,25.0,NaN,4.0,0.0,NaN,NaN,NaN,24.0,NaN,NaN,NaN,24.0,25.0,NaN,0.0,9.0,NaN,NaN,NaN,24.0,NaN,NaN,NaN,24.0,NaN,NaN,NaN,24.0,NaN,NaN,NaN,24.0,17.0,NaN,0.0,9.0,18.0,NaN,0.0,9.0,82.0,NaN,0.0,9.0,NaN,NaN,NaN,24.0,97.0,NaN,0.0,9.0,0.8,NaN,0.0,9.0,NaN,NaN,NaN,24.0,151.0,NaN,0.0,9.0,NaN,NaN,NaN,24.0,NaN,NaN,NaN,24.0,NaN,NaN,NaN,24.0,4.2,NaN,0.0,9.0,0.3,NaN,0.0,9.0,0.01,NaN,0.0,9.0,48.0,NaN,0.0,9.0,15.7,NaN,0.0,9.0,31.2,NaN,0.0,9.0,11.2,NaN,0.0,9.0,NaN,NaN,NaN,24.0,241.0,NaN,0.0,9.0,54.0,1.0,0.0,1.0,-12.033333333333333,10.0,0.0,1.0,0.0,0.0,0.0,0.0,0.0,0.0,0.0,0.0,1.0,0.0,0.0,NaN,0.0,0.0,NaN,NaN,NaN,NaN,NaN,NaN,NaN
79.0,NaN,10.0,0.0,92.0,NaN,-2.0,0.0,36.78,NaN,0.012000000000000455,1.0,139.0,NaN,16.0,0.0,103.0,NaN,4.0,0.0,87.0,NaN,-1.0,0.0,25.0,NaN,0.0,0.0,NaN,NaN,NaN,24.0,NaN,NaN,NaN,24.0,25.0,NaN,0.0,10.0,NaN,NaN,NaN,24.0,NaN,NaN,NaN,24.0,NaN,NaN,NaN,24.0,NaN,NaN,NaN,24.0,17.0,NaN,0.0,10.0,18.0,NaN,0.0,10.0,82.0,NaN,0.0,10.0,NaN,NaN,NaN,24.0,97.0,NaN,0.0,10.0,0.8,NaN,0.0,10.0,NaN,NaN,NaN,24.0,151.0,NaN,0.0,10.0,NaN,NaN,NaN,24.0,NaN,NaN,NaN,24.0,NaN,NaN,NaN,24.0,4.2,NaN,0.0,10.0,0.3,NaN,0.0,10.0,0.01,NaN,0.0,10.0,48.0,NaN,0.0,10.0,15.7,NaN,0.0,10.0,31.2,NaN,0.0,10.0,11.2,NaN,0.0,10.0,NaN,NaN,NaN,24.0,241.0,NaN,0.0,10.0,54.0,1.0,0.0,1.0,-12.033333333333333,11.0,0.0,1.0,0.0,0.0,0.0,0.0,0.0,0.0,0.0,0.0,1.0,0.0,0.0,NaN,0.0,0.0,NaN,NaN,NaN,NaN,NaN,NaN,NaN
78.0,NaN,-1.0,0.0,92.0,NaN,0.0,0.0,36.78,NaN,0.010000000000000378,2.0,156.0,NaN,17.0,0.0,105.0,NaN,2.0,0.0,83.0,NaN,-4.0,0.0,25.0,NaN,0.0,0.0,NaN,NaN,NaN,24.0,NaN,NaN,NaN,24.0,25.0,NaN,0.0,11.0,NaN,NaN,NaN,24.0,NaN,NaN,NaN,24.0,NaN,NaN,NaN,24.0,NaN,NaN,NaN,24.0,17.0,NaN,0.0,11.0,18.0,NaN,0.0,11.0,82.0,NaN,0.0,11.0,NaN,NaN,NaN,24.0,97.0,NaN,0.0,11.0,0.8,NaN,0.0,11.0,NaN,NaN,NaN,24.0,151.0,NaN,0.0,11.0,NaN,NaN,NaN,24.0,NaN,NaN,NaN,24.0,NaN,NaN,NaN,24.0,4.2,NaN,0.0,11.0,0.3,NaN,0.0,11.0,0.01,NaN,0.0,11.0,48.0,NaN,0.0,11.0,15.7,NaN,0.0,11.0,31.2,NaN,0.0,11.0,11.2,NaN,0.0,11.0,NaN,NaN,NaN,24.0,241.0,NaN,0.0,11.0,54.0,1.0,0.0,1.0,-12.033333333333333,12.0,0.0,1.0,0.0,0.0,0.0,0.0,0.0,0.0,0.0,0.0,1.0,0.0,0.0,NaN,0.0,0.0,NaN,NaN,NaN,NaN,NaN,NaN,NaN
67.0,NaN,-11.0,0.0,91.0,NaN,-1.0,0.0,36.78,NaN,0.008571428571428896,3.0,161.0,NaN,5.0,0.0,96.0,NaN,-9.0,0.0,80.0,NaN,-3.0,0.0,23.0,NaN,-2.0,0.0,NaN,NaN,NaN,24.0,NaN,NaN,NaN,24.0,25.0,NaN,0.0,12.0,NaN,NaN,NaN,24.0,NaN,NaN,NaN,24.0,NaN,NaN,NaN,24.0,NaN,NaN,NaN,24.0,17.0,NaN,0.0,12.0,18.0,NaN,0.0,12.0,82.0,NaN,0.0,12.0,NaN,NaN,NaN,24.0,97.0,NaN,0.0,12.0,0.8,NaN,0.0,12.0,NaN,NaN,NaN,24.0,151.0,NaN,0.0,12.0,NaN,NaN,NaN,24.0,NaN,NaN,NaN,24.0,NaN,NaN,NaN,24.0,4.2,NaN,0.0,12.0,0.3,NaN,0.0,12.0,0.01,NaN,0.0,12.0,48.0,NaN,0.0,12.0,15.7,NaN,0.0,12.0,31.2,NaN,0.0,12.0,11.2,NaN,0.0,12.0,NaN,NaN,NaN,24.0,241.0,NaN,0.0,12.0,54.0,1.0,0.0,1.0,-12.033333333333333,13.0,0.0,1.0,0.0,0.0,0.0,0.0,0.0,0.0,0.0,0.0,1.0,0.0,0.0,NaN,0.0,0.0,NaN,NaN,NaN,NaN,NaN,NaN,NaN
