NaN,NaN,NaN,24.0,NaN,NaN,NaN,24.0,NaN,NaN,NaN,24.0,NaN,NaN,NaN,24.0,NaN,NaN,NaN,24.0,NaN,NaN,NaN,24.0,NaN,NaN,NaN,24.0,NaN,NaN,NaN,24.0,NaN,NaN,NaN,24.0,NaN,NaN,NaN,24.0,NaN,NaN,NaN,24.0,NaN,NaN,NaN,24.0,NaN,NaN,NaN,24.0,NaN,NaN,NaN,24.0,NaN,NaN,NaN,24.0,NaN,NaN,NaN,24.0,NaN,NaN,NaN,24.0,NaN,NaN,NaN,24.0,NaN,NaN,NaN,24.0,NaN,NaN,NaN,24.0,NaN,NaN,NaN,24.0,NaN,NaN,NaN,24.0,NaN,NaN,NaN,24.0,NaN,NaN,NaN,24.0,NaN,NaN,NaN,24.0,NaN,NaN,NaN,24.0,NaN,NaN,NaN,24.0,NaN,NaN,NaN,24.0,NaN,NaN,NaN,24.0,NaN,NaN,NaN,24.0,NaN,NaN,NaN,24.0,NaN,NaN,NaN,24.0,NaN,NaN,NaN,24.0,NaN,NaN,NaN,24.0,63.0,0.0,-1.0,-1.0,-121.23277777777778,1.0,0.0,0.0,0.0,0.0,0.0,0.0,0.0,0.0,0.0,0.0,1.0,0.0,1.0,1.0,0.0,0.0,0.0,8.0,8.0,0.0,NaN,NaN,NaN
68.5,NaN,0.0,0.0,100.0,NaN,0.0,0.0,36.89,NaN,0.0,0.0,123.0,NaN,0.0,0.0,86.0,NaN,0.0,0.0,65.5,NaN,0.0,0.0,16.0,NaN,0.0,0.0,NaN,NaN,NaN,24.0,NaN,NaN,NaN,24.0,NaN,NaN,NaN,24.0,NaN,NaN,NaN,24.0,NaN,NaN,NaN,24.0,NaN,NaN,NaN,24.0,NaN,NaN,NaN,24.0,NaN,NaN,NaN,24.0,NaN,NaN,NaN,24.0,NaN,NaN,NaN,24.0,NaN,NaN,NaN,24.0,NaN,NaN,NaN,24.0,NaN,NaN,NaN,24.0,NaN,NaN,NaN,24.0,NaN,NaN,NaN,24.0,NaN,NaN,NaN,24.0,NaN,NaN,NaN,24.0,NaN,NaN,NaN,24.0,NaN,NaN,NaN,24.0,NaN,NaN,NaN,24.0,NaN,NaN,NaN,24.0,NaN,NaN,NaN,24.0,NaN,NaN,NaN,24.0,NaN,NaN,NaN,24.0,NaN,NaN,NaN,24.0,NaN,NaN,NaN,24.0,NaN,NaN,NaN,24.0,63.0,0.0,-1.0,-1.0,-121.23277777777778,2.0,0.0,0.0,0.0,0.0,0.0,0.0,0.0,0.0,0.0,0.0,1.0,0.0,1.0,1.0,0.0,0.0,0.0,8.0,8.0,0.0,NaN,NaN,NaN
67.3333333333333,NaN,-1.1666666666666998,0.0,99.3333333333333,NaN,-0.6666666666666998,0.0,36.89,NaN,0.0,1.0,99.6666666666667,NaN,-23.3333333333333,0.0,67.0,NaN,-19.0,0.0,51.6666666666667,NaN,-13.8333333333333,0.0,15.3333333333333,NaN,-0.6666666666666998,0.0,NaN,NaN,NaN,24.0,3.0,NaN,0.0,0.0,26.0,NaN,0.0,0.0,1.0,NaN,0.0,0.0,7.49,NaN,0.0,0.0,33.0,NaN,0.0,0.0,NaN,NaN,NaN,24.0,NaN,NaN,NaN,24.0,28.0,NaN,0.0,0.0,NaN,NaN,NaN,24.0,NaN,NaN,NaN,24.0,98.0,NaN,0.0,0.0,1.3,NaN,0.0,0.0,NaN,NaN,NaN,24.0,115.0,NaN,0.0,0.0,NaN,NaN,NaN,24.0,NaN,NaN,NaN,24.0,NaN,NaN,NaN,24.0,3.35,NaN,0.0,0.0,NaN,NaN,NaN,24.0,NaN,NaN,NaN,24.0,26.7,NaN,0.0,0.0,8.9,NaN,0.0,0.0,27.1,NaN,0.0,0.0,5.2,NaN,0.0,0.0,NaN,NaN,NaN,24.0,171.0,NaN,0.0,0.0,63.0,0.0,-1.0,-1.0,-121.23277777777778,3.0,0.0,0.0,0.0,0.0,3.0,0.0,0.0,0.0,0.0,1.0,0.0,0.0,1.0,1.0,0.0,0.0,0.0,8.0,8.0,0.0,NaN,NaN,NaN
64.0,NaN,-3.3333333333333,0.0,99.5,NaN,0.16666666666669983,0.0,36.89,NaN,0.0,2.0,128.0,NaN,28.3333333333333,0.0,86.0,NaN,19.0,0.0,62.5,NaN,10.8333333333333,0.0,14.0,NaN,-1.3333333333333002,0.0,NaN,NaN,NaN,24.0,3.0,NaN,0.0,1.0,26.0,NaN,0.0,1.0,0.5,NaN,-0.5,0.0,7.49,NaN,0.0,1.0,33.0,NaN,0.0,1.0,NaN,NaN,NaN,24.0,NaN,NaN,NaN,24.0,28.0,NaN,0.0,1.0,NaN,NaN,NaN,24.0,NaN,NaN,NaN,24.0,98.0,NaN,0.0,1.0,1.3,NaN,0.0,1.0,NaN,NaN,NaN,24.0,115.0,NaN,0.0,1.0,NaN,NaN,NaN,24.0,NaN,NaN,NaN,24.0,NaN,NaN,NaN,24.0,3.35,NaN,0.0,1.0,NaN,NaN,NaN,24.0,NaN,NaN,NaN,24.0,26.7,NaN,0.0,1.0,8.9,NaN,0.0,1.0,27.1,NaN,0.0,1.0,5.2,NaN,0.0,1.0,NaN,NaN,NaN,24.0,171.0,NaN,0.0,1.0,63.0,0.0,-1.0,-1.0,-121.23277777777778,4.0,0.0,0.0,0.0,0.0,2.0,0.0,0.0,0.0,0.0,0.0,0.0,0.0,1.0,1.0,0.0,0.0,0.0,8.0,8.0,0.0,NaN,NaN,NaN
60.0,NaN,-4.0,0.0,99.5,NaN,0.0,0.0,36.5,NaN,-0.1300000000000002,0.0,88.5,NaN,-39.5,0.0,59.0,NaN,-27.0,0.0,44.0,NaN,-18.5,0.0,14.0,NaN,0.0,0.0,NaN,NaN,NaN,24.0,3.0,NaN,0.0,2.0,26.0,NaN,0.0,2.0,0.5,NaN,-0.25,1.0,7.49,NaN,0.0,2.0,33.0,NaN,0.0,2.0,NaN,NaN,NaN,24.0,NaN,NaN,NaN,24.0,28.0,NaN,0.0,2.0,NaN,NaN,NaN,24.0,NaN,NaN,NaN,24.0,98.0,NaN,0.0,2.0,1.3,NaN,0.0,2.0,NaN,NaN,NaN,24.0,115.0,NaN,0.0,2.0,NaN,NaN,NaN,24.0,NaN,NaN,NaN,24.0,NaN,NaN,NaN,24.0,3.35,NaN,0.0,2.0,NaN,NaN,NaN,24.0,NaN,NaN,NaN,24.0,26.7,NaN,0.0,2.0,8.9,NaN,0.0,2.0,27.1,NaN,0.0,2.0,5.2,NaN,0.0,2.0,NaN,NaN,NaN,24.0,171.0,NaN,0.0,2.0,63.0,0.0,-1.0,-1.0,-121.23277777777778,5.0,0.0,0.0,0.0,0.0,0.0,0.0,0.0,1.0,0.0,0.0,1.0,1.0,1.0,1.0,0.0,0.0,0.0,8.0,8.0,0.0,NaN,NaN,NaN
58.0,NaN,-2.0,0.0,99.0,NaN,-0.5,0.0,36.5,NaN,-0.09750000000000014,1.0,99.0,NaN,10.5,0.0,64.0,NaN,5.0,0.0,49.0,NaN,5.0,0.0,14.0,NaN,0.0,0.0,NaN,NaN,NaN,24.0,3.0,NaN,0.0,0.0,26.0,NaN,0.0,3.0,0.5,NaN,-0.16666666666666666,2.0,7.42,NaN,-0.023333333333333428,0.0,43.0,NaN,3.3333333333333335,0.0,NaN,NaN,NaN,24.0,NaN,NaN,NaN,24.0,28.0,NaN,0.0,3.0,NaN,NaN,NaN,24.0,NaN,NaN,NaN,24.0,98.0,NaN,0.0,3.0,1.3,NaN,0.0,3.0,NaN,NaN,NaN,24.0,146.0,NaN,10.333333333333334,0.0,NaN,NaN,NaN,24.0,NaN,NaN,NaN,24.0,NaN,NaN,NaN,24.0,3.0,NaN,-0.1166666666666667,0.0,NaN,NaN,NaN,24.0,NaN,NaN,NaN,24.0,26.7,NaN,0.0,3.0,8.9,NaN,0.0,3.0,27.1,NaN,0.0,3.0,5.2,NaN,0.0,3.0,NaN,NaN,NaN,24.0,171.0,NaN,0.0,3.0,63.0,0.0,-1.0,-1.0,-121.23277777777778,6.0,0.0,0.0,0.0,0.0,0.0,0.0,0.0,1.0,0.0,0.0,1.0,1.0,1.0,1.0,0.0,0.0,0.0,8.0,8.0,0.0,NaN,NaN,NaN
56.0,NaN,-2.0,0.0,100.0,NaN,1.0,0.0,36.5,NaN,-0.07800000000000011,2.0,90.0,NaN,-9.0,0.0,61.5,NaN,-2.5,0.0,48.5,NaN,-0.5,0.0,14.0,NaN,0.0,0.0,NaN,NaN,NaN,24.0,3.0,NaN,0.0,1.0,26.0,NaN,0.0,4.0,0.5,NaN,-0.125,3.0,7.42,NaN,-0.01750000000000007,1.0,43.0,NaN,2.5,1.0,NaN,NaN,NaN,24.0,NaN,NaN,NaN,24.0,28.0,NaN,0.0,4.0,NaN,NaN,NaN,24.0,NaN,NaN,NaN,24.0,98.0,NaN,0.0,4.0,1.3,NaN,0.0,4.0,NaN,NaN,NaN,24.0,146.0,NaN,7.75,1.0,NaN,NaN,NaN,24.0,NaN,NaN,NaN,24.0,NaN,NaN,NaN,24.0,3.0,NaN,-0.08750000000000002,1.0,NaN,NaN,NaN,24.0,NaN,NaN,NaN,24.0,26.7,NaN,0.0,4.0,8.9,NaN,0.0,4.0,27.1,NaN,0.0,4.0,5.2,NaN,0.0,4.0,NaN,NaN,NaN,24.0,171.0,NaN,0.0,4.0,63.0,0.0,-1.0,-1.0,-121.23277777777778,7.0,0.0,0.0,0.0,0.0,0.0,0.0,0.0,1.0,0.0,0.0,1.0,1.0,1.0,1.0,0.0,0.0,0.0,8.0,8.0,0.0,NaN,NaN,NaN
57.0,NaN,1.0,0.0,100.0,NaN,0.0,0.0,36.5,NaN,-0.0650000000000001,3.0,91.0,NaN,1.0,0.0,62.0,NaN,0.5,0.0,50.0,NaN,1.5,0.0,14.0,NaN,0.0,0.0,NaN,NaN,NaN,24.0,3.0,NaN,0.0,2.0,26.0,NaN,0.0,5.0,0.5,NaN,0.0,0.0,7.42,NaN,-0.014000000000000058,2.0,43.0,NaN,2.0,2.0,NaN,NaN,NaN,24.0,NaN,NaN,NaN,24.0,28.0,NaN,0.0,5.0,NaN,NaN,NaN,24.0,NaN,NaN,NaN,24.0,99.0,NaN,0.2,0.0,1.3,NaN,0.0,5.0,NaN,NaN,NaN,24.0,146.0,NaN,6.2,2.0,NaN,NaN,NaN,24.0,NaN,NaN,NaN,24.0,NaN,NaN,NaN,24.0,3.0,NaN,0.0,0.0,NaN,NaN,NaN,24.0,NaN,NaN,NaN,24.0,27.2,NaN,0.1,0.0,8.9,NaN,0.0,5.0,27.1,NaN,0.0,5.0,5.2,NaN,0.0,5.0,NaN,NaN,NaN,24.0,171.0,NaN,0.0,5.0,63.0,0.0,-1.0,-1.0,-121.23277777777778,8.0,0.0,0.0,0.0,0.0,2.0,0.0,0.0,1.0,0.0,0.0,1.0,1.0,1.0,1.0,0.0,0.0,0.0,8.0,8.0,0.0,NaN,NaN,NaN
54.0,NaN,-3.0,0.0,100.0,NaN,0.0,0.0,36.33,NaN,-0.042500000000000426,0.0,106.0,NaN,15.0,0.0,73.0,NaN,11.0,0.0,56.0,NaN,6.0,0.0,14.0,NaN,0.0,0.0,NaN,NaN,NaN,24.0,3.0,NaN,0.0,3.0,26.0,NaN,0.0,6.0,0.5,NaN,0.0,1.0,7.46,NaN,0.013333333333333345,0.0,43.0,NaN,1.6666666666666667,3.0,NaN,NaN,NaN,24.0,NaN,NaN,NaN,24.0,28.0,NaN,0.0,6.0,NaN,NaN,NaN,24.0,NaN,NaN,NaN,24.0,99.0,NaN,0.16666666666666666,1.0,1.3,NaN,0.0,6.0,NaN,NaN,NaN,24.0,146.0,NaN,5.166666666666667,3.0,NaN,NaN,NaN,24.0,NaN,NaN,NaN,24.0,NaN,NaN,NaN,24.0,3.0,NaN,0.0,1.0,NaN,NaN,NaN,24.0,NaN,NaN,NaN,24.0,27.2,NaN,0.08333333333333333,1.0,8.9,NaN,0.0,6.0,27.1,NaN,0.0,6.0,5.2,NaN,0.0,6.0,NaN,NaN,NaN,24.0,171.0,NaN,0.0,6.0,63.0,0.0,-1.0,-1.0,-121.23277777777778,9.0,0.0,0.0,0.0,0.0,0.0,0.0,0.0,0.0,0.0,0.0,1.0,1.0,1.0,1.0,0.0,0.0,0.0,8.0,8.0,0.0,NaN,NaN,NaN
50.0,NaN,-4.0,0.0,100.0,NaN,0.0,0.0,36.33,NaN,-0.03400000000000034,1.0,108.0,NaN,2.0,0.0,70.0,NaN,-3.0,0.0,53.0,NaN,-3.0,0.0,14.0,NaN,0.0,0.0,NaN,NaN,NaN,24.0,3.0,NaN,0.0,4.0,26.0,NaN,0.0,7.0,0.5,NaN,0.0,2.0,7.46,NaN,0.010000000000000009,1.0,43.0,NaN,1.4285714285714286,4.0,NaN,NaN,NaN,24.0,NaN,NaN,NaN,24.0,28.0,NaN,0.0,7.0,NaN,NaN,NaN,24.0,NaN,NaN,NaN,24.0,99.0,NaN,0.14285714285714285,2.0,1.3,NaN,0.0,7.0,NaN,NaN,NaN,24.0,146.0,NaN,4.428571428571429,4.0,NaN,NaN,NaN,24.0,NaN,NaN,NaN,24.0,NaN,NaN,NaN,24.0,3.0,NaN,0.0,2.0,NaN,NaN,NaN,24.0,NaN,NaN,NaN,24.0,27.2,NaN,0.07142857142857142,2.0,8.9,NaN,0.0,7.0,27.1,NaN,0.0,7.0,5.2,NaN,0.0,7.0,NaN,NaN,NaN,24.0,171.0,NaN,0.0,7.0,63.0,0.0,-1.0,-1.0,-121.23277777777778,10.0,0.0,0.0,0.0,0.0,0.0,0.0,0.0,0.0,0.0,0.0,1.0,1.0,1.0,1.0,0.0,0.0,0.0,8.0,8.0,0.0,NaN,NaN,NaN
53.0,NaN,3.0,0.0,100.0,NaN,0.0,0.0,36.33,NaN,-0.028333333333333616,2.0,114.0,NaN,6.0,0.0,76.0,NaN,6.0,0.0,57.0,NaN,4.0,0.0,14.0,NaN,0.0,0.0,NaN,NaN,NaN,24.0,5.0,NaN,0.4,0.0,27.0,NaN,0.125,0.0,0.5,NaN,0.0,3.0,7.44,NaN,-0.009999999999999787,0.0,43.0,NaN,0.0,0.0,99.0,NaN,0.0,0.0,NaN,NaN,NaN,24.0,26.0,NaN,-0.25,0.0,NaN,NaN,NaN,24.0,NaN,NaN,NaN,24.0,97.0,NaN,-0.6666666666666666,0.0,1.3,NaN,0.0,0.0,NaN,NaN,NaN,24.0,98.0,NaN,-9.6,0.0,NaN,NaN,NaN,24.0,2.4,NaN,0.0,0.0,NaN,NaN,NaN,24.0,3.1,NaN,0.03333333333333336,0.0,NaN,NaN,NaN,24.0,NaN,NaN,NaN,24.0,27.1,NaN,-0.033333333333332625,0.0,9.1,NaN,0.02499999999999991,0.0,68.8,NaN,5.2124999999999995,0.0,5.4,NaN,0.025000000000000022,0.0,NaN,NaN,NaN,24.0,180.0,NaN,1.125,0.0,63.0,0.0,-1.0,-1.0,-121.23277777777778,11.0,0.0,0.0,0.0,0.0,0.0,0.0,0.0,0.0,0.0,1.0,1.0,1.0,1.0,1.0,0.0,0.0,0.0,8.0,8.0,0.0,NaN,NaN,NaN
53.0,NaN,0.0,0.0,100.0,NaN,0.0,0.0,36.33,NaN,-0.02428571428571453,3.0,138.0,NaN,24.0,0.0,90.0,NaN,14.0,0.0,64.0,NaN,7.0,0.0,14.0,NaN,0.0,0.0,NaN,NaN,NaN,24.0,5.0,NaN,0.3333333333333333,1.0,27.0,NaN,0.1111111111111111,1.0,0.4,NaN,-0.024999999999999994,0.0,7.44,NaN,-0.006666666666666525,1.0,43.0,NaN,0.0,1.0,99.0,NaN,0.0,1.0,NaN,NaN,NaN,24.0,26.0,NaN,-0.2222222222222222,1.0,NaN,NaN,NaN,24.0,NaN,NaN,NaN,24.0,97.0,NaN,-0.5,1.0,1.3,NaN,0.0,1.0,NaN,NaN,NaN,24.0,98.0,NaN,-8.0,1.0,NaN,NaN,NaN,24.0,2.4,NaN,0.0,1.0,NaN,NaN,NaN,24.0,3.1,NaN,0.025000000000000022,1.0,NaN,NaN,NaN,24.0,NaN,NaN,NaN,24.0,27.1,NaN,-0.024999999999999467,1.0,9.1,NaN,0.022222222222222143,1.0,68.8,NaN,4.633333333333333,1.0,5.4,NaN,0.02222222222222224,1.0,NaN,NaN,NaN,24.0,180.0,NaN,1.0,1.0,63.0,0.0,-1.0,-1.0,-121.23277777777778,12.0,0.0,0.0,0.0,0.0,1.0,0.0,0.0,0.0,0.0,0.0,0.0,1.0,1.0,1.0,0.0,0.0,0.0,8.0,8.0,0.0,NaN,NaN,NaN
