77.0,NaN,NaN,24.0,97.5,NaN,NaN,24.0,36.72,NaN,NaN,24.0,NaN,NaN,NaN,24.0,NaN,NaN,NaN,24.0,NaN,NaN,NaN,24.0,21.6666666666667,NaN,NaN,24.0,NaN,NaN,NaN,24.0,-1.0,NaN,NaN,24.0,NaN,NaN,NaN,24.0,0.4,NaN,NaN,24.0,NaN,NaN,NaN,24.0,51.0,NaN,NaN,24.0,NaN,NaN,NaN,24.0,NaN,NaN,NaN,24.0,NaN,NaN,NaN,24.0,NaN,NaN,NaN,24.0,NaN,NaN,NaN,24.0,NaN,NaN,NaN,24.0,NaN,NaN,NaN,24.0,NaN,NaN,NaN,24.0,NaN,NaN,NaN,24.0,NaN,NaN,NaN,24.0,NaN,NaN,NaN,24.0,NaN,NaN,NaN,24.0,NaN,NaN,NaN,24.0,NaN,NaN,NaN,24.0,NaN,NaN,NaN,24.0,NaN,NaN,NaN,24.0,NaN,NaN,NaN,24.0,NaN,NaN,NaN,24.0,NaN,NaN,NaN,24.0,NaN,NaN,NaN,24.0,NaN,NaN,NaN,24.0,34.0,1.0,1.0,0.0,-3.0,1.0,0.0,1.0,0.0,0.0,1.0,0.0,0.0,0.0,0.0,0.0,0.0,0.0,0.0,NaN,0.0,0.0,NaN,NaN,NaN,NaN,NaN,NaN,NaN
76.0,NaN,-1.0,0.0,97.0,NaN,-0.5,0.0,36.72,NaN,0.0,1.0,107.0,NaN,0.0,0.0,65.0,NaN,0.0,0.0,52.0,NaN,0.0,0.0,22.0,NaN,0.3333333333333002,0.0,NaN,NaN,NaN,24.0,-1.0,NaN,0.0,0.0,22.0,NaN,0.0,0.0,0.4,NaN,0.0,1.0,7.35,NaN,0.0,0.0,43.0,NaN,-8.0,0.0,NaN,NaN,NaN,24.0,NaN,NaN,NaN,24.0,24.0,NaN,0.0,0.0,NaN,NaN,NaN,24.0,8.3,NaN,0.0,0.0,101.0,NaN,0.0,0.0,1.2,NaN,0.0,0.0,NaN,NaN,NaN,24.0,503.0,NaN,0.0,0.0,0.8,NaN,0.0,0.0,2.1,NaN,0.0,0.0,4.1,NaN,0.0,0.0,4.0,NaN,0.0,0.0,NaN,NaN,NaN,24.0,NaN,NaN,NaN,24.0,31.2,NaN,0.0,0.0,10.5,NaN,0.0,0.0,32.1,NaN,0.0,0.0,7.5,NaN,0.0,0.0,NaN,NaN,NaN,24.0,186.0,NaN,0.0,0.0,34.0,1.0,1.0,0.0,-3.0,2.0,0.0,1.0,0.0,0.0,0.0,0.0,0.0,1.0,0.0,1.0,1.0,0.0,0.0,NaN,0.0,0.0,NaN,NaN,NaN,NaN,NaN,NaN,NaN
76.0,NaN,0.0,0.0,96.0,NaN,-1.0,0.0,36.72,NaN,0.0,2.0,108.0,NaN,1.0,0.0,64.0,NaN,-1.0,0.0,52.0,NaN,0.0,0.0,22.0,NaN,0.0,0.0,NaN,NaN,NaN,24.0,-1.0,NaN,0.0,1.0,22.0,NaN,0.0,1.0,0.4,NaN,0.0,2.0,7.35,NaN,0.0,1.0,43.0,NaN,-4.0,1.0,NaN,NaN,NaN,24.0,NaN,NaN,NaN,24.0,24.0,NaN,0.0,1.0,NaN,NaN,NaN,24.0,8.3,NaN,0.0,1.0,101.0,NaN,0.0,1.0,1.2,NaN,0.0,1.0,NaN,NaN,NaN,24.0,503.0,NaN,0.0,1.0,0.8,NaN,0.0,1.0,2.1,NaN,0.0,1.0,4.1,NaN,0.0,1.0,4.0,NaN,0.0,1.0,NaN,NaN,NaN,24.0,NaN,NaN,NaN,24.0,31.2,NaN,0.0,1.0,10.5,NaN,0.0,1.0,32.1,NaN,0.0,1.0,7.5,NaN,0.0,1.0,NaN,NaN,NaN,24.0,186.0,NaN,0.0,1.0,34.0,1.0,1.0,0.0,-3.0,3.0,0.0,1.0,0.0,0.0,0.0,0.0,0.0,1.0,0.0,0.0,1.0,0.0,0.0,NaN,0.0,0.0,NaN,NaN,NaN,NaN,NaN,NaN,NaN
76.0,NaN,0.0,0.0,97.0,NaN,1.0,0.0,36.56,NaN,-0.0533333333333322,0.0,115.0,NaN,7.0,0.0,69.0,NaN,5.0,0.0,57.0,NaN,5.0,0.0,22.0,NaN,0.0,0.0,NaN,NaN,NaN,24.0,-1.0,NaN,0.0,2.0,22.0,NaN,0.0,2.0,0.4,NaN,0.0,0.0,7.35,NaN,0.0,2.0,43.0,NaN,-2.6666666666666665,2.0,NaN,NaN,NaN,24.0,NaN,NaN,NaN,24.0,24.0,NaN,0.0,2.0,NaN,NaN,NaN,24.0,8.3,NaN,0.0,2.0,101.0,NaN,0.0,2.0,1.2,NaN,0.0,2.0,NaN,NaN,NaN,24.0,503.0,NaN,0.0,2.0,0.8,NaN,0.0,2.0,2.1,NaN,0.0,2.0,4.1,NaN,0.0,2.0,4.0,NaN,0.0,2.0,NaN,NaN,NaN,24.0,NaN,NaN,NaN,24.0,31.2,NaN,0.0,2.0,10.5,NaN,0.0,2.0,32.1,NaN,0.0,2.0,7.5,NaN,0.0,2.0,NaN,NaN,NaN,24.0,186.0,NaN,0.0,2.0,34.0,1.0,1.0,0.0,-3.0,4.0,0.0,1.0,0.0,0.0,1.0,0.0,0.0,0.0,0.0,0.0,0.0,0.0,0.0,NaN,0.0,0.0,NaN,NaN,NaN,NaN,NaN,NaN,NaN
77.0,NaN,1.0,0.0,97.0,NaN,0.0,0.0,36.56,NaN,-0.03999999999999915,1.0,114.0,NaN,-1.0,0.0,68.0,NaN,-1.0,0.0,54.0,NaN,-3.0,0.0,21.0,NaN,-1.0,0.0,NaN,NaN,NaN,24.0,-1.0,NaN,0.0,3.0,22.0,NaN,0.0,3.0,0.4,NaN,0.0,1.0,7.35,NaN,0.0,3.0,43.0,NaN,-2.0,3.0,NaN,NaN,NaN,24.0,NaN,NaN,NaN,24.0,24.0,NaN,0.0,3.0,NaN,NaN,NaN,24.0,8.3,NaN,0.0,3.0,101.0,NaN,0.0,3.0,1.2,NaN,0.0,3.0,NaN,NaN,NaN,24.0,503.0,NaN,0.0,3.0,0.8,NaN,0.0,3.0,2.1,NaN,0.0,3.0,4.1,NaN,0.0,3.0,4.0,NaN,0.0,3.0,NaN,NaN,NaN,24.0,NaN,NaN,NaN,24.0,31.2,NaN,0.0,3.0,10.5,NaN,0.0,3.0,32.1,NaN,0.0,3.0,7.5,NaN,0.0,3.0,NaN,NaN,NaN,24.0,186.0,NaN,0.0,3.0,34.0,1.0,1.0,0.0,-3.0,5.0,0.0,1.0,0.0,0.0,0.0,0.0,0.0,0.0,0.0,0.0,1.0,0.0,0.0,NaN,0.0,0.0,NaN,NaN,NaN,NaN,NaN,NaN,NaN
76.0,NaN,-1.0,0.0,98.0,NaN,1.0,0.0,36.56,NaN,-0.03199999999999932,2.0,109.0,NaN,-5.0,0.0,71.0,NaN,3.0,0.0,61.0,NaN,7.0,0.0,24.0,NaN,3.0,0.0,NaN,NaN,NaN,24.0,-1.0,NaN,0.0,4.0,22.0,NaN,0.0,4.0,0.4,NaN,0.0,2.0,7.35,NaN,0.0,4.0,43.0,NaN,-1.6,4.0,NaN,NaN,NaN,24.0,NaN,NaN,NaN,24.0,24.0,NaN,0.0,4.0,NaN,NaN,NaN,24.0,8.3,NaN,0.0,4.0,101.0,NaN,0.0,4.0,1.2,NaN,0.0,4.0,NaN,NaN,NaN,24.0,503.0,NaN,0.0,4.0,0.8,NaN,0.0,4.0,2.1,NaN,0.0,4.0,4.1,NaN,0.0,4.0,4.0,NaN,0.0,4.0,NaN,NaN,NaN,24.0,NaN,NaN,NaN,24.0,31.2,NaN,0.0,4.0,10.5,NaN,0.0,4.0,32.1,NaN,0.0,4.0,7.5,NaN,0.0,4.0,NaN,NaN,NaN,24.0,186.0,NaN,0.0,4.0,34.0,1.0,1.0,0.0,-3.0,6.0,0.0,1.0,0.0,0.0,0.0,0.0,0.0,0.0,0.0,0.0,1.0,0.0,0.0,NaN,0.0,0.0,NaN,NaN,NaN,NaN,NaN,NaN,NaN
73.0,NaN,-3.0,0.0,97.0,NaN,-1.0,0.0,36.56,NaN,-0.0266666666666661,3.0,106.0,NaN,-3.0,0.0,70.0,NaN,-1.0,0.0,61.0,NaN,0.0,0.0,22.0,NaN,-2.0,0.0,NaN,NaN,NaN,24.0,-1.0,NaN,0.0,5.0,22.0,NaN,0.0,5.0,0.4,NaN,0.0,3.0,7.35,NaN,0.0,5.0,43.0,NaN,-1.3333333333333333,5.0,NaN,NaN,NaN,24.0,NaN,NaN,NaN,24.0,24.0,NaN,0.0,5.0,NaN,NaN,NaN,24.0,8.3,NaN,0.0,5.0,101.0,NaN,0.0,5.0,1.2,NaN,0.0,5.0,NaN,NaN,NaN,24.0,503.0,NaN,0.0,5.0,0.8,NaN,0.0,5.0,2.1,NaN,0.0,5.0,4.1,NaN,0.0,5.0,4.0,NaN,0.0,5.0,NaN,NaN,NaN,24.0,NaN,NaN,NaN,24.0,31.2,NaN,0.0,5.0,10.5,NaN,0.0,5.0,32.1,NaN,0.0,5.0,7.5,NaN,0.0,5.0,NaN,NaN,NaN,24.0,186.0,NaN,0.0,5.0,34.0,1.0,1.0,0.0,-3.0,7.0,0.0,1.0,0.0,0.0,0.0,0.0,0.0,0.0,0.0,0.0,1.0,0.0,0.0,NaN,0.0,0.0,NaN,NaN,NaN,NaN,NaN,NaN,NaN
72.0,NaN,-1.0,0.0,97.0,NaN,0.0,0.0,36.56,NaN,0.0,0.0,109.0,NaN,3.0,0.0,76.0,NaN,6.0,0.0,66.0,NaN,5.0,0.0,21.0,NaN,-1.0,0.0,NaN,NaN,NaN,24.0,-1.0,NaN,0.0,6.0,22.0,NaN,0.0,6.0,0.4,NaN,0.0,0.0,7.35,NaN,0.0,6.0,43.0,NaN,-1.1428571428571428,6.0,NaN,NaN,NaN,24.0,NaN,NaN,NaN,24.0,24.0,NaN,0.0,6.0,NaN,NaN,NaN,24.0,8.3,NaN,0.0,6.0,101.0,NaN,0.0,6.0,1.2,NaN,0.0,6.0,NaN,NaN,NaN,24.0,503.0,NaN,0.0,6.0,0.8,NaN,0.0,6.0,2.1,NaN,0.0,6.0,4.1,NaN,0.0,6.0,4.0,NaN,0.0,6.0,NaN,NaN,NaN,24.0,NaN,NaN,NaN,24.0,31.2,NaN,0.0,6.0,10.5,NaN,0.0,6.0,32.1,NaN,0.0,6.0,7.5,NaN,0.0,6.0,NaN,NaN,NaN,24.0,186.0,NaN,0.0,6.0,34.0,1.0,1.0,0.0,-3.0,8.0,0.0,1.0,0.0,0.0,1.0,0.0,0.0,0.0,0.0,0.0,0.0,0.0,0.0,NaN,0.0,0.0,NaN,NaN,NaN,NaN,NaN,NaN,NaN
70.0,NaN,-2.0,0.0,98.0,NaN,1.0,0.0,36.56,NaN,0.0,1.0,116.0,NaN,7.0,0.0,83.0,NaN,7.0,0.0,74.0,NaN,8.0,0.0,22.0,NaN,1.0,0.0,NaN,NaN,NaN,24.0,-1.0,NaN,0.0,7.0,22.0,NaN,0.0,7.0,0.4,NaN,0.0,1.0,7.35,NaN,0.0,7.0,43.0,NaN,-1.0,7.0,NaN,NaN,NaN,24.0,NaN,NaN,NaN,24.0,24.0,NaN,0.0,7.0,NaN,NaN,NaN,24.0,8.3,NaN,0.0,7.0,101.0,NaN,0.0,7.0,1.2,NaN,0.0,7.0,NaN,NaN,NaN,24.0,503.0,NaN,0.0,7.0,0.8,NaN,0.0,7.0,2.1,NaN,0.0,7.0,4.1,NaN,0.0,7.0,4.0,NaN,0.0,7.0,NaN,NaN,NaN,24.0,NaN,NaN,NaN,24.0,31.2,NaN,0.0,7.0,10.5,NaN,0.0,7.0,32.1,NaN,0.0,7.0,7.5,NaN,0.0,7.0,NaN,NaN,NaN,24.0,186.0,NaN,0.0,7.0,34.0,1.0,1.0,0.0,-3.0,9.0,0.0,1.0,0.0,0.0,0.0,0.0,0.0,0.0,0.0,0.0,1.0,0.0,0.0,NaN,0.0,0.0,NaN,NaN,NaN,NaN,NaN,NaN,NaN
81.0,NaN,11.0,0.0,98.0,NaN,0.0,0.0,36.56,NaN,0.0,2.0,125.0,NaN,9.0,0.0,91.0,NaN,8.0,0.0,79.0,NaN,5.0,0.0,18.0,NaN,-4.0,0.0,NaN,NaN,NaN,24.0,-1.0,NaN,0.0,8.0,22.0,NaN,0.0,8.0,0.4,NaN,0.0,2.0,7.35,NaN,0.0,8.0,43.0,NaN,-0.8888888888888888,8.0,NaN,NaN,NaN,24.0,NaN,NaN,NaN,24.0,24.0,NaN,0.0,8.0,NaN,NaN,NaN,24.0,8.3,NaN,0.0,8.0,101.0,NaN,0.0,8.0,1.2,NaN,0.0,8.0,NaN,NaN,NaN,24.0,503.0,NaN,0.0,8.0,0.8,NaN,0.0,8.0,2.1,NaN,0.0,8.0,4.1,NaN,0.0,8.0,4.0,NaN,0.0,8.0,NaN,NaN,NaN,24.0,NaN,NaN,NaN,24.0,31.2,NaN,0.0,8.0,10.5,NaN,0.0,8.0,32.1,NaN,0.0,8.0,7.5,NaN,0.0,8.0,NaN,NaN,NaN,24.0,186.0,NaN,0.0,8.0,34.0,1.0,1.0,0.0,-3.0,10.0,0.0,0.0,0.0,0.0,0.0,0.0,0.0,0.0,0.0,0.0,1.0,0.0,0.0,NaN,0.0,0.0,NaN,NaN,NaN,NaN,NaN,NaN,NaN
77.0,NaN,-4.0,0.0,100.0,NaN,2.0,0.0,37.06,NaN,0.16666666666666666,0.0,127.0,NaN,2.0,0.0,89.0,NaN,-2.0,0.0,78.0,NaN,-1.0,0.0,21.0,NaN,3.0,0.0,NaN,NaN,NaN,24.0,-1.0,NaN,0.0,9.0,22.0,NaN,0.0,9.0,0.4,NaN,0.0,3.0,7.35,NaN,0.0,9.0,43.0,NaN,-0.8,9.0,NaN,NaN,NaN,24.0,NaN,NaN,NaN,24.0,24.0,NaN,0.0,9.0,NaN,NaN,NaN,24.0,8.3,NaN,0.0,9.0,101.0,NaN,0.0,9.0,1.2,NaN,0.0,9.0,NaN,NaN,NaN,24.0,503.0,NaN,0.0,9.0,0.8,NaN,0.0,9.0,2.1,NaN,0.0,9.0,4.1,NaN,0.0,9.0,4.0,NaN,0.0,9.0,NaN,NaN,NaN,24.0,NaN,NaN,NaN,24.0,31.2,NaN,0.0,9.0,10.5,NaN,0.0,9.0,32.1,NaN,0.0,9.0,7.5,NaN,0.0,9.0,NaN,NaN,NaN,24.0,186.0,NaN,0.0,9.0,34.0,1.0,1.0,0.0,-3.0,11.0,0.0,1.0,0.0,0.0,0.0,0.0,0.0,0.0,0.0,0.0,1.0,0.0,0.0,NaN,0.0,0.0,NaN,NaN,NaN,NaN,NaN,NaN,NaN
82.0,NaN,5.0,0.0,98.0,NaN,-2.0,0.0,37.06,NaN,0.125,1.0,132.0,NaN,5.0,0.0,97.0,NaN,8.0,0.0,88.0,NaN,10.0,0.0,19.0,NaN,-2.0,0.0,NaN,NaN,NaN,24.0,-1.0,NaN,0.0,10.0,22.0,NaN,0.0,10.0,0.4,NaN,0.0,4.0,7.35,NaN,0.0,10.0,43.0,NaN,-0.7272727272727273,10.0,NaN,NaN,NaN,24.0,NaN,NaN,NaN,24.0,24.0,NaN,0.0,10.0,NaN,NaN,NaN,24.0,8.3,NaN,0.0,10.0,101.0,NaN,0.0,10.0,1.2,NaN,0.0,10.0,NaN,NaN,NaN,24.0,503.0,NaN,0.0,10.0,0.8,NaN,0.0,10.0,2.1,NaN,0.0,10.0,4.1,NaN,0.0,10.0,4.0,NaN,0.0,10.0,NaN,NaN,NaN,24.0,NaN,NaN,NaN,24.0,31.2,NaN,0.0,10.0,10.5,NaN,0.0,10.0,32.1,NaN,0.0,10.0,7.5,NaN,0.0,10.0,NaN,NaN,NaN,24.0,186.0,NaN,0.0,10.0,34.0,1.0,1.0,0.0,-3.0,12.0,0.0,0.0,0.0,0.0,0.0,0.0,0.0,0.0,0.0,0.0,1.0,0.0,0.0,NaN,0.0,0.0,NaN,NaN,NaN,NaN,NaN,NaN,NaN
94.0,NaN,12.0,0.0,98.0,NaN,0.0,0.0,37.06,NaN,0.1,2.0,128.0,NaN,-4.0,0.0,80.0,NaN,-17.0,0.0,66.0,NaN,-22.0,0.0,27.0,NaN,8.0,0.0,NaN,NaN,NaN,24.0,-1.0,NaN,0.0,11.0,22.0,NaN,0.0,11.0,0.4,NaN,0.0,5.0,7.35,NaN,0.0,11.0,43.0,NaN,-0.6666666666666666,11.0,NaN,NaN,NaN,24.0,NaN,NaN,NaN,24.0,24.0,NaN,0.0,11.0,NaN,NaN,NaN,24.0,8.3,NaN,0.0,11.0,101.0,NaN,0.0,11.0,1.2,NaN,0.0,11.0,NaN,NaN,NaN,24.0,503.0,NaN,0.0,11.0,0.8,NaN,0.0,11.0,2.1,NaN,0.0,11.0,4.1,NaN,0.0,11.0,4.0,NaN,0.0,11.0,NaN,NaN,NaN,24.0,NaN,NaN,NaN,24.0,31.2,NaN,0.0,11.0,10.5,NaN,0.0,11.0,32.1,NaN,0.0,11.0,7.5,NaN,0.0,11.0,NaN,NaN,NaN,24.0,186.0,NaN,0.0,11.0,34.0,1.0,1.0,0.0,-3.0,13.0,0.0,1.0,1.0,0.0,0.0,0.0,0.0,0.0,0.0,0.0,1.0,0.0,0.0,NaN,0.0,0.0,NaN,NaN,NaN,NaN,NaN,NaN,NaN
93.0,NaN,-1.0,0.0,97.0,NaN,-1.0,0.0,37.06,NaN,0.08333333333333333,3.0,130.0,NaN,2.0,0.0,87.0,NaN,7.0,0.0,74.0,NaN,8.0,0.0,20.0,NaN,-7.0,0.0,NaN,NaN,NaN,24.0,-1.0,NaN,0.0,12.0,22.0,NaN,0.0,12.0,0.4,NaN,0.0,6.0,7.35,NaN,0.0,12.0,43.0,NaN,-0.6153846153846154,12.0,NaN,NaN,NaN,24.0,NaN,NaN,NaN,24.0,24.0,NaN,0.0,12.0,NaN,NaN,NaN,24.0,8.3,NaN,0.0,12.0,101.0,NaN,0.0,12.0,1.2,NaN,0.0,12.0,NaN,NaN,NaN,24.0,503.0,NaN,0.0,12.0,0.8,NaN,0.0,12.0,2.1,NaN,0.0,12.0,4.1,NaN,0.0,12.0,4.0,NaN,0.0,12.0,NaN,NaN,NaN,24.0,NaN,NaN,NaN,24.0,31.2,NaN,0.0,12.0,10.5,NaN,0.0,12.0,32.1,NaN,0.0,12.0,7.5,NaN,0.0,12.0,NaN,NaN,NaN,24.0,186.0,NaN,0.0,12.0,34.0,1.0,1.0,0.0,-3.0,14.0,0.0,0.0,1.0,0.0,0.0,0.0,0.0,0.0,0.0,0.0,1.0,0.0,0.0,NaN,0.0,0.0,NaN,NaN,NaN,NaN,NaN,NaN,NaN
83.0,NaN,-10.0,0.0,97.0,NaN,0.0,0.0,37.06,NaN,0.07142857142857142,4.0,127.0,NaN,-3.0,0.0,80.0,NaN,-7.0,0.0,68.0,NaN,-6.0,0.0,21.0,NaN,1.0,0.0,NaN,NaN,NaN,24.0,-1.0,NaN,0.0,13.0,22.0,NaN,0.0,13.0,0.4,NaN,0.0,7.0,7.35,NaN,0.0,13.0,43.0,NaN,-0.5714285714285714,13.0,NaN,NaN,NaN,24.0,NaN,NaN,NaN,24.0,24.0,NaN,0.0,13.0,NaN,NaN,NaN,24.0,8.3,NaN,0.0,13.0,101.0,NaN,0.0,13.0,1.2,NaN,0.0,13.0,NaN,NaN,NaN,24.0,503.0,NaN,0.0,13.0,0.8,NaN,0.0,13.0,2.1,NaN,0.0,13.0,4.1,NaN,0.0,13.0,4.0,NaN,0.0,13.0,NaN,NaN,NaN,24.0,NaN,NaN,NaN,24.0,31.2,NaN,0.0,13.0,10.5,NaN,0.0,13.0,32.1,NaN,0.0,13.0,7.5,NaN,0.0,13.0,NaN,NaN,NaN,24.0,186.0,NaN,0.0,13.0,34.0,1.0,1.0,0.0,-3.0,15.0,0.0,1.0,0.0,0.0,0.0,0.0,0.0,0.0,0.0,0.0,1.0,0.0,0.0,NaN,0.0,0.0,NaN,NaN,NaN,NaN,NaN,NaN,NaN
87.0,NaN,4.0,0.0,97.0,NaN,0.0,0.0,37.06,NaN,0.0625,5.0,127.0,NaN,-1.5,1.0,80.0,NaN,-3.5,1.0,68.0,NaN,-3.0,1.0,19.0,NaN,-2.0,0.0,NaN,NaN,NaN,24.0,-1.0,NaN,0.0,14.0,22.0,NaN,0.0,14.0,0.4,NaN,0.0,8.0,7.35,NaN,0.0,14.0,43.0,NaN,-0.5333333333333333,14.0,NaN,NaN,NaN,24.0,NaN,NaN,NaN,24.0,24.0,NaN,0.0,14.0,NaN,NaN,NaN,24.0,8.3,NaN,0.0,14.0,101.0,NaN,0.0,14.0,1.2,NaN,0.0,14.0,NaN,NaN,NaN,24.0,503.0,NaN,0.0,14.0,0.8,NaN,0.0,14.0,2.1,NaN,0.0,14.0,4.1,NaN,0.0,14.0,4.0,NaN,0.0,14.0,NaN,NaN,NaN,24.0,NaN,NaN,NaN,24.0,31.2,NaN,0.0,14.0,10.5,NaN,0.0,14.0,32.1,NaN,0.0,14.0,7.5,NaN,0.0,14.0,NaN,NaN,NaN,24.0,186.0,NaN,0.0,14.0,34.0,1.0,1.0,0.0,-3.0,16.0,0.0,0.0,0.0,0.0,0.0,0.0,0.0,0.0,0.0,0.0,1.0,0.0,0.0,NaN,0.0,0.0,NaN,NaN,NaN,NaN,NaN,NaN,NaN
