132.0,NaN,NaN,24.0,94.0,NaN,NaN,24.0,NaN,NaN,NaN,24.0,91.0,NaN,NaN,24.0,56.0,NaN,NaN,24.0,45.0,NaN,NaN,24.0,33.0,NaN,NaN,24.0,NaN,NaN,NaN,24.0,-2.0,NaN,NaN,24.0,19.0,NaN,NaN,24.0,0.7,NaN,NaN,24.0,7.43,NaN,NaN,24.0,31.0,NaN,NaN,24.0,NaN,NaN,NaN,24.0,NaN,NaN,NaN,24.0,5.0,NaN,NaN,24.0,NaN,NaN,NaN,24.0,9.0,NaN,NaN,24.0,111.0,NaN,NaN,24.0,0.6,NaN,NaN,24.0,NaN,NaN,NaN,24.0,100.0,NaN,NaN,24.0,4.3,NaN,NaN,24.0,1.4,NaN,NaN,24.0,2.8,NaN,NaN,24.0,3.45,NaN,NaN,24.0,NaN,NaN,NaN,24.0,0.01,NaN,NaN,24.0,26.7,NaN,NaN,24.0,9.3,NaN,NaN,24.0,33.9,NaN,NaN,24.0,22.5,NaN,NaN,24.0,439.0,NaN,NaN,24.0,225.0,NaN,NaN,24.0,43.0,0.0,1.0,0.0,-4.002222222222223,1.0,0.0,1.0,1.0,1.0,3.0,0.0,0.0,1.0,1.0,0.0,1.0,0.0,0.0,0.0,0.0,0.0,NaN,NaN,NaN,15.0,NaN,NaN,NaN
129.0,NaN,-3.0,0.0,100.0,NaN,6.0,0.0,NaN,NaN,NaN,24.0,105.0,NaN,14.0,0.0,59.0,NaN,3.0,0.0,45.0,NaN,0.0,0.0,28.0,NaN,-5.0,0.0,NaN,NaN,NaN,24.0,-2.0,NaN,0.0,1.0,19.0,NaN,0.0,1.0,0.7,NaN,0.0,0.0,7.43,NaN,0.0,1.0,31.0,NaN,0.0,1.0,NaN,NaN,NaN,24.0,NaN,NaN,NaN,24.0,5.0,NaN,0.0,1.0,NaN,NaN,NaN,24.0,9.0,NaN,0.0,1.0,111.0,NaN,0.0,1.0,0.6,NaN,0.0,1.0,NaN,NaN,NaN,24.0,100.0,NaN,0.0,1.0,4.3,NaN,0.0,1.0,1.4,NaN,0.0,1.0,2.8,NaN,0.0,1.0,3.45,NaN,0.0,1.0,NaN,NaN,NaN,24.0,0.01,NaN,0.0,1.0,26.7,NaN,0.0,1.0,9.3,NaN,0.0,1.0,33.9,NaN,0.0,1.0,22.5,NaN,0.0,1.0,439.0,NaN,0.0,1.0,225.0,NaN,0.0,1.0,43.0,0.0,1.0,0.0,-4.002222222222223,2.0,0.0,1.0,1.0,1.0,2.0,0.0,0.0,1.0,0.0,0.0,1.0,0.0,0.0,0.0,0.0,0.0,NaN,NaN,NaN,15.0,NaN,NaN,NaN
122.0,NaN,-7.0,0.0,99.0,NaN,-1.0,0.0,NaN,NaN,NaN,24.0,100.0,NaN,-5.0,0.0,64.0,NaN,5.0,0.0,54.0,NaN,9.0,0.0,24.0,NaN,-4.0,0.0,NaN,NaN,NaN,24.0,-2.0,NaN,0.0,0.0,19.0,NaN,0.0,2.0,0.7,NaN,0.0,1.0,7.43,NaN,0.0,0.0,30.0,NaN,-0.5,0.0,NaN,NaN,NaN,24.0,NaN,NaN,NaN,24.0,5.0,NaN,0.0,2.0,NaN,NaN,NaN,24.0,9.0,NaN,0.0,2.0,111.0,NaN,0.0,2.0,0.6,NaN,0.0,2.0,NaN,NaN,NaN,24.0,100.0,NaN,0.0,2.0,3.2,NaN,-0.5499999999999998,0.0,1.4,NaN,0.0,2.0,2.8,NaN,0.0,2.0,3.45,NaN,0.0,2.0,NaN,NaN,NaN,24.0,0.01,NaN,0.0,2.0,26.7,NaN,0.0,2.0,9.3,NaN,0.0,2.0,33.9,NaN,0.0,2.0,22.5,NaN,0.0,2.0,439.0,NaN,0.0,2.0,225.0,NaN,0.0,2.0,43.0,0.0,1.0,0.0,-4.002222222222223,3.0,0.0,1.0,1.0,1.0,0.0,0.0,0.0,1.0,1.0,0.0,1.0,0.0,0.0,0.0,0.0,0.0,NaN,NaN,NaN,15.0,NaN,NaN,NaN
123.0,NaN,1.0,0.0,95.0,NaN,-4.0,0.0,37.28,NaN,0.0,0.0,101.0,NaN,1.0,0.0,61.0,NaN,-3.0,0.0,48.0,NaN,-6.0,0.0,23.0,NaN,-1.0,0.0,NaN,NaN,NaN,24.0,-2.0,NaN,0.0,1.0,19.0,NaN,0.0,3.0,0.7,NaN,0.0,2.0,7.43,NaN,0.0,1.0,30.0,NaN,-0.3333333333333333,1.0,NaN,NaN,NaN,24.0,NaN,NaN,NaN,24.0,5.0,NaN,0.0,3.0,NaN,NaN,NaN,24.0,9.0,NaN,0.0,3.0,111.0,NaN,0.0,3.0,0.6,NaN,0.0,3.0,NaN,NaN,NaN,24.0,100.0,NaN,0.0,3.0,3.2,NaN,-0.36666666666666653,1.0,1.4,NaN,0.0,3.0,2.8,NaN,0.0,3.0,3.45,NaN,0.0,3.0,NaN,NaN,NaN,24.0,0.01,NaN,0.0,3.0,26.7,NaN,0.0,3.0,9.3,NaN,0.0,3.0,33.9,NaN,0.0,3.0,22.5,NaN,0.0,3.0,439.0,NaN,0.0,3.0,225.0,NaN,0.0,3.0,43.0,0.0,1.0,0.0,-4.002222222222223,4.0,0.0,1.0,1.0,1.0,0.0,0.0,0.0,1.0,0.0,0.0,1.0,0.0,0.0,0.0,0.0,0.0,NaN,NaN,NaN,15.0,NaN,NaN,NaN
125.0,NaN,2.0,0.0,98.0,NaN,3.0,0.0,37.28,NaN,0.0,1.0,97.0,NaN,-4.0,0.0,56.0,NaN,-5.0,0.0,45.0,NaN,-3.0,0.0,27.0,NaN,4.0,0.0,NaN,NaN,NaN,24.0,-2.0,NaN,0.0,2.0,19.0,NaN,0.0,4.0,0.7,NaN,0.0,3.0,7.43,NaN,0.0,2.0,30.0,NaN,-0.25,2.0,NaN,NaN,NaN,24.0,NaN,NaN,NaN,24.0,5.0,NaN,0.0,4.0,NaN,NaN,NaN,24.0,9.0,NaN,0.0,4.0,111.0,NaN,0.0,4.0,0.6,NaN,0.0,4.0,NaN,NaN,NaN,24.0,100.0,NaN,0.0,4.0,3.2,NaN,-0.2749999999999999,2.0,1.4,NaN,0.0,4.0,2.8,NaN,0.0,4.0,3.45,NaN,0.0,4.0,NaN,NaN,NaN,24.0,0.01,NaN,0.0,4.0,26.7,NaN,0.0,4.0,9.3,NaN,0.0,4.0,33.9,NaN,0.0,4.0,22.5,NaN,0.0,4.0,439.0,NaN,0.0,4.0,225.0,NaN,0.0,4.0,43.0,0.0,1.0,0.0,-4.002222222222223,5.0,0.0,1.0,1.0,1.0,0.0,0.0,0.0,1.0,0.0,0.0,1.0,0.0,0.0,0.0,0.0,0.0,NaN,NaN,NaN,15.0,NaN,NaN,NaN
126.0,NaN,1.0,0.0,98.0,NaN,0.0,0.0,37.28,NaN,0.0,2.0,99.0,NaN,2.0,0.0,56.0,NaN,0.0,0.0,45.0,NaN,0.0,0.0,29.0,NaN,2.0,0.0,NaN,NaN,NaN,24.0,-2.0,NaN,0.0,3.0,19.0,NaN,0.0,5.0,0.7,NaN,0.0,4.0,7.43,NaN,0.0,3.0,30.0,NaN,-0.2,3.0,NaN,NaN,NaN,24.0,NaN,NaN,NaN,24.0,5.0,NaN,0.0,5.0,NaN,NaN,NaN,24.0,9.0,NaN,0.0,5.0,111.0,NaN,0.0,5.0,0.6,NaN,0.0,5.0,NaN,NaN,NaN,24.0,100.0,NaN,0.0,5.0,3.2,NaN,-0.21999999999999992,3.0,1.4,NaN,0.0,5.0,2.8,NaN,0.0,5.0,3.45,NaN,0.0,5.0,NaN,NaN,NaN,24.0,0.01,NaN,0.0,5.0,26.7,NaN,0.0,5.0,9.3,NaN,0.0,5.0,33.9,NaN,0.0,5.0,22.5,NaN,0.0,5.0,439.0,NaN,0.0,5.0,225.0,NaN,0.0,5.0,43.0,0.0,1.0,0.0,-4.002222222222223,6.0,0.0,1.0,1.0,1.0,0.0,0.0,0.0,1.0,0.0,0.0,1.0,0.0,0.0,0.0,0.0,0.0,NaN,NaN,NaN,15.0,NaN,NaN,NaN
126.0,NaN,0.0,0.0,98.0,NaN,0.0,0.0,37.28,NaN,0.0,3.0,112.0,NaN,13.0,0.0,64.0,NaN,8.0,0.0,49.0,NaN,4.0,0.0,27.0,NaN,-2.0,0.0,NaN,NaN,NaN,24.0,-2.0,NaN,0.0,4.0,19.0,NaN,0.0,6.0,0.7,NaN,0.0,5.0,7.43,NaN,0.0,4.0,30.0,NaN,-0.16666666666666666,4.0,NaN,NaN,NaN,24.0,NaN,NaN,NaN,24.0,5.0,NaN,0.0,6.0,NaN,NaN,NaN,24.0,9.0,NaN,0.0,6.0,111.0,NaN,0.0,6.0,0.6,NaN,0.0,6.0,NaN,NaN,NaN,24.0,100.0,NaN,0.0,6.0,3.2,NaN,-0.18333333333333326,4.0,1.4,NaN,0.0,6.0,2.8,NaN,0.0,6.0,3.45,NaN,0.0,6.0,NaN,NaN,NaN,24.0,0.01,NaN,0.0,6.0,26.7,NaN,0.0,6.0,9.3,NaN,0.0,6.0,33.9,NaN,0.0,6.0,22.5,NaN,0.0,6.0,439.0,NaN,0.0,6.0,225.0,NaN,0.0,6.0,43.0,0.0,1.0,0.0,-4.002222222222223,7.0,0.0,1.0,1.0,1.0,0.0,0.0,0.0,1.0,0.0,0.0,1.0,0.0,0.0,0.0,0.0,0.0,NaN,NaN,NaN,15.0,NaN,NaN,NaN
121.0,NaN,-5.0,0.0,97.0,NaN,-1.0,0.0,37.17,NaN,-0.027499999999999858,0.0,117.0,NaN,5.0,0.0,61.0,NaN,-3.0,0.0,42.0,NaN,-7.0,0.0,27.0,NaN,0.0,0.0,NaN,NaN,NaN,24.0,-2.0,NaN,0.0,5.0,19.0,NaN,0.0,7.0,0.7,NaN,0.0,0.0,7.43,NaN,0.0,5.0,30.0,NaN,-0.14285714285714285,5.0,NaN,NaN,NaN,24.0,NaN,NaN,NaN,24.0,5.0,NaN,0.0,7.0,NaN,NaN,NaN,24.0,9.0,NaN,0.0,7.0,111.0,NaN,0.0,7.0,0.6,NaN,0.0,7.0,NaN,NaN,NaN,24.0,100.0,NaN,0.0,7.0,3.2,NaN,-0.15714285714285708,5.0,1.4,NaN,0.0,7.0,2.8,NaN,0.0,7.0,3.45,NaN,0.0,7.0,NaN,NaN,NaN,24.0,0.01,NaN,0.0,7.0,26.7,NaN,0.0,7.0,9.3,NaN,0.0,7.0,33.9,NaN,0.0,7.0,22.5,NaN,0.0,7.0,439.0,NaN,0.0,7.0,225.0,NaN,0.0,7.0,43.0,0.0,1.0,0.0,-4.002222222222223,8.0,0.0,1.0,1.0,1.0,3.0,0.0,0.0,1.0,0.0,0.0,1.0,0.0,0.0,0.0,0.0,0.0,NaN,NaN,NaN,15.0,NaN,NaN,NaN
120.0,NaN,-1.0,0.0,98.0,NaN,1.0,0.0,37.17,NaN,-0.021999999999999888,1.0,100.0,NaN,-17.0,0.0,59.0,NaN,-2.0,0.0,47.0,NaN,5.0,0.0,24.0,NaN,-3.0,0.0,NaN,NaN,NaN,24.0,-2.0,NaN,0.0,6.0,19.0,NaN,0.0,8.0,0.7,NaN,0.0,1.0,7.43,NaN,0.0,6.0,30.0,NaN,-0.125,6.0,NaN,NaN,NaN,24.0,NaN,NaN,NaN,24.0,5.0,NaN,0.0,8.0,NaN,NaN,NaN,24.0,9.0,NaN,0.0,8.0,111.0,NaN,0.0,8.0,0.6,NaN,0.0,8.0,NaN,NaN,NaN,24.0,100.0,NaN,0.0,8.0,3.2,NaN,-0.13749999999999996,6.0,1.4,NaN,0.0,8.0,2.8,NaN,0.0,8.0,3.45,NaN,0.0,8.0,NaN,NaN,NaN,24.0,0.01,NaN,0.0,8.0,26.7,NaN,0.0,8.0,9.3,NaN,0.0,8.0,33.9,NaN,0.0,8.0,22.5,NaN,0.0,8.0,439.0,NaN,0.0,8.0,225.0,NaN,0.0,8.0,43.0,0.0,1.0,0.0,-4.002222222222223,9.0,0.0,1.0,1.0,1.0,0.0,0.0,0.0,1.0,0.0,0.0,1.0,0.0,0.0,0.0,0.0,0.0,NaN,NaN,NaN,15.0,NaN,NaN,NaN
116.0,NaN,-4.0,0.0,98.0,NaN,0.0,0.0,37.17,NaN,-0.01833333333333324,2.0,98.0,NaN,-2.0,0.0,56.0,NaN,-3.0,0.0,44.0,NaN,-3.0,0.0,25.0,NaN,1.0,0.0,NaN,NaN,NaN,24.0,-2.0,NaN,0.0,7.0,19.0,NaN,0.0,9.0,0.7,NaN,0.0,0.0,7.43,NaN,0.0,7.0,30.0,NaN,-0.1111111111111111,7.0,NaN,NaN,NaN,24.0,NaN,NaN,NaN,24.0,5.0,NaN,0.0,9.0,NaN,NaN,NaN,24.0,9.0,NaN,0.0,9.0,111.0,NaN,0.0,9.0,0.6,NaN,0.0,9.0,NaN,NaN,NaN,24.0,100.0,NaN,0.0,9.0,3.2,NaN,-0.12222222222222218,7.0,1.4,NaN,0.0,9.0,2.8,NaN,0.0,9.0,3.45,NaN,0.0,9.0,NaN,NaN,NaN,24.0,0.01,NaN,0.0,9.0,26.7,NaN,0.0,9.0,9.3,NaN,0.0,9.0,33.9,NaN,0.0,9.0,22.5,NaN,0.0,9.0,439.0,NaN,0.0,9.0,225.0,NaN,0.0,9.0,43.0,0.0,1.0,0.0,-4.002222222222223,10.0,0.0,1.0,1.0,1.0,3.0,0.0,0.0,1.0,0.0,0.0,1.0,0.0,0.0,0.0,0.0,0.0,NaN,NaN,NaN,15.0,NaN,NaN,NaN
118.0,NaN,2.0,0.0,95.0,NaN,-3.0,0.0,37.17,NaN,-0.015714285714285632,3.0,112.0,NaN,14.0,0.0,68.0,NaN,12.0,0.0,58.0,NaN,14.0,0.0,16.0,NaN,-9.0,0.0,NaN,NaN,NaN,24.0,-2.0,NaN,0.0,8.0,19.0,NaN,0.0,10.0,0.7,NaN,0.0,1.0,7.43,NaN,0.0,8.0,30.0,NaN,-0.1,8.0,NaN,NaN,NaN,24.0,NaN,NaN,NaN,24.0,5.0,NaN,0.0,10.0,NaN,NaN,NaN,24.0,9.0,NaN,0.0,10.0,111.0,NaN,0.0,10.0,0.6,NaN,0.0,10.0,NaN,NaN,NaN,24.0,100.0,NaN,0.0,10.0,3.2,NaN,-0.10999999999999996,8.0,1.4,NaN,0.0,10.0,2.8,NaN,0.0,10.0,3.45,NaN,0.0,10.0,NaN,NaN,NaN,24.0,0.01,NaN,0.0,10.0,26.7,NaN,0.0,10.0,9.3,NaN,0.0,10.0,33.9,NaN,0.0,10.0,22.5,NaN,0.0,10.0,439.0,NaN,0.0,10.0,225.0,NaN,0.0,10.0,43.0,0.0,1.0,0.0,-4.002222222222223,11.0,0.0,0.0,1.0,1.0,0.0,0.0,0.0,0.0,0.0,0.0,1.0,0.0,0.0,0.0,0.0,0.0,NaN,NaN,NaN,15.0,NaN,NaN,NaN
