NaN,NaN,NaN,24.0,NaN,NaN,NaN,24.0,NaN,NaN,NaN,24.0,NaN,NaN,NaN,24.0,NaN,NaN,NaN,24.0,NaN,NaN,NaN,24.0,NaN,NaN,NaN,24.0,NaN,NaN,NaN,24.0,NaN,NaN,NaN,24.0,NaN,NaN,NaN,24.0,NaN,NaN,NaN,24.0,NaN,NaN,NaN,24.0,NaN,NaN,NaN,24.0,NaN,NaN,NaN,24.0,NaN,NaN,NaN,24.0,NaN,NaN,NaN,24.0,NaN,NaN,NaN,24.0,NaN,NaN,NaN,24.0,NaN,NaN,NaN,24.0,NaN,NaN,NaN,24.0,NaN,NaN,NaN,24.0,NaN,NaN,NaN,24.0,NaN,NaN,NaN,24.0,NaN,NaN,NaN,24.0,NaN,NaN,NaN,24.0,NaN,NaN,NaN,24.0,NaN,NaN,NaN,24.0,NaN,NaN,NaN,24.0,NaN,NaN,NaN,24.0,NaN,NaN,NaN,24.0,NaN,NaN,NaN,24.0,NaN,NaN,NaN,24.0,NaN,NaN,NaN,24.0,NaN,NaN,NaN,24.0,69.0,1.0,0.0,1.0,-3.4877777777777776,1.0,0.0,0.0,0.0,0.0,0.0,0.0,0.0,0.0,0.0,0.0,1.0,0.0,1.0,1.0,1.0,0.0,NaN,9.0,9.0,4.0,NaN,NaN,NaN
NaN,NaN,NaN,24.0,NaN,NaN,NaN,24.0,NaN,NaN,NaN,24.0,NaN,NaN,NaN,24.0,NaN,NaN,NaN,24.0,NaN,NaN,NaN,24.0,NaN,NaN,NaN,24.0,NaN,NaN,NaN,24.0,NaN,NaN,NaN,24.0,NaN,NaN,NaN,24.0,NaN,NaN,NaN,24.0,NaN,NaN,NaN,24.0,NaN,NaN,NaN,24.0,NaN,NaN,NaN,24.0,NaN,NaN,NaN,24.0,NaN,NaN,NaN,24.0,NaN,NaN,NaN,24.0,NaN,NaN,NaN,24.0,NaN,NaN,NaN,24.0,NaN,NaN,NaN,24.0,NaN,NaN,NaN,24.0,NaN,NaN,NaN,24.0,NaN,NaN,NaN,24.0,NaN,NaN,NaN,24.0,NaN,NaN,NaN,24.0,NaN,NaN,NaN,24.0,NaN,NaN,NaN,24.0,NaN,NaN,NaN,24.0,NaN,NaN,NaN,24.0,NaN,NaN,NaN,24.0,NaN,NaN,NaN,24.0,NaN,NaN,NaN,24.0,NaN,NaN,NaN,24.0,NaN,NaN,NaN,24.0,69.0,1.0,0.0,1.0,-3.4877777777777776,2.0,0.0,0.0,0.0,0.0,0.0,0.0,0.0,0.0,0.0,0.0,1.0,0.0,1.0,1.0,1.0,0.0,NaN,9.0,9.0,4.0,NaN,NaN,NaN
107.2,NaN,0.0,0.0,96.0,NaN,0.0,0.0,39.56,NaN,0.0,0.0,92.0,NaN,0.0,0.0,56.0,NaN,0.0,0.0,44.0,NaN,0.0,0.0,30.0,NaN,0.0,0.0,NaN,NaN,NaN,24.0,NaN,NaN,NaN,24.0,NaN,NaN,NaN,24.0,NaN,NaN,NaN,24.0,NaN,NaN,NaN,24.0,NaN,NaN,NaN,24.0,NaN,NaN,NaN,24.0,NaN,NaN,NaN,24.0,NaN,NaN,NaN,24.0,NaN,NaN,NaN,24.0,NaN,NaN,NaN,24.0,NaN,NaN,NaN,24.0,NaN,NaN,NaN,24.0,NaN,NaN,NaN,24.0,NaN,NaN,NaN,24.0,NaN,NaN,NaN,24.0,NaN,NaN,NaN,24.0,NaN,NaN,NaN,24.0,NaN,NaN,NaN,24.0,NaN,NaN,NaN,24.0,NaN,NaN,NaN,24.0,NaN,NaN,NaN,24.0,NaN,NaN,NaN,24.0,NaN,NaN,NaN,24.0,NaN,NaN,NaN,24.0,NaN,NaN,NaN,24.0,NaN,NaN,NaN,24.0,69.0,1.0,0.0,1.0,-3.4877777777777776,3.0,1.0,1.0,1.0,0.0,0.0,0.0,0.0,1.0,0.0,0.0,1.0,0.0,1.0,1.0,1.0,0.0,NaN,9.0,9.0,4.0,NaN,NaN,NaN
108.714285714286,NaN,1.5142857142860038,0.0,97.25,NaN,1.25,0.0,39.56,NaN,0.0,1.0,89.5,NaN,-2.5,0.0,55.5,NaN,-0.5,0.0,45.75,NaN,1.75,0.0,29.0,NaN,-1.0,0.0,NaN,NaN,NaN,24.0,1.0,NaN,0.0,0.0,26.0,NaN,0.0,0.0,NaN,NaN,NaN,24.0,7.5,NaN,0.0,0.0,31.0,NaN,0.0,0.0,89.0,NaN,0.0,0.0,NaN,NaN,NaN,24.0,49.0,NaN,0.0,0.0,NaN,NaN,NaN,24.0,8.1,NaN,0.0,0.0,106.0,NaN,0.0,0.0,3.7,NaN,0.0,0.0,NaN,NaN,NaN,24.0,85.0,NaN,0.0,0.0,0.7,NaN,0.0,0.0,2.0,NaN,0.0,0.0,3.7,NaN,0.0,0.0,5.5,NaN,0.0,0.0,NaN,NaN,NaN,24.0,NaN,NaN,NaN,24.0,27.5,NaN,0.0,0.0,9.0,NaN,0.0,0.0,34.7,NaN,0.0,0.0,36.1,NaN,0.0,0.0,NaN,NaN,NaN,24.0,53.0,NaN,0.0,0.0,69.0,1.0,0.0,1.0,-3.4877777777777776,4.0,1.0,1.0,1.0,1.0,0.0,2.0,0.0,1.0,0.0,3.0,1.0,0.0,1.0,1.0,1.0,0.0,NaN,9.0,9.0,4.0,NaN,NaN,NaN
114.0,NaN,5.285714285713993,0.0,98.2,NaN,0.9500000000000028,0.0,39.56,NaN,0.0,2.0,86.1666666666667,NaN,-3.3333333333333,0.0,52.8333333333333,NaN,-2.6666666666667,0.0,43.8333333333333,NaN,-1.9166666666666998,0.0,31.1666666666667,NaN,2.1666666666667,0.0,NaN,NaN,NaN,24.0,1.0,NaN,0.0,1.0,26.0,NaN,0.0,1.0,NaN,NaN,NaN,24.0,7.5,NaN,0.0,1.0,31.0,NaN,0.0,1.0,89.0,NaN,0.0,1.0,NaN,NaN,NaN,24.0,49.0,NaN,0.0,1.0,NaN,NaN,NaN,24.0,8.1,NaN,0.0,1.0,106.0,NaN,0.0,1.0,3.7,NaN,0.0,1.0,NaN,NaN,NaN,24.0,85.0,NaN,0.0,1.0,0.7,NaN,0.0,1.0,2.0,NaN,0.0,1.0,3.7,NaN,0.0,1.0,5.5,NaN,0.0,1.0,NaN,NaN,NaN,24.0,NaN,NaN,NaN,24.0,27.5,NaN,0.0,1.0,9.0,NaN,0.0,1.0,34.7,NaN,0.0,1.0,36.1,NaN,0.0,1.0,NaN,NaN,NaN,24.0,53.0,NaN,0.0,1.0,69.0,1.0,0.0,1.0,-3.4877777777777776,5.0,1.0,1.0,1.0,1.0,0.0,0.0,0.0,1.0,0.0,0.0,1.0,0.0,1.0,1.0,1.0,0.0,NaN,9.0,9.0,4.0,NaN,NaN,NaN
124.25,NaN,10.25,0.0,99.6,NaN,1.3999999999999915,0.0,38.665,NaN,-0.2983333333333344,0.0,87.3,NaN,1.1333333333332973,0.0,58.5,NaN,5.6666666666667,0.0,49.9,NaN,6.066666666666698,0.0,20.7083333333333,NaN,-10.4583333333334,0.0,NaN,NaN,NaN,24.0,1.0,NaN,0.0,2.0,26.0,NaN,0.0,2.0,1.0,NaN,0.0,0.0,7.5,NaN,0.0,2.0,31.0,NaN,0.0,2.0,89.0,NaN,0.0,2.0,NaN,NaN,NaN,24.0,49.0,NaN,0.0,2.0,NaN,NaN,NaN,24.0,8.1,NaN,0.0,2.0,106.0,NaN,0.0,2.0,3.7,NaN,0.0,2.0,NaN,NaN,NaN,24.0,85.0,NaN,0.0,2.0,0.7,NaN,0.0,2.0,2.0,NaN,0.0,2.0,3.7,NaN,0.0,2.0,5.5,NaN,0.0,2.0,NaN,NaN,NaN,24.0,NaN,NaN,NaN,24.0,27.5,NaN,0.0,2.0,9.0,NaN,0.0,2.0,34.7,NaN,0.0,2.0,36.1,NaN,0.0,2.0,NaN,NaN,NaN,24.0,53.0,NaN,0.0,2.0,69.0,1.0,0.0,1.0,-3.4877777777777776,6.0,1.0,1.0,1.0,1.0,3.0,0.0,0.0,1.0,0.0,0.0,1.0,1.0,1.0,1.0,1.0,0.0,NaN,9.0,9.0,4.0,NaN,NaN,NaN
144.8,NaN,20.55000000000001,0.0,100.0,NaN,0.4000000000000057,0.0,39.5,NaN,0.8350000000000009,0.0,102.2,NaN,14.900000000000006,0.0,65.0,NaN,6.5,0.0,54.2,NaN,4.300000000000004,0.0,24.3333333333333,NaN,3.625,0.0,NaN,NaN,NaN,24.0,1.0,NaN,0.0,3.0,26.0,NaN,0.0,3.0,1.0,NaN,0.0,0.0,7.5,NaN,0.0,3.0,31.0,NaN,0.0,3.0,89.0,NaN,0.0,3.0,NaN,NaN,NaN,24.0,49.0,NaN,0.0,3.0,NaN,NaN,NaN,24.0,8.1,NaN,0.0,3.0,106.0,NaN,0.0,3.0,3.7,NaN,0.0,3.0,NaN,NaN,NaN,24.0,85.0,NaN,0.0,3.0,0.7,NaN,0.0,3.0,2.0,NaN,0.0,3.0,3.7,NaN,0.0,3.0,5.5,NaN,0.0,3.0,NaN,NaN,NaN,24.0,NaN,NaN,NaN,24.0,27.5,NaN,0.0,3.0,9.0,NaN,0.0,3.0,34.7,NaN,0.0,3.0,36.1,NaN,0.0,3.0,NaN,NaN,NaN,24.0,53.0,NaN,0.0,3.0,69.0,1.0,0.0,1.0,-3.4877777777777776,7.0,1.0,1.0,1.0,1.0,3.0,0.0,0.0,1.0,0.0,0.0,1.0,1.0,1.0,1.0,1.0,0.0,NaN,9.0,9.0,4.0,NaN,NaN,NaN
144.0,NaN,-0.8000000000000114,0.0,100.0,NaN,0.0,0.0,39.0,NaN,-0.5,0.0,87.5,NaN,-14.700000000000003,0.0,48.0,NaN,-17.0,0.0,45.0,NaN,-9.200000000000003,0.0,32.0,NaN,7.6666666666667,0.0,NaN,NaN,NaN,24.0,1.0,NaN,0.0,4.0,26.0,NaN,0.0,4.0,1.0,NaN,0.0,0.0,7.5,NaN,0.0,4.0,31.0,NaN,0.0,4.0,89.0,NaN,0.0,4.0,NaN,NaN,NaN,24.0,49.0,NaN,0.0,4.0,NaN,NaN,NaN,24.0,8.1,NaN,0.0,4.0,106.0,NaN,0.0,4.0,3.7,NaN,0.0,4.0,NaN,NaN,NaN,24.0,85.0,NaN,0.0,4.0,0.7,NaN,0.0,4.0,2.0,NaN,0.0,4.0,3.7,NaN,0.0,4.0,5.5,NaN,0.0,4.0,NaN,NaN,NaN,24.0,NaN,NaN,NaN,24.0,27.5,NaN,0.0,4.0,9.0,NaN,0.0,4.0,34.7,NaN,0.0,4.0,36.1,NaN,0.0,4.0,NaN,NaN,NaN,24.0,53.0,NaN,0.0,4.0,69.0,1.0,0.0,1.0,-3.4877777777777776,8.0,1.0,1.0,1.0,1.0,3.0,0.0,0.0,1.0,0.0,0.0,1.0,1.0,1.0,1.0,1.0,0.0,NaN,9.0,9.0,4.0,NaN,NaN,NaN
134.0,NaN,-10.0,0.0,99.0,NaN,-1.0,0.0,38.9,NaN,-0.10000000000000142,0.0,76.0,NaN,-11.5,0.0,64.0,NaN,16.0,0.0,59.0,NaN,14.0,0.0,36.0,NaN,4.0,0.0,NaN,NaN,NaN,24.0,-3.0,NaN,-0.8,0.0,24.0,NaN,-0.4,0.0,1.0,NaN,0.0,1.0,7.3,NaN,-0.040000000000000036,0.0,45.0,NaN,2.8,0.0,98.0,NaN,1.8,0.0,NaN,NaN,NaN,24.0,52.0,NaN,0.6,0.0,NaN,NaN,NaN,24.0,7.1,NaN,-0.2,0.0,110.0,NaN,0.8,0.0,3.6,NaN,-0.020000000000000018,0.0,NaN,NaN,NaN,24.0,82.5,NaN,-0.5,0.0,1.5,NaN,0.16,0.0,1.7,NaN,-0.06000000000000001,0.0,4.3,NaN,0.11999999999999993,0.0,4.95,NaN,-0.10999999999999996,0.0,NaN,NaN,NaN,24.0,NaN,NaN,NaN,24.0,27.5,NaN,0.0,5.0,9.0,NaN,0.0,5.0,34.7,NaN,0.0,5.0,36.1,NaN,0.0,5.0,NaN,NaN,NaN,24.0,53.0,NaN,0.0,5.0,69.0,1.0,0.0,1.0,-3.4877777777777776,9.0,1.0,1.0,1.0,1.0,0.0,0.0,0.0,1.0,0.0,3.0,1.0,1.0,1.0,1.0,1.0,0.0,NaN,9.0,9.0,4.0,NaN,NaN,NaN
148.0,NaN,14.0,0.0,98.0,NaN,-1.0,0.0,38.9,NaN,-0.05000000000000071,1.0,82.5,NaN,6.5,0.0,60.5,NaN,-3.5,0.0,51.5,NaN,-7.5,0.0,26.0,NaN,-10.0,0.0,NaN,NaN,NaN,24.0,-3.0,NaN,0.0,0.0,24.0,NaN,-0.3333333333333333,1.0,1.0,NaN,0.0,2.0,7.35,NaN,0.04999999999999982,0.0,38.0,NaN,-7.0,0.0,77.0,NaN,-21.0,0.0,NaN,NaN,NaN,24.0,52.0,NaN,0.5,1.0,NaN,NaN,NaN,24.0,7.1,NaN,-0.16666666666666666,1.0,110.0,NaN,0.6666666666666666,1.0,3.6,NaN,-0.01666666666666668,1.0,NaN,NaN,NaN,24.0,82.5,NaN,-0.4166666666666667,1.0,1.5,NaN,0.13333333333333333,1.0,1.7,NaN,-0.05000000000000001,1.0,4.3,NaN,0.09999999999999994,1.0,4.95,NaN,-0.09166666666666663,1.0,NaN,NaN,NaN,24.0,NaN,NaN,NaN,24.0,27.5,NaN,0.0,6.0,9.0,NaN,0.0,6.0,34.7,NaN,0.0,6.0,36.1,NaN,0.0,6.0,NaN,NaN,NaN,24.0,53.0,NaN,0.0,6.0,69.0,1.0,0.0,1.0,-3.4877777777777776,10.0,1.0,1.0,1.0,1.0,0.0,0.0,0.0,1.0,0.0,0.0,1.0,1.0,1.0,1.0,1.0,0.0,NaN,9.0,9.0,4.0,NaN,NaN,NaN
131.0,NaN,-17.0,0.0,100.0,NaN,2.0,0.0,38.7,NaN,-0.09999999999999787,0.0,82.0,NaN,-0.5,0.0,61.3333333333333,NaN,0.8333333333333002,0.0,50.3333333333333,NaN,-1.1666666666666998,0.0,30.8333333333333,NaN,4.8333333333333,0.0,NaN,NaN,NaN,24.0,-3.0,NaN,0.0,1.0,24.0,NaN,-0.2857142857142857,2.0,1.0,NaN,0.0,0.0,7.35,NaN,0.02499999999999991,1.0,38.0,NaN,-3.5,1.0,77.0,NaN,-10.5,1.0,NaN,NaN,NaN,24.0,52.0,NaN,0.42857142857142855,2.0,NaN,NaN,NaN,24.0,7.1,NaN,-0.14285714285714285,2.0,110.0,NaN,0.5714285714285714,2.0,3.6,NaN,-0.0142857142857143,2.0,NaN,NaN,NaN,24.0,82.5,NaN,-0.35714285714285715,2.0,1.5,NaN,0.1142857142857143,2.0,1.7,NaN,-0.042857142857142864,2.0,4.3,NaN,0.08571428571428566,2.0,4.95,NaN,-0.07857142857142854,2.0,NaN,NaN,NaN,24.0,NaN,NaN,NaN,24.0,27.5,NaN,0.0,7.0,9.0,NaN,0.0,7.0,34.7,NaN,0.0,7.0,36.1,NaN,0.0,7.0,NaN,NaN,NaN,24.0,53.0,NaN,0.0,7.0,69.0,1.0,0.0,1.0,-3.4877777777777776,11.0,1.0,1.0,1.0,1.0,3.0,0.0,0.0,1.0,0.0,0.0,1.0,1.0,1.0,1.0,1.0,0.0,NaN,9.0,9.0,4.0,NaN,NaN,NaN
133.0,NaN,2.0,0.0,99.0,NaN,-1.0,0.0,38.7,NaN,-0.06666666666666525,1.0,88.0,NaN,6.0,0.0,67.0,NaN,5.6666666666667,0.0,56.0,NaN,5.6666666666667,0.0,25.0,NaN,-5.8333333333333,0.0,NaN,NaN,NaN,24.0,-3.0,NaN,0.0,2.0,24.0,NaN,-0.25,3.0,1.0,NaN,0.0,1.0,7.35,NaN,0.016666666666666607,2.0,38.0,NaN,-2.3333333333333335,2.0,77.0,NaN,-7.0,2.0,NaN,NaN,NaN,24.0,52.0,NaN,0.375,3.0,NaN,NaN,NaN,24.0,7.1,NaN,-0.125,3.0,110.0,NaN,0.5,3.0,3.6,NaN,-0.012500000000000011,3.0,NaN,NaN,NaN,24.0,82.5,NaN,-0.3125,3.0,1.5,NaN,0.1,3.0,1.7,NaN,-0.037500000000000006,3.0,4.3,NaN,0.07499999999999996,3.0,4.95,NaN,-0.06874999999999998,3.0,NaN,NaN,NaN,24.0,NaN,NaN,NaN,24.0,27.5,NaN,0.0,8.0,9.0,NaN,0.0,8.0,34.7,NaN,0.0,8.0,36.1,NaN,0.0,8.0,NaN,NaN,NaN,24.0,53.0,NaN,0.0,8.0,69.0,1.0,0.0,1.0,-3.4877777777777776,12.0,1.0,1.0,1.0,1.0,0.0,0.0,0.0,1.0,0.0,0.0,1.0,1.0,1.0,1.0,1.0,0.0,NaN,9.0,9.0,4.0,NaN,NaN,NaN
121.0,NaN,-12.0,0.0,100.0,NaN,1.0,0.0,39.1,NaN,0.1999999999999993,0.0,70.0,NaN,-18.0,0.0,54.0,NaN,-13.0,0.0,45.0,NaN,-11.0,0.0,17.0,NaN,-8.0,0.0,NaN,NaN,NaN,24.0,-3.0,NaN,0.0,3.0,24.0,NaN,-0.2222222222222222,4.0,1.0,NaN,0.0,2.0,7.35,NaN,0.012499999999999956,3.0,38.0,NaN,-1.75,3.0,77.0,NaN,-5.25,3.0,NaN,NaN,NaN,24.0,52.0,NaN,0.3333333333333333,4.0,NaN,NaN,NaN,24.0,7.1,NaN,-0.1111111111111111,4.0,110.0,NaN,0.4444444444444444,4.0,3.6,NaN,-0.01111111111111112,4.0,NaN,NaN,NaN,24.0,82.5,NaN,-0.2777777777777778,4.0,1.5,NaN,0.08888888888888889,4.0,1.7,NaN,-0.03333333333333334,4.0,4.3,NaN,0.06666666666666662,4.0,4.95,NaN,-0.06111111111111109,4.0,NaN,NaN,NaN,24.0,NaN,NaN,NaN,24.0,27.5,NaN,0.0,9.0,9.0,NaN,0.0,9.0,34.7,NaN,0.0,9.0,36.1,NaN,0.0,9.0,NaN,NaN,NaN,24.0,53.0,NaN,0.0,9.0,69.0,1.0,0.0,1.0,-3.4877777777777776,13.0,1.0,0.0,1.0,1.0,0.0,0.0,0.0,1.0,0.0,0.0,1.0,1.0,1.0,1.0,1.0,0.0,NaN,9.0,9.0,4.0,NaN,NaN,NaN
