76.0,NaN,NaN,24.0,94.0,NaN,NaN,24.0,35.94,NaN,NaN,24.0,142.0,NaN,NaN,24.0,106.0,NaN,NaN,24.0,92.0,NaN,NaN,24.0,20.5,NaN,NaN,24.0,NaN,NaN,NaN,24.0,-7.0,NaN,NaN,24.0,NaN,NaN,NaN,24.0,NaN,NaN,NaN,24.0,7.36,NaN,NaN,24.0,29.0,NaN,NaN,24.0,NaN,NaN,NaN,24.0,NaN,NaN,NaN,24.0,NaN,NaN,NaN,24.0,NaN,NaN,NaN,24.0,NaN,NaN,NaN,24.0,NaN,NaN,NaN,24.0,NaN,NaN,NaN,24.0,NaN,NaN,NaN,24.0,NaN,NaN,NaN,24.0,10.5,NaN,NaN,24.0,NaN,NaN,NaN,24.0,NaN,NaN,NaN,24.0,NaN,NaN,NaN,24.0,NaN,NaN,NaN,24.0,NaN,NaN,NaN,24.0,NaN,NaN,NaN,24.0,NaN,NaN,NaN,24.0,NaN,NaN,NaN,24.0,NaN,NaN,NaN,24.0,NaN,NaN,NaN,24.0,NaN,NaN,NaN,24.0,61.0,1.0,1.0,0.0,-8.316666666666666,1.0,1.0,1.0,0.0,0.0,0.0,0.0,0.0,0.0,1.0,0.0,1.0,0.0,0.0,0.0,0.0,0.0,NaN,NaN,NaN,-116.0,NaN,NaN,NaN
74.0,NaN,-2.0,0.0,99.0,NaN,5.0,0.0,35.94,NaN,0.0,1.0,130.0,NaN,-12.0,0.0,111.0,NaN,5.0,0.0,104.0,NaN,12.0,0.0,14.0,NaN,-6.5,0.0,NaN,NaN,NaN,24.0,-7.0,NaN,0.0,1.0,NaN,NaN,NaN,24.0,NaN,NaN,NaN,24.0,7.36,NaN,0.0,1.0,29.0,NaN,0.0,1.0,NaN,NaN,NaN,24.0,NaN,NaN,NaN,24.0,NaN,NaN,NaN,24.0,NaN,NaN,NaN,24.0,NaN,NaN,NaN,24.0,NaN,NaN,NaN,24.0,NaN,NaN,NaN,24.0,NaN,NaN,NaN,24.0,NaN,NaN,NaN,24.0,10.5,NaN,0.0,1.0,NaN,NaN,NaN,24.0,NaN,NaN,NaN,24.0,NaN,NaN,NaN,24.0,NaN,NaN,NaN,24.0,0.04,NaN,0.0,0.0,NaN,NaN,NaN,24.0,NaN,NaN,NaN,24.0,NaN,NaN,NaN,24.0,NaN,NaN,NaN,24.0,NaN,NaN,NaN,24.0,NaN,NaN,NaN,24.0,61.0,1.0,1.0,0.0,-8.316666666666666,2.0,1.0,0.0,0.0,0.0,0.0,0.0,0.0,0.0,0.0,0.0,1.0,0.0,0.0,0.0,0.0,0.0,NaN,NaN,NaN,-116.0,NaN,NaN,NaN
75.0,NaN,1.0,0.0,97.0,NaN,-2.0,0.0,35.94,NaN,0.0,2.0,111.0,NaN,-19.0,0.0,77.0,NaN,-34.0,0.0,72.0,NaN,-32.0,0.0,14.0,NaN,0.0,0.0,NaN,NaN,NaN,24.0,-7.0,NaN,0.0,2.0,NaN,NaN,NaN,24.0,NaN,NaN,NaN,24.0,7.36,NaN,0.0,2.0,29.0,NaN,0.0,2.0,NaN,NaN,NaN,24.0,NaN,NaN,NaN,24.0,NaN,NaN,NaN,24.0,NaN,NaN,NaN,24.0,NaN,NaN,NaN,24.0,NaN,NaN,NaN,24.0,NaN,NaN,NaN,24.0,NaN,NaN,NaN,24.0,NaN,NaN,NaN,24.0,10.5,NaN,0.0,2.0,NaN,NaN,NaN,24.0,NaN,NaN,NaN,24.0,NaN,NaN,NaN,24.0,NaN,NaN,NaN,24.0,0.04,NaN,0.0,1.0,NaN,NaN,NaN,24.0,NaN,NaN,NaN,24.0,NaN,NaN,NaN,24.0,NaN,NaN,NaN,24.0,NaN,NaN,NaN,24.0,NaN,NaN,NaN,24.0,61.0,1.0,1.0,0.0,-8.316666666666666,3.0,1.0,0.0,0.0,0.0,0.0,0.0,0.0,0.0,0.0,0.0,1.0,0.0,0.0,0.0,0.0,0.0,NaN,NaN,NaN,-116.0,NaN,NaN,NaN
77.0,NaN,2.0,0.0,97.0,NaN,-1.0,1.0,35.94,NaN,0.0,3.0,109.0,NaN,-2.0,0.0,77.0,NaN,0.0,0.0,66.0,NaN,-6.0,0.0,13.0,NaN,-1.0,0.0,NaN,NaN,NaN,24.0,-7.0,NaN,0.0,3.0,NaN,NaN,NaN,24.0,NaN,NaN,NaN,24.0,7.36,NaN,0.0,3.0,29.0,NaN,0.0,3.0,NaN,NaN,NaN,24.0,NaN,NaN,NaN,24.0,NaN,NaN,NaN,24.0,NaN,NaN,NaN,24.0,NaN,NaN,NaN,24.0,NaN,NaN,NaN,24.0,NaN,NaN,NaN,24.0,NaN,NaN,NaN,24.0,NaN,NaN,NaN,24.0,10.5,NaN,0.0,3.0,NaN,NaN,NaN,24.0,NaN,NaN,NaN,24.0,NaN,NaN,NaN,24.0,NaN,NaN,NaN,24.0,0.04,NaN,0.0,2.0,NaN,NaN,NaN,24.0,NaN,NaN,NaN,24.0,NaN,NaN,NaN,24.0,NaN,NaN,NaN,24.0,NaN,NaN,NaN,24.0,NaN,NaN,NaN,24.0,61.0,1.0,1.0,0.0,-8.316666666666666,4.0,1.0,0.0,0.0,0.0,0.0,0.0,0.0,0.0,0.0,0.0,1.0,0.0,0.0,0.0,0.0,0.0,NaN,NaN,NaN,-116.0,NaN,NaN,NaN
81.0,NaN,4.0,0.0,97.0,NaN,0.0,0.0,36.33,NaN,0.09750000000000014,0.0,117.0,NaN,8.0,0.0,79.0,NaN,2.0,0.0,67.0,NaN,1.0,0.0,18.0,NaN,5.0,0.0,NaN,NaN,NaN,24.0,-7.0,NaN,0.0,4.0,NaN,NaN,NaN,24.0,NaN,NaN,NaN,24.0,7.36,NaN,0.0,4.0,29.0,NaN,0.0,4.0,NaN,NaN,NaN,24.0,NaN,NaN,NaN,24.0,NaN,NaN,NaN,24.0,NaN,NaN,NaN,24.0,NaN,NaN,NaN,24.0,NaN,NaN,NaN,24.0,NaN,NaN,NaN,24.0,NaN,NaN,NaN,24.0,NaN,NaN,NaN,24.0,10.5,NaN,0.0,4.0,NaN,NaN,NaN,24.0,NaN,NaN,NaN,24.0,NaN,NaN,NaN,24.0,NaN,NaN,NaN,24.0,0.04,NaN,0.0,3.0,NaN,NaN,NaN,24.0,NaN,NaN,NaN,24.0,NaN,NaN,NaN,24.0,NaN,NaN,NaN,24.0,NaN,NaN,NaN,24.0,NaN,NaN,NaN,24.0,61.0,1.0,1.0,0.0,-8.316666666666666,5.0,0.0,0.0,0.0,0.0,0.0,0.0,0.0,0.0,0.0,0.0,1.0,0.0,0.0,0.0,0.0,0.0,NaN,NaN,NaN,-116.0,NaN,NaN,NaN
81.0,NaN,0.0,0.0,73.0,NaN,-24.0,0.0,36.33,NaN,0.07800000000000011,1.0,116.0,NaN,-1.0,0.0,90.0,NaN,11.0,0.0,82.0,NaN,15.0,0.0,26.0,NaN,8.0,0.0,NaN,NaN,NaN,24.0,-1.0,NaN,1.2,0.0,NaN,NaN,NaN,24.0,NaN,NaN,NaN,24.0,7.47,NaN,0.021999999999999888,0.0,31.0,NaN,0.4,0.0,45.0,NaN,0.0,0.0,NaN,NaN,NaN,24.0,NaN,NaN,NaN,24.0,NaN,NaN,NaN,24.0,NaN,NaN,NaN,24.0,NaN,NaN,NaN,24.0,NaN,NaN,NaN,24.0,NaN,NaN,NaN,24.0,NaN,NaN,NaN,24.0,6.0,NaN,-0.9,0.0,NaN,NaN,NaN,24.0,NaN,NaN,NaN,24.0,NaN,NaN,NaN,24.0,NaN,NaN,NaN,24.0,0.04,NaN,0.0,4.0,NaN,NaN,NaN,24.0,NaN,NaN,NaN,24.0,NaN,NaN,NaN,24.0,NaN,NaN,NaN,24.0,NaN,NaN,NaN,24.0,NaN,NaN,NaN,24.0,61.0,1.0,1.0,0.0,-8.316666666666666,6.0,0.0,1.0,0.0,0.0,0.0,0.0,0.0,0.0,1.0,0.0,1.0,0.0,0.0,0.0,0.0,0.0,NaN,NaN,NaN,-116.0,NaN,NaN,NaN
82.0,NaN,1.0,0.0,93.0,NaN,20.0,0.0,36.33,NaN,0.0650000000000001,2.0,102.0,NaN,-14.0,0.0,75.0,NaN,-15.0,0.0,67.0,NaN,-15.0,0.0,24.0,NaN,-2.0,0.0,NaN,NaN,NaN,24.0,-1.0,NaN,1.0,1.0,NaN,NaN,NaN,24.0,NaN,NaN,NaN,24.0,7.47,NaN,0.01833333333333324,1.0,31.0,NaN,0.3333333333333333,1.0,45.0,NaN,0.0,1.0,NaN,NaN,NaN,24.0,NaN,NaN,NaN,24.0,NaN,NaN,NaN,24.0,NaN,NaN,NaN,24.0,NaN,NaN,NaN,24.0,NaN,NaN,NaN,24.0,NaN,NaN,NaN,24.0,NaN,NaN,NaN,24.0,6.0,NaN,-0.75,1.0,NaN,NaN,NaN,24.0,NaN,NaN,NaN,24.0,NaN,NaN,NaN,24.0,NaN,NaN,NaN,24.0,0.04,NaN,0.0,5.0,NaN,NaN,NaN,24.0,NaN,NaN,NaN,24.0,NaN,NaN,NaN,24.0,NaN,NaN,NaN,24.0,NaN,NaN,NaN,24.0,NaN,NaN,NaN,24.0,61.0,1.0,1.0,0.0,-8.316666666666666,7.0,0.0,1.0,0.0,0.0,0.0,0.0,0.0,0.0,0.0,0.0,1.0,0.0,0.0,0.0,0.0,0.0,NaN,NaN,NaN,-116.0,NaN,NaN,NaN
81.0,NaN,-1.0,0.0,99.0,NaN,6.0,0.0,36.33,NaN,0.05571428571428579,3.0,96.0,NaN,-6.0,0.0,70.0,NaN,-5.0,0.0,60.0,NaN,-7.0,0.0,15.0,NaN,-9.0,0.0,NaN,NaN,NaN,24.0,-1.0,NaN,0.8571428571428571,2.0,NaN,NaN,NaN,24.0,NaN,NaN,NaN,24.0,7.47,NaN,0.015714285714285632,2.0,31.0,NaN,0.2857142857142857,2.0,45.0,NaN,0.0,2.0,NaN,NaN,NaN,24.0,NaN,NaN,NaN,24.0,NaN,NaN,NaN,24.0,NaN,NaN,NaN,24.0,NaN,NaN,NaN,24.0,NaN,NaN,NaN,24.0,NaN,NaN,NaN,24.0,NaN,NaN,NaN,24.0,6.0,NaN,-0.6428571428571429,2.0,NaN,NaN,NaN,24.0,NaN,NaN,NaN,24.0,NaN,NaN,NaN,24.0,NaN,NaN,NaN,24.0,0.04,NaN,0.0,6.0,NaN,NaN,NaN,24.0,NaN,NaN,NaN,24.0,NaN,NaN,NaN,24.0,NaN,NaN,NaN,24.0,NaN,NaN,NaN,24.0,NaN,NaN,NaN,24.0,61.0,1.0,1.0,0.0,-8.316666666666666,8.0,0.0,0.0,0.0,0.0,0.0,0.0,0.0,0.0,0.0,0.0,1.0,0.0,0.0,0.0,0.0,0.0,NaN,NaN,NaN,-116.0,NaN,NaN,NaN
83.0,NaN,2.0,0.0,98.0,NaN,-1.0,0.0,36.61,NaN,0.07000000000000028,0.0,105.0,NaN,9.0,0.0,81.0,NaN,11.0,0.0,73.0,NaN,13.0,0.0,15.0,NaN,0.0,0.0,NaN,NaN,NaN,24.0,3.0,NaN,1.3333333333333333,0.0,NaN,NaN,NaN,24.0,NaN,NaN,NaN,24.0,7.53,NaN,0.020000000000000167,0.0,31.0,NaN,0.0,0.0,68.0,NaN,7.666666666666667,0.0,NaN,NaN,NaN,24.0,NaN,NaN,NaN,24.0,NaN,NaN,NaN,24.0,NaN,NaN,NaN,24.0,NaN,NaN,NaN,24.0,NaN,NaN,NaN,24.0,NaN,NaN,NaN,24.0,NaN,NaN,NaN,24.0,3.4,NaN,-0.8666666666666667,0.0,NaN,NaN,NaN,24.0,NaN,NaN,NaN,24.0,NaN,NaN,NaN,24.0,NaN,NaN,NaN,24.0,0.04,NaN,0.0,7.0,NaN,NaN,NaN,24.0,NaN,NaN,NaN,24.0,NaN,NaN,NaN,24.0,NaN,NaN,NaN,24.0,NaN,NaN,NaN,24.0,NaN,NaN,NaN,24.0,61.0,1.0,1.0,0.0,-8.316666666666666,9.0,0.0,0.0,0.0,0.0,0.0,0.0,0.0,0.0,1.0,0.0,1.0,0.0,0.0,0.0,0.0,0.0,NaN,NaN,NaN,-116.0,NaN,NaN,NaN
85.0,NaN,2.0,0.0,95.0,NaN,-3.0,0.0,36.61,NaN,0.05600000000000023,1.0,100.0,NaN,-5.0,0.0,78.0,NaN,-3.0,0.0,71.0,NaN,-2.0,0.0,18.0,NaN,3.0,0.0,NaN,NaN,NaN,24.0,3.0,NaN,1.0,1.0,NaN,NaN,NaN,24.0,NaN,NaN,NaN,24.0,7.53,NaN,0.015000000000000124,1.0,31.0,NaN,0.0,1.0,68.0,NaN,5.75,1.0,NaN,NaN,NaN,24.0,NaN,NaN,NaN,24.0,NaN,NaN,NaN,24.0,NaN,NaN,NaN,24.0,NaN,NaN,NaN,24.0,NaN,NaN,NaN,24.0,NaN,NaN,NaN,24.0,NaN,NaN,NaN,24.0,3.4,NaN,-0.65,1.0,NaN,NaN,NaN,24.0,NaN,NaN,NaN,24.0,NaN,NaN,NaN,24.0,NaN,NaN,NaN,24.0,0.04,NaN,0.0,8.0,NaN,NaN,NaN,24.0,NaN,NaN,NaN,24.0,NaN,NaN,NaN,24.0,NaN,NaN,NaN,24.0,NaN,NaN,NaN,24.0,NaN,NaN,NaN,24.0,61.0,1.0,1.0,0.0,-8.316666666666666,10.0,0.0,0.0,0.0,0.0,0.0,0.0,0.0,0.0,0.0,0.0,1.0,0.0,0.0,0.0,0.0,0.0,NaN,NaN,NaN,-116.0,NaN,NaN,NaN
85.0,NaN,0.0,0.0,98.0,NaN,3.0,0.0,36.61,NaN,0.046666666666666856,2.0,99.0,NaN,-1.0,0.0,70.0,NaN,-8.0,0.0,60.0,NaN,-11.0,0.0,18.0,NaN,0.0,0.0,NaN,NaN,NaN,24.0,3.0,NaN,0.8,2.0,NaN,NaN,NaN,24.0,NaN,NaN,NaN,24.0,7.53,NaN,0.012000000000000099,2.0,31.0,NaN,0.0,2.0,68.0,NaN,4.6,2.0,NaN,NaN,NaN,24.0,NaN,NaN,NaN,24.0,NaN,NaN,NaN,24.0,NaN,NaN,NaN,24.0,NaN,NaN,NaN,24.0,NaN,NaN,NaN,24.0,NaN,NaN,NaN,24.0,NaN,NaN,NaN,24.0,3.4,NaN,-0.52,2.0,NaN,NaN,NaN,24.0,NaN,NaN,NaN,24.0,NaN,NaN,NaN,24.0,NaN,NaN,NaN,24.0,0.04,NaN,0.0,9.0,NaN,NaN,NaN,24.0,NaN,NaN,NaN,24.0,NaN,NaN,NaN,24.0,NaN,NaN,NaN,24.0,NaN,NaN,NaN,24.0,NaN,NaN,NaN,24.0,61.0,1.0,1.0,0.0,-8.316666666666666,11.0,0.0,0.0,0.0,0.0,0.0,0.0,0.0,0.0,0.0,0.0,1.0,0.0,0.0,0.0,0.0,0.0,NaN,NaN,NaN,-116.0,NaN,NaN,NaN
85.0,NaN,0.0,0.0,98.0,NaN,0.0,0.0,36.5,NaN,-0.03666666666666648,0.0,104.0,NaN,5.0,0.0,73.0,NaN,3.0,0.0,64.0,NaN,4.0,0.0,14.0,NaN,-4.0,0.0,NaN,NaN,NaN,24.0,1.0,NaN,-0.6666666666666666,0.0,24.0,NaN,0.0,0.0,NaN,NaN,NaN,24.0,7.5,NaN,-0.010000000000000083,0.0,32.0,NaN,0.3333333333333333,0.0,56.0,NaN,-4.0,0.0,37.0,NaN,0.0,0.0,43.0,NaN,0.0,0.0,93.0,NaN,0.0,0.0,8.6,NaN,0.0,0.0,91.0,NaN,0.0,0.0,6.9,NaN,0.0,0.0,NaN,NaN,NaN,24.0,106.0,NaN,0.0,0.0,4.5,NaN,0.3666666666666667,0.0,2.3,NaN,0.0,0.0,4.1,NaN,0.0,0.0,5.2,NaN,0.0,0.0,0.8,NaN,0.0,0.0,0.04,NaN,0.0,10.0,30.1,NaN,0.0,0.0,9.4,NaN,0.0,0.0,32.9,NaN,0.0,0.0,8.1,NaN,0.0,0.0,NaN,NaN,NaN,24.0,204.0,NaN,0.0,0.0,61.0,1.0,1.0,0.0,-8.316666666666666,12.0,0.0,0.0,0.0,0.0,0.0,0.0,0.0,0.0,1.0,4.0,1.0,0.0,0.0,0.0,0.0,0.0,NaN,NaN,NaN,-116.0,NaN,NaN,NaN
82.0,NaN,-3.0,0.0,97.0,NaN,-1.0,0.0,36.5,NaN,-0.027499999999999858,1.0,102.0,NaN,-2.0,0.0,73.0,NaN,0.0,0.0,63.0,NaN,-1.0,0.0,15.0,NaN,1.0,0.0,NaN,NaN,NaN,24.0,1.0,NaN,-0.5,1.0,24.0,NaN,0.0,1.0,NaN,NaN,NaN,24.0,7.5,NaN,-0.007500000000000062,1.0,32.0,NaN,0.25,1.0,56.0,NaN,-3.0,1.0,37.0,NaN,0.0,1.0,43.0,NaN,0.0,1.0,93.0,NaN,0.0,1.0,8.6,NaN,0.0,1.0,91.0,NaN,0.0,1.0,6.9,NaN,0.0,1.0,NaN,NaN,NaN,24.0,106.0,NaN,0.0,1.0,4.5,NaN,0.275,1.0,2.3,NaN,0.0,1.0,4.1,NaN,0.0,1.0,5.2,NaN,0.0,1.0,0.8,NaN,0.0,1.0,0.04,NaN,0.0,11.0,30.1,NaN,0.0,1.0,9.4,NaN,0.0,1.0,32.9,NaN,0.0,1.0,8.1,NaN,0.0,1.0,NaN,NaN,NaN,24.0,204.0,NaN,0.0,1.0,61.0,1.0,1.0,0.0,-8.316666666666666,13.0,0.0,0.0,0.0,0.0,0.0,0.0,0.0,0.0,0.0,0.0,1.0,0.0,0.0,0.0,0.0,0.0,NaN,NaN,NaN,-116.0,NaN,NaN,NaN
