77.0,NaN,NaN,24.0,99.0,NaN,NaN,24.0,34.33,NaN,NaN,24.0,105.0,NaN,NaN,24.0,71.0,NaN,NaN,24.0,53.0,NaN,NaN,24.0,14.0,NaN,NaN,24.0,NaN,NaN,NaN,24.0,0.0,NaN,NaN,24.0,24.0,NaN,NaN,24.0,0.8,NaN,NaN,24.0,7.37,NaN,NaN,24.0,43.0,NaN,NaN,24.0,NaN,NaN,NaN,24.0,NaN,NaN,NaN,24.0,14.0,NaN,NaN,24.0,NaN,NaN,NaN,24.0,8.9,NaN,NaN,24.0,112.0,NaN,NaN,24.0,0.7,NaN,NaN,24.0,NaN,NaN,NaN,24.0,147.0,NaN,NaN,24.0,1.7,NaN,NaN,24.0,1.7,NaN,NaN,24.0,3.9,NaN,NaN,24.0,3.7,NaN,NaN,24.0,NaN,NaN,NaN,24.0,NaN,NaN,NaN,24.0,30.5,NaN,NaN,24.0,10.5,NaN,NaN,24.0,37.2,NaN,NaN,24.0,2.8,NaN,NaN,24.0,NaN,NaN,NaN,24.0,72.0,NaN,NaN,24.0,53.0,1.0,1.0,0.0,-15.823055555555555,1.0,1.0,0.0,0.0,1.0,3.0,2.0,0.0,0.0,0.0,0.0,1.0,0.0,1.0,1.0,0.0,0.0,3.0,5.0,4.0,1.0,NaN,NaN,NaN
74.0,NaN,-3.0,0.0,99.5,NaN,0.5,0.0,34.33,NaN,0.0,1.0,109.5,NaN,4.5,0.0,75.0,NaN,4.0,0.0,56.5,NaN,3.5,0.0,14.0,NaN,0.0,0.0,NaN,NaN,NaN,24.0,0.0,NaN,0.0,1.0,24.0,NaN,0.0,1.0,0.8,NaN,0.0,1.0,7.37,NaN,0.0,1.0,43.0,NaN,0.0,1.0,NaN,NaN,NaN,24.0,NaN,NaN,NaN,24.0,14.0,NaN,0.0,1.0,NaN,NaN,NaN,24.0,8.9,NaN,0.0,1.0,112.0,NaN,0.0,1.0,0.7,NaN,0.0,1.0,NaN,NaN,NaN,24.0,147.0,NaN,0.0,1.0,1.7,NaN,0.0,1.0,1.7,NaN,0.0,1.0,3.9,NaN,0.0,1.0,3.7,NaN,0.0,1.0,NaN,NaN,NaN,24.0,NaN,NaN,NaN,24.0,30.5,NaN,0.0,1.0,10.5,NaN,0.0,1.0,37.2,NaN,0.0,1.0,2.8,NaN,0.0,1.0,NaN,NaN,NaN,24.0,72.0,NaN,0.0,1.0,53.0,1.0,1.0,0.0,-15.823055555555555,2.0,1.0,0.0,0.0,1.0,0.0,0.0,0.0,0.0,0.0,0.0,1.0,1.0,1.0,1.0,0.0,0.0,3.0,5.0,4.0,1.0,NaN,NaN,NaN
69.0,NaN,-5.0,0.0,100.0,NaN,0.5,0.0,34.83,NaN,0.25,0.0,105.0,NaN,-4.5,0.0,70.0,NaN,-5.0,0.0,52.0,NaN,-4.5,0.0,14.0,NaN,0.0,0.0,NaN,NaN,NaN,24.0,0.0,NaN,0.0,2.0,24.0,NaN,0.0,2.0,0.6,NaN,-0.10000000000000003,0.0,7.37,NaN,0.0,2.0,43.0,NaN,0.0,2.0,NaN,NaN,NaN,24.0,NaN,NaN,NaN,24.0,14.0,NaN,0.0,2.0,NaN,NaN,NaN,24.0,8.9,NaN,0.0,2.0,112.0,NaN,0.0,2.0,0.7,NaN,0.0,2.0,NaN,NaN,NaN,24.0,147.0,NaN,0.0,2.0,1.7,NaN,0.0,2.0,1.7,NaN,0.0,2.0,3.9,NaN,0.0,2.0,3.7,NaN,0.0,2.0,NaN,NaN,NaN,24.0,NaN,NaN,NaN,24.0,30.5,NaN,0.0,2.0,10.5,NaN,0.0,2.0,37.2,NaN,0.0,2.0,2.8,NaN,0.0,2.0,NaN,NaN,NaN,24.0,72.0,NaN,0.0,2.0,53.0,1.0,1.0,0.0,-15.823055555555555,3.0,1.0,0.0,0.0,1.0,2.0,0.0,0.0,0.0,0.0,0.0,0.0,1.0,1.0,1.0,0.0,0.0,3.0,5.0,4.0,1.0,NaN,NaN,NaN
64.0,NaN,-5.0,0.0,99.0,NaN,-1.0,0.0,34.83,NaN,0.16666666666666666,1.0,104.0,NaN,-1.0,0.0,68.0,NaN,-2.0,0.0,50.0,NaN,-2.0,0.0,14.0,NaN,0.0,0.0,NaN,NaN,NaN,24.0,0.0,NaN,0.0,3.0,24.0,NaN,0.0,3.0,0.5,NaN,-0.09999999999999998,0.0,7.37,NaN,0.0,3.0,43.0,NaN,0.0,3.0,NaN,NaN,NaN,24.0,NaN,NaN,NaN,24.0,14.0,NaN,0.0,3.0,NaN,NaN,NaN,24.0,8.9,NaN,0.0,3.0,112.0,NaN,0.0,3.0,0.7,NaN,0.0,3.0,NaN,NaN,NaN,24.0,147.0,NaN,0.0,3.0,1.7,NaN,0.0,3.0,1.7,NaN,0.0,3.0,3.9,NaN,0.0,3.0,3.7,NaN,0.0,3.0,NaN,NaN,NaN,24.0,NaN,NaN,NaN,24.0,30.5,NaN,0.0,3.0,10.5,NaN,0.0,3.0,37.2,NaN,0.0,3.0,2.8,NaN,0.0,3.0,NaN,NaN,NaN,24.0,72.0,NaN,0.0,3.0,53.0,1.0,1.0,0.0,-15.823055555555555,4.0,1.0,0.0,0.0,1.0,2.0,0.0,0.0,0.0,0.0,0.0,0.0,1.0,1.0,1.0,0.0,0.0,3.0,5.0,4.0,1.0,NaN,NaN,NaN
75.0,NaN,11.0,0.0,100.0,NaN,1.0,0.0,35.44,NaN,0.3049999999999997,0.0,124.0,NaN,20.0,0.0,87.0,NaN,19.0,0.0,70.0,NaN,20.0,0.0,18.0,NaN,4.0,0.0,NaN,NaN,NaN,24.0,0.0,NaN,0.0,0.0,24.0,NaN,0.0,4.0,0.5,NaN,-0.04999999999999999,1.0,7.41,NaN,0.010000000000000009,0.0,38.0,NaN,-1.25,0.0,NaN,NaN,NaN,24.0,NaN,NaN,NaN,24.0,14.0,NaN,0.0,4.0,NaN,NaN,NaN,24.0,8.9,NaN,0.0,4.0,112.0,NaN,0.0,4.0,0.7,NaN,0.0,4.0,NaN,NaN,NaN,24.0,147.0,NaN,0.0,4.0,1.7,NaN,0.0,4.0,1.7,NaN,0.0,4.0,3.9,NaN,0.0,4.0,3.7,NaN,0.0,4.0,NaN,NaN,NaN,24.0,NaN,NaN,NaN,24.0,30.5,NaN,0.0,4.0,10.5,NaN,0.0,4.0,37.2,NaN,0.0,4.0,2.8,NaN,0.0,4.0,NaN,NaN,NaN,24.0,72.0,NaN,0.0,4.0,53.0,1.0,1.0,0.0,-15.823055555555555,5.0,1.0,0.0,0.0,1.0,0.0,0.0,0.0,0.0,0.0,0.0,0.0,1.0,1.0,1.0,0.0,0.0,3.0,5.0,4.0,1.0,NaN,NaN,NaN
81.0,NaN,6.0,0.0,100.0,NaN,0.0,0.0,36.78,NaN,1.3400000000000034,0.0,110.0,NaN,-14.0,0.0,76.0,NaN,-11.0,0.0,60.0,NaN,-10.0,0.0,20.0,NaN,2.0,0.0,NaN,NaN,NaN,24.0,0.0,NaN,0.0,1.0,24.0,NaN,0.0,5.0,0.4,NaN,-0.04999999999999999,0.0,7.41,NaN,0.008000000000000007,1.0,38.0,NaN,-1.0,1.0,NaN,NaN,NaN,24.0,NaN,NaN,NaN,24.0,14.0,NaN,0.0,5.0,NaN,NaN,NaN,24.0,8.9,NaN,0.0,5.0,112.0,NaN,0.0,5.0,0.7,NaN,0.0,5.0,NaN,NaN,NaN,24.0,147.0,NaN,0.0,5.0,1.7,NaN,0.0,5.0,1.7,NaN,0.0,5.0,3.9,NaN,0.0,5.0,3.7,NaN,0.0,5.0,NaN,NaN,NaN,24.0,NaN,NaN,NaN,24.0,30.5,NaN,0.0,5.0,10.5,NaN,0.0,5.0,37.2,NaN,0.0,5.0,2.8,NaN,0.0,5.0,NaN,NaN,NaN,24.0,72.0,NaN,0.0,5.0,53.0,1.0,1.0,0.0,-15.823055555555555,6.0,0.0,0.0,0.0,1.0,1.0,0.0,0.0,0.0,0.0,0.0,0.0,1.0,1.0,1.0,0.0,0.0,3.0,5.0,4.0,1.0,NaN,NaN,NaN
73.0,NaN,-8.0,0.0,97.0,NaN,-3.0,0.0,36.89,NaN,0.10999999999999943,0.0,113.0,NaN,3.0,0.0,80.0,NaN,4.0,0.0,64.0,NaN,4.0,0.0,18.0,NaN,-2.0,0.0,NaN,NaN,NaN,24.0,0.0,NaN,0.0,2.0,24.0,NaN,0.0,6.0,0.4,NaN,0.0,0.0,7.41,NaN,0.006666666666666672,2.0,38.0,NaN,-0.8333333333333334,2.0,NaN,NaN,NaN,24.0,NaN,NaN,NaN,24.0,14.0,NaN,0.0,6.0,NaN,NaN,NaN,24.0,8.9,NaN,0.0,6.0,112.0,NaN,0.0,6.0,0.7,NaN,0.0,6.0,NaN,NaN,NaN,24.0,147.0,NaN,0.0,6.0,1.7,NaN,0.0,6.0,1.7,NaN,0.0,6.0,3.9,NaN,0.0,6.0,3.7,NaN,0.0,6.0,NaN,NaN,NaN,24.0,NaN,NaN,NaN,24.0,29.4,NaN,-0.18333333333333357,0.0,9.8,NaN,-0.11666666666666654,0.0,37.2,NaN,0.0,6.0,2.6,NaN,-0.03333333333333329,0.0,NaN,NaN,NaN,24.0,59.0,NaN,-2.1666666666666665,0.0,53.0,1.0,1.0,0.0,-15.823055555555555,7.0,0.0,0.0,0.0,1.0,1.0,2.0,0.0,0.0,0.0,0.0,1.0,1.0,1.0,1.0,0.0,0.0,3.0,5.0,4.0,1.0,NaN,NaN,NaN
80.0,NaN,7.0,0.0,97.0,NaN,0.0,0.0,36.89,NaN,0.054999999999999716,1.0,118.0,NaN,5.0,0.0,81.0,NaN,1.0,0.0,64.0,NaN,0.0,0.0,18.0,NaN,0.0,0.0,NaN,NaN,NaN,24.0,0.0,NaN,0.0,3.0,24.0,NaN,0.0,7.0,0.4,NaN,0.0,1.0,7.41,NaN,0.0057142857142857195,3.0,38.0,NaN,-0.7142857142857143,3.0,NaN,NaN,NaN,24.0,NaN,NaN,NaN,24.0,14.0,NaN,0.0,7.0,NaN,NaN,NaN,24.0,8.9,NaN,0.0,7.0,112.0,NaN,0.0,7.0,0.7,NaN,0.0,7.0,NaN,NaN,NaN,24.0,147.0,NaN,0.0,7.0,1.7,NaN,0.0,7.0,1.7,NaN,0.0,7.0,3.9,NaN,0.0,7.0,3.7,NaN,0.0,7.0,NaN,NaN,NaN,24.0,NaN,NaN,NaN,24.0,29.4,NaN,-0.15714285714285733,1.0,9.8,NaN,-0.0999999999999999,1.0,37.2,NaN,0.0,7.0,2.6,NaN,-0.028571428571428532,1.0,NaN,NaN,NaN,24.0,59.0,NaN,-1.8571428571428572,1.0,53.0,1.0,1.0,0.0,-15.823055555555555,8.0,0.0,0.0,0.0,1.0,0.0,0.0,0.0,0.0,0.0,0.0,1.0,1.0,1.0,1.0,0.0,0.0,3.0,5.0,4.0,1.0,NaN,NaN,NaN
86.0,NaN,6.0,0.0,95.0,NaN,-2.0,0.0,37.11,NaN,0.10999999999999943,0.0,116.0,NaN,-2.0,0.0,79.0,NaN,-2.0,0.0,63.0,NaN,-1.0,0.0,19.0,NaN,1.0,0.0,NaN,NaN,NaN,24.0,0.0,NaN,0.0,4.0,24.0,NaN,0.0,8.0,0.4,NaN,0.0,2.0,7.41,NaN,0.0050000000000000044,4.0,38.0,NaN,-0.625,4.0,NaN,NaN,NaN,24.0,NaN,NaN,NaN,24.0,14.0,NaN,0.0,8.0,NaN,NaN,NaN,24.0,8.9,NaN,0.0,8.0,112.0,NaN,0.0,8.0,0.7,NaN,0.0,8.0,NaN,NaN,NaN,24.0,147.0,NaN,0.0,8.0,1.7,NaN,0.0,8.0,1.7,NaN,0.0,8.0,3.9,NaN,0.0,8.0,3.7,NaN,0.0,8.0,NaN,NaN,NaN,24.0,NaN,NaN,NaN,24.0,29.4,NaN,-0.13750000000000018,2.0,9.8,NaN,-0.08749999999999991,2.0,37.2,NaN,0.0,8.0,2.6,NaN,-0.024999999999999967,2.0,NaN,NaN,NaN,24.0,59.0,NaN,-1.625,2.0,53.0,1.0,1.0,0.0,-15.823055555555555,9.0,0.0,0.0,0.0,1.0,0.0,0.0,0.0,0.0,0.0,0.0,1.0,1.0,1.0,1.0,0.0,0.0,3.0,5.0,4.0,1.0,NaN,NaN,NaN
