93.0,NaN,NaN,24.0,78.5,NaN,NaN,24.0,36.39,NaN,NaN,24.0,100.0,NaN,NaN,24.0,37.0,NaN,NaN,24.0,64.0,NaN,NaN,24.0,11.0,NaN,NaN,24.0,NaN,NaN,NaN,24.0,NaN,NaN,NaN,24.0,NaN,NaN,NaN,24.0,NaN,NaN,NaN,24.0,NaN,NaN,NaN,24.0,NaN,NaN,NaN,24.0,NaN,NaN,NaN,24.0,NaN,NaN,NaN,24.0,NaN,NaN,NaN,24.0,NaN,NaN,NaN,24.0,NaN,NaN,NaN,24.0,NaN,NaN,NaN,24.0,NaN,NaN,NaN,24.0,NaN,NaN,NaN,24.0,NaN,NaN,NaN,24.0,NaN,NaN,NaN,24.0,NaN,NaN,NaN,24.0,NaN,NaN,NaN,24.0,NaN,NaN,NaN,24.0,NaN,NaN,NaN,24.0,NaN,NaN,NaN,24.0,NaN,NaN,NaN,24.0,NaN,NaN,NaN,24.0,NaN,NaN,NaN,24.0,NaN,NaN,NaN,24.0,NaN,NaN,NaN,24.0,NaN,NaN,NaN,24.0,62.0,1.0,1.0,0.0,-4.9,1.0,0.0,0.0,1.0,0.0,0.0,0.0,0.0,1.0,0.0,0.0,1.0,0.0,0.0,0.0,0.0,0.0,NaN,NaN,NaN,13.0,NaN,NaN,NaN
95.0,NaN,2.0,0.0,100.0,NaN,21.5,0.0,36.39,NaN,0.0,1.0,128.0,NaN,28.0,0.0,95.0,NaN,58.0,0.0,87.0,NaN,23.0,0.0,14.0,NaN,3.0,0.0,NaN,NaN,NaN,24.0,NaN,NaN,NaN,24.0,NaN,NaN,NaN,24.0,NaN,NaN,NaN,24.0,NaN,NaN,NaN,24.0,NaN,NaN,NaN,24.0,NaN,NaN,NaN,24.0,NaN,NaN,NaN,24.0,NaN,NaN,NaN,24.0,NaN,NaN,NaN,24.0,NaN,NaN,NaN,24.0,NaN,NaN,NaN,24.0,NaN,NaN,NaN,24.0,NaN,NaN,NaN,24.0,NaN,NaN,NaN,24.0,NaN,NaN,NaN,24.0,NaN,NaN,NaN,24.0,NaN,NaN,NaN,24.0,NaN,NaN,NaN,24.0,NaN,NaN,NaN,24.0,NaN,NaN,NaN,24.0,NaN,NaN,NaN,24.0,NaN,NaN,NaN,24.0,NaN,NaN,NaN,24.0,NaN,NaN,NaN,24.0,NaN,NaN,NaN,24.0,NaN,NaN,NaN,24.0,62.0,1.0,1.0,0.0,-4.9,2.0,0.0,0.0,1.0,0.0,0.0,0.0,0.0,0.0,0.0,0.0,1.0,0.0,0.0,0.0,0.0,0.0,NaN,NaN,NaN,13.0,NaN,NaN,NaN
94.0,NaN,-1.0,0.0,97.0,NaN,-3.0,0.0,36.39,NaN,0.0,2.0,86.0,NaN,-42.0,0.0,69.0,NaN,-26.0,0.0,66.0,NaN,-21.0,0.0,16.0,NaN,2.0,0.0,NaN,NaN,NaN,24.0,NaN,NaN,NaN,24.0,21.0,NaN,0.0,0.0,NaN,NaN,NaN,24.0,NaN,NaN,NaN,24.0,NaN,NaN,NaN,24.0,NaN,NaN,NaN,24.0,NaN,NaN,NaN,24.0,93.0,NaN,0.0,0.0,NaN,NaN,NaN,24.0,8.4,NaN,0.0,0.0,85.0,NaN,0.0,0.0,5.4,NaN,0.0,0.0,NaN,NaN,NaN,24.0,198.0,NaN,0.0,0.0,NaN,NaN,NaN,24.0,2.7,NaN,0.0,0.0,8.1,NaN,0.0,0.0,4.6,NaN,0.0,0.0,NaN,NaN,NaN,24.0,NaN,NaN,NaN,24.0,37.9,NaN,0.0,0.0,11.5,NaN,0.0,0.0,49.6,NaN,0.0,0.0,8.9,NaN,0.0,0.0,NaN,NaN,NaN,24.0,342.0,NaN,0.0,0.0,62.0,1.0,1.0,0.0,-4.9,3.0,0.0,0.0,1.0,0.0,0.0,0.0,0.0,1.0,0.0,4.0,1.0,0.0,0.0,0.0,0.0,0.0,NaN,NaN,NaN,13.0,NaN,NaN,NaN
90.0,NaN,-4.0,0.0,96.0,NaN,-1.0,0.0,36.44,NaN,0.01666666666666572,0.0,90.0,NaN,4.0,0.0,64.0,NaN,-5.0,0.0,57.0,NaN,-9.0,0.0,11.0,NaN,-5.0,0.0,NaN,NaN,NaN,24.0,NaN,NaN,NaN,24.0,21.0,NaN,0.0,1.0,NaN,NaN,NaN,24.0,NaN,NaN,NaN,24.0,NaN,NaN,NaN,24.0,NaN,NaN,NaN,24.0,NaN,NaN,NaN,24.0,93.0,NaN,0.0,1.0,NaN,NaN,NaN,24.0,8.4,NaN,0.0,1.0,85.0,NaN,0.0,1.0,5.4,NaN,0.0,1.0,NaN,NaN,NaN,24.0,198.0,NaN,0.0,1.0,NaN,NaN,NaN,24.0,2.7,NaN,0.0,1.0,8.1,NaN,0.0,1.0,4.6,NaN,0.0,1.0,NaN,NaN,NaN,24.0,NaN,NaN,NaN,24.0,37.9,NaN,0.0,1.0,11.5,NaN,0.0,1.0,49.6,NaN,0.0,1.0,8.9,NaN,0.0,1.0,NaN,NaN,NaN,24.0,342.0,NaN,0.0,1.0,62.0,1.0,1.0,0.0,-4.9,4.0,0.0,0.0,0.0,0.0,0.0,0.0,0.0,1.0,0.0,0.0,1.0,0.0,0.0,0.0,0.0,0.0,NaN,NaN,NaN,13.0,NaN,NaN,NaN
89.0,NaN,-1.0,0.0,95.0,NaN,-1.0,0.0,36.44,NaN,0.01249999999999929,1.0,80.0,NaN,-10.0,0.0,58.0,NaN,-6.0,0.0,51.0,NaN,-6.0,0.0,10.0,NaN,-1.0,0.0,NaN,NaN,NaN,24.0,NaN,NaN,NaN,24.0,21.0,NaN,0.0,2.0,NaN,NaN,NaN,24.0,NaN,NaN,NaN,24.0,NaN,NaN,NaN,24.0,NaN,NaN,NaN,24.0,NaN,NaN,NaN,24.0,93.0,NaN,0.0,2.0,NaN,NaN,NaN,24.0,8.4,NaN,0.0,2.0,85.0,NaN,0.0,2.0,5.4,NaN,0.0,2.0,NaN,NaN,NaN,24.0,198.0,NaN,0.0,2.0,NaN,NaN,NaN,24.0,2.7,NaN,0.0,2.0,8.1,NaN,0.0,2.0,4.6,NaN,0.0,2.0,NaN,NaN,NaN,24.0,NaN,NaN,NaN,24.0,37.9,NaN,0.0,2.0,11.5,NaN,0.0,2.0,49.6,NaN,0.0,2.0,8.9,NaN,0.0,2.0,NaN,NaN,NaN,24.0,342.0,NaN,0.0,2.0,62.0,1.0,1.0,0.0,-4.9,5.0,0.0,0.0,0.0,0.0,0.0,0.0,0.0,1.0,0.0,0.0,1.0,0.0,0.0,0.0,0.0,0.0,NaN,NaN,NaN,13.0,NaN,NaN,NaN
89.0,NaN,0.0,0.0,94.0,NaN,-1.0,0.0,36.44,NaN,0.009999999999999431,2.0,87.0,NaN,7.0,0.0,57.0,NaN,-1.0,0.0,47.0,NaN,-4.0,0.0,10.0,NaN,0.0,0.0,NaN,NaN,NaN,24.0,NaN,NaN,NaN,24.0,21.0,NaN,0.0,3.0,NaN,NaN,NaN,24.0,NaN,NaN,NaN,24.0,NaN,NaN,NaN,24.0,NaN,NaN,NaN,24.0,NaN,NaN,NaN,24.0,93.0,NaN,0.0,3.0,NaN,NaN,NaN,24.0,8.4,NaN,0.0,3.0,85.0,NaN,0.0,3.0,5.4,NaN,0.0,3.0,NaN,NaN,NaN,24.0,198.0,NaN,0.0,3.0,NaN,NaN,NaN,24.0,2.7,NaN,0.0,3.0,8.1,NaN,0.0,3.0,4.6,NaN,0.0,3.0,NaN,NaN,NaN,24.0,NaN,NaN,NaN,24.0,37.9,NaN,0.0,3.0,11.5,NaN,0.0,3.0,49.6,NaN,0.0,3.0,8.9,NaN,0.0,3.0,NaN,NaN,NaN,24.0,342.0,NaN,0.0,3.0,62.0,1.0,1.0,0.0,-4.9,6.0,0.0,0.0,0.0,0.0,0.0,0.0,0.0,1.0,0.0,0.0,1.0,0.0,0.0,0.0,0.0,0.0,NaN,NaN,NaN,13.0,NaN,NaN,NaN
87.0,NaN,-2.0,0.0,97.0,NaN,3.0,0.0,36.44,NaN,0.00833333333333286,3.0,90.0,NaN,3.0,0.0,63.0,NaN,6.0,0.0,54.0,NaN,7.0,0.0,11.0,NaN,1.0,0.0,NaN,NaN,NaN,24.0,NaN,NaN,NaN,24.0,21.0,NaN,0.0,4.0,NaN,NaN,NaN,24.0,NaN,NaN,NaN,24.0,NaN,NaN,NaN,24.0,NaN,NaN,NaN,24.0,NaN,NaN,NaN,24.0,93.0,NaN,0.0,4.0,NaN,NaN,NaN,24.0,8.4,NaN,0.0,4.0,85.0,NaN,0.0,4.0,5.4,NaN,0.0,4.0,NaN,NaN,NaN,24.0,198.0,NaN,0.0,4.0,NaN,NaN,NaN,24.0,2.7,NaN,0.0,4.0,8.1,NaN,0.0,4.0,4.6,NaN,0.0,4.0,NaN,NaN,NaN,24.0,NaN,NaN,NaN,24.0,37.9,NaN,0.0,4.0,11.5,NaN,0.0,4.0,49.6,NaN,0.0,4.0,8.9,NaN,0.0,4.0,NaN,NaN,NaN,24.0,342.0,NaN,0.0,4.0,62.0,1.0,1.0,0.0,-4.9,7.0,0.0,0.0,0.0,0.0,0.0,0.0,0.0,1.0,0.0,0.0,1.0,0.0,0.0,0.0,0.0,0.0,NaN,NaN,NaN,13.0,NaN,NaN,NaN
88.0,NaN,1.0,0.0,96.0,NaN,-1.0,0.0,36.61,NaN,0.042500000000000426,0.0,89.0,NaN,-1.0,0.0,70.0,NaN,7.0,0.0,63.0,NaN,9.0,0.0,11.0,NaN,0.0,0.0,NaN,NaN,NaN,24.0,NaN,NaN,NaN,24.0,21.0,NaN,0.0,5.0,NaN,NaN,NaN,24.0,NaN,NaN,NaN,24.0,NaN,NaN,NaN,24.0,NaN,NaN,NaN,24.0,NaN,NaN,NaN,24.0,93.0,NaN,0.0,5.0,NaN,NaN,NaN,24.0,8.4,NaN,0.0,5.0,84.0,NaN,-0.2,0.0,5.4,NaN,0.0,5.0,NaN,NaN,NaN,24.0,198.0,NaN,0.0,5.0,NaN,NaN,NaN,24.0,2.7,NaN,0.0,5.0,8.1,NaN,0.0,5.0,5.9,NaN,0.2600000000000001,0.0,NaN,NaN,NaN,24.0,NaN,NaN,NaN,24.0,37.9,NaN,0.0,5.0,11.5,NaN,0.0,5.0,49.6,NaN,0.0,5.0,8.9,NaN,0.0,5.0,NaN,NaN,NaN,24.0,342.0,NaN,0.0,5.0,62.0,1.0,1.0,0.0,-4.9,8.0,0.0,0.0,0.0,0.0,0.0,0.0,0.0,1.0,0.0,0.0,1.0,0.0,0.0,0.0,0.0,0.0,NaN,NaN,NaN,13.0,NaN,NaN,NaN
91.0,NaN,3.0,0.0,98.0,NaN,2.0,0.0,36.61,NaN,0.03400000000000034,1.0,87.0,NaN,-2.0,0.0,63.0,NaN,-7.0,0.0,55.0,NaN,-8.0,0.0,15.0,NaN,4.0,0.0,NaN,NaN,NaN,24.0,NaN,NaN,NaN,24.0,21.0,NaN,0.0,6.0,NaN,NaN,NaN,24.0,NaN,NaN,NaN,24.0,NaN,NaN,NaN,24.0,NaN,NaN,NaN,24.0,NaN,NaN,NaN,24.0,93.0,NaN,0.0,6.0,NaN,NaN,NaN,24.0,8.4,NaN,0.0,6.0,84.0,NaN,-0.16666666666666666,1.0,5.4,NaN,0.0,6.0,NaN,NaN,NaN,24.0,198.0,NaN,0.0,6.0,NaN,NaN,NaN,24.0,2.7,NaN,0.0,6.0,8.1,NaN,0.0,6.0,5.9,NaN,0.21666666666666679,1.0,NaN,NaN,NaN,24.0,NaN,NaN,NaN,24.0,37.9,NaN,0.0,6.0,11.5,NaN,0.0,6.0,49.6,NaN,0.0,6.0,8.9,NaN,0.0,6.0,NaN,NaN,NaN,24.0,342.0,NaN,0.0,6.0,62.0,1.0,1.0,0.0,-4.9,9.0,0.0,0.0,1.0,0.0,0.0,0.0,0.0,1.0,0.0,0.0,1.0,0.0,0.0,0.0,0.0,0.0,NaN,NaN,NaN,13.0,NaN,NaN,NaN
88.0,NaN,-3.0,0.0,90.0,NaN,-8.0,0.0,36.61,NaN,0.028333333333333616,2.0,76.0,NaN,-11.0,0.0,54.0,NaN,-9.0,0.0,48.0,NaN,-7.0,0.0,7.0,NaN,-8.0,0.0,NaN,NaN,NaN,24.0,NaN,NaN,NaN,24.0,21.0,NaN,0.0,7.0,NaN,NaN,NaN,24.0,NaN,NaN,NaN,24.0,NaN,NaN,NaN,24.0,NaN,NaN,NaN,24.0,NaN,NaN,NaN,24.0,93.0,NaN,0.0,7.0,NaN,NaN,NaN,24.0,8.4,NaN,0.0,7.0,84.0,NaN,-0.14285714285714285,2.0,5.4,NaN,0.0,7.0,NaN,NaN,NaN,24.0,198.0,NaN,0.0,7.0,NaN,NaN,NaN,24.0,2.7,NaN,0.0,7.0,8.1,NaN,0.0,7.0,5.9,NaN,0.1857142857142858,2.0,NaN,NaN,NaN,24.0,NaN,NaN,NaN,24.0,37.9,NaN,0.0,7.0,11.5,NaN,0.0,7.0,49.6,NaN,0.0,7.0,8.9,NaN,0.0,7.0,NaN,NaN,NaN,24.0,342.0,NaN,0.0,7.0,62.0,1.0,1.0,0.0,-4.9,10.0,0.0,0.0,0.0,0.0,0.0,0.0,0.0,1.0,0.0,0.0,1.0,0.0,0.0,0.0,0.0,0.0,NaN,NaN,NaN,13.0,NaN,NaN,NaN
88.0,NaN,0.0,0.0,96.0,NaN,6.0,0.0,36.61,NaN,0.02428571428571453,3.0,84.0,NaN,8.0,0.0,60.0,NaN,6.0,0.0,51.0,NaN,3.0,0.0,7.0,NaN,0.0,0.0,NaN,NaN,NaN,24.0,NaN,NaN,NaN,24.0,21.0,NaN,0.0,8.0,NaN,NaN,NaN,24.0,NaN,NaN,NaN,24.0,NaN,NaN,NaN,24.0,NaN,NaN,NaN,24.0,NaN,NaN,NaN,24.0,93.0,NaN,0.0,8.0,NaN,NaN,NaN,24.0,8.4,NaN,0.0,8.0,84.0,NaN,-0.125,3.0,5.4,NaN,0.0,8.0,NaN,NaN,NaN,24.0,198.0,NaN,0.0,8.0,NaN,NaN,NaN,24.0,2.7,NaN,0.0,8.0,8.1,NaN,0.0,8.0,5.9,NaN,0.1625000000000001,3.0,NaN,NaN,NaN,24.0,NaN,NaN,NaN,24.0,37.9,NaN,0.0,8.0,11.5,NaN,0.0,8.0,49.6,NaN,0.0,8.0,8.9,NaN,0.0,8.0,NaN,NaN,NaN,24.0,342.0,NaN,0.0,8.0,62.0,1.0,1.0,0.0,-4.9,11.0,0.0,0.0,0.0,0.0,0.0,0.0,0.0,1.0,0.0,0.0,1.0,0.0,0.0,0.0,0.0,0.0,NaN,NaN,NaN,13.0,NaN,NaN,NaN
89.0,NaN,1.0,0.0,97.0,NaN,1.0,0.0,36.56,NaN,-0.01249999999999929,0.0,87.0,NaN,3.0,0.0,57.0,NaN,-3.0,0.0,48.0,NaN,-3.0,0.0,17.0,NaN,10.0,0.0,NaN,NaN,NaN,24.0,NaN,NaN,NaN,24.0,21.0,NaN,0.0,9.0,NaN,NaN,NaN,24.0,NaN,NaN,NaN,24.0,NaN,NaN,NaN,24.0,NaN,NaN,NaN,24.0,NaN,NaN,NaN,24.0,93.0,NaN,0.0,9.0,NaN,NaN,NaN,24.0,8.4,NaN,0.0,9.0,84.0,NaN,-0.1111111111111111,4.0,5.4,NaN,0.0,9.0,NaN,NaN,NaN,24.0,198.0,NaN,0.0,9.0,NaN,NaN,NaN,24.0,2.7,NaN,0.0,9.0,8.1,NaN,0.0,9.0,5.9,NaN,0.14444444444444451,4.0,NaN,NaN,NaN,24.0,NaN,NaN,NaN,24.0,37.9,NaN,0.0,9.0,11.5,NaN,0.0,9.0,49.6,NaN,0.0,9.0,8.9,NaN,0.0,9.0,NaN,NaN,NaN,24.0,342.0,NaN,0.0,9.0,62.0,1.0,1.0,0.0,-4.9,12.0,0.0,0.0,0.0,0.0,0.0,0.0,0.0,1.0,0.0,0.0,1.0,0.0,0.0,0.0,0.0,0.0,NaN,NaN,NaN,13.0,NaN,NaN,NaN
91.0,NaN,2.0,0.0,93.0,NaN,-4.0,0.0,36.56,NaN,-0.009999999999999431,1.0,96.0,NaN,9.0,0.0,64.0,NaN,7.0,0.0,54.0,NaN,6.0,0.0,18.0,NaN,1.0,0.0,NaN,NaN,NaN,24.0,NaN,NaN,NaN,24.0,21.0,NaN,0.0,10.0,NaN,NaN,NaN,24.0,NaN,NaN,NaN,24.0,NaN,NaN,NaN,24.0,NaN,NaN,NaN,24.0,NaN,NaN,NaN,24.0,93.0,NaN,0.0,10.0,NaN,NaN,NaN,24.0,8.4,NaN,0.0,10.0,84.0,NaN,-0.1,5.0,5.4,NaN,0.0,10.0,NaN,NaN,NaN,24.0,198.0,NaN,0.0,10.0,NaN,NaN,NaN,24.0,2.7,NaN,0.0,10.0,8.1,NaN,0.0,10.0,5.9,NaN,0.13000000000000006,5.0,NaN,NaN,NaN,24.0,NaN,NaN,NaN,24.0,37.9,NaN,0.0,10.0,11.5,NaN,0.0,10.0,49.6,NaN,0.0,10.0,8.9,NaN,0.0,10.0,NaN,NaN,NaN,24.0,342.0,NaN,0.0,10.0,62.0,1.0,1.0,0.0,-4.9,13.0,0.0,0.0,1.0,0.0,0.0,0.0,0.0,1.0,0.0,0.0,1.0,0.0,0.0,0.0,0.0,0.0,NaN,NaN,NaN,13.0,NaN,NaN,NaN
90.0,NaN,-1.0,0.0,94.0,NaN,1.0,0.0,36.56,NaN,-0.00833333333333286,2.0,93.0,NaN,-3.0,0.0,66.0,NaN,2.0,0.0,57.0,NaN,3.0,0.0,14.0,NaN,-4.0,0.0,NaN,NaN,NaN,24.0,NaN,NaN,NaN,24.0,21.0,NaN,0.0,11.0,NaN,NaN,NaN,24.0,NaN,NaN,NaN,24.0,NaN,NaN,NaN,24.0,NaN,NaN,NaN,24.0,NaN,NaN,NaN,24.0,93.0,NaN,0.0,11.0,NaN,NaN,NaN,24.0,8.4,NaN,0.0,11.0,84.0,NaN,-0.09090909090909091,6.0,5.4,NaN,0.0,11.0,NaN,NaN,NaN,24.0,198.0,NaN,0.0,11.0,NaN,NaN,NaN,24.0,2.7,NaN,0.0,11.0,8.1,NaN,0.0,11.0,5.9,NaN,0.11818181818181825,6.0,NaN,NaN,NaN,24.0,NaN,NaN,NaN,24.0,37.9,NaN,0.0,11.0,11.5,NaN,0.0,11.0,49.6,NaN,0.0,11.0,8.9,NaN,0.0,11.0,NaN,NaN,NaN,24.0,342.0,NaN,0.0,11.0,62.0,1.0,1.0,0.0,-4.9,14.0,0.0,0.0,0.0,0.0,0.0,0.0,0.0,0.0,0.0,0.0,1.0,0.0,0.0,0.0,0.0,0.0,NaN,NaN,NaN,13.0,NaN,NaN,NaN
90.0,NaN,0.0,0.0,98.0,NaN,4.0,0.0,36.56,NaN,-0.007142857142856737,3.0,93.0,NaN,-1.5,1.0,66.0,NaN,1.0,1.0,57.0,NaN,1.5,1.0,20.0,NaN,6.0,0.0,NaN,NaN,NaN,24.0,NaN,NaN,NaN,24.0,21.0,NaN,0.0,12.0,NaN,NaN,NaN,24.0,NaN,NaN,NaN,24.0,NaN,NaN,NaN,24.0,NaN,NaN,NaN,24.0,NaN,NaN,NaN,24.0,93.0,NaN,0.0,12.0,NaN,NaN,NaN,24.0,8.4,NaN,0.0,12.0,84.0,NaN,-0.08333333333333333,7.0,5.4,NaN,0.0,12.0,NaN,NaN,NaN,24.0,198.0,NaN,0.0,12.0,NaN,NaN,NaN,24.0,2.7,NaN,0.0,12.0,8.1,NaN,0.0,12.0,5.9,NaN,0.10833333333333339,7.0,NaN,NaN,NaN,24.0,NaN,NaN,NaN,24.0,37.9,NaN,0.0,12.0,11.5,NaN,0.0,12.0,49.6,NaN,0.0,12.0,8.9,NaN,0.0,12.0,NaN,NaN,NaN,24.0,342.0,NaN,0.0,12.0,62.0,1.0,1.0,0.0,-4.9,15.0,0.0,0.0,0.0,0.0,0.0,0.0,0.0,0.0,0.0,0.0,1.0,0.0,0.0,0.0,0.0,0.0,NaN,NaN,NaN,13.0,NaN,NaN,NaN
