80.0,NaN,NaN,24.0,98.0,NaN,NaN,24.0,37.22,NaN,NaN,24.0,153.0,NaN,NaN,24.0,97.0,NaN,NaN,24.0,78.0,NaN,NaN,24.0,14.0,NaN,NaN,24.0,NaN,NaN,NaN,24.0,NaN,NaN,NaN,24.0,29.0,NaN,NaN,24.0,NaN,NaN,NaN,24.0,NaN,NaN,NaN,24.0,NaN,NaN,NaN,24.0,NaN,NaN,NaN,24.0,NaN,NaN,NaN,24.0,24.0,NaN,NaN,24.0,NaN,NaN,NaN,24.0,8.9,NaN,NaN,24.0,107.0,NaN,NaN,24.0,1.4,NaN,NaN,24.0,NaN,NaN,NaN,24.0,85.0,NaN,NaN,24.0,NaN,NaN,NaN,24.0,1.9,NaN,NaN,24.0,2.6,NaN,NaN,24.0,3.7,NaN,NaN,24.0,NaN,NaN,NaN,24.0,NaN,NaN,NaN,24.0,37.5,NaN,NaN,24.0,11.9,NaN,NaN,24.0,28.7,NaN,NaN,24.0,6.8,NaN,NaN,24.0,NaN,NaN,NaN,24.0,128.0,NaN,NaN,24.0,79.0,1.0,-1.0,-1.0,-5.733333333333333,1.0,0.0,0.0,0.0,0.0,0.0,1.0,0.0,0.0,0.0,1.0,1.0,0.0,0.0,NaN,0.0,0.0,NaN,NaN,NaN,NaN,NaN,NaN,NaN
78.0,NaN,-2.0,0.0,94.0,NaN,-4.0,0.0,37.22,NaN,0.0,1.0,137.0,NaN,-16.0,0.0,89.0,NaN,-8.0,0.0,74.0,NaN,-4.0,0.0,20.0,NaN,6.0,0.0,NaN,NaN,NaN,24.0,NaN,NaN,NaN,24.0,29.0,NaN,0.0,1.0,NaN,NaN,NaN,24.0,NaN,NaN,NaN,24.0,NaN,NaN,NaN,24.0,NaN,NaN,NaN,24.0,NaN,NaN,NaN,24.0,24.0,NaN,0.0,1.0,NaN,NaN,NaN,24.0,8.9,NaN,0.0,1.0,107.0,NaN,0.0,1.0,1.4,NaN,0.0,1.0,NaN,NaN,NaN,24.0,85.0,NaN,0.0,1.0,NaN,NaN,NaN,24.0,1.9,NaN,0.0,1.0,2.6,NaN,0.0,1.0,3.7,NaN,0.0,1.0,NaN,NaN,NaN,24.0,NaN,NaN,NaN,24.0,37.5,NaN,0.0,1.0,11.9,NaN,0.0,1.0,28.7,NaN,0.0,1.0,6.8,NaN,0.0,1.0,NaN,NaN,NaN,24.0,128.0,NaN,0.0,1.0,79.0,1.0,-1.0,-1.0,-5.733333333333333,2.0,0.0,0.0,0.0,0.0,0.0,0.0,0.0,0.0,0.0,0.0,1.0,0.0,0.0,NaN,0.0,0.0,NaN,NaN,NaN,NaN,NaN,NaN,NaN
83.0,NaN,5.0,0.0,97.0,NaN,3.0,0.0,37.22,NaN,0.0,2.0,139.0,NaN,2.0,0.0,89.0,NaN,0.0,0.0,76.0,NaN,2.0,0.0,21.0,NaN,1.0,0.0,NaN,NaN,NaN,24.0,NaN,NaN,NaN,24.0,29.0,NaN,0.0,2.0,NaN,NaN,NaN,24.0,NaN,NaN,NaN,24.0,NaN,NaN,NaN,24.0,NaN,NaN,NaN,24.0,NaN,NaN,NaN,24.0,24.0,NaN,0.0,2.0,NaN,NaN,NaN,24.0,8.9,NaN,0.0,2.0,107.0,NaN,0.0,2.0,1.4,NaN,0.0,2.0,NaN,NaN,NaN,24.0,85.0,NaN,0.0,2.0,NaN,NaN,NaN,24.0,1.9,NaN,0.0,2.0,2.6,NaN,0.0,2.0,3.7,NaN,0.0,2.0,NaN,NaN,NaN,24.0,NaN,NaN,NaN,24.0,37.5,NaN,0.0,2.0,11.9,NaN,0.0,2.0,28.7,NaN,0.0,2.0,6.8,NaN,0.0,2.0,NaN,NaN,NaN,24.0,128.0,NaN,0.0,2.0,79.0,1.0,-1.0,-1.0,-5.733333333333333,3.0,0.0,1.0,0.0,0.0,0.0,0.0,0.0,0.0,0.0,0.0,1.0,0.0,0.0,NaN,0.0,0.0,NaN,NaN,NaN,NaN,NaN,NaN,NaN
84.0,NaN,1.0,0.0,99.0,NaN,2.0,0.0,37.22,NaN,0.0,3.0,130.0,NaN,-9.0,0.0,77.0,NaN,-12.0,0.0,58.0,NaN,-18.0,0.0,17.0,NaN,-4.0,0.0,NaN,NaN,NaN,24.0,NaN,NaN,NaN,24.0,29.0,NaN,0.0,3.0,NaN,NaN,NaN,24.0,NaN,NaN,NaN,24.0,NaN,NaN,NaN,24.0,NaN,NaN,NaN,24.0,NaN,NaN,NaN,24.0,24.0,NaN,0.0,3.0,NaN,NaN,NaN,24.0,8.9,NaN,0.0,3.0,107.0,NaN,0.0,3.0,1.4,NaN,0.0,3.0,NaN,NaN,NaN,24.0,85.0,NaN,0.0,3.0,NaN,NaN,NaN,24.0,1.9,NaN,0.0,3.0,2.6,NaN,0.0,3.0,3.7,NaN,0.0,3.0,NaN,NaN,NaN,24.0,NaN,NaN,NaN,24.0,37.5,NaN,0.0,3.0,11.9,NaN,0.0,3.0,28.7,NaN,0.0,3.0,6.8,NaN,0.0,3.0,NaN,NaN,NaN,24.0,128.0,NaN,0.0,3.0,79.0,1.0,-1.0,-1.0,-5.733333333333333,4.0,0.0,0.0,0.0,0.0,0.0,0.0,0.0,0.0,0.0,0.0,1.0,0.0,0.0,NaN,0.0,0.0,NaN,NaN,NaN,NaN,NaN,NaN,NaN
91.0,NaN,7.0,0.0,100.0,NaN,1.0,0.0,36.67,NaN,-0.1374999999999993,0.0,154.0,NaN,24.0,0.0,95.0,NaN,18.0,0.0,75.0,NaN,17.0,0.0,22.0,NaN,5.0,0.0,NaN,NaN,NaN,24.0,NaN,NaN,NaN,24.0,29.0,NaN,0.0,4.0,NaN,NaN,NaN,24.0,NaN,NaN,NaN,24.0,NaN,NaN,NaN,24.0,NaN,NaN,NaN,24.0,NaN,NaN,NaN,24.0,24.0,NaN,0.0,4.0,NaN,NaN,NaN,24.0,8.9,NaN,0.0,4.0,107.0,NaN,0.0,4.0,1.4,NaN,0.0,4.0,NaN,NaN,NaN,24.0,85.0,NaN,0.0,4.0,NaN,NaN,NaN,24.0,1.9,NaN,0.0,4.0,2.6,NaN,0.0,4.0,3.7,NaN,0.0,4.0,NaN,NaN,NaN,24.0,NaN,NaN,NaN,24.0,37.5,NaN,0.0,4.0,11.9,NaN,0.0,4.0,28.7,NaN,0.0,4.0,6.8,NaN,0.0,4.0,NaN,NaN,NaN,24.0,128.0,NaN,0.0,4.0,79.0,1.0,-1.0,-1.0,-5.733333333333333,5.0,0.0,1.0,1.0,0.0,0.0,0.0,0.0,0.0,0.0,0.0,1.0,0.0,0.0,NaN,0.0,0.0,NaN,NaN,NaN,NaN,NaN,NaN,NaN
77.0,NaN,-14.0,0.0,98.0,NaN,-2.0,0.0,36.67,NaN,-0.10999999999999943,1.0,143.0,NaN,-11.0,0.0,87.0,NaN,-8.0,0.0,70.0,NaN,-5.0,0.0,20.0,NaN,-2.0,0.0,NaN,NaN,NaN,24.0,NaN,NaN,NaN,24.0,29.0,NaN,0.0,5.0,NaN,NaN,NaN,24.0,NaN,NaN,NaN,24.0,NaN,NaN,NaN,24.0,NaN,NaN,NaN,24.0,NaN,NaN,NaN,24.0,24.0,NaN,0.0,5.0,NaN,NaN,NaN,24.0,8.9,NaN,0.0,5.0,107.0,NaN,0.0,5.0,1.4,NaN,0.0,5.0,NaN,NaN,NaN,24.0,85.0,NaN,0.0,5.0,NaN,NaN,NaN,24.0,1.9,NaN,0.0,5.0,2.6,NaN,0.0,5.0,3.7,NaN,0.0,5.0,NaN,NaN,NaN,24.0,NaN,NaN,NaN,24.0,37.5,NaN,0.0,5.0,11.9,NaN,0.0,5.0,28.7,NaN,0.0,5.0,6.8,NaN,0.0,5.0,NaN,NaN,NaN,24.0,128.0,NaN,0.0,5.0,79.0,1.0,-1.0,-1.0,-5.733333333333333,6.0,0.0,0.0,0.0,0.0,0.0,0.0,0.0,0.0,0.0,0.0,1.0,0.0,0.0,NaN,0.0,0.0,NaN,NaN,NaN,NaN,NaN,NaN,NaN
86.0,NaN,9.0,0.0,99.0,NaN,1.0,0.0,35.89,NaN,-0.39000000000000057,0.0,159.0,NaN,16.0,0.0,95.0,NaN,8.0,0.0,74.0,NaN,4.0,0.0,21.0,NaN,1.0,0.0,NaN,NaN,NaN,24.0,NaN,NaN,NaN,24.0,29.0,NaN,0.0,6.0,NaN,NaN,NaN,24.0,NaN,NaN,NaN,24.0,NaN,NaN,NaN,24.0,NaN,NaN,NaN,24.0,NaN,NaN,NaN,24.0,24.0,NaN,0.0,6.0,NaN,NaN,NaN,24.0,8.9,NaN,0.0,6.0,107.0,NaN,0.0,6.0,1.4,NaN,0.0,6.0,NaN,NaN,NaN,24.0,85.0,NaN,0.0,6.0,NaN,NaN,NaN,24.0,1.9,NaN,0.0,6.0,2.6,NaN,0.0,6.0,3.7,NaN,0.0,6.0,NaN,NaN,NaN,24.0,NaN,NaN,NaN,24.0,37.5,NaN,0.0,6.0,11.9,NaN,0.0,6.0,28.7,NaN,0.0,6.0,6.8,NaN,0.0,6.0,NaN,NaN,NaN,24.0,128.0,NaN,0.0,6.0,79.0,1.0,-1.0,-1.0,-5.733333333333333,7.0,1.0,1.0,0.0,0.0,0.0,0.0,0.0,0.0,0.0,0.0,1.0,0.0,0.0,NaN,0.0,0.0,NaN,NaN,NaN,NaN,NaN,NaN,NaN
101.0,NaN,15.0,0.0,96.0,NaN,-3.0,0.0,35.89,NaN,-0.2600000000000004,1.0,161.0,NaN,2.0,0.0,104.5,NaN,9.5,0.0,86.0,NaN,12.0,0.0,22.0,NaN,1.0,0.0,NaN,NaN,NaN,24.0,NaN,NaN,NaN,24.0,29.0,NaN,0.0,7.0,NaN,NaN,NaN,24.0,NaN,NaN,NaN,24.0,NaN,NaN,NaN,24.0,NaN,NaN,NaN,24.0,NaN,NaN,NaN,24.0,24.0,NaN,0.0,7.0,NaN,NaN,NaN,24.0,8.9,NaN,0.0,7.0,107.0,NaN,0.0,7.0,1.4,NaN,0.0,7.0,NaN,NaN,NaN,24.0,85.0,NaN,0.0,7.0,NaN,NaN,NaN,24.0,1.9,NaN,0.0,7.0,2.6,NaN,0.0,7.0,3.7,NaN,0.0,7.0,NaN,NaN,NaN,24.0,NaN,NaN,NaN,24.0,37.5,NaN,0.0,7.0,11.9,NaN,0.0,7.0,28.7,NaN,0.0,7.0,6.8,NaN,0.0,7.0,NaN,NaN,NaN,24.0,128.0,NaN,0.0,7.0,79.0,1.0,-1.0,-1.0,-5.733333333333333,8.0,1.0,1.0,1.0,0.0,0.0,0.0,0.0,0.0,0.0,0.0,1.0,0.0,0.0,NaN,0.0,0.0,NaN,NaN,NaN,NaN,NaN,NaN,NaN
89.0,NaN,-12.0,0.0,100.0,NaN,4.0,0.0,35.89,NaN,-0.19500000000000028,2.0,151.0,NaN,-10.0,0.0,103.0,NaN,-1.5,0.0,88.0,NaN,2.0,0.0,16.0,NaN,-6.0,0.0,NaN,NaN,NaN,24.0,NaN,NaN,NaN,24.0,29.0,NaN,0.0,8.0,NaN,NaN,NaN,24.0,NaN,NaN,NaN,24.0,NaN,NaN,NaN,24.0,NaN,NaN,NaN,24.0,NaN,NaN,NaN,24.0,24.0,NaN,0.0,8.0,NaN,NaN,NaN,24.0,8.9,NaN,0.0,8.0,107.0,NaN,0.0,8.0,1.4,NaN,0.0,8.0,NaN,NaN,NaN,24.0,85.0,NaN,0.0,8.0,NaN,NaN,NaN,24.0,1.9,NaN,0.0,8.0,2.6,NaN,0.0,8.0,3.7,NaN,0.0,8.0,NaN,NaN,NaN,24.0,NaN,NaN,NaN,24.0,37.5,NaN,0.0,8.0,11.9,NaN,0.0,8.0,28.7,NaN,0.0,8.0,6.8,NaN,0.0,8.0,NaN,NaN,NaN,24.0,128.0,NaN,0.0,8.0,79.0,1.0,-1.0,-1.0,-5.733333333333333,9.0,1.0,0.0,0.0,0.0,0.0,0.0,0.0,0.0,0.0,0.0,1.0,0.0,0.0,NaN,0.0,0.0,NaN,NaN,NaN,NaN,NaN,NaN,NaN
75.0,NaN,-14.0,0.0,98.0,NaN,-2.0,0.0,35.89,NaN,-0.15600000000000022,3.0,142.0,NaN,-9.0,0.0,95.0,NaN,-8.0,0.0,78.0,NaN,-10.0,0.0,12.0,NaN,-4.0,0.0,NaN,NaN,NaN,24.0,NaN,NaN,NaN,24.0,29.0,NaN,0.0,9.0,NaN,NaN,NaN,24.0,NaN,NaN,NaN,24.0,NaN,NaN,NaN,24.0,NaN,NaN,NaN,24.0,NaN,NaN,NaN,24.0,24.0,NaN,0.0,9.0,NaN,NaN,NaN,24.0,8.9,NaN,0.0,9.0,107.0,NaN,0.0,9.0,1.4,NaN,0.0,9.0,NaN,NaN,NaN,24.0,85.0,NaN,0.0,9.0,NaN,NaN,NaN,24.0,1.9,NaN,0.0,9.0,2.6,NaN,0.0,9.0,3.7,NaN,0.0,9.0,NaN,NaN,NaN,24.0,NaN,NaN,NaN,24.0,37.5,NaN,0.0,9.0,11.9,NaN,0.0,9.0,28.7,NaN,0.0,9.0,6.8,NaN,0.0,9.0,NaN,NaN,NaN,24.0,128.0,NaN,0.0,9.0,79.0,1.0,-1.0,-1.0,-5.733333333333333,10.0,1.0,0.0,0.0,0.0,0.0,0.0,0.0,0.0,0.0,0.0,1.0,0.0,0.0,NaN,0.0,0.0,NaN,NaN,NaN,NaN,NaN,NaN,NaN
86.0,NaN,11.0,0.0,100.0,NaN,2.0,0.0,36.06,NaN,0.042500000000000426,0.0,132.0,NaN,-10.0,0.0,85.0,NaN,-10.0,0.0,69.0,NaN,-9.0,0.0,17.0,NaN,5.0,0.0,NaN,NaN,NaN,24.0,NaN,NaN,NaN,24.0,29.0,NaN,0.0,10.0,NaN,NaN,NaN,24.0,NaN,NaN,NaN,24.0,NaN,NaN,NaN,24.0,NaN,NaN,NaN,24.0,NaN,NaN,NaN,24.0,24.0,NaN,0.0,10.0,NaN,NaN,NaN,24.0,8.9,NaN,0.0,10.0,107.0,NaN,0.0,10.0,1.4,NaN,0.0,10.0,NaN,NaN,NaN,24.0,85.0,NaN,0.0,10.0,NaN,NaN,NaN,24.0,1.9,NaN,0.0,10.0,2.6,NaN,0.0,10.0,3.7,NaN,0.0,10.0,NaN,NaN,NaN,24.0,NaN,NaN,NaN,24.0,37.5,NaN,0.0,10.0,11.9,NaN,0.0,10.0,28.7,NaN,0.0,10.0,6.8,NaN,0.0,10.0,NaN,NaN,NaN,24.0,128.0,NaN,0.0,10.0,79.0,1.0,-1.0,-1.0,-5.733333333333333,11.0,0.0,0.0,0.0,0.0,0.0,0.0,0.0,0.0,0.0,0.0,1.0,0.0,0.0,NaN,0.0,0.0,NaN,NaN,NaN,NaN,NaN,NaN,NaN
