NaN,NaN,NaN,24.0,NaN,NaN,NaN,24.0,NaN,NaN,NaN,24.0,NaN,NaN,NaN,24.0,NaN,NaN,NaN,24.0,NaN,NaN,NaN,24.0,NaN,NaN,NaN,24.0,NaN,NaN,NaN,24.0,NaN,NaN,NaN,24.0,NaN,NaN,NaN,24.0,NaN,NaN,NaN,24.0,NaN,NaN,NaN,24.0,NaN,NaN,NaN,24.0,NaN,NaN,NaN,24.0,NaN,NaN,NaN,24.0,NaN,NaN,NaN,24.0,NaN,NaN,NaN,24.0,NaN,NaN,NaN,24.0,NaN,NaN,NaN,24.0,NaN,NaN,NaN,24.0,NaN,NaN,NaN,24.0,NaN,NaN,NaN,24.0,NaN,NaN,NaN,24.0,NaN,NaN,NaN,24.0,NaN,NaN,NaN,24.0,NaN,NaN,NaN,24.0,NaN,NaN,NaN,24.0,NaN,NaN,NaN,24.0,30.6,NaN,NaN,24.0,9.7,NaN,NaN,24.0,NaN,NaN,NaN,24.0,NaN,NaN,NaN,24.0,NaN,NaN,NaN,24.0,70.0,NaN,NaN,24.0,48.0,0.0,0.0,1.0,-2.141111111111111,1.0,0.0,0.0,0.0,0.0,0.0,2.0,0.0,0.0,0.0,0.0,1.0,0.0,0.0,0.0,0.0,0.0,NaN,NaN,NaN,5.0,NaN,NaN,NaN
80.0,NaN,0.0,0.0,100.0,NaN,0.0,0.0,37.0,NaN,0.0,0.0,121.0,NaN,0.0,0.0,88.0,NaN,0.0,0.0,73.0,NaN,0.0,0.0,8.0,NaN,0.0,0.0,NaN,NaN,NaN,24.0,NaN,NaN,NaN,24.0,NaN,NaN,NaN,24.0,NaN,NaN,NaN,24.0,NaN,NaN,NaN,24.0,NaN,NaN,NaN,24.0,NaN,NaN,NaN,24.0,NaN,NaN,NaN,24.0,NaN,NaN,NaN,24.0,NaN,NaN,NaN,24.0,NaN,NaN,NaN,24.0,NaN,NaN,NaN,24.0,NaN,NaN,NaN,24.0,NaN,NaN,NaN,24.0,NaN,NaN,NaN,24.0,NaN,NaN,NaN,24.0,NaN,NaN,NaN,24.0,NaN,NaN,NaN,24.0,NaN,NaN,NaN,24.0,NaN,NaN,NaN,24.0,NaN,NaN,NaN,24.0,30.6,NaN,0.0,1.0,9.7,NaN,0.0,1.0,NaN,NaN,NaN,24.0,NaN,NaN,NaN,24.0,NaN,NaN,NaN,24.0,70.0,NaN,0.0,1.0,48.0,0.0,0.0,1.0,-2.141111111111111,2.0,0.0,0.0,0.0,0.0,0.0,0.0,0.0,0.0,0.0,0.0,1.0,0.0,0.0,0.0,0.0,0.0,NaN,NaN,NaN,5.0,NaN,NaN,NaN
89.0,NaN,9.0,0.0,95.0,NaN,-5.0,0.0,37.0,NaN,0.0,1.0,105.5,NaN,-15.5,0.0,72.5,NaN,-15.5,0.0,56.5,NaN,-16.5,0.0,20.0,NaN,12.0,0.0,NaN,NaN,NaN,24.0,NaN,NaN,NaN,24.0,28.0,NaN,0.0,0.0,NaN,NaN,NaN,24.0,NaN,NaN,NaN,24.0,NaN,NaN,NaN,24.0,NaN,NaN,NaN,24.0,28.0,NaN,0.0,0.0,8.0,NaN,0.0,0.0,89.0,NaN,0.0,0.0,7.2,NaN,0.0,0.0,104.0,NaN,0.0,0.0,0.9,NaN,0.0,0.0,0.7,NaN,0.0,0.0,153.0,NaN,0.0,0.0,NaN,NaN,NaN,24.0,1.4,NaN,0.0,0.0,3.6,NaN,0.0,0.0,3.8,NaN,0.0,0.0,2.6,NaN,0.0,0.0,NaN,NaN,NaN,24.0,30.3,NaN,-0.15000000000000036,0.0,9.7,NaN,0.0,0.0,31.6,NaN,0.0,0.0,8.2,NaN,0.0,0.0,184.0,NaN,0.0,0.0,68.0,NaN,-1.0,0.0,48.0,0.0,0.0,1.0,-2.141111111111111,3.0,0.0,0.0,0.0,0.0,0.0,2.0,2.0,0.0,0.0,0.0,1.0,0.0,0.0,0.0,0.0,0.0,NaN,NaN,NaN,5.0,NaN,NaN,NaN
91.5,NaN,2.5,0.0,92.0,NaN,-3.0,0.0,37.0,NaN,0.0,2.0,91.0,NaN,-14.5,0.0,63.5,NaN,-9.0,0.0,51.0,NaN,-5.5,0.0,22.0,NaN,2.0,0.0,NaN,NaN,NaN,24.0,NaN,NaN,NaN,24.0,28.0,NaN,0.0,1.0,NaN,NaN,NaN,24.0,NaN,NaN,NaN,24.0,NaN,NaN,NaN,24.0,NaN,NaN,NaN,24.0,28.0,NaN,0.0,1.0,8.0,NaN,0.0,1.0,89.0,NaN,0.0,1.0,7.2,NaN,0.0,1.0,104.0,NaN,0.0,1.0,0.9,NaN,0.0,1.0,0.7,NaN,0.0,1.0,153.0,NaN,0.0,1.0,NaN,NaN,NaN,24.0,1.4,NaN,0.0,1.0,3.6,NaN,0.0,1.0,3.8,NaN,0.0,1.0,2.6,NaN,0.0,1.0,NaN,NaN,NaN,24.0,30.3,NaN,-0.10000000000000024,1.0,9.7,NaN,0.0,1.0,31.6,NaN,0.0,1.0,8.2,NaN,0.0,1.0,184.0,NaN,0.0,1.0,68.0,NaN,-0.6666666666666666,1.0,48.0,0.0,0.0,1.0,-2.141111111111111,4.0,0.0,1.0,1.0,0.0,0.0,0.0,0.0,1.0,0.0,0.0,1.0,0.0,0.0,0.0,0.0,0.0,NaN,NaN,NaN,5.0,NaN,NaN,NaN
88.0,NaN,-3.5,0.0,92.0,NaN,0.0,0.0,36.89,NaN,-0.03666666666666648,0.0,92.0,NaN,1.0,0.0,61.0,NaN,-2.5,0.0,46.0,NaN,-5.0,0.0,13.0,NaN,-9.0,0.0,NaN,NaN,NaN,24.0,NaN,NaN,NaN,24.0,28.0,NaN,0.0,2.0,NaN,NaN,NaN,24.0,NaN,NaN,NaN,24.0,NaN,NaN,NaN,24.0,NaN,NaN,NaN,24.0,28.0,NaN,0.0,2.0,8.0,NaN,0.0,2.0,89.0,NaN,0.0,2.0,7.2,NaN,0.0,2.0,104.0,NaN,0.0,2.0,0.9,NaN,0.0,2.0,0.7,NaN,0.0,2.0,153.0,NaN,0.0,2.0,NaN,NaN,NaN,24.0,1.4,NaN,0.0,2.0,3.6,NaN,0.0,2.0,3.8,NaN,0.0,2.0,2.6,NaN,0.0,2.0,NaN,NaN,NaN,24.0,30.3,NaN,-0.07500000000000018,2.0,9.7,NaN,0.0,2.0,31.6,NaN,0.0,2.0,8.2,NaN,0.0,2.0,184.0,NaN,0.0,2.0,68.0,NaN,-0.5,2.0,48.0,0.0,0.0,1.0,-2.141111111111111,5.0,0.0,0.0,0.0,0.0,0.0,0.0,0.0,1.0,0.0,0.0,1.0,0.0,0.0,0.0,0.0,0.0,NaN,NaN,NaN,5.0,NaN,NaN,NaN
90.0,NaN,2.0,0.0,91.0,NaN,-1.0,0.0,36.89,NaN,-0.027499999999999858,1.0,100.0,NaN,8.0,0.0,73.0,NaN,12.0,0.0,60.0,NaN,14.0,0.0,13.0,NaN,0.0,0.0,NaN,NaN,NaN,24.0,NaN,NaN,NaN,24.0,28.0,NaN,0.0,3.0,NaN,NaN,NaN,24.0,NaN,NaN,NaN,24.0,NaN,NaN,NaN,24.0,NaN,NaN,NaN,24.0,28.0,NaN,0.0,3.0,8.0,NaN,0.0,3.0,89.0,NaN,0.0,3.0,7.2,NaN,0.0,3.0,104.0,NaN,0.0,3.0,0.9,NaN,0.0,3.0,0.7,NaN,0.0,3.0,153.0,NaN,0.0,3.0,NaN,NaN,NaN,24.0,1.4,NaN,0.0,3.0,3.6,NaN,0.0,3.0,3.8,NaN,0.0,3.0,2.6,NaN,0.0,3.0,NaN,NaN,NaN,24.0,30.3,NaN,-0.060000000000000143,3.0,9.7,NaN,0.0,3.0,31.6,NaN,0.0,3.0,8.2,NaN,0.0,3.0,184.0,NaN,0.0,3.0,68.0,NaN,-0.4,3.0,48.0,0.0,0.0,1.0,-2.141111111111111,6.0,0.0,0.0,0.0,0.0,0.0,0.0,0.0,0.0,0.0,0.0,1.0,0.0,0.0,0.0,0.0,0.0,NaN,NaN,NaN,5.0,NaN,NaN,NaN
92.0,NaN,2.0,0.0,95.0,NaN,4.0,0.0,36.89,NaN,-0.021999999999999888,2.0,97.0,NaN,-3.0,0.0,74.0,NaN,1.0,0.0,63.0,NaN,3.0,0.0,17.0,NaN,4.0,0.0,NaN,NaN,NaN,24.0,NaN,NaN,NaN,24.0,28.0,NaN,0.0,4.0,NaN,NaN,NaN,24.0,NaN,NaN,NaN,24.0,NaN,NaN,NaN,24.0,NaN,NaN,NaN,24.0,28.0,NaN,0.0,4.0,8.0,NaN,0.0,4.0,89.0,NaN,0.0,4.0,7.2,NaN,0.0,4.0,104.0,NaN,0.0,4.0,0.9,NaN,0.0,4.0,0.7,NaN,0.0,4.0,153.0,NaN,0.0,4.0,NaN,NaN,NaN,24.0,1.4,NaN,0.0,4.0,3.6,NaN,0.0,4.0,3.8,NaN,0.0,4.0,2.6,NaN,0.0,4.0,NaN,NaN,NaN,24.0,30.3,NaN,-0.05000000000000012,4.0,9.7,NaN,0.0,4.0,31.6,NaN,0.0,4.0,8.2,NaN,0.0,4.0,184.0,NaN,0.0,4.0,68.0,NaN,-0.3333333333333333,4.0,48.0,0.0,0.0,1.0,-2.141111111111111,7.0,0.0,0.0,1.0,0.0,0.0,0.0,0.0,0.0,0.0,0.0,1.0,0.0,0.0,0.0,0.0,0.0,NaN,NaN,NaN,5.0,NaN,NaN,NaN
91.0,NaN,-1.0,0.0,97.0,NaN,2.0,0.0,36.89,NaN,-0.01833333333333324,3.0,106.75,NaN,9.75,0.0,79.5,NaN,5.5,0.0,66.5,NaN,3.5,0.0,17.75,NaN,0.75,0.0,35.6666666666667,NaN,0.0,0.0,NaN,NaN,NaN,24.0,28.0,NaN,0.0,5.0,NaN,NaN,NaN,24.0,NaN,NaN,NaN,24.0,NaN,NaN,NaN,24.0,NaN,NaN,NaN,24.0,28.0,NaN,0.0,5.0,8.0,NaN,0.0,5.0,89.0,NaN,0.0,5.0,7.2,NaN,0.0,5.0,104.0,NaN,0.0,5.0,0.9,NaN,0.0,5.0,0.7,NaN,0.0,5.0,153.0,NaN,0.0,5.0,NaN,NaN,NaN,24.0,1.4,NaN,0.0,5.0,3.6,NaN,0.0,5.0,3.8,NaN,0.0,5.0,2.6,NaN,0.0,5.0,NaN,NaN,NaN,24.0,27.1,NaN,-0.6399999999999999,0.0,8.6,NaN,-0.21999999999999992,0.0,31.6,NaN,0.0,5.0,8.2,NaN,0.0,0.0,184.0,NaN,0.0,5.0,64.0,NaN,-0.8,0.0,48.0,0.0,0.0,1.0,-2.141111111111111,8.0,0.0,0.0,1.0,0.0,0.0,2.0,0.0,0.0,0.0,0.0,1.0,0.0,0.0,0.0,0.0,0.0,NaN,NaN,NaN,5.0,NaN,NaN,NaN
93.6,NaN,2.5999999999999943,0.0,96.0,NaN,-1.0,0.0,36.89,NaN,-0.015714285714285632,4.0,113.4,NaN,6.650000000000006,0.0,79.0,NaN,-0.5,0.0,65.6,NaN,-0.9000000000000057,0.0,20.8,NaN,3.0500000000000007,0.0,39.5,NaN,3.8333333333333,0.0,NaN,NaN,NaN,24.0,28.0,NaN,0.0,6.0,NaN,NaN,NaN,24.0,NaN,NaN,NaN,24.0,NaN,NaN,NaN,24.0,NaN,NaN,NaN,24.0,28.0,NaN,0.0,6.0,8.0,NaN,0.0,6.0,89.0,NaN,0.0,6.0,7.2,NaN,0.0,6.0,104.0,NaN,0.0,6.0,0.9,NaN,0.0,6.0,0.7,NaN,0.0,6.0,153.0,NaN,0.0,6.0,NaN,NaN,NaN,24.0,1.4,NaN,0.0,6.0,3.6,NaN,0.0,6.0,3.8,NaN,0.0,6.0,2.6,NaN,0.0,6.0,NaN,NaN,NaN,24.0,27.1,NaN,-0.5333333333333332,1.0,8.6,NaN,-0.18333333333333326,1.0,31.6,NaN,0.0,6.0,8.2,NaN,0.0,1.0,184.0,NaN,0.0,6.0,64.0,NaN,-0.6666666666666666,1.0,48.0,0.0,0.0,1.0,-2.141111111111111,9.0,0.0,1.0,1.0,0.0,0.0,0.0,0.0,0.0,0.0,0.0,1.0,0.0,0.0,0.0,0.0,0.0,NaN,NaN,NaN,5.0,NaN,NaN,NaN
78.0,NaN,-15.599999999999994,0.0,98.0,NaN,2.0,0.0,36.89,NaN,-0.013749999999999929,5.0,130.0,NaN,16.599999999999994,0.0,81.0,NaN,2.0,0.0,64.0,NaN,-1.5999999999999943,0.0,29.0,NaN,8.2,0.0,39.5,NaN,1.91666666666665,1.0,NaN,NaN,NaN,24.0,28.0,NaN,0.0,7.0,NaN,NaN,NaN,24.0,NaN,NaN,NaN,24.0,NaN,NaN,NaN,24.0,NaN,NaN,NaN,24.0,28.0,NaN,0.0,7.0,8.0,NaN,0.0,7.0,89.0,NaN,0.0,7.0,7.2,NaN,0.0,7.0,104.0,NaN,0.0,7.0,0.9,NaN,0.0,7.0,0.7,NaN,0.0,7.0,153.0,NaN,0.0,7.0,NaN,NaN,NaN,24.0,1.4,NaN,0.0,7.0,3.6,NaN,0.0,7.0,3.8,NaN,0.0,7.0,2.6,NaN,0.0,7.0,NaN,NaN,NaN,24.0,27.1,NaN,-0.457142857142857,2.0,8.6,NaN,-0.15714285714285708,2.0,31.6,NaN,0.0,7.0,8.2,NaN,0.0,2.0,184.0,NaN,0.0,7.0,64.0,NaN,-0.5714285714285714,2.0,48.0,0.0,0.0,1.0,-2.141111111111111,10.0,0.0,1.0,0.0,0.0,0.0,0.0,0.0,0.0,0.0,0.0,1.0,0.0,0.0,0.0,0.0,0.0,NaN,NaN,NaN,5.0,NaN,NaN,NaN
86.0,NaN,8.0,0.0,99.0,NaN,1.0,0.0,36.89,NaN,-0.012222222222222159,6.0,96.0,NaN,-34.0,0.0,62.0,NaN,-19.0,0.0,48.0,NaN,-16.0,0.0,22.0,NaN,-7.0,0.0,39.5,NaN,1.2777777777777668,2.0,NaN,NaN,NaN,24.0,28.0,NaN,0.0,8.0,NaN,NaN,NaN,24.0,NaN,NaN,NaN,24.0,NaN,NaN,NaN,24.0,NaN,NaN,NaN,24.0,28.0,NaN,0.0,8.0,8.0,NaN,0.0,8.0,89.0,NaN,0.0,8.0,7.2,NaN,0.0,8.0,104.0,NaN,0.0,8.0,0.9,NaN,0.0,8.0,0.7,NaN,0.0,8.0,153.0,NaN,0.0,8.0,NaN,NaN,NaN,24.0,1.4,NaN,0.0,8.0,3.6,NaN,0.0,8.0,3.8,NaN,0.0,8.0,2.6,NaN,0.0,8.0,NaN,NaN,NaN,24.0,27.1,NaN,-0.3999999999999999,3.0,8.6,NaN,-0.13749999999999996,3.0,31.6,NaN,0.0,8.0,8.2,NaN,0.0,3.0,184.0,NaN,0.0,8.0,64.0,NaN,-0.5,3.0,48.0,0.0,0.0,1.0,-2.141111111111111,11.0,0.0,1.0,0.0,0.0,0.0,0.0,0.0,1.0,0.0,0.0,1.0,0.0,0.0,0.0,0.0,0.0,NaN,NaN,NaN,5.0,NaN,NaN,NaN
80.0,NaN,-6.0,0.0,100.0,NaN,1.0,0.0,36.89,NaN,-0.010999999999999944,7.0,96.0,NaN,-17.0,1.0,62.0,NaN,-9.5,1.0,48.0,NaN,-8.0,1.0,20.0,NaN,-2.0,0.0,39.5,NaN,0.958333333333325,3.0,NaN,NaN,NaN,24.0,28.0,NaN,0.0,9.0,NaN,NaN,NaN,24.0,NaN,NaN,NaN,24.0,NaN,NaN,NaN,24.0,NaN,NaN,NaN,24.0,28.0,NaN,0.0,9.0,8.0,NaN,0.0,9.0,89.0,NaN,0.0,9.0,7.2,NaN,0.0,9.0,104.0,NaN,0.0,9.0,0.9,NaN,0.0,9.0,0.7,NaN,0.0,9.0,153.0,NaN,0.0,9.0,NaN,NaN,NaN,24.0,1.4,NaN,0.0,9.0,3.6,NaN,0.0,9.0,3.8,NaN,0.0,9.0,2.6,NaN,0.0,9.0,NaN,NaN,NaN,24.0,27.1,NaN,-0.35555555555555546,4.0,8.6,NaN,-0.12222222222222218,4.0,31.6,NaN,0.0,9.0,8.2,NaN,0.0,4.0,184.0,NaN,0.0,9.0,64.0,NaN,-0.4444444444444444,4.0,48.0,0.0,0.0,1.0,-2.141111111111111,12.0,0.0,0.0,0.0,0.0,0.0,0.0,0.0,0.0,0.0,0.0,1.0,0.0,0.0,0.0,0.0,0.0,NaN,NaN,NaN,5.0,NaN,NaN,NaN
83.0,NaN,3.0,0.0,98.0,NaN,-2.0,0.0,36.72,NaN,-0.021250000000000213,0.0,98.0,NaN,1.0,0.0,65.0,NaN,1.5,0.0,51.0,NaN,1.5,0.0,20.0,NaN,0.0,0.0,39.5,NaN,0.7666666666666601,4.0,NaN,NaN,NaN,24.0,28.0,NaN,0.0,10.0,NaN,NaN,NaN,24.0,NaN,NaN,NaN,24.0,NaN,NaN,NaN,24.0,NaN,NaN,NaN,24.0,28.0,NaN,0.0,10.0,8.0,NaN,0.0,10.0,89.0,NaN,0.0,10.0,7.2,NaN,0.0,10.0,104.0,NaN,0.0,10.0,0.9,NaN,0.0,10.0,0.7,NaN,0.0,10.0,153.0,NaN,0.0,10.0,NaN,NaN,NaN,24.0,1.4,NaN,0.0,10.0,3.6,NaN,0.0,10.0,3.8,NaN,0.0,10.0,2.6,NaN,0.0,10.0,NaN,NaN,NaN,24.0,27.1,NaN,-0.31999999999999995,5.0,8.6,NaN,-0.10999999999999996,5.0,31.6,NaN,0.0,10.0,8.2,NaN,0.0,5.0,184.0,NaN,0.0,10.0,64.0,NaN,-0.4,5.0,48.0,0.0,0.0,1.0,-2.141111111111111,13.0,0.0,0.0,0.0,0.0,0.0,0.0,0.0,1.0,0.0,0.0,1.0,0.0,0.0,0.0,0.0,0.0,NaN,NaN,NaN,5.0,NaN,NaN,NaN
