96.0,NaN,NaN,24.0,100.0,NaN,NaN,24.0,NaN,NaN,NaN,24.0,127.0,NaN,NaN,24.0,103.0,NaN,NaN,24.0,96.0,NaN,NaN,24.0,10.0,NaN,NaN,24.0,NaN,NaN,NaN,24.0,NaN,NaN,NaN,24.0,NaN,NaN,NaN,24.0,NaN,NaN,NaN,24.0,NaN,NaN,NaN,24.0,NaN,NaN,NaN,24.0,NaN,NaN,NaN,24.0,NaN,NaN,NaN,24.0,NaN,NaN,NaN,24.0,NaN,NaN,NaN,24.0,NaN,NaN,NaN,24.0,NaN,NaN,NaN,24.0,NaN,NaN,NaN,24.0,NaN,NaN,NaN,24.0,NaN,NaN,NaN,24.0,NaN,NaN,NaN,24.0,NaN,NaN,NaN,24.0,NaN,NaN,NaN,24.0,NaN,NaN,NaN,24.0,NaN,NaN,NaN,24.0,NaN,NaN,NaN,24.0,NaN,NaN,NaN,24.0,NaN,NaN,NaN,24.0,NaN,NaN,NaN,24.0,NaN,NaN,NaN,24.0,NaN,NaN,NaN,24.0,NaN,NaN,NaN,24.0,33.0,1.0,1.0,0.0,-3.2,1.0,0.0,0.0,1.0,0.0,0.0,0.0,0.0,0.0,0.0,0.0,1.0,0.0,0.0,NaN,0.0,0.0,NaN,NaN,NaN,NaN,NaN,NaN,NaN
67.0,NaN,-29.0,0.0,98.0,NaN,-2.0,0.0,36.83,NaN,0.0,0.0,118.0,NaN,-9.0,0.0,94.0,NaN,-9.0,0.0,87.0,NaN,-9.0,0.0,13.0,NaN,3.0,0.0,NaN,NaN,NaN,24.0,NaN,NaN,NaN,24.0,26.0,NaN,0.0,0.0,NaN,NaN,NaN,24.0,NaN,NaN,NaN,24.0,NaN,NaN,NaN,24.0,NaN,NaN,NaN,24.0,76.0,NaN,0.0,0.0,5.0,NaN,0.0,0.0,84.0,NaN,0.0,0.0,9.0,NaN,0.0,0.0,102.0,NaN,0.0,0.0,0.7,NaN,0.0,0.0,0.4,NaN,0.0,0.0,87.0,NaN,0.0,0.0,NaN,NaN,NaN,24.0,1.4,NaN,0.0,0.0,3.1,NaN,0.0,0.0,5.0,NaN,0.0,0.0,2.5,NaN,0.0,0.0,NaN,NaN,NaN,24.0,36.8,NaN,0.0,0.0,12.5,NaN,0.0,0.0,32.3,NaN,0.0,0.0,4.8,NaN,0.0,0.0,NaN,NaN,NaN,24.0,168.0,NaN,0.0,0.0,33.0,1.0,1.0,0.0,-3.2,2.0,0.0,0.0,0.0,0.0,0.0,0.0,2.0,0.0,0.0,0.0,1.0,0.0,0.0,NaN,0.0,0.0,NaN,NaN,NaN,NaN,NaN,NaN,NaN
69.0,NaN,2.0,0.0,98.0,NaN,0.0,0.0,36.83,NaN,0.0,1.0,112.0,NaN,-6.0,0.0,95.0,NaN,1.0,0.0,90.0,NaN,3.0,0.0,13.0,NaN,0.0,0.0,NaN,NaN,NaN,24.0,NaN,NaN,NaN,24.0,26.0,NaN,0.0,1.0,NaN,NaN,NaN,24.0,NaN,NaN,NaN,24.0,NaN,NaN,NaN,24.0,NaN,NaN,NaN,24.0,76.0,NaN,0.0,1.0,5.0,NaN,0.0,1.0,84.0,NaN,0.0,1.0,9.0,NaN,0.0,1.0,102.0,NaN,0.0,1.0,0.7,NaN,0.0,1.0,0.4,NaN,0.0,1.0,87.0,NaN,0.0,1.0,NaN,NaN,NaN,24.0,1.4,NaN,0.0,1.0,3.1,NaN,0.0,1.0,5.0,NaN,0.0,1.0,2.5,NaN,0.0,1.0,NaN,NaN,NaN,24.0,36.8,NaN,0.0,1.0,12.5,NaN,0.0,1.0,32.3,NaN,0.0,1.0,4.8,NaN,0.0,1.0,NaN,NaN,NaN,24.0,168.0,NaN,0.0,1.0,33.0,1.0,1.0,0.0,-3.2,3.0,0.0,0.0,0.0,0.0,0.0,0.0,0.0,0.0,0.0,0.0,1.0,0.0,0.0,NaN,0.0,0.0,NaN,NaN,NaN,NaN,NaN,NaN,NaN
67.0,NaN,-2.0,0.0,99.0,NaN,1.0,0.0,36.83,NaN,0.0,2.0,118.0,NaN,6.0,0.0,92.0,NaN,-3.0,0.0,84.0,NaN,-6.0,0.0,13.0,NaN,0.0,0.0,NaN,NaN,NaN,24.0,NaN,NaN,NaN,24.0,26.0,NaN,0.0,2.0,NaN,NaN,NaN,24.0,NaN,NaN,NaN,24.0,NaN,NaN,NaN,24.0,NaN,NaN,NaN,24.0,76.0,NaN,0.0,2.0,5.0,NaN,0.0,2.0,84.0,NaN,0.0,2.0,9.0,NaN,0.0,2.0,102.0,NaN,0.0,2.0,0.7,NaN,0.0,2.0,0.4,NaN,0.0,2.0,87.0,NaN,0.0,2.0,NaN,NaN,NaN,24.0,1.4,NaN,0.0,2.0,3.1,NaN,0.0,2.0,5.0,NaN,0.0,2.0,2.5,NaN,0.0,2.0,NaN,NaN,NaN,24.0,36.8,NaN,0.0,2.0,12.5,NaN,0.0,2.0,32.3,NaN,0.0,2.0,4.8,NaN,0.0,2.0,NaN,NaN,NaN,24.0,168.0,NaN,0.0,2.0,33.0,1.0,1.0,0.0,-3.2,4.0,0.0,0.0,0.0,0.0,0.0,0.0,0.0,0.0,0.0,0.0,1.0,0.0,0.0,NaN,0.0,0.0,NaN,NaN,NaN,NaN,NaN,NaN,NaN
66.0,NaN,-1.0,0.0,99.0,NaN,0.0,0.0,36.83,NaN,0.0,3.0,109.0,NaN,-9.0,0.0,92.0,NaN,0.0,0.0,86.0,NaN,2.0,0.0,12.0,NaN,-1.0,0.0,NaN,NaN,NaN,24.0,NaN,NaN,NaN,24.0,26.0,NaN,0.0,3.0,NaN,NaN,NaN,24.0,NaN,NaN,NaN,24.0,NaN,NaN,NaN,24.0,NaN,NaN,NaN,24.0,76.0,NaN,0.0,3.0,5.0,NaN,0.0,3.0,84.0,NaN,0.0,3.0,9.0,NaN,0.0,3.0,102.0,NaN,0.0,3.0,0.7,NaN,0.0,3.0,0.4,NaN,0.0,3.0,87.0,NaN,0.0,3.0,NaN,NaN,NaN,24.0,1.4,NaN,0.0,3.0,3.1,NaN,0.0,3.0,5.0,NaN,0.0,3.0,2.5,NaN,0.0,3.0,NaN,NaN,NaN,24.0,36.8,NaN,0.0,3.0,12.5,NaN,0.0,3.0,32.3,NaN,0.0,3.0,4.8,NaN,0.0,3.0,NaN,NaN,NaN,24.0,168.0,NaN,0.0,3.0,33.0,1.0,1.0,0.0,-3.2,5.0,0.0,0.0,0.0,0.0,0.0,0.0,0.0,0.0,0.0,0.0,1.0,0.0,0.0,NaN,0.0,0.0,NaN,NaN,NaN,NaN,NaN,NaN,NaN
81.0,NaN,15.0,0.0,100.0,NaN,1.0,0.0,36.83,NaN,0.0,4.0,120.0,NaN,11.0,0.0,97.0,NaN,5.0,0.0,90.0,NaN,4.0,0.0,21.0,NaN,9.0,0.0,NaN,NaN,NaN,24.0,NaN,NaN,NaN,24.0,26.0,NaN,0.0,4.0,NaN,NaN,NaN,24.0,NaN,NaN,NaN,24.0,NaN,NaN,NaN,24.0,NaN,NaN,NaN,24.0,76.0,NaN,0.0,4.0,5.0,NaN,0.0,4.0,84.0,NaN,0.0,4.0,9.0,NaN,0.0,4.0,102.0,NaN,0.0,4.0,0.7,NaN,0.0,4.0,0.4,NaN,0.0,4.0,87.0,NaN,0.0,4.0,NaN,NaN,NaN,24.0,1.4,NaN,0.0,4.0,3.1,NaN,0.0,4.0,5.0,NaN,0.0,4.0,2.5,NaN,0.0,4.0,NaN,NaN,NaN,24.0,36.8,NaN,0.0,4.0,12.5,NaN,0.0,4.0,32.3,NaN,0.0,4.0,4.8,NaN,0.0,4.0,NaN,NaN,NaN,24.0,168.0,NaN,0.0,4.0,33.0,1.0,1.0,0.0,-3.2,6.0,0.0,1.0,0.0,0.0,0.0,0.0,0.0,0.0,0.0,0.0,1.0,0.0,0.0,NaN,0.0,0.0,NaN,NaN,NaN,NaN,NaN,NaN,NaN
66.0,NaN,-15.0,0.0,99.0,NaN,-1.0,0.0,36.83,NaN,0.0,5.0,106.0,NaN,-14.0,0.0,90.0,NaN,-7.0,0.0,85.0,NaN,-5.0,0.0,19.0,NaN,-2.0,0.0,NaN,NaN,NaN,24.0,NaN,NaN,NaN,24.0,26.0,NaN,0.0,5.0,NaN,NaN,NaN,24.0,NaN,NaN,NaN,24.0,NaN,NaN,NaN,24.0,NaN,NaN,NaN,24.0,76.0,NaN,0.0,5.0,5.0,NaN,0.0,5.0,84.0,NaN,0.0,5.0,9.0,NaN,0.0,5.0,102.0,NaN,0.0,5.0,0.7,NaN,0.0,5.0,0.4,NaN,0.0,5.0,87.0,NaN,0.0,5.0,NaN,NaN,NaN,24.0,1.4,NaN,0.0,5.0,3.1,NaN,0.0,5.0,5.0,NaN,0.0,5.0,2.5,NaN,0.0,5.0,NaN,NaN,NaN,24.0,36.8,NaN,0.0,5.0,12.5,NaN,0.0,5.0,32.3,NaN,0.0,5.0,4.8,NaN,0.0,5.0,NaN,NaN,NaN,24.0,168.0,NaN,0.0,5.0,33.0,1.0,1.0,0.0,-3.2,7.0,0.0,0.0,0.0,0.0,0.0,0.0,0.0,0.0,0.0,0.0,1.0,0.0,0.0,NaN,0.0,0.0,NaN,NaN,NaN,NaN,NaN,NaN,NaN
64.0,NaN,-2.0,0.0,98.0,NaN,-1.0,0.0,36.83,NaN,0.0,0.0,113.0,NaN,7.0,0.0,93.0,NaN,3.0,0.0,87.0,NaN,2.0,0.0,13.0,NaN,-6.0,0.0,NaN,NaN,NaN,24.0,NaN,NaN,NaN,24.0,26.0,NaN,0.0,6.0,NaN,NaN,NaN,24.0,NaN,NaN,NaN,24.0,NaN,NaN,NaN,24.0,NaN,NaN,NaN,24.0,76.0,NaN,0.0,6.0,5.0,NaN,0.0,6.0,84.0,NaN,0.0,6.0,9.0,NaN,0.0,6.0,102.0,NaN,0.0,6.0,0.7,NaN,0.0,6.0,0.4,NaN,0.0,6.0,87.0,NaN,0.0,6.0,NaN,NaN,NaN,24.0,1.4,NaN,0.0,6.0,3.1,NaN,0.0,6.0,5.0,NaN,0.0,6.0,2.5,NaN,0.0,6.0,NaN,NaN,NaN,24.0,36.8,NaN,0.0,6.0,12.5,NaN,0.0,6.0,32.3,NaN,0.0,6.0,4.8,NaN,0.0,6.0,NaN,NaN,NaN,24.0,168.0,NaN,0.0,6.0,33.0,1.0,1.0,0.0,-3.2,8.0,0.0,0.0,0.0,0.0,0.0,0.0,0.0,0.0,0.0,0.0,1.0,0.0,0.0,NaN,0.0,0.0,NaN,NaN,NaN,NaN,NaN,NaN,NaN
74.0,NaN,10.0,0.0,99.0,NaN,1.0,0.0,36.83,NaN,0.0,1.0,113.0,NaN,0.0,0.0,97.0,NaN,4.0,0.0,93.0,NaN,6.0,0.0,16.0,NaN,3.0,0.0,NaN,NaN,NaN,24.0,NaN,NaN,NaN,24.0,26.0,NaN,0.0,7.0,NaN,NaN,NaN,24.0,NaN,NaN,NaN,24.0,NaN,NaN,NaN,24.0,NaN,NaN,NaN,24.0,76.0,NaN,0.0,7.0,5.0,NaN,0.0,7.0,84.0,NaN,0.0,7.0,9.0,NaN,0.0,7.0,102.0,NaN,0.0,7.0,0.7,NaN,0.0,7.0,0.4,NaN,0.0,7.0,87.0,NaN,0.0,7.0,NaN,NaN,NaN,24.0,1.4,NaN,0.0,7.0,3.1,NaN,0.0,7.0,5.0,NaN,0.0,7.0,2.5,NaN,0.0,7.0,NaN,NaN,NaN,24.0,36.8,NaN,0.0,7.0,12.5,NaN,0.0,7.0,32.3,NaN,0.0,7.0,4.8,NaN,0.0,7.0,NaN,NaN,NaN,24.0,168.0,NaN,0.0,7.0,33.0,1.0,1.0,0.0,-3.2,9.0,0.0,0.0,0.0,0.0,0.0,0.0,0.0,0.0,0.0,0.0,1.0,0.0,0.0,NaN,0.0,0.0,NaN,NaN,NaN,NaN,NaN,NaN,NaN
87.0,NaN,13.0,0.0,100.0,NaN,1.0,0.0,36.83,NaN,0.0,2.0,112.0,NaN,-1.0,0.0,89.0,NaN,-8.0,0.0,83.0,NaN,-10.0,0.0,15.0,NaN,-1.0,0.0,NaN,NaN,NaN,24.0,NaN,NaN,NaN,24.0,26.0,NaN,0.0,8.0,NaN,NaN,NaN,24.0,NaN,NaN,NaN,24.0,NaN,NaN,NaN,24.0,NaN,NaN,NaN,24.0,76.0,NaN,0.0,8.0,5.0,NaN,0.0,8.0,84.0,NaN,0.0,8.0,9.0,NaN,0.0,8.0,102.0,NaN,0.0,8.0,0.7,NaN,0.0,8.0,0.4,NaN,0.0,8.0,87.0,NaN,0.0,8.0,NaN,NaN,NaN,24.0,1.4,NaN,0.0,8.0,3.1,NaN,0.0,8.0,5.0,NaN,0.0,8.0,2.5,NaN,0.0,8.0,NaN,NaN,NaN,24.0,36.8,NaN,0.0,8.0,12.5,NaN,0.0,8.0,32.3,NaN,0.0,8.0,4.8,NaN,0.0,8.0,NaN,NaN,NaN,24.0,168.0,NaN,0.0,8.0,33.0,1.0,1.0,0.0,-3.2,10.0,0.0,0.0,0.0,0.0,0.0,0.0,0.0,0.0,0.0,0.0,1.0,0.0,0.0,NaN,0.0,0.0,NaN,NaN,NaN,NaN,NaN,NaN,NaN
69.0,NaN,-18.0,0.0,99.0,NaN,-1.0,0.0,36.83,NaN,0.0,3.0,115.0,NaN,3.0,0.0,89.0,NaN,0.0,0.0,80.0,NaN,-3.0,0.0,16.0,NaN,1.0,0.0,NaN,NaN,NaN,24.0,NaN,NaN,NaN,24.0,26.0,NaN,0.0,9.0,NaN,NaN,NaN,24.0,NaN,NaN,NaN,24.0,NaN,NaN,NaN,24.0,NaN,NaN,NaN,24.0,76.0,NaN,0.0,9.0,5.0,NaN,0.0,9.0,84.0,NaN,0.0,9.0,9.0,NaN,0.0,9.0,102.0,NaN,0.0,9.0,0.7,NaN,0.0,9.0,0.4,NaN,0.0,9.0,87.0,NaN,0.0,9.0,NaN,NaN,NaN,24.0,1.4,NaN,0.0,9.0,3.1,NaN,0.0,9.0,5.0,NaN,0.0,9.0,2.5,NaN,0.0,9.0,NaN,NaN,NaN,24.0,36.8,NaN,0.0,9.0,12.5,NaN,0.0,9.0,32.3,NaN,0.0,9.0,4.8,NaN,0.0,9.0,NaN,NaN,NaN,24.0,168.0,NaN,0.0,9.0,33.0,1.0,1.0,0.0,-3.2,11.0,0.0,0.0,0.0,0.0,0.0,0.0,0.0,0.0,0.0,0.0,1.0,0.0,0.0,NaN,0.0,0.0,NaN,NaN,NaN,NaN,NaN,NaN,NaN
61.0,NaN,-8.0,0.0,99.0,NaN,0.0,0.0,36.89,NaN,0.015000000000000568,0.0,96.0,NaN,-19.0,0.0,70.0,NaN,-19.0,0.0,63.0,NaN,-17.0,0.0,14.0,NaN,-2.0,0.0,NaN,NaN,NaN,24.0,NaN,NaN,NaN,24.0,26.0,NaN,0.0,10.0,NaN,NaN,NaN,24.0,NaN,NaN,NaN,24.0,NaN,NaN,NaN,24.0,NaN,NaN,NaN,24.0,76.0,NaN,0.0,10.0,5.0,NaN,0.0,10.0,84.0,NaN,0.0,10.0,9.0,NaN,0.0,10.0,102.0,NaN,0.0,10.0,0.7,NaN,0.0,10.0,0.4,NaN,0.0,10.0,87.0,NaN,0.0,10.0,NaN,NaN,NaN,24.0,1.4,NaN,0.0,10.0,3.1,NaN,0.0,10.0,5.0,NaN,0.0,10.0,2.5,NaN,0.0,10.0,NaN,NaN,NaN,24.0,36.8,NaN,0.0,10.0,12.5,NaN,0.0,10.0,32.3,NaN,0.0,10.0,4.8,NaN,0.0,10.0,NaN,NaN,NaN,24.0,168.0,NaN,0.0,10.0,33.0,1.0,1.0,0.0,-3.2,12.0,0.0,0.0,0.0,0.0,0.0,0.0,0.0,0.0,0.0,0.0,1.0,0.0,0.0,NaN,0.0,0.0,NaN,NaN,NaN,NaN,NaN,NaN,NaN
66.0,NaN,5.0,0.0,99.0,NaN,0.0,0.0,36.89,NaN,0.012000000000000455,1.0,100.0,NaN,4.0,0.0,83.0,NaN,13.0,0.0,78.0,NaN,15.0,0.0,12.0,NaN,-2.0,0.0,NaN,NaN,NaN,24.0,NaN,NaN,NaN,24.0,26.0,NaN,0.0,11.0,NaN,NaN,NaN,24.0,NaN,NaN,NaN,24.0,NaN,NaN,NaN,24.0,NaN,NaN,NaN,24.0,76.0,NaN,0.0,11.0,5.0,NaN,0.0,11.0,84.0,NaN,0.0,11.0,9.0,NaN,0.0,11.0,102.0,NaN,0.0,11.0,0.7,NaN,0.0,11.0,0.4,NaN,0.0,11.0,87.0,NaN,0.0,11.0,NaN,NaN,NaN,24.0,1.4,NaN,0.0,11.0,3.1,NaN,0.0,11.0,5.0,NaN,0.0,11.0,2.5,NaN,0.0,11.0,NaN,NaN,NaN,24.0,36.8,NaN,0.0,11.0,12.5,NaN,0.0,11.0,32.3,NaN,0.0,11.0,4.8,NaN,0.0,11.0,NaN,NaN,NaN,24.0,168.0,NaN,0.0,11.0,33.0,1.0,1.0,0.0,-3.2,13.0,0.0,0.0,0.0,0.0,0.0,0.0,0.0,0.0,0.0,0.0,1.0,0.0,0.0,NaN,0.0,0.0,NaN,NaN,NaN,NaN,NaN,NaN,NaN
68.0,NaN,2.0,0.0,100.0,NaN,1.0,0.0,36.89,NaN,0.010000000000000378,2.0,126.0,NaN,26.0,0.0,99.0,NaN,16.0,0.0,90.0,NaN,12.0,0.0,19.0,NaN,7.0,0.0,NaN,NaN,NaN,24.0,NaN,NaN,NaN,24.0,26.0,NaN,0.0,12.0,NaN,NaN,NaN,24.0,NaN,NaN,NaN,24.0,NaN,NaN,NaN,24.0,NaN,NaN,NaN,24.0,76.0,NaN,0.0,12.0,5.0,NaN,0.0,12.0,84.0,NaN,0.0,12.0,9.0,NaN,0.0,12.0,102.0,NaN,0.0,12.0,0.7,NaN,0.0,12.0,0.4,NaN,0.0,12.0,87.0,NaN,0.0,12.0,NaN,NaN,NaN,24.0,1.4,NaN,0.0,12.0,3.1,NaN,0.0,12.0,5.0,NaN,0.0,12.0,2.5,NaN,0.0,12.0,NaN,NaN,NaN,24.0,36.8,NaN,0.0,12.0,12.5,NaN,0.0,12.0,32.3,NaN,0.0,12.0,4.8,NaN,0.0,12.0,NaN,NaN,NaN,24.0,168.0,NaN,0.0,12.0,33.0,1.0,1.0,0.0,-3.2,14.0,0.0,0.0,0.0,0.0,0.0,0.0,0.0,0.0,0.0,0.0,1.0,0.0,0.0,NaN,0.0,0.0,NaN,NaN,NaN,NaN,NaN,NaN,NaN
74.0,NaN,6.0,0.0,99.0,NaN,-1.0,0.0,36.89,NaN,0.008571428571428896,3.0,117.0,NaN,-9.0,0.0,89.0,NaN,-10.0,0.0,80.0,NaN,-10.0,0.0,17.0,NaN,-2.0,0.0,NaN,NaN,NaN,24.0,NaN,NaN,NaN,24.0,26.0,NaN,0.0,13.0,NaN,NaN,NaN,24.0,NaN,NaN,NaN,24.0,NaN,NaN,NaN,24.0,NaN,NaN,NaN,24.0,76.0,NaN,0.0,13.0,5.0,NaN,0.0,13.0,84.0,NaN,0.0,13.0,9.0,NaN,0.0,13.0,102.0,NaN,0.0,13.0,0.7,NaN,0.0,13.0,0.4,NaN,0.0,13.0,87.0,NaN,0.0,13.0,NaN,NaN,NaN,24.0,1.4,NaN,0.0,13.0,3.1,NaN,0.0,13.0,5.0,NaN,0.0,13.0,2.5,NaN,0.0,13.0,NaN,NaN,NaN,24.0,36.8,NaN,0.0,13.0,12.5,NaN,0.0,13.0,32.3,NaN,0.0,13.0,4.8,NaN,0.0,13.0,NaN,NaN,NaN,24.0,168.0,NaN,0.0,13.0,33.0,1.0,1.0,0.0,-3.2,15.0,0.0,0.0,0.0,0.0,0.0,0.0,0.0,0.0,0.0,0.0,1.0,0.0,0.0,NaN,0.0,0.0,NaN,NaN,NaN,NaN,NaN,NaN,NaN
73.0,NaN,-1.0,0.0,99.0,NaN,0.0,0.0,36.94,NaN,0.01249999999999929,0.0,133.0,NaN,16.0,0.0,106.0,NaN,17.0,0.0,98.0,NaN,18.0,0.0,16.0,NaN,-1.0,0.0,NaN,NaN,NaN,24.0,NaN,NaN,NaN,24.0,26.0,NaN,0.0,14.0,NaN,NaN,NaN,24.0,NaN,NaN,NaN,24.0,NaN,NaN,NaN,24.0,NaN,NaN,NaN,24.0,76.0,NaN,0.0,14.0,5.0,NaN,0.0,14.0,84.0,NaN,0.0,14.0,9.0,NaN,0.0,14.0,102.0,NaN,0.0,14.0,0.7,NaN,0.0,14.0,0.4,NaN,0.0,14.0,87.0,NaN,0.0,14.0,NaN,NaN,NaN,24.0,1.4,NaN,0.0,14.0,3.1,NaN,0.0,14.0,5.0,NaN,0.0,14.0,2.5,NaN,0.0,14.0,NaN,NaN,NaN,24.0,36.8,NaN,0.0,14.0,12.5,NaN,0.0,14.0,32.3,NaN,0.0,14.0,4.8,NaN,0.0,14.0,NaN,NaN,NaN,24.0,168.0,NaN,0.0,14.0,33.0,1.0,1.0,0.0,-3.2,16.0,0.0,0.0,0.0,0.0,0.0,0.0,0.0,0.0,0.0,0.0,1.0,0.0,0.0,NaN,0.0,0.0,NaN,NaN,NaN,NaN,NaN,NaN,NaN
